! 11Be energy loss (dE/dX) in H8C3
! apply ZOOM for details
Energy (MeV/u)1	0 - [He-base] F.Hubert et al, AD&ND Tables 46(1990)1	Energy (MeV/u)2	1 - [H -base] J.F.Ziegler et al,Pergamon Press,NY(low energy)	Energy (MeV/u)3	2 - ATIMA 1.2 LS-theory (recommended for high energy)	Energy (MeV/u)4	3 - ATIMA 1.2 without LS-correction	Energy (MeV/u)5	4 - ATIMA 1.4 H.Weick, improved mean charge formula for HI	Energy (MeV/u)6	5 - electrical component of [1] - J.F.Ziegler et al	Energy (MeV/u)7	6 - nuclear component of [1] - J.F.Ziegler et al	
0.001000	0.000143483	0.001000	0.000144422	0.001000	0.000154769	0.001000	0.000154769	0.001000	0.000154747	0.001000	8.4524e-05	0.001000	5.98977e-05	
0.002000	0.000157002	0.002000	0.000151689	0.002000	0.000167397	0.002000	0.000167397	0.002000	0.000167385	0.002000	0.000109614	0.002000	4.20752e-05	
0.005000	0.000192609	0.005000	0.000178531	0.005000	0.000205731	0.005000	0.000205731	0.005000	0.000205725	0.005000	0.000154559	0.005000	2.39718e-05	
0.008000	0.000220658	0.008000	0.00020168	0.008000	0.000237661	0.008000	0.000237661	0.008000	0.000237658	0.008000	0.000184348	0.008000	1.73319e-05	
0.010000	0.000236522	0.010000	0.000215226	0.010000	0.000256297	0.010000	0.000256297	0.010000	0.000256295	0.010000	0.000200438	0.010000	1.47884e-05	
0.015000	0.000276899	0.015000	0.000246985	0.015000	0.000293065	0.015000	0.000293065	0.015000	0.000293063	0.015000	0.000236064	0.015000	1.09209e-05	
0.020000	0.000309266	0.020000	0.000274979	0.020000	0.000325156	0.020000	0.000325156	0.020000	0.000325154	0.020000	0.00026619	0.020000	8.78932e-06	
0.025000	0.000345693	0.025000	0.000307548	0.025000	0.000355806	0.025000	0.000355806	0.025000	0.000355806	0.025000	0.000300145	0.025000	7.40291e-06	
0.030000	0.000376638	0.030000	0.000338438	0.030000	0.000388225	0.030000	0.000388225	0.030000	0.000388225	0.030000	0.000332016	0.030000	6.422e-06 	
0.035000	0.000402112	0.035000	0.000367537	0.035000	0.000418733	0.035000	0.000418733	0.035000	0.000418732	0.035000	0.000361849	0.035000	5.68786e-06	
0.040000	0.000422199	0.040000	0.000394864	0.040000	0.000447405	0.040000	0.000447405	0.040000	0.000447404	0.040000	0.000389748	0.040000	5.11581e-06	
0.045000	0.000437  	0.045000	0.000420435	0.045000	0.0004743 	0.045000	0.0004743 	0.045000	0.0004743 	0.045000	0.000415778	0.045000	4.65631e-06	
0.050000	0.000446146	0.050000	0.00044353	0.050000	0.00049947	0.050000	0.00049947	0.050000	0.00049947	0.050000	0.000439252	0.050000	4.27837e-06	
0.055000	0.000465035	0.055000	0.000468422	0.055000	0.000522965	0.055000	0.000522965	0.055000	0.000522965	0.055000	0.00046446	0.055000	3.96155e-06	
0.060000	0.000480959	0.060000	0.000491981	0.060000	0.000544834	0.060000	0.000544834	0.060000	0.000544834	0.060000	0.000488289	0.060000	3.69177e-06	
0.070000	0.000504794	0.070000	0.000535115	0.070000	0.000583913	0.070000	0.000583913	0.070000	0.000583913	0.070000	0.000531859	0.070000	3.25602e-06	
0.080000	0.000530233	0.080000	0.000572451	0.080000	0.000617169	0.080000	0.000617169	0.080000	0.000617169	0.080000	0.000569533	0.080000	2.91848e-06	
0.090000	0.000549189	0.090000	0.000604707	0.090000	0.000645098	0.090000	0.000645098	0.090000	0.000645098	0.090000	0.000602058	0.090000	2.64867e-06	
0.100000	0.000563294	0.100000	0.000632175	0.100000	0.000668219	0.100000	0.000668219	0.100000	0.000668219	0.100000	0.000629747	0.100000	2.42765e-06	
0.120000	0.000568344	0.120000	0.000675506	0.120000	0.000702089	0.120000	0.000702089	0.120000	0.000702089	0.120000	0.000673419	0.120000	2.08627e-06	
0.140000	0.000567709	0.140000	0.000704364	0.140000	0.000722658	0.140000	0.000722658	0.140000	0.000722658	0.140000	0.00070253	0.140000	1.83405e-06	
0.160000	0.00056851	0.160000	0.000725026	0.160000	0.00073327	0.160000	0.00073327	0.160000	0.00073327	0.160000	0.000723386	0.160000	1.63953e-06	
0.180000	0.000571854	0.180000	0.000740751	0.180000	0.000736637	0.180000	0.000736637	0.180000	0.000736637	0.180000	0.000739266	0.180000	1.48459e-06	
0.200000	0.000574818	0.200000	0.000748459	0.200000	0.000734868	0.200000	0.000734868	0.200000	0.000734868	0.200000	0.000747101	0.200000	1.35805e-06	
0.250000	0.000567789	0.250000	0.000747114	0.250000	0.000717428	0.250000	0.000717428	0.250000	0.000717428	0.250000	0.00074599	0.250000	1.12359e-06	
0.300000	0.000565449	0.300000	0.000735998	0.300000	0.000692041	0.300000	0.000692041	0.300000	0.000692041	0.300000	0.000735036	0.300000	9.61615e-07	
0.350000	0.000562198	0.350000	0.000719579	0.350000	0.000669709	0.350000	0.000669709	0.350000	0.000669709	0.350000	0.000718736	0.350000	8.4257e-07	
0.400000	0.000561448	0.400000	0.000706776	0.400000	0.0006482 	0.400000	0.0006482 	0.400000	0.0006482 	0.400000	0.000706025	0.400000	7.51142e-07	
0.450000	0.000557501	0.450000	0.000692304	0.450000	0.000627015	0.450000	0.000627015	0.450000	0.000627016	0.450000	0.000691625	0.450000	6.78574e-07	
0.500000	0.000550431	0.500000	0.000676441	0.500000	0.000606679	0.500000	0.000606679	0.500000	0.000606679	0.500000	0.000675822	0.500000	6.19486e-07	
0.600000	0.000512714	0.600000	0.000627975	0.600000	0.000568848	0.600000	0.000568848	0.600000	0.000568849	0.600000	0.000627446	0.600000	5.28884e-07	
0.700000	0.000473213	0.700000	0.000583831	0.700000	0.000536647	0.700000	0.000536647	0.700000	0.000536647	0.700000	0.000583369	0.700000	4.62494e-07	
0.800000	0.000450966	0.800000	0.000543124	0.800000	0.000508773	0.800000	0.000508773	0.800000	0.000508774	0.800000	0.000542713	0.800000	4.11628e-07	
0.900000	0.000429906	0.900000	0.000507659	0.900000	0.000484229	0.900000	0.000484229	0.900000	0.000484229	0.900000	0.000507287	0.900000	3.71338e-07	
1.000000	0.000410228	1.000000	0.000476396	1.000000	0.000462305	1.000000	0.000462305	1.000000	0.000462305	1.000000	0.000476057	1.000000	3.38589e-07	
1.250000	0.000364544	1.250000	0.000421231	1.250000	0.000414137	1.250000	0.000414137	1.250000	0.000414137	1.250000	0.000420953	1.250000	2.783e-07 	
1.500000	0.000327666	1.500000	0.000379202	1.500000	0.000376079	1.500000	0.000376079	1.500000	0.00037608	1.500000	0.000378965	1.500000	2.36975e-07	
1.750000	0.00029755	1.750000	0.000345991	1.750000	0.0003449 	1.750000	0.0003449 	1.750000	0.0003449 	1.750000	0.000345785	1.750000	2.06787e-07	
2.000000	0.000271064	2.000000	0.000317128	2.000000	0.000318615	2.000000	0.000318615	2.000000	0.000318615	2.000000	0.000316945	2.000000	1.83718e-07	
2.250000	0.000249224	2.250000	0.000291223	2.250000	0.000296066	2.250000	0.000296066	2.250000	0.000296067	2.250000	0.000291058	2.250000	1.65483e-07	
2.500000	0.000226249	2.500000	0.000269912	2.500000	0.000276489	2.500000	0.000276489	2.500000	0.000276489	2.500000	0.000269761	2.500000	1.50689e-07	
3.000000	0.000199707	3.000000	0.000236442	3.000000	0.000244205	3.000000	0.000244205	3.000000	0.000244205	3.000000	0.000236314	3.000000	1.28103e-07	
3.500000	0.000179047	3.500000	0.000210967	3.500000	0.000218698	3.500000	0.000218698	3.500000	0.000218699	3.500000	0.000210856	3.500000	1.11635e-07	
4.000000	0.000162489	4.000000	0.000190723	4.000000	0.000198087	4.000000	0.000198087	4.000000	0.000198088	4.000000	0.000190624	4.000000	9.90703e-08	
4.500000	0.000148907	4.500000	0.000174169	4.500000	0.000181117	4.500000	0.000181117	4.500000	0.000181117	4.500000	0.00017408	4.500000	8.91517e-08	
5.000000	0.000137555	5.000000	0.000160349	5.000000	0.000166916	5.000000	0.000166916	5.000000	0.000166916	5.000000	0.000160268	5.000000	8.11135e-08	
5.500000	0.000127918	5.500000	0.000148782	5.500000	0.000154863	5.500000	0.000154863	5.500000	0.000154863	5.500000	0.000148708	5.500000	7.44607e-08	
6.000000	0.000119629	6.000000	0.00013884	6.000000	0.000144508	6.000000	0.000144508	6.000000	0.000144508	6.000000	0.000138771	6.000000	6.88592e-08	
6.500000	0.00011242	6.500000	0.000130199	6.500000	0.000135516	6.500000	0.000135516	6.500000	0.000135516	6.500000	0.000130135	6.500000	6.40748e-08	
7.000000	0.00010609	7.000000	0.000122618	7.000000	0.000127632	7.000000	0.000127632	7.000000	0.000127632	7.000000	0.000122558	7.000000	5.99386e-08	
7.500000	0.000100484	7.500000	0.000115909	7.500000	0.000120662	7.500000	0.000120662	7.500000	0.000120662	7.500000	0.000115853	7.500000	5.63255e-08	
8.000000	9.54836e-05	8.000000	0.000109931	8.000000	0.000114455	8.000000	0.000114455	8.000000	0.000114455	8.000000	0.000109877	8.000000	5.31409e-08	
8.500000	9.09938e-05	8.500000	0.000104567	8.500000	0.00010889	8.500000	0.00010889	8.500000	0.00010889	8.500000	0.000104517	8.500000	5.03118e-08	
9.000000	8.69391e-05	9.000000	9.97269e-05	9.000000	0.000103871	9.000000	0.000103871	9.000000	0.000103871	9.000000	9.96792e-05	9.000000	4.7781e-08	
9.500000	8.32582e-05	9.500000	9.53367e-05	9.500000	9.93204e-05	9.500000	9.93204e-05	9.500000	9.93204e-05	9.500000	9.52912e-05	9.500000	4.5503e-08	
10.000000	7.99008e-05	10.000000	9.24899e-05	10.000000	9.51743e-05	10.000000	9.51743e-05	10.000000	9.51744e-05	10.000000	9.24465e-05	10.000000	4.34413e-08	
11.000000	7.39974e-05	11.000000	8.5785e-05	11.000000	8.77962e-05	11.000000	8.78206e-05	11.000000	8.77797e-05	11.000000	8.57452e-05	11.000000	3.98527e-08	
12.000000	6.89711e-05	12.000000	8.00441e-05	12.000000	8.15419e-05	12.000000	8.15814e-05	12.000000	8.15098e-05	12.000000	8.00072e-05	12.000000	3.68334e-08	
13.000000	6.46372e-05	13.000000	7.50721e-05	13.000000	7.61723e-05	13.000000	7.62209e-05	13.000000	7.61259e-05	13.000000	7.50378e-05	13.000000	3.42563e-08	
14.000000	6.08598e-05	14.000000	7.07232e-05	14.000000	7.15114e-05	14.000000	7.15656e-05	14.000000	7.14527e-05	14.000000	7.06912e-05	14.000000	3.20297e-08	
15.000000	5.75366e-05	15.000000	6.68863e-05	15.000000	6.74278e-05	15.000000	6.7485e-05	15.000000	6.73586e-05	15.000000	6.68562e-05	15.000000	3.00858e-08	
16.000000	5.45891e-05	16.000000	6.34751e-05	16.000000	6.38216e-05	16.000000	6.38795e-05	16.000000	6.37428e-05	16.000000	6.34467e-05	16.000000	2.83733e-08	
17.000000	5.1956e-05	17.000000	6.04218e-05	17.000000	6.06145e-05	17.000000	6.06711e-05	17.000000	6.05266e-05	17.000000	6.0395e-05	17.000000	2.68527e-08	
18.000000	4.95887e-05	18.000000	5.76723e-05	18.000000	5.77437e-05	18.000000	5.77982e-05	18.000000	5.76477e-05	18.000000	5.76468e-05	18.000000	2.5493e-08	
19.000000	4.74484e-05	19.000000	5.51829e-05	19.000000	5.51588e-05	19.000000	5.52117e-05	19.000000	5.50567e-05	19.000000	5.51586e-05	19.000000	2.42697e-08	
20.000000	4.55033e-05	20.000000	5.29178e-05	20.000000	5.28194e-05	20.000000	5.28713e-05	20.000000	5.27131e-05	20.000000	5.28947e-05	20.000000	2.3163e-08	
21.000000	4.37274e-05	21.000000	5.08478e-05	21.000000	5.06937e-05	21.000000	5.07442e-05	21.000000	5.05836e-05	21.000000	5.08256e-05	21.000000	2.21567e-08	
22.000000	4.20992e-05	22.000000	4.89483e-05	22.000000	4.87562e-05	22.000000	4.88033e-05	22.000000	4.86411e-05	22.000000	4.89271e-05	22.000000	2.12375e-08	
23.000000	4.06008e-05	23.000000	4.71989e-05	23.000000	4.69835e-05	23.000000	4.70259e-05	23.000000	4.68625e-05	23.000000	4.71785e-05	23.000000	2.03946e-08	
24.000000	3.92169e-05	24.000000	4.55821e-05	24.000000	4.53542e-05	24.000000	4.53927e-05	24.000000	4.52288e-05	24.000000	4.55625e-05	24.000000	1.96186e-08	
25.000000	3.79346e-05	25.000000	4.40833e-05	25.000000	4.38519e-05	25.000000	4.38876e-05	25.000000	4.37234e-05	25.000000	4.40644e-05	25.000000	1.89018e-08	
27.000000	3.56327e-05	27.000000	4.13908e-05	27.000000	4.11786e-05	27.000000	4.1208e-05	27.000000	4.10443e-05	27.000000	4.13732e-05	27.000000	1.76203e-08	
29.000000	3.36239e-05	29.000000	3.90396e-05	29.000000	3.88756e-05	29.000000	3.88977e-05	29.000000	3.87353e-05	29.000000	3.90231e-05	29.000000	1.65077e-08	
31.000000	3.18547e-05	31.000000	3.6968e-05	31.000000	3.6843e-05	31.000000	3.68565e-05	31.000000	3.67035e-05	31.000000	3.69524e-05	31.000000	1.55322e-08	
33.000000	3.02839e-05	33.000000	3.51281e-05	33.000000	3.50144e-05	33.000000	3.50197e-05	33.000000	3.4882e-05	33.000000	3.51135e-05	33.000000	1.46697e-08	
35.000000	2.88795e-05	35.000000	3.34828e-05	35.000000	3.33759e-05	35.000000	3.33776e-05	35.000000	3.32529e-05	35.000000	3.34689e-05	35.000000	1.39014e-08	
38.000000	2.70301e-05	38.000000	3.13162e-05	38.000000	3.12222e-05	38.000000	3.1216e-05	38.000000	3.11073e-05	38.000000	3.13033e-05	38.000000	1.2894e-08	
41.000000	2.54323e-05	41.000000	2.94445e-05	41.000000	2.936e-05 	41.000000	2.93489e-05	41.000000	2.92534e-05	41.000000	2.94325e-05	41.000000	1.20276e-08	
44.000000	2.40371e-05	44.000000	2.78107e-05	44.000000	2.77328e-05	44.000000	2.77192e-05	44.000000	2.76345e-05	44.000000	2.77994e-05	44.000000	1.12744e-08	
47.000000	2.28077e-05	47.000000	2.63715e-05	47.000000	2.62999e-05	47.000000	2.62837e-05	47.000000	2.6208e-05	47.000000	2.63609e-05	47.000000	1.06131e-08	
50.000000	2.17155e-05	50.000000	2.50938e-05	50.000000	2.50269e-05	50.000000	2.50091e-05	50.000000	2.4941e-05	50.000000	2.50838e-05	50.000000	1.00278e-08	
55.000000	2.01422e-05	55.000000	2.32548e-05	55.000000	2.31978e-05	55.000000	2.31741e-05	55.000000	2.31164e-05	55.000000	2.32456e-05	55.000000	9.18833e-09	
60.000000	1.88137e-05	60.000000	2.17038e-05	60.000000	2.16512e-05	60.000000	2.16261e-05	60.000000	2.15767e-05	60.000000	2.16953e-05	60.000000	8.48299e-09	
65.000000	1.7676e-05	65.000000	2.03774e-05	65.000000	2.03262e-05	65.000000	2.03018e-05	65.000000	2.0259e-05	65.000000	2.03695e-05	65.000000	7.8817e-09	
70.000000	1.66899e-05	70.000000	1.92296e-05	70.000000	1.91815e-05	70.000000	1.91555e-05	70.000000	1.91181e-05	70.000000	1.92223e-05	70.000000	7.36278e-09	
75.000000	1.58265e-05	75.000000	1.82262e-05	75.000000	1.81801e-05	75.000000	1.81531e-05	75.000000	1.81202e-05	75.000000	1.82193e-05	75.000000	6.91021e-09	
80.000000	1.50638e-05	80.000000	1.73414e-05	80.000000	1.72967e-05	80.000000	1.72688e-05	80.000000	1.72397e-05	80.000000	1.73348e-05	80.000000	6.51189e-09	
85.000000	1.43847e-05	85.000000	1.65549e-05	85.000000	1.65112e-05	85.000000	1.64827e-05	85.000000	1.64569e-05	85.000000	1.65488e-05	85.000000	6.15852e-09	
90.000000	1.3776e-05	90.000000	1.58513e-05	90.000000	1.58063e-05	90.000000	1.57791e-05	90.000000	1.57561e-05	90.000000	1.58454e-05	90.000000	5.84281e-09	
95.000000	1.3227e-05	95.000000	1.52178e-05	95.000000	1.51734e-05	95.000000	1.51456e-05	95.000000	1.5125e-05	95.000000	1.52122e-05	95.000000	5.55898e-09	
100.000000	1.27292e-05	100.000000	1.46444e-05	100.000000	1.46003e-05	100.000000	1.45721e-05	100.000000	1.45536e-05	100.000000	1.46391e-05	100.000000	5.30238e-09	
105.000000	1.22755e-05	105.000000	1.41229e-05	105.000000	1.40791e-05	105.000000	1.40503e-05	105.000000	1.40337e-05	105.000000	1.41178e-05	105.000000	5.06922e-09	
110.000000	1.18601e-05	110.000000	1.36464e-05	110.000000	1.36013e-05	110.000000	1.35736e-05	110.000000	1.35586e-05	110.000000	1.36416e-05	110.000000	4.8564e-09	
115.000000	1.14784e-05	115.000000	1.32094e-05	115.000000	1.31638e-05	115.000000	1.31363e-05	115.000000	1.31228e-05	115.000000	1.32047e-05	115.000000	4.66134e-09	
120.000000	1.11263e-05	120.000000	1.2807e-05	120.000000	1.27617e-05	120.000000	1.27337e-05	120.000000	1.27215e-05	120.000000	1.28025e-05	120.000000	4.48188e-09	
125.000000	1.08003e-05	125.000000	1.24353e-05	125.000000	1.23896e-05	125.000000	1.23617e-05	125.000000	1.23507e-05	125.000000	1.2431e-05	125.000000	4.31619e-09	
130.000000	1.04977e-05	130.000000	1.20909e-05	130.000000	1.2044e-05	130.000000	1.2017e-05	130.000000	1.20071e-05	130.000000	1.20867e-05	130.000000	4.16274e-09	
135.000000	1.02159e-05	135.000000	1.17708e-05	135.000000	1.17237e-05	135.000000	1.16967e-05	135.000000	1.16877e-05	135.000000	1.17668e-05	135.000000	4.0202e-09	
140.000000	9.95275e-06	140.000000	1.14726e-05	140.000000	1.14257e-05	140.000000	1.13983e-05	140.000000	1.13902e-05	140.000000	1.14687e-05	140.000000	3.88743e-09	
145.000000	9.70648e-06	145.000000	1.1194e-05	145.000000	1.11468e-05	145.000000	1.11195e-05	145.000000	1.11122e-05	145.000000	1.11902e-05	145.000000	3.76345e-09	
150.000000	9.47543e-06	150.000000	1.09332e-05	150.000000	1.08851e-05	150.000000	1.08586e-05	150.000000	1.0852e-05	150.000000	1.09296e-05	150.000000	3.64741e-09	
155.000000	9.15013e-06	155.000000	1.06885e-05	155.000000	1.06402e-05	155.000000	1.06138e-05	155.000000	1.06079e-05	155.000000	1.0685e-05	155.000000	3.53856e-09	
160.000000	8.95945e-06	160.000000	1.04585e-05	160.000000	1.04102e-05	160.000000	1.03837e-05	160.000000	1.03784e-05	160.000000	1.04551e-05	160.000000	3.43623e-09	
165.000000	8.77965e-06	165.000000	1.02419e-05	165.000000	1.01928e-05	165.000000	1.0167e-05	165.000000	1.01623e-05	165.000000	1.02385e-05	165.000000	3.33987e-09	
170.000000	8.60979e-06	170.000000	1.00375e-05	170.000000	9.98801e-06	170.000000	9.96252e-06	170.000000	9.95836e-06	170.000000	1.00342e-05	170.000000	3.24894e-09	
175.000000	8.44907e-06	175.000000	9.84428e-06	175.000000	9.79508e-06	175.000000	9.76934e-06	175.000000	9.76567e-06	175.000000	9.84112e-06	175.000000	3.16301e-09	
180.000000	8.29676e-06	180.000000	9.66142e-06	180.000000	9.61252e-06	180.000000	9.58652e-06	180.000000	9.58331e-06	180.000000	9.65834e-06	180.000000	3.08166e-09	
185.000000	8.15221e-06	185.000000	9.48808e-06	185.000000	9.43904e-06	185.000000	9.41324e-06	185.000000	9.41045e-06	185.000000	9.48507e-06	185.000000	3.00454e-09	
190.000000	8.01482e-06	190.000000	9.32352e-06	190.000000	9.27398e-06	190.000000	9.24878e-06	190.000000	9.24639e-06	190.000000	9.32059e-06	190.000000	2.93131e-09	
195.000000	7.88409e-06	195.000000	9.16711e-06	195.000000	9.11747e-06	195.000000	9.09248e-06	195.000000	9.09047e-06	195.000000	9.16425e-06	195.000000	2.86169e-09	
200.000000	7.75952e-06	200.000000	9.01824e-06	200.000000	8.96891e-06	200.000000	8.94376e-06	200.000000	8.9421e-06	200.000000	9.01545e-06	200.000000	2.79542e-09	
210.000000	7.5272e-06	210.000000	8.74107e-06	210.000000	8.69134e-06	210.000000	8.66696e-06	210.000000	8.66594e-06	210.000000	8.7384e-06	210.000000	2.67197e-09	
220.000000	7.31487e-06	220.000000	8.48831e-06	220.000000	8.43905e-06	220.000000	8.41465e-06	220.000000	8.41418e-06	220.000000	8.48575e-06	220.000000	2.55932e-09	
230.000000	7.12003e-06	230.000000	8.25687e-06	230.000000	8.20752e-06	230.000000	8.18374e-06	230.000000	8.18378e-06	230.000000	8.25441e-06	230.000000	2.45609e-09	
240.000000	6.9406e-06	240.000000	8.04418e-06	240.000000	7.99521e-06	240.000000	7.97166e-06	240.000000	7.97214e-06	240.000000	8.04182e-06	240.000000	2.36113e-09	
250.000000	6.77481e-06	250.000000	7.84806e-06	250.000000	7.80007e-06	250.000000	7.77621e-06	250.000000	7.77709e-06	250.000000	7.84578e-06	250.000000	2.27348e-09	
260.000000	6.62116e-06	260.000000	7.66666e-06	260.000000	7.61905e-06	260.000000	7.59554e-06	260.000000	7.59678e-06	260.000000	7.66446e-06	260.000000	2.19232e-09	
270.000000	6.47835e-06	270.000000	7.49839e-06	270.000000	7.45107e-06	270.000000	7.42805e-06	270.000000	7.42963e-06	270.000000	7.49628e-06	270.000000	2.11694e-09	
280.000000	6.34528e-06	280.000000	7.3419e-06	280.000000	7.29551e-06	280.000000	7.27238e-06	280.000000	7.27425e-06	280.000000	7.33986e-06	280.000000	2.04674e-09	
290.000000	6.22099e-06	290.000000	7.19601e-06	290.000000	7.14993e-06	290.000000	7.12734e-06	290.000000	7.12949e-06	290.000000	7.19403e-06	290.000000	1.9812e-09	
300.000000	6.10464e-06	300.000000	7.05968e-06	300.000000	7.01432e-06	300.000000	6.99189e-06	300.000000	6.99428e-06	300.000000	7.05776e-06	300.000000	1.91986e-09	
310.000000	5.99549e-06	310.000000	6.93202e-06	310.000000	6.88759e-06	310.000000	6.86515e-06	310.000000	6.86777e-06	310.000000	6.93016e-06	310.000000	1.86233e-09	
320.000000	5.8929e-06	320.000000	6.81225e-06	320.000000	6.76823e-06	320.000000	6.74631e-06	320.000000	6.74913e-06	320.000000	6.81044e-06	320.000000	1.80826e-09	
330.000000	5.79631e-06	330.000000	6.69967e-06	330.000000	6.65651e-06	330.000000	6.63467e-06	330.000000	6.63769e-06	330.000000	6.69791e-06	330.000000	1.75735e-09	
340.000000	5.7052e-06	340.000000	6.59366e-06	340.000000	6.55148e-06	340.000000	6.52962e-06	340.000000	6.53282e-06	340.000000	6.59195e-06	340.000000	1.70931e-09	
350.000000	5.61914e-06	350.000000	6.49367e-06	350.000000	6.45204e-06	350.000000	6.4306e-06	350.000000	6.43396e-06	350.000000	6.49201e-06	350.000000	1.66392e-09	
360.000000	5.53771e-06	360.000000	6.39923e-06	360.000000	6.3584e-06	360.000000	6.33715e-06	360.000000	6.34066e-06	360.000000	6.39761e-06	360.000000	1.62096e-09	
370.000000	5.46057e-06	370.000000	6.30989e-06	370.000000	6.26962e-06	370.000000	6.24827e-06	370.000000	6.25194e-06	370.000000	6.30831e-06	370.000000	1.58023e-09	
380.000000	5.38739e-06	380.000000	6.22527e-06	380.000000	6.18524e-06	380.000000	6.16414e-06	380.000000	6.16793e-06	380.000000	6.22373e-06	380.000000	1.54157e-09	
390.000000	5.31787e-06	390.000000	6.14501e-06	390.000000	6.10513e-06	390.000000	6.08439e-06	390.000000	6.0883e-06	390.000000	6.14351e-06	390.000000	1.50481e-09	
400.000000	5.25177e-06	400.000000	6.0688e-06	400.000000	6.02944e-06	400.000000	6.0087e-06	400.000000	6.01273e-06	400.000000	6.06733e-06	400.000000	1.46982e-09	
410.000000	5.18883e-06	410.000000	5.99634e-06	410.000000	5.95757e-06	410.000000	5.93678e-06	410.000000	5.94091e-06	410.000000	5.9949e-06	410.000000	1.43648e-09	
420.000000	5.12885e-06	420.000000	5.92738e-06	420.000000	5.8889e-06	420.000000	5.86837e-06	420.000000	5.8726e-06	420.000000	5.92597e-06	420.000000	1.40467e-09	
430.000000	5.07163e-06	430.000000	5.86168e-06	430.000000	5.82347e-06	430.000000	5.80323e-06	430.000000	5.80756e-06	430.000000	5.8603e-06	430.000000	1.37428e-09	
440.000000	5.01699e-06	440.000000	5.79902e-06	440.000000	5.76137e-06	440.000000	5.74114e-06	440.000000	5.74556e-06	440.000000	5.79767e-06	440.000000	1.34522e-09	
450.000000	4.96477e-06	450.000000	5.73921e-06	450.000000	5.7022e-06	450.000000	5.68191e-06	450.000000	5.68641e-06	450.000000	5.73789e-06	450.000000	1.3174e-09	
460.000000	4.91481e-06	460.000000	5.68207e-06	460.000000	5.64548e-06	460.000000	5.62534e-06	460.000000	5.62992e-06	460.000000	5.68078e-06	460.000000	1.29075e-09	
470.000000	4.86699e-06	470.000000	5.62743e-06	470.000000	5.59114e-06	470.000000	5.57128e-06	470.000000	5.57594e-06	470.000000	5.62616e-06	470.000000	1.26519e-09	
480.000000	4.82116e-06	480.000000	5.57514e-06	480.000000	5.53929e-06	480.000000	5.51957e-06	480.000000	5.52429e-06	480.000000	5.5739e-06	480.000000	1.24066e-09	
490.000000	4.77722e-06	490.000000	5.52506e-06	490.000000	5.48983e-06	490.000000	5.47006e-06	490.000000	5.47485e-06	490.000000	5.52384e-06	490.000000	1.21709e-09	
500.000000	4.73506e-06	500.000000	5.47706e-06	500.000000	5.44243e-06	500.000000	5.42263e-06	500.000000	5.42749e-06	500.000000	5.47586e-06	500.000000	1.19443e-09	
520.000000	4.65569e-06	520.000000	5.38684e-06	520.000000	5.35295e-06	520.000000	5.33354e-06	520.000000	5.33852e-06	520.000000	5.38568e-06	520.000000	1.15163e-09	
540.000000	4.58234e-06	540.000000	5.30362e-06	540.000000	5.27071e-06	540.000000	5.25143e-06	540.000000	5.25651e-06	540.000000	5.30251e-06	540.000000	1.11189e-09	
560.000000	4.51438e-06	560.000000	5.22669e-06	560.000000	5.19485e-06	560.000000	5.17556e-06	560.000000	5.18074e-06	560.000000	5.22561e-06	560.000000	1.07488e-09	
580.000000	4.4513e-06	580.000000	5.1554e-06	580.000000	5.12422e-06	580.000000	5.1053e-06	580.000000	5.11056e-06	580.000000	5.15436e-06	580.000000	1.04033e-09	
600.000000	4.39262e-06	600.000000	5.0892e-06	600.000000	5.05892e-06	600.000000	5.04008e-06	600.000000	5.04542e-06	600.000000	5.0882e-06	600.000000	1.00801e-09	
620.000000	4.33796e-06	620.000000	5.02763e-06	620.000000	4.99831e-06	620.000000	4.97943e-06	620.000000	4.98484e-06	620.000000	5.02665e-06	620.000000	9.77691e-10	
640.000000	4.28694e-06	640.000000	4.97024e-06	640.000000	4.94153e-06	640.000000	4.92291e-06	640.000000	4.92839e-06	640.000000	4.96929e-06	640.000000	9.49202e-10	
660.000000	4.23925e-06	660.000000	4.91668e-06	660.000000	4.88857e-06	660.000000	4.87016e-06	660.000000	4.87571e-06	660.000000	4.91576e-06	660.000000	9.22379e-10	
680.000000	4.19462e-06	680.000000	4.86662e-06	680.000000	4.8393e-06	680.000000	4.82085e-06	680.000000	4.82644e-06	680.000000	4.86572e-06	680.000000	8.97077e-10	
700.000000	4.15279e-06	700.000000	4.81975e-06	700.000000	4.7931e-06	700.000000	4.77467e-06	700.000000	4.78032e-06	700.000000	4.81888e-06	700.000000	8.7317e-10	
720.000000	4.11355e-06	720.000000	4.77583e-06	720.000000	4.74956e-06	720.000000	4.73137e-06	720.000000	4.73707e-06	720.000000	4.77498e-06	720.000000	8.50543e-10	
740.000000	4.0767e-06	740.000000	4.73462e-06	740.000000	4.70872e-06	740.000000	4.69072e-06	740.000000	4.69645e-06	740.000000	4.73379e-06	740.000000	8.29097e-10	
760.000000	4.04205e-06	760.000000	4.69591e-06	760.000000	4.67052e-06	760.000000	4.65249e-06	760.000000	4.65827e-06	760.000000	4.6951e-06	760.000000	8.08739e-10	
780.000000	4.00946e-06	780.000000	4.65951e-06	780.000000	4.63457e-06	780.000000	4.61651e-06	780.000000	4.62233e-06	780.000000	4.65872e-06	780.000000	7.89388e-10	
800.000000	3.97876e-06	800.000000	4.62525e-06	800.000000	4.60055e-06	800.000000	4.58261e-06	800.000000	4.58846e-06	800.000000	4.62448e-06	800.000000	7.7097e-10	
820.000000	3.94984e-06	820.000000	4.59299e-06	820.000000	4.56837e-06	820.000000	4.55063e-06	820.000000	4.55652e-06	820.000000	4.59224e-06	820.000000	7.53419e-10	
840.000000	3.92257e-06	840.000000	4.56258e-06	840.000000	4.53804e-06	840.000000	4.52043e-06	840.000000	4.52635e-06	840.000000	4.56184e-06	840.000000	7.36674e-10	
860.000000	3.89684e-06	860.000000	4.53389e-06	860.000000	4.50952e-06	860.000000	4.49188e-06	860.000000	4.49783e-06	860.000000	4.53317e-06	860.000000	7.20681e-10	
880.000000	3.87256e-06	880.000000	4.50682e-06	880.000000	4.48256e-06	880.000000	4.46488e-06	880.000000	4.47086e-06	880.000000	4.50611e-06	880.000000	7.05389e-10	
900.000000	3.84963e-06	900.000000	4.48125e-06	900.000000	4.45695e-06	900.000000	4.43932e-06	900.000000	4.44532e-06	900.000000	4.48056e-06	900.000000	6.90753e-10	
920.000000	3.82797e-06	920.000000	4.45709e-06	920.000000	4.43259e-06	920.000000	4.41509e-06	920.000000	4.42112e-06	920.000000	4.45641e-06	920.000000	6.76731e-10	
940.000000	3.8075e-06	940.000000	4.43425e-06	940.000000	4.40946e-06	940.000000	4.39212e-06	940.000000	4.39817e-06	940.000000	4.43359e-06	940.000000	6.63284e-10	
960.000000	3.78816e-06	960.000000	4.41265e-06	960.000000	4.38757e-06	960.000000	4.37032e-06	960.000000	4.37639e-06	960.000000	4.412e-06 	960.000000	6.50379e-10	
980.000000	3.76987e-06	980.000000	4.39222e-06	980.000000	4.36687e-06	980.000000	4.34962e-06	980.000000	4.35571e-06	980.000000	4.39159e-06	980.000000	6.37981e-10	
1000.000000	3.75258e-06	1000.000000	4.37289e-06	1000.000000	4.34724e-06	1000.000000	4.32995e-06	1000.000000	4.33606e-06	1000.000000	4.37227e-06	1000.000000	6.26062e-10	
1020.000000	3.73624e-06	1020.000000	4.3546e-06	1020.000000	4.32856e-06	1020.000000	4.31125e-06	1020.000000	4.31738e-06	1020.000000	4.35398e-06	1020.000000	6.14594e-10	
1040.000000	3.72079e-06	1040.000000	4.33728e-06	1040.000000	4.31072e-06	1040.000000	4.29347e-06	1040.000000	4.29961e-06	1040.000000	4.33667e-06	1040.000000	6.03552e-10	
1060.000000	3.70618e-06	1060.000000	4.32088e-06	1060.000000	4.29368e-06	1060.000000	4.27653e-06	1060.000000	4.28269e-06	1060.000000	4.32029e-06	1060.000000	5.92912e-10	
1080.000000	3.69238e-06	1080.000000	4.30535e-06	1080.000000	4.27744e-06	1080.000000	4.26041e-06	1080.000000	4.26658e-06	1080.000000	4.30477e-06	1080.000000	5.82653e-10	
1100.000000	3.67933e-06	1100.000000	4.29065e-06	1100.000000	4.26198e-06	1100.000000	4.24505e-06	1100.000000	4.25123e-06	1100.000000	4.29008e-06	1100.000000	5.72753e-10	
1120.000000	3.667e-06 	1120.000000	4.27674e-06	1120.000000	4.24729e-06	1120.000000	4.2304e-06	1120.000000	4.2366e-06	1120.000000	4.27617e-06	1120.000000	5.63195e-10	
1140.000000	3.65537e-06	1140.000000	4.26356e-06	1140.000000	4.23333e-06	1140.000000	4.21644e-06	1140.000000	4.22265e-06	1140.000000	4.26301e-06	1140.000000	5.53961e-10	
1160.000000	3.64438e-06	1160.000000	4.25109e-06	1160.000000	4.22003e-06	1160.000000	4.20311e-06	1160.000000	4.20934e-06	1160.000000	4.25054e-06	1160.000000	5.45034e-10	
1180.000000	3.63402e-06	1180.000000	4.23929e-06	1180.000000	4.20734e-06	1180.000000	4.1904e-06	1180.000000	4.19664e-06	1180.000000	4.23875e-06	1180.000000	5.36399e-10	
1200.000000	3.62425e-06	1200.000000	4.22812e-06	1200.000000	4.1952e-06	1200.000000	4.17826e-06	1200.000000	4.18451e-06	1200.000000	4.22759e-06	1200.000000	5.28041e-10	
1220.000000	3.61504e-06	1220.000000	4.21756e-06	1220.000000	4.18356e-06	1220.000000	4.16667e-06	1220.000000	4.17293e-06	1220.000000	4.21704e-06	1220.000000	5.19949e-10	
1240.000000	3.60638e-06	1240.000000	4.20758e-06	1240.000000	4.17242e-06	1240.000000	4.15559e-06	1240.000000	4.16187e-06	1240.000000	4.20707e-06	1240.000000	5.12108e-10	
1260.000000	3.59823e-06	1260.000000	4.19814e-06	1260.000000	4.16175e-06	1260.000000	4.14501e-06	1260.000000	4.15129e-06	1260.000000	4.19764e-06	1260.000000	5.04508e-10	
1280.000000	3.59057e-06	1280.000000	4.18924e-06	1280.000000	4.15155e-06	1280.000000	4.1349e-06	1280.000000	4.14118e-06	1280.000000	4.18874e-06	1280.000000	4.97137e-10	
1300.000000	3.58339e-06	1300.000000	4.18083e-06	1300.000000	4.14182e-06	1300.000000	4.12523e-06	1300.000000	4.13152e-06	1300.000000	4.18034e-06	1300.000000	4.89985e-10	
1320.000000	3.57666e-06	1320.000000	4.1729e-06	1320.000000	4.13253e-06	1320.000000	4.11598e-06	1320.000000	4.12228e-06	1320.000000	4.17241e-06	1320.000000	4.83043e-10	
1340.000000	3.57036e-06	1340.000000	4.16542e-06	1340.000000	4.12368e-06	1340.000000	4.10713e-06	1340.000000	4.11345e-06	1340.000000	4.16495e-06	1340.000000	4.763e-10 	
1360.000000	3.56448e-06	1360.000000	4.15839e-06	1360.000000	4.11523e-06	1360.000000	4.09867e-06	1360.000000	4.10499e-06	1360.000000	4.15792e-06	1360.000000	4.69749e-10	
1380.000000	3.559e-06 	1380.000000	4.15177e-06	1380.000000	4.10715e-06	1380.000000	4.09057e-06	1380.000000	4.0969e-06	1380.000000	4.15131e-06	1380.000000	4.63381e-10	
1400.000000	3.5539e-06	1400.000000	4.14556e-06	1400.000000	4.09941e-06	1400.000000	4.08282e-06	1400.000000	4.08916e-06	1400.000000	4.1451e-06	1400.000000	4.57189e-10	
1420.000000	3.54916e-06	1420.000000	4.13972e-06	1420.000000	4.092e-06 	1420.000000	4.0754e-06	1420.000000	4.08174e-06	1420.000000	4.13927e-06	1420.000000	4.51166e-10	
1440.000000	3.54479e-06	1440.000000	4.13426e-06	1440.000000	4.08489e-06	1440.000000	4.0683e-06	1440.000000	4.07465e-06	1440.000000	4.13382e-06	1440.000000	4.45304e-10	
1460.000000	3.54075e-06	1460.000000	4.12915e-06	1460.000000	4.07807e-06	1460.000000	4.0615e-06	1460.000000	4.06786e-06	1460.000000	4.12871e-06	1460.000000	4.39597e-10	
1480.000000	3.53704e-06	1480.000000	4.12438e-06	1480.000000	4.07152e-06	1480.000000	4.055e-06 	1480.000000	4.06136e-06	1480.000000	4.12395e-06	1480.000000	4.34039e-10	
1500.000000	3.53365e-06	1500.000000	4.11994e-06	1500.000000	4.06523e-06	1500.000000	4.04876e-06	1500.000000	4.05513e-06	1500.000000	4.11951e-06	1500.000000	4.28624e-10	
1520.000000	3.53056e-06	1520.000000	4.11581e-06	1520.000000	4.05921e-06	1520.000000	4.0428e-06	1520.000000	4.04917e-06	1520.000000	4.11538e-06	1520.000000	4.23347e-10	
1540.000000	3.52776e-06	1540.000000	4.11198e-06	1540.000000	4.05344e-06	1540.000000	4.03708e-06	1540.000000	4.04346e-06	1540.000000	4.11156e-06	1540.000000	4.18202e-10	
1560.000000	3.52524e-06	1560.000000	4.10844e-06	1560.000000	4.04792e-06	1560.000000	4.03161e-06	1560.000000	4.038e-06 	1560.000000	4.10803e-06	1560.000000	4.13185e-10	
1580.000000	3.523e-06 	1580.000000	4.10518e-06	1580.000000	4.04264e-06	1580.000000	4.02638e-06	1580.000000	4.03277e-06	1580.000000	4.10477e-06	1580.000000	4.0829e-10	
1600.000000	3.52103e-06	1600.000000	4.10219e-06	1600.000000	4.0376e-06	1600.000000	4.02136e-06	1600.000000	4.02776e-06	1600.000000	4.10178e-06	1600.000000	4.03514e-10	
1620.000000	3.5193e-06	1620.000000	4.09945e-06	1620.000000	4.03278e-06	1620.000000	4.01656e-06	1620.000000	4.02296e-06	1620.000000	4.09906e-06	1620.000000	3.98851e-10	
1640.000000	3.51783e-06	1640.000000	4.09697e-06	1640.000000	4.02818e-06	1640.000000	4.01196e-06	1640.000000	4.01836e-06	1640.000000	4.09658e-06	1640.000000	3.94298e-10	
1660.000000	3.51659e-06	1660.000000	4.09473e-06	1660.000000	4.02378e-06	1660.000000	4.00756e-06	1660.000000	4.01397e-06	1660.000000	4.09434e-06	1660.000000	3.89852e-10	
1680.000000	3.51558e-06	1680.000000	4.09272e-06	1680.000000	4.01958e-06	1680.000000	4.00335e-06	1680.000000	4.00976e-06	1680.000000	4.09233e-06	1680.000000	3.85507e-10	
1700.000000	3.51479e-06	1700.000000	4.09093e-06	1700.000000	4.01556e-06	1700.000000	3.99932e-06	1700.000000	4.00573e-06	1700.000000	4.09055e-06	1700.000000	3.81262e-10	
1750.000000	3.51376e-06	1750.000000	4.0874e-06	1750.000000	4.00625e-06	1750.000000	3.98999e-06	1750.000000	3.99641e-06	1750.000000	4.08702e-06	1750.000000	3.71058e-10	
1800.000000	3.51397e-06	1800.000000	4.0851e-06	1800.000000	3.9979e-06	1800.000000	3.98164e-06	1800.000000	3.98807e-06	1800.000000	4.08474e-06	1800.000000	3.61402e-10	
1850.000000	3.51534e-06	1850.000000	4.08394e-06	1850.000000	3.9904e-06	1850.000000	3.97419e-06	1850.000000	3.98063e-06	1850.000000	4.08359e-06	1850.000000	3.52251e-10	
1900.000000	3.51777e-06	1900.000000	4.08384e-06	1900.000000	3.98369e-06	1900.000000	3.96755e-06	1900.000000	3.97399e-06	1900.000000	4.0835e-06	1900.000000	3.43565e-10	
1950.000000	3.52121e-06	1950.000000	4.08471e-06	1950.000000	3.97771e-06	1950.000000	3.96164e-06	1950.000000	3.9681e-06	1950.000000	4.08437e-06	1950.000000	3.3531e-10	
2000.000000	3.52558e-06	2000.000000	4.08647e-06	2000.000000	3.9724e-06	2000.000000	3.95642e-06	2000.000000	3.96288e-06	2000.000000	4.08615e-06	2000.000000	3.27454e-10	
2100.000000	3.53687e-06	2100.000000	4.09244e-06	2100.000000	3.96364e-06	2100.000000	3.94777e-06	2100.000000	3.95424e-06	2100.000000	4.09213e-06	2100.000000	3.12828e-10	
2200.000000	3.55122e-06	2200.000000	4.1013e-06	2200.000000	3.95701e-06	2200.000000	3.94119e-06	2200.000000	3.94767e-06	2200.000000	4.101e-06 	2200.000000	2.99488e-10	
2300.000000	3.56828e-06	2300.000000	4.11266e-06	2300.000000	3.95215e-06	2300.000000	3.93636e-06	2300.000000	3.94285e-06	2300.000000	4.11237e-06	2300.000000	2.87272e-10	
2400.000000	3.58775e-06	2400.000000	4.12621e-06	2400.000000	3.94878e-06	2400.000000	3.93301e-06	2400.000000	3.93951e-06	2400.000000	4.12594e-06	2400.000000	2.7604e-10	
2500.000000	3.60939e-06	2500.000000	4.14169e-06	2500.000000	3.94667e-06	2500.000000	3.93092e-06	2500.000000	3.93742e-06	2500.000000	4.14143e-06	2500.000000	2.65678e-10	
2600.000000	3.63297e-06	2600.000000	4.15888e-06	2600.000000	3.94563e-06	2600.000000	3.92991e-06	2600.000000	3.93641e-06	2600.000000	4.15862e-06	2600.000000	2.56087e-10	
2700.000000	3.65833e-06	2700.000000	4.17758e-06	2700.000000	3.9455e-06	2700.000000	3.92981e-06	2700.000000	3.93632e-06	2700.000000	4.17733e-06	2700.000000	2.47184e-10	
2800.000000	3.68529e-06	2800.000000	4.19763e-06	2800.000000	3.94616e-06	2800.000000	3.9305e-06	2800.000000	3.93702e-06	2800.000000	4.19739e-06	2800.000000	2.38897e-10	
2900.000000	3.71372e-06	2900.000000	4.21888e-06	2900.000000	3.94749e-06	2900.000000	3.93188e-06	2900.000000	3.93839e-06	2900.000000	4.21865e-06	2900.000000	2.31162e-10	
3000.000000	3.74351e-06	3000.000000	4.24122e-06	3000.000000	3.9494e-06	3000.000000	3.93383e-06	3000.000000	3.94035e-06	3000.000000	4.241e-06 	3000.000000	2.23927e-10	
3200.000000	3.80674e-06	3200.000000	4.28874e-06	3200.000000	3.95466e-06	3200.000000	3.93919e-06	3200.000000	3.9457e-06	3200.000000	4.28853e-06	3200.000000	2.10771e-10	
3400.000000	3.87428e-06	3400.000000	4.33947e-06	3400.000000	3.96145e-06	3400.000000	3.94606e-06	3400.000000	3.95257e-06	3400.000000	4.33927e-06	3400.000000	1.99115e-10	
3600.000000	3.9456e-06	3600.000000	4.39285e-06	3600.000000	3.96938e-06	3600.000000	3.95405e-06	3600.000000	3.96057e-06	3600.000000	4.39266e-06	3600.000000	1.88714e-10	
3800.000000	4.02025e-06	3800.000000	4.44846e-06	3800.000000	3.97817e-06	3800.000000	3.96288e-06	3800.000000	3.9694e-06	3800.000000	4.44828e-06	3800.000000	1.79374e-10	
4000.000000	4.09788e-06	4000.000000	4.50594e-06	4000.000000	3.9876e-06	4000.000000	3.97233e-06	4000.000000	3.97884e-06	4000.000000	4.50577e-06	4000.000000	1.70939e-10	
4200.000000	4.17821e-06	4200.000000	4.56501e-06	4200.000000	3.99748e-06	4200.000000	3.98223e-06	4200.000000	3.98874e-06	4200.000000	4.56485e-06	4200.000000	1.63282e-10	
4400.000000	4.26101e-06	4400.000000	4.62545e-06	4400.000000	4.00768e-06	4400.000000	3.99244e-06	4400.000000	3.99894e-06	4400.000000	4.62529e-06	4400.000000	1.563e-10 	
4600.000000	4.34608e-06	4600.000000	4.68705e-06	4600.000000	4.0181e-06	4600.000000	4.00287e-06	4600.000000	4.00936e-06	4600.000000	4.6869e-06	4600.000000	1.49907e-10	
4800.000000	4.43325e-06	4800.000000	4.74966e-06	4800.000000	4.02865e-06	4800.000000	4.01342e-06	4800.000000	4.01991e-06	4800.000000	4.74952e-06	4800.000000	1.4403e-10	
5000.000000	4.52238e-06	5000.000000	4.81315e-06	5000.000000	4.03926e-06	5000.000000	4.02405e-06	5000.000000	4.03054e-06	5000.000000	4.81301e-06	5000.000000	1.38608e-10	
5250.000000	4.63639e-06	5250.000000	4.89358e-06	5250.000000	4.05256e-06	5250.000000	4.03737e-06	5250.000000	4.04384e-06	5250.000000	4.89345e-06	5250.000000	1.32394e-10	
5500.000000	4.75309e-06	5500.000000	4.97503e-06	5500.000000	4.06581e-06	5500.000000	4.05064e-06	5500.000000	4.05711e-06	5500.000000	4.9749e-06	5500.000000	1.26729e-10	
6000.000000	4.99395e-06	6000.000000	5.1404e-06	6000.000000	4.092e-06 	6000.000000	4.07687e-06	6000.000000	4.08331e-06	6000.000000	5.14028e-06	6000.000000	1.16771e-10	
6500.000000	5.24396e-06	6500.000000	5.30832e-06	6500.000000	4.11755e-06	6500.000000	4.10246e-06	6500.000000	4.10887e-06	6500.000000	5.30821e-06	6500.000000	1.08301e-10	
7000.000000	5.50239e-06	7000.000000	5.47816e-06	7000.000000	4.14232e-06	7000.000000	4.12726e-06	7000.000000	4.13365e-06	7000.000000	5.47806e-06	7000.000000	1.01006e-10	
7500.000000	5.76871e-06	7500.000000	5.64943e-06	7500.000000	4.16624e-06	7500.000000	4.1512e-06	7500.000000	4.15756e-06	7500.000000	5.64933e-06	7500.000000	9.46553e-11	
8000.000000	6.04252e-06	8000.000000	5.82178e-06	8000.000000	4.18931e-06	8000.000000	4.17428e-06	8000.000000	4.18061e-06	8000.000000	5.82169e-06	8000.000000	8.9075e-11	
8500.000000	6.32349e-06	8500.000000	5.99496e-06	8500.000000	4.21148e-06	8500.000000	4.19649e-06	8500.000000	4.20278e-06	8500.000000	5.99487e-06	8500.000000	8.41321e-11	
9000.000000	6.61139e-06	9000.000000	6.16876e-06	9000.000000	4.23277e-06	9000.000000	4.21786e-06	9000.000000	4.22412e-06	9000.000000	6.16868e-06	9000.000000	7.97224e-11	
9500.000000	6.90604e-06	9500.000000	6.34302e-06	9500.000000	4.25324e-06	9500.000000	4.23843e-06	9500.000000	4.24465e-06	9500.000000	6.34295e-06	9500.000000	7.57634e-11	
10000.000000	7.20727e-06	10000.000000	6.51764e-06	10000.000000	4.27296e-06	10000.000000	4.25824e-06	10000.000000	4.26442e-06	10000.000000	6.51757e-06	10000.000000	7.21887e-11	
11000.000000	7.82902e-06	11000.000000	6.86754e-06	11000.000000	4.31032e-06	11000.000000	4.2957e-06	11000.000000	4.30179e-06	11000.000000	6.86747e-06	11000.000000	6.59866e-11	
12000.000000	8.47593e-06	12000.000000	7.2179e-06	12000.000000	4.34513e-06	12000.000000	4.33055e-06	12000.000000	4.33655e-06	12000.000000	7.21784e-06	12000.000000	6.07895e-11	
13000.000000	9.1475e-06	13000.000000	7.56838e-06	13000.000000	4.3776e-06	13000.000000	4.36309e-06	13000.000000	4.36898e-06	13000.000000	7.56832e-06	13000.000000	5.63696e-11	
14000.000000	9.84342e-06	14000.000000	7.91872e-06	14000.000000	4.40795e-06	14000.000000	4.39355e-06	14000.000000	4.39934e-06	14000.000000	7.91866e-06	14000.000000	5.25635e-11	
15000.000000	1.05635e-05	15000.000000	8.26877e-06	15000.000000	4.43642e-06	15000.000000	4.42217e-06	15000.000000	4.42784e-06	15000.000000	8.26872e-06	15000.000000	4.92507e-11	
16000.000000	1.13075e-05	16000.000000	8.61842e-06	16000.000000	4.46323e-06	16000.000000	4.44914e-06	16000.000000	4.45468e-06	16000.000000	8.61837e-06	16000.000000	4.63404e-11	
17000.000000	1.20754e-05	17000.000000	8.9676e-06	17000.000000	4.48855e-06	17000.000000	4.47462e-06	17000.000000	4.48002e-06	17000.000000	8.96756e-06	17000.000000	4.37629e-11	
18000.000000	1.28672e-05	18000.000000	9.31627e-06	18000.000000	4.51255e-06	18000.000000	4.49875e-06	18000.000000	4.50401e-06	18000.000000	9.31623e-06	18000.000000	4.14638e-11	
19000.000000	1.36829e-05	19000.000000	9.66439e-06	19000.000000	4.53534e-06	19000.000000	4.52167e-06	19000.000000	4.52678e-06	19000.000000	9.66435e-06	19000.000000	3.93999e-11	
20000.000000	1.45224e-05	20000.000000	1.0012e-05	20000.000000	4.55704e-06	20000.000000	4.54348e-06	20000.000000	4.54843e-06	20000.000000	1.00119e-05	20000.000000	3.75366e-11	
21000.000000	1.53859e-05	21000.000000	1.03589e-05	21000.000000	4.57769e-06	21000.000000	4.56427e-06	21000.000000	4.56907e-06	21000.000000	1.03589e-05	21000.000000	3.58459e-11	
22000.000000	1.62733e-05	22000.000000	1.07054e-05	22000.000000	4.5973e-06	22000.000000	4.58415e-06	22000.000000	4.58877e-06	22000.000000	1.07053e-05	22000.000000	3.43045e-11	
23000.000000	1.71847e-05	23000.000000	1.10512e-05	23000.000000	4.61617e-06	23000.000000	4.60317e-06	23000.000000	4.60761e-06	23000.000000	1.10512e-05	23000.000000	3.28934e-11	
24000.000000	1.81201e-05	24000.000000	1.13965e-05	24000.000000	4.63433e-06	24000.000000	4.62142e-06	24000.000000	4.62567e-06	24000.000000	1.13965e-05	24000.000000	3.15967e-11	
25000.000000	1.90798e-05	25000.000000	1.17412e-05	25000.000000	4.65171e-06	25000.000000	4.63893e-06	25000.000000	4.64299e-06	25000.000000	1.17412e-05	25000.000000	3.04008e-11	
26000.000000	2.00637e-05	26000.000000	1.20854e-05	26000.000000	4.66836e-06	26000.000000	4.65578e-06	26000.000000	4.65964e-06	26000.000000	1.20853e-05	26000.000000	2.92943e-11	
27000.000000	2.1072e-05	27000.000000	1.2429e-05	27000.000000	4.68433e-06	27000.000000	4.67201e-06	27000.000000	4.67565e-06	27000.000000	1.2429e-05	27000.000000	2.82675e-11	
28000.000000	2.21047e-05	28000.000000	1.27721e-05	28000.000000	4.69972e-06	28000.000000	4.68765e-06	28000.000000	4.69108e-06	28000.000000	1.2772e-05	28000.000000	2.7312e-11	
29000.000000	2.3162e-05	29000.000000	1.31146e-05	29000.000000	4.71456e-06	29000.000000	4.70276e-06	29000.000000	4.70596e-06	29000.000000	1.31146e-05	29000.000000	2.64205e-11	
30000.000000	2.4244e-05	30000.000000	1.34567e-05	30000.000000	4.72892e-06	30000.000000	4.71736e-06	30000.000000	4.72033e-06	30000.000000	1.34567e-05	30000.000000	2.55869e-11	
32000.000000	2.64823e-05	32000.000000	1.41393e-05	32000.000000	4.75627e-06	32000.000000	4.74516e-06	32000.000000	4.74765e-06	32000.000000	1.41393e-05	32000.000000	2.40716e-11	
34000.000000	2.88207e-05	34000.000000	1.482e-05 	34000.000000	4.78194e-06	34000.000000	4.77129e-06	34000.000000	4.77326e-06	34000.000000	1.482e-05 	34000.000000	2.27299e-11	
36000.000000	3.12602e-05	36000.000000	1.54989e-05	36000.000000	4.80605e-06	36000.000000	4.79592e-06	36000.000000	4.79734e-06	36000.000000	1.54989e-05	36000.000000	2.15332e-11	
38000.000000	3.38017e-05	38000.000000	1.6176e-05	38000.000000	4.82873e-06	38000.000000	4.81923e-06	38000.000000	4.82008e-06	38000.000000	1.6176e-05	38000.000000	2.04591e-11	
40000.000000	3.64463e-05	40000.000000	1.68514e-05	40000.000000	4.85017e-06	40000.000000	4.84133e-06	40000.000000	4.84158e-06	40000.000000	1.68514e-05	40000.000000	1.94895e-11	
42000.000000	3.91951e-05	42000.000000	1.75253e-05	42000.000000	4.87055e-06	42000.000000	4.86235e-06	42000.000000	4.86196e-06	42000.000000	1.75253e-05	42000.000000	1.86097e-11	
44000.000000	4.2049e-05	44000.000000	1.81976e-05	44000.000000	4.89e-06  	44000.000000	4.88238e-06	44000.000000	4.88135e-06	44000.000000	1.81976e-05	44000.000000	1.78078e-11	
46000.000000	4.50094e-05	46000.000000	1.88684e-05	46000.000000	4.90861e-06	46000.000000	4.90152e-06	46000.000000	4.89979e-06	46000.000000	1.88684e-05	46000.000000	1.70738e-11	
48000.000000	4.80771e-05	48000.000000	1.95378e-05	48000.000000	4.92643e-06	48000.000000	4.91984e-06	48000.000000	4.9174e-06	48000.000000	1.95378e-05	48000.000000	1.63993e-11	
50000.000000	5.12534e-05	50000.000000	2.02059e-05	50000.000000	4.94345e-06	50000.000000	4.9374e-06	50000.000000	4.93421e-06	50000.000000	2.02059e-05	50000.000000	1.57773e-11	