0 180 5.00851 0 458.109
0.1 179.687 5.00861 0.00769319 458.109
0.2 179.374 5.00891 0.0153864 458.109
0.3 179.061 5.00941 0.0230795 458.108
0.4 178.749 5.01011 0.0307726 458.107
0.5 178.436 5.01101 0.0384656 458.107
0.6 178.123 5.01212 0.0461585 458.105
0.7 177.81 5.01342 0.0538513 458.104
0.8 177.498 5.01492 0.061544 458.103
0.9 177.185 5.01663 0.0692366 458.101
1 176.873 5.01853 0.0769289 458.099
1.1 176.561 5.02064 0.0846211 458.097
1.2 176.249 5.02294 0.0923131 458.095
1.3 175.936 5.02545 0.100005 458.092
1.4 175.625 5.02815 0.107696 458.089
1.5 175.313 5.03106 0.115388 458.087
1.6 175.001 5.03417 0.123079 458.083
1.7 174.69 5.03747 0.130769 458.08
1.8 174.378 5.04098 0.13846 458.077
1.9 174.067 5.04469 0.14615 458.073
2 173.756 5.0486 0.15384 458.069
2.1 173.446 5.05271 0.161529 458.065
2.2 173.135 5.05702 0.169218 458.061
2.3 172.825 5.06153 0.176907 458.056
2.4 172.515 5.06624 0.184595 458.051
2.5 172.205 5.07115 0.192283 458.046
2.6 171.896 5.07626 0.19997 458.041
2.7 171.586 5.08157 0.207657 458.036
2.8 171.277 5.08708 0.215343 458.03
2.9 170.969 5.09279 0.223029 458.025
3 170.66 5.0987 0.230714 458.019
3.1 170.352 5.10481 0.238399 458.013
3.2 170.045 5.11113 0.246083 458.006
3.3 169.737 5.11764 0.253767 458
3.4 169.43 5.12435 0.261449 457.993
3.5 169.123 5.13126 0.269132 457.986
3.6 168.817 5.13837 0.276814 457.979
3.7 168.511 5.14569 0.284495 457.972
3.8 168.205 5.1532 0.292175 457.964
3.9 167.9 5.16091 0.299855 457.957
4 167.595 5.16882 0.307534 457.949
4.1 167.29 5.17694 0.315212 457.941
4.2 166.986 5.18525 0.32289 457.932
4.3 166.682 5.19376 0.330566 457.924
4.4 166.379 5.20247 0.338242 457.915
4.5 166.076 5.21139 0.345918 457.906
4.6 165.773 5.2205 0.353592 457.897
4.7 165.471 5.22981 0.361265 457.888
4.8 165.17 5.23932 0.368938 457.878
4.9 164.869 5.24903 0.37661 457.869
5 164.568 5.25895 0.384281 457.859
5.1 164.268 5.26906 0.391951 457.849
5.2 163.968 5.27937 0.39962 457.838
5.3 163.669 5.28988 0.407288 457.828
5.4 163.37 5.30059 0.414955 457.817
5.5 163.072 5.3115 0.422622 457.806
5.6 162.774 5.32261 0.430287 457.795
5.7 162.477 5.33392 0.437951 457.784
5.8 162.18 5.34542 0.445614 457.772
5.9 161.884 5.35713 0.453276 457.76
6 161.589 5.36904 0.460937 457.749
6.1 161.293 5.38114 0.468597 457.736
6.2 160.999 5.39345 0.476256 457.724
6.3 160.705 5.40596 0.483914 457.712
6.4 160.412 5.41866 0.49157 457.699
6.5 160.119 5.43156 0.499225 457.686
6.6 159.827 5.44467 0.50688 457.673
6.7 159.535 5.45797 0.514533 457.66
6.8 159.244 5.47147 0.522184 457.646
6.9 158.953 5.48517 0.529835 457.632
7 158.664 5.49907 0.537484 457.619
7.1 158.374 5.51317 0.545132 457.604
7.2 158.086 5.52746 0.552779 457.59
7.3 157.798 5.54196 0.560424 457.576
7.4 157.51 5.55665 0.568069 457.561
7.5 157.223 5.57155 0.575711 457.546
7.6 156.937 5.58664 0.583353 457.531
7.7 156.652 5.60193 0.590993 457.516
7.79999 156.367 5.61742 0.598631 457.5
7.89999 156.083 5.63311 0.606268 457.484
7.99999 155.799 5.649 0.613904 457.469
8.09999 155.516 5.66508 0.621539 457.452
8.2 155.234 5.68136 0.629171 457.436
8.3 154.952 5.69785 0.636803 457.42
8.4 154.671 5.71453 0.644433 457.403
8.5 154.391 5.73141 0.652061 457.386
8.6 154.112 5.74848 0.659688 457.369
8.7 153.833 5.76576 0.667313 457.352
8.8 153.555 5.78323 0.674937 457.334
8.9 153.277 5.80091 0.682559 457.317
9 153 5.81878 0.690179 457.299
9.1 152.724 5.83684 0.697798 457.281
9.2 152.449 5.85511 0.705415 457.262
9.3 152.174 5.87357 0.713031 457.244
9.4 151.9 5.89223 0.720644 457.225
9.5 151.626 5.91109 0.728256 457.206
9.6 151.354 5.93015 0.735867 457.187
9.7 151.082 5.94941 0.743475 457.168
9.8 150.811 5.96886 0.751082 457.149
9.9 150.54 5.98851 0.758687 457.129
10 150.271 6.00836 0.766291 457.109
10.1 150.002 6.0284 0.773892 457.089
10.2 149.733 6.04864 0.781492 457.069
10.3 149.466 6.06908 0.789089 457.048
10.4 149.199 6.08972 0.796685 457.028
10.5 148.933 6.11055 0.804279 457.007
10.6 148.667 6.13159 0.811871 456.986
10.7 148.403 6.15281 0.819462 456.965
10.8 148.139 6.17424 0.82705 456.943
10.9 147.876 6.19586 0.834636 456.922
11 147.613 6.21768 0.84222 456.9
11.1 147.352 6.2397 0.849803 456.878
11.2 147.091 6.26191 0.857383 456.856
11.3 146.83 6.28432 0.864961 456.833
11.4 146.571 6.30692 0.872537 456.811
11.5 146.312 6.32973 0.880111 456.788
11.6 146.054 6.35272 0.887683 456.765
11.7 145.797 6.37592 0.895253 456.742
11.8 145.541 6.39931 0.902821 456.718
11.9 145.285 6.4229 0.910387 456.695
12 145.03 6.44668 0.91795 456.671
12.1 144.776 6.47066 0.925512 456.647
12.2 144.522 6.49484 0.933071 456.623
12.3 144.27 6.51921 0.940628 456.598
12.4 144.018 6.54378 0.948182 456.574
12.5 143.767 6.56854 0.955735 456.549
12.6 143.516 6.5935 0.963285 456.524
12.7 143.266 6.61866 0.970833 456.499
12.8 143.018 6.64401 0.978378 456.474
12.9 142.769 6.66955 0.985921 456.448
13 142.522 6.6953 0.993462 456.422
13.1 142.275 6.72123 1.001 456.396
13.2 142.029 6.74736 1.00854 456.37
13.3 141.784 6.77369 1.01607 456.344
13.4 141.54 6.80021 1.0236 456.317
13.5 141.296 6.82693 1.03113 456.291
13.6 141.053 6.85384 1.03866 456.264
13.7 140.811 6.88095 1.04618 456.237
13.8 140.57 6.90825 1.0537 456.209
13.9 140.329 6.93575 1.06122 456.182
14 140.089 6.96344 1.06874 456.154
14.1 139.85 6.99133 1.07625 456.126
14.2 139.612 7.01941 1.08376 456.098
14.3 139.374 7.04768 1.09127 456.07
14.4 139.137 7.07615 1.09878 456.041
14.5 138.901 7.10481 1.10628 456.013
14.6 138.666 7.13367 1.11378 455.984
14.7 138.431 7.16272 1.12128 455.955
14.8 138.197 7.19197 1.12878 455.926
14.9 137.964 7.22141 1.13627 455.896
15 137.732 7.25104 1.14376 455.867
15.1 137.5 7.28087 1.15125 455.837
15.2 137.269 7.31089 1.15873 455.807
15.3 137.039 7.3411 1.16621 455.776
15.4 136.809 7.37151 1.17369 455.746
15.5 136.581 7.40211 1.18117 455.715
15.6 136.353 7.4329 1.18864 455.685
15.7 136.125 7.46389 1.19611 455.654
15.8 135.899 7.49506 1.20358 455.623
15.9 135.673 7.52644 1.21105 455.591
16 135.448 7.558 1.21851 455.56
16.1 135.224 7.58976 1.22597 455.528
16.2 135 7.62171 1.23343 455.496
16.3 134.777 7.65385 1.24088 455.464
16.4 134.555 7.68619 1.24833 455.431
16.5 134.334 7.71872 1.25578 455.399
16.6 134.113 7.75144 1.26322 455.366
16.7 133.893 7.78435 1.27066 455.333
16.8 133.673 7.81745 1.2781 455.3
16.9 133.455 7.85075 1.28554 455.267
17 133.237 7.88423 1.29297 455.233
17.1 133.02 7.91791 1.3004 455.2
17.2 132.803 7.95179 1.30782 455.166
17.3 132.587 7.98585 1.31525 455.132
17.4 132.372 8.0201 1.32267 455.097
17.5 132.158 8.05455 1.33008 455.063
17.6 131.944 8.08918 1.3375 455.028
17.7 131.731 8.12401 1.34491 454.994
17.8 131.519 8.15903 1.35232 454.959
17.9 131.307 8.19424 1.35972 454.923
18 131.097 8.22964 1.36712 454.888
18.1 130.886 8.26523 1.37452 454.852
18.2 130.677 8.30101 1.38191 454.817
18.3 130.468 8.33698 1.3893 454.781
18.4 130.26 8.37315 1.39669 454.744
18.5 130.052 8.4095 1.40407 454.708
18.6 129.845 8.44604 1.41145 454.672
18.7 129.639 8.48277 1.41883 454.635
18.8 129.434 8.5197 1.42621 454.598
18.9 129.229 8.55681 1.43358 454.561
19 129.025 8.59411 1.44094 454.523
19.1 128.821 8.6316 1.44831 454.486
19.2 128.619 8.66928 1.45567 454.448
19.3 128.416 8.70715 1.46302 454.41
19.4 128.215 8.74521 1.47038 454.372
19.5 128.014 8.78346 1.47773 454.334
19.6 127.814 8.8219 1.48507 454.296
19.7 127.614 8.86052 1.49242 454.257
19.8 127.415 8.89934 1.49976 454.218
19.9 127.217 8.93834 1.50709 454.179
20 127.019 8.97754 1.51442 454.14
20.1 126.822 9.01692 1.52175 454.101
20.2 126.626 9.05649 1.52908 454.061
20.3 126.43 9.09624 1.5364 454.021
20.4 126.235 9.13619 1.54371 453.981
20.5 126.041 9.17632 1.55103 453.941
20.6 125.847 9.21664 1.55834 453.901
20.7 125.654 9.25715 1.56564 453.86
20.8 125.461 9.29785 1.57295 453.82
20.9 125.269 9.33873 1.58025 453.779
21 125.078 9.3798 1.58754 453.738
21.1 124.887 9.42106 1.59483 453.697
21.2 124.697 9.4625 1.60212 453.655
21.3 124.507 9.50414 1.6094 453.613
21.4 124.319 9.54595 1.61668 453.572
21.5 124.13 9.58796 1.62396 453.53
21.6 123.943 9.63015 1.63123 453.487
21.7 123.755 9.67253 1.6385 453.445
21.8 123.569 9.71509 1.64576 453.402
21.9 123.383 9.75784 1.65302 453.36
22 123.198 9.80078 1.66028 453.317
22.1 123.013 9.8439 1.66753 453.274
22.2 122.829 9.88721 1.67478 453.23
22.3 122.645 9.93071 1.68202 453.187
22.4 122.462 9.97439 1.68926 453.143
22.5 122.28 10.0182 1.6965 453.099
22.6 122.098 10.0623 1.70373 453.055
22.7001 121.917 10.1065 1.71096 453.011
22.8001 121.736 10.151 1.71818 452.967
22.9001 121.556 10.1956 1.7254 452.922
23.0001 121.376 10.2403 1.73262 452.877
23.1001 121.197 10.2853 1.73983 452.832
23.2001 121.019 10.3305 1.74703 452.787
23.3001 120.841 10.3758 1.75424 452.742
23.4001 120.663 10.4214 1.76143 452.696
23.5001 120.487 10.4671 1.76863 452.651
23.6001 120.31 10.513 1.77582 452.605
23.7001 120.135 10.559 1.783 452.559
23.8001 119.959 10.6053 1.79019 452.512
23.9001 119.785 10.6517 1.79736 452.466
24.0001 119.611 10.6984 1.80454 452.419
24.1001 119.437 10.7452 1.81171 452.372
24.2001 119.264 10.7922 1.81887 452.325
24.3001 119.092 10.8394 1.82603 452.278
24.4001 118.92 10.8867 1.83318 452.231
24.5001 118.748 10.9343 1.84034 452.183
24.6001 118.577 10.982 1.84748 452.136
24.7001 118.407 11.0299 1.85462 452.088
24.8001 118.237 11.078 1.86176 452.04
24.9001 118.068 11.1263 1.86889 451.991
25.0001 117.899 11.1747 1.87602 451.943
25.1001 117.73 11.2233 1.88315 451.894
25.2001 117.563 11.2722 1.89027 451.845
25.3001 117.395 11.3212 1.89738 451.796
25.4001 117.228 11.3703 1.90449 451.747
25.5001 117.062 11.4197 1.9116 451.698
25.6001 116.896 11.4692 1.9187 451.648
25.7001 116.731 11.519 1.9258 451.599
25.8001 116.566 11.5689 1.93289 451.549
25.9001 116.402 11.6189 1.93998 451.499
26.0001 116.238 11.6692 1.94706 451.448
26.1001 116.074 11.7197 1.95414 451.398
26.2001 115.912 11.7703 1.96121 451.347
26.3001 115.749 11.8211 1.96828 451.296
26.4001 115.587 11.8721 1.97534 451.246
26.5001 115.426 11.9232 1.9824 451.194
26.6001 115.265 11.9746 1.98945 451.143
26.7001 115.104 12.0261 1.9965 451.091
26.8001 114.944 12.0778 2.00355 451.04
26.9001 114.785 12.1297 2.01059 450.988
27.0001 114.625 12.1817 2.01762 450.936
27.1001 114.467 12.234 2.02465 450.884
27.2001 114.309 12.2864 2.03168 450.831
27.3001 114.151 12.339 2.0387 450.779
27.4001 113.994 12.3918 2.04571 450.726
27.5001 113.837 12.4447 2.05272 450.673
27.6001 113.68 12.4978 2.05973 450.62
27.7001 113.524 12.5511 2.06673 450.566
27.8001 113.369 12.6046 2.07372 450.513
27.9001 113.214 12.6583 2.08071 450.459
28.0001 113.059 12.7121 2.0877 450.405
28.1001 112.905 12.7661 2.09468 450.351
28.2001 112.751 12.8203 2.10165 450.297
28.3001 112.598 12.8747 2.10862 450.243
28.4001 112.445 12.9292 2.11559 450.188
28.5001 112.293 12.984 2.12255 450.134
28.6001 112.141 13.0389 2.1295 450.079
28.7001 111.989 13.0939 2.13645 450.024
28.8001 111.838 13.1492 2.14339 449.968
28.9001 111.687 13.2046 2.15033 449.913
29.0001 111.537 13.2602 2.15727 449.857
29.1001 111.387 13.316 2.1642 449.802
29.2001 111.237 13.3719 2.17112 449.746
29.3001 111.088 13.4281 2.17804 449.69
29.4001 110.939 13.4844 2.18495 449.633
29.5001 110.791 13.5408 2.19186 449.577
29.6001 110.643 13.5975 2.19876 449.52
29.7001 110.496 13.6543 2.20566 449.463
29.8001 110.349 13.7113 2.21255 449.406
29.9001 110.202 13.7685 2.21943 449.349
30.0001 110.056 13.8258 2.22631 449.292
30.1001 109.91 13.8833 2.23319 449.234
30.2001 109.764 13.941 2.24006 449.177
30.3001 109.619 13.9989 2.24692 449.119
30.4001 109.475 14.0569 2.25378 449.061
30.5001 109.33 14.1152 2.26063 449.002
30.6001 109.186 14.1735 2.26748 448.944
30.7001 109.043 14.2321 2.27432 448.885
30.8001 108.9 14.2908 2.28116 448.827
30.9001 108.757 14.3497 2.28799 448.768
31.0001 108.614 14.4088 2.29482 448.709
31.1001 108.472 14.4681 2.30164 448.65
31.2001 108.331 14.5275 2.30845 448.59
31.3001 108.189 14.5871 2.31526 448.531
31.4001 108.048 14.6468 2.32206 448.471
31.5001 107.908 14.7068 2.32886 448.411
31.6001 107.768 14.7669 2.33565 448.351
31.7001 107.628 14.8271 2.34244 448.29
31.8001 107.488 14.8876 2.34922 448.23
31.9001 107.349 14.9482 2.35599 448.169
32.0001 107.21 15.009 2.36276 448.109
32.1001 107.072 15.0699 2.36952 448.048
32.2001 106.934 15.1311 2.37628 447.987
32.3001 106.796 15.1923 2.38303 447.925
32.4001 106.659 15.2538 2.38978 447.864
32.5001 106.522 15.3154 2.39652 447.802
32.6001 106.385 15.3772 2.40325 447.74
32.7001 106.249 15.4392 2.40998 447.678
32.8001 106.113 15.5014 2.4167 447.616
32.9001 105.977 15.5637 2.42342 447.554
33.0001 105.842 15.6261 2.43013 447.491
33.1001 105.707 15.6888 2.43683 447.429
33.2001 105.572 15.7516 2.44353 447.366
33.3001 105.438 15.8146 2.45022 447.303
33.4001 105.304 15.8777 2.45691 447.24
33.5001 105.17 15.941 2.46359 447.177
33.6001 105.037 16.0045 2.47026 447.113
33.7001 104.904 16.0682 2.47693 447.049
33.8001 104.771 16.132 2.48359 446.986
33.9001 104.639 16.196 2.49025 446.922
34.0001 104.507 16.2601 2.4969 446.857
34.1001 104.375 16.3244 2.50354 446.793
34.2001 104.244 16.3889 2.51018 446.729
34.3 104.113 16.4535 2.51681 446.664
34.4 103.982 16.5184 2.52344 446.599
34.5 103.852 16.5833 2.53006 446.534
34.6 103.722 16.6485 2.53667 446.469
34.7 103.592 16.7138 2.54327 446.404
34.8 103.462 16.7793 2.54987 446.338
34.9 103.333 16.8449 2.55647 446.273
35 103.204 16.9107 2.56306 446.207
35.1 103.076 16.9767 2.56964 446.141
35.2 102.947 17.0428 2.57621 446.075
35.3 102.819 17.1091 2.58278 446.008
35.4 102.692 17.1755 2.58934 445.942
35.5 102.564 17.2422 2.5959 445.875
35.6 102.437 17.3089 2.60245 445.809
35.7 102.31 17.3759 2.60899 445.742
35.8 102.184 17.443 2.61553 445.675
35.9 102.058 17.5103 2.62206 445.607
36 101.932 17.5777 2.62859 445.54
36.1 101.806 17.6453 2.6351 445.472
36.2 101.681 17.7131 2.64161 445.405
36.3 101.556 17.781 2.64812 445.337
36.4 101.431 17.8491 2.65462 445.269
36.5 101.306 17.9173 2.66111 445.2
36.6 101.182 17.9857 2.66759 445.132
36.7 101.058 18.0543 2.67407 445.063
36.8 100.935 18.123 2.68054 444.995
36.9 100.811 18.1919 2.68701 444.926
37 100.688 18.2609 2.69347 444.857
37.1 100.565 18.3301 2.69992 444.787
37.2 100.443 18.3995 2.70636 444.718
37.3 100.32 18.469 2.7128 444.649
37.4 100.198 18.5387 2.71923 444.579
37.5 100.077 18.6086 2.72566 444.509
37.6 99.955 18.6786 2.73208 444.439
37.7 99.8338 18.7487 2.73849 444.369
37.8 99.7128 18.819 2.74489 444.299
37.9 99.5921 18.8895 2.75129 444.228
38 99.4716 18.9602 2.75768 444.157
38.1 99.3514 19.031 2.76407 444.087
38.2 99.2315 19.1019 2.77044 444.016
38.3 99.1118 19.173 2.77681 443.945
38.4 98.9924 19.2443 2.78318 443.873
38.5 98.8732 19.3157 2.78953 443.802
38.6 98.7543 19.3873 2.79588 443.73
38.7 98.6357 19.459 2.80223 443.659
38.8 98.5172 19.5309 2.80856 443.587
38.9 98.3991 19.603 2.81489 443.515
39 98.2812 19.6752 2.82121 443.442
39.1 98.1635 19.7476 2.82753 443.37
39.2 98.0461 19.8201 2.83384 443.297
39.3 97.9289 19.8928 2.84014 443.225
39.4 97.8119 19.9656 2.84643 443.152
39.5 97.6952 20.0386 2.85272 443.079
39.6 97.5788 20.1117 2.859 443.006
39.7 97.4625 20.185 2.86527 442.933
39.8 97.3466 20.2585 2.87154 442.859
39.9 97.2308 20.3321 2.87779 442.786
40 97.1153 20.4058 2.88405 442.712
40.1 97 20.4797 2.89029 442.638
40.2 96.885 20.5538 2.89653 442.564
40.3 96.7702 20.628 2.90276 442.49
40.4 96.6556 20.7024 2.90898 442.415
40.5 96.5412 20.7769 2.91519 442.341
40.6 96.4271 20.8516 2.9214 442.266
40.7 96.3132 20.9264 2.9276 442.191
40.7999 96.1995 21.0014 2.9338 442.116
40.8999 96.0861 21.0765 2.93998 442.041
40.9999 95.9728 21.1518 2.94616 441.966
41.0999 95.8598 21.2272 2.95233 441.89
41.1999 95.7471 21.3028 2.9585 441.815
41.2999 95.6345 21.3785 2.96465 441.739
41.3999 95.5221 21.4544 2.9708 441.663
41.4999 95.41 21.5305 2.97694 441.587
41.5999 95.2981 21.6066 2.98308 441.511
41.6999 95.1864 21.683 2.9892 441.435
41.7999 95.0749 21.7595 2.99532 441.358
41.8999 94.9637 21.8361 3.00144 441.281
41.9999 94.8526 21.9129 3.00754 441.205
42.0999 94.7418 21.9898 3.01364 441.128
42.1999 94.6311 22.0669 3.01973 441.051
42.2999 94.5207 22.1441 3.02581 440.973
42.3999 94.4105 22.2215 3.03188 440.896
42.4999 94.3005 22.299 3.03795 440.819
42.5999 94.1907 22.3767 3.04401 440.741
42.6999 94.0811 22.4545 3.05006 440.663
42.7999 93.9717 22.5325 3.0561 440.585
42.8999 93.8625 22.6106 3.06214 440.507
42.9999 93.7535 22.6889 3.06817 440.429
43.0999 93.6448 22.7673 3.07419 440.35
43.1999 93.5362 22.8458 3.0802 440.272
43.2999 93.4278 22.9245 3.08621 440.193
43.3999 93.3196 23.0034 3.0922 440.114
43.4999 93.2116 23.0824 3.09819 440.035
43.5999 93.1038 23.1615 3.10418 439.956
43.6999 92.9962 23.2408 3.11015 439.877
43.7999 92.8888 23.3202 3.11612 439.797
43.8999 92.7816 23.3998 3.12208 439.718
43.9999 92.6746 23.4795 3.12803 439.638
44.0999 92.5678 23.5594 3.13397 439.558
44.1999 92.4611 23.6394 3.1399 439.478
44.2999 92.3547 23.7196 3.14583 439.398
44.3999 92.2484 23.7998 3.15175 439.318
44.4999 92.1424 23.8803 3.15766 439.237
44.5999 92.0365 23.9609 3.16356 439.157
44.6999 91.9308 24.0416 3.16946 439.076
44.7999 91.8253 24.1225 3.17535 438.995
44.8999 91.7199 24.2035 3.18123 438.914
44.9999 91.6148 24.2846 3.1871 438.833
45.0999 91.5098 24.3659 3.19296 438.752
45.1999 91.4051 24.4473 3.19882 438.67
45.2999 91.3005 24.5289 3.20466 438.589
45.3999 91.196 24.6106 3.2105 438.507
45.4999 91.0918 24.6925 3.21633 438.425
45.5999 90.9877 24.7745 3.22216 438.343
45.6999 90.8838 24.8566 3.22797 438.261
45.7999 90.7801 24.9389 3.23378 438.179
45.8999 90.6766 25.0213 3.23958 438.096
45.9999 90.5732 25.1039 3.24537 438.014
46.0999 90.47 25.1866 3.25115 437.931
46.1999 90.367 25.2694 3.25692 437.848
46.2999 90.2642 25.3524 3.26269 437.765
46.3999 90.1615 25.4355 3.26844 437.682
46.4999 90.059 25.5187 3.27419 437.599
46.5999 89.9567 25.6021 3.27993 437.515
46.6999 89.8545 25.6856 3.28567 437.432
46.7999 89.7525 25.7693 3.29139 437.348
46.8999 89.6507 25.8531 3.29711 437.264
46.9999 89.549 25.937 3.30281 437.181
47.0999 89.4475 26.0211 3.30851 437.096
47.1999 89.3462 26.1053 3.3142 437.012
47.2999 89.2451 26.1897 3.31988 436.928
47.3998 89.144 26.2742 3.32556 436.843
47.4998 89.0432 26.3588 3.33122 436.759
47.5998 88.9425 26.4435 3.33688 436.674
47.6998 88.842 26.5284 3.34253 436.589
47.7998 88.7417 26.6134 3.34817 436.504
47.8998 88.6415 26.6986 3.3538 436.419
47.9998 88.5414 26.7839 3.35942 436.334
48.0998 88.4415 26.8693 3.36504 436.248
48.1998 88.3418 26.9549 3.37064 436.163
48.2998 88.2422 27.0406 3.37624 436.077
48.3998 88.1428 27.1264 3.38183 435.991
48.4998 88.0436 27.2124 3.38741 435.905
48.5998 87.9445 27.2985 3.39298 435.819
48.6998 87.8455 27.3847 3.39854 435.733
48.7998 87.7467 27.471 3.4041 435.647
48.8998 87.6481 27.5575 3.40964 435.56
48.9998 87.5496 27.6442 3.41518 435.473
49.0998 87.4512 27.7309 3.42071 435.387
49.1998 87.3531 27.8178 3.42623 435.3
49.2998 87.255 27.9048 3.43174 435.213
49.3998 87.1571 27.992 3.43724 435.126
49.4998 87.0594 28.0792 3.44273 435.038
49.5998 86.9618 28.1666 3.44821 434.951
49.6998 86.8643 28.2542 3.45369 434.863
49.7998 86.767 28.3419 3.45916 434.776
49.8998 86.6698 28.4297 3.46461 434.688
49.9998 86.5728 28.5176 3.47006 434.6
50.0998 86.476 28.6056 3.4755 434.512
50.1998 86.3792 28.6938 3.48093 434.424
50.2998 86.2826 28.7821 3.48636 434.335
50.3998 86.1862 28.8706 3.49177 434.247
50.4998 86.0899 28.9591 3.49717 434.158
50.5998 85.9937 29.0478 3.50257 434.07
50.6998 85.8977 29.1367 3.50795 433.981
50.7998 85.8018 29.2256 3.51333 433.892
50.8998 85.7061 29.3147 3.5187 433.803
50.9998 85.6105 29.4039 3.52406 433.714
51.0998 85.515 29.4932 3.52941 433.624
51.1998 85.4197 29.5827 3.53475 433.535
51.2998 85.3245 29.6722 3.54008 433.445
51.3998 85.2294 29.7619 3.5454 433.356
51.4998 85.1345 29.8518 3.55072 433.266
51.5998 85.0397 29.9417 3.55602 433.176
51.6998 84.945 30.0318 3.56132 433.086
51.7998 84.8505 30.122 3.56661 432.996
51.8998 84.7561 30.2123 3.57188 432.905
51.9998 84.6618 30.3028 3.57715 432.815
52.0998 84.5677 30.3934 3.58241 432.724
52.1998 84.4737 30.4841 3.58766 432.633
52.2998 84.3798 30.5749 3.5929 432.543
52.3998 84.2861 30.6658 3.59813 432.452
52.4998 84.1925 30.7569 3.60335 432.361
52.5998 84.099 30.8481 3.60856 432.269
52.6998 84.0057 30.9394 3.61377 432.178
52.7998 83.9124 31.0308 3.61896 432.087
52.8998 83.8193 31.1224 3.62415 431.995
52.9998 83.7264 31.2141 3.62932 431.904
53.0998 83.6335 31.3059 3.63449 431.812
53.1998 83.5408 31.3978 3.63964 431.72
53.2998 83.4482 31.4898 3.64479 431.628
53.3998 83.3557 31.582 3.64993 431.536
53.4998 83.2634 31.6742 3.65506 431.443
53.5998 83.1711 31.7666 3.66018 431.351
53.6998 83.079 31.8591 3.66528 431.258
53.7998 82.987 31.9518 3.67038 431.166
53.8997 82.8952 32.0445 3.67547 431.073
53.9997 82.8034 32.1374 3.68055 430.98
54.0997 82.7118 32.2304 3.68563 430.887
54.1997 82.6203 32.3235 3.69069 430.794
54.2997 82.5289 32.4167 3.69574 430.701
54.3997 82.4377 32.51 3.70078 430.608
54.4997 82.3465 32.6035 3.70581 430.514
54.5997 82.2555 32.6971 3.71084 430.421
54.6997 82.1646 32.7907 3.71585 430.327
54.7997 82.0738 32.8845 3.72086 430.233
54.8997 81.9831 32.9785 3.72585 430.139
54.9997 81.8925 33.0725 3.73083 430.045
55.0997 81.8021 33.1666 3.73581 429.951
55.1997 81.7118 33.2609 3.74077 429.857
55.2997 81.6215 33.3553 3.74573 429.762
55.3997 81.5314 33.4498 3.75068 429.668
55.4997 81.4414 33.5444 3.75561 429.573
55.5997 81.3515 33.6391 3.76054 429.478
55.6997 81.2618 33.7339 3.76545 429.384
55.7997 81.1721 33.8289 3.77036 429.289
55.8997 81.0826 33.9239 3.77526 429.194
55.9997 80.9931 34.0191 3.78014 429.098
56.0997 80.9038 34.1144 3.78502 429.003
56.1997 80.8146 34.2098 3.78989 428.908
56.2997 80.7255 34.3053 3.79475 428.812
56.3997 80.6365 34.4009 3.79959 428.717
56.4997 80.5476 34.4966 3.80443 428.621
56.5997 80.4588 34.5925 3.80926 428.525
56.6997 80.3701 34.6884 3.81408 428.429
56.7997 80.2816 34.7845 3.81888 428.333
56.8997 80.1931 34.8806 3.82368 428.237
56.9997 80.1048 34.9769 3.82847 428.141
57.0997 80.0165 35.0733 3.83325 428.044
57.1997 79.9284 35.1698 3.83801 427.948
57.2997 79.8403 35.2664 3.84277 427.851
57.3997 79.7524 35.3631 3.84752 427.754
57.4997 79.6646 35.4599 3.85226 427.658
57.5997 79.5768 35.5569 3.85698 427.561
57.6997 79.4892 35.6539 3.8617 427.464
57.7997 79.4017 35.751 3.86641 427.367
57.8997 79.3143 35.8483 3.8711 427.269
57.9997 79.2269 35.9457 3.87579 427.172
58.0997 79.1397 36.0431 3.88047 427.074
58.1997 79.0526 36.1407 3.88513 426.977
58.2997 78.9656 36.2384 3.88979 426.879
58.3997 78.8787 36.3361 3.89443 426.781
58.4997 78.7919 36.434 3.89907 426.684
58.5997 78.7051 36.532 3.9037 426.586
58.6997 78.6185 36.6301 3.90831 426.487
58.7997 78.532 36.7283 3.91291 426.389
58.8997 78.4456 36.8266 3.91751 426.291
58.9997 78.3592 36.925 3.92209 426.193
59.0997 78.273 37.0235 3.92667 426.094
59.1997 78.1869 37.1221 3.93123 425.995
59.2997 78.1008 37.2208 3.93578 425.897
59.3997 78.0149 37.3197 3.94033 425.798
59.4997 77.9291 37.4186 3.94486 425.699
59.5997 77.8433 37.5176 3.94938 425.6
59.6997 77.7577 37.6167 3.95389 425.501
59.7997 77.6721 37.7159 3.95839 425.402
59.8997 77.5866 37.8153 3.96288 425.302
59.9997 77.5012 37.9147 3.96736 425.203
60.0997 77.416 38.0142 3.97183 425.103
60.1997 77.3308 38.1138 3.97629 425.004
60.2997 77.2457 38.2136 3.98074 424.904
60.3997 77.1607 38.3134 3.98518 424.804
60.4996 77.0758 38.4133 3.98961 424.704
60.5996 76.991 38.5133 3.99402 424.604
60.6996 76.9062 38.6135 3.99843 424.504
60.7996 76.8216 38.7137 4.00282 424.404
60.8996 76.737 38.814 4.00721 424.304
60.9996 76.6526 38.9144 4.01158 424.203
61.0996 76.5682 39.0149 4.01595 424.103
61.1996 76.4839 39.1155 4.0203 424.002
61.2996 76.3997 39.2162 4.02464 423.901
61.3996 76.3156 39.317 4.02898 423.801
61.4996 76.2316 39.4179 4.0333 423.7
61.5996 76.1477 39.5189 4.03761 423.599
61.6996 76.0638 39.62 4.04191 423.498
61.7996 75.9801 39.7212 4.0462 423.396
61.8996 75.8964 39.8225 4.05047 423.295
61.9996 75.8128 39.9238 4.05474 423.194
62.0996 75.7294 40.0253 4.059 423.092
62.1996 75.6459 40.1268 4.06324 422.991
62.2996 75.5626 40.2285 4.06748 422.889
62.3996 75.4794 40.3302 4.0717 422.787
62.4996 75.3962 40.4321 4.07591 422.685
62.5996 75.3132 40.534 4.08012 422.584
62.6996 75.2302 40.636 4.08431 422.482
62.7996 75.1473 40.7382 4.08849 422.379
62.8996 75.0644 40.8404 4.09266 422.277
62.9996 74.9817 40.9427 4.09682 422.175
63.0996 74.8991 41.0451 4.10096 422.073
63.1996 74.8165 41.1475 4.1051 421.97
63.2996 74.734 41.2501 4.10923 421.867
63.3996 74.6516 41.3528 4.11334 421.765
63.4996 74.5693 41.4555 4.11744 421.662
63.5996 74.487 41.5584 4.12154 421.559
63.6996 74.4048 41.6613 4.12562 421.456
63.7996 74.3228 41.7643 4.12969 421.353
63.8996 74.2408 41.8674 4.13375 421.25
63.9996 74.1588 41.9706 4.1378 421.147
64.0996 74.077 42.0739 4.14183 421.044
64.1996 73.9952 42.1773 4.14586 420.94
64.2996 73.9135 42.2807 4.14988 420.837
64.3996 73.8319 42.3843 4.15388 420.733
64.4996 73.7504 42.4879 4.15787 420.63
64.5996 73.6689 42.5916 4.16185 420.526
64.6996 73.5876 42.6954 4.16582 420.422
64.7996 73.5063 42.7993 4.16978 420.318
64.8996 73.425 42.9033 4.17373 420.214
64.9996 73.3439 43.0073 4.17767 420.11
65.0996 73.2628 43.1115 4.18159 420.006
65.1996 73.1818 43.2157 4.18551 419.902
65.2996 73.1009 43.32 4.18941 419.798
65.3996 73.0201 43.4244 4.1933 419.693
65.4996 72.9393 43.5289 4.19718 419.589
65.5996 72.8586 43.6334 4.20105 419.484
65.6996 72.778 43.7381 4.20491 419.379
65.7996 72.6975 43.8428 4.20875 419.275
65.8996 72.617 43.9476 4.21259 419.17
65.9996 72.5366 44.0525 4.21641 419.065
66.0996 72.4563 44.1575 4.22022 418.96
66.1996 72.376 44.2626 4.22403 418.855
66.2996 72.2958 44.3677 4.22781 418.75
66.3996 72.2157 44.4729 4.23159 418.645
66.4996 72.1357 44.5782 4.23536 418.539
66.5996 72.0558 44.6836 4.23911 418.434
66.6996 71.9759 44.789 4.24286 418.329
66.7996 71.8961 44.8946 4.24659 418.223
66.8996 71.8163 45.0002 4.25031 418.117
66.9995 71.7366 45.1059 4.25402 418.012
67.0995 71.657 45.2116 4.25771 417.906
67.1995 71.5775 45.3175 4.2614 417.8
67.2995 71.498 45.4234 4.26507 417.694
67.3995 71.4187 45.5294 4.26874 417.588
67.4995 71.3393 45.6355 4.27239 417.482
67.5995 71.2601 45.7417 4.27603 417.376
67.6995 71.1809 45.8479 4.27966 417.27
67.7995 71.1018 45.9542 4.28327 417.163
67.8995 71.0227 46.0606 4.28688 417.057
67.9995 70.9438 46.1671 4.29047 416.951
68.0995 70.8649 46.2736 4.29405 416.844
68.1995 70.786 46.3802 4.29762 416.737
68.2995 70.7072 46.4869 4.30118 416.631
68.3995 70.6285 46.5937 4.30472 416.524
68.4995 70.5499 46.7005 4.30826 416.417
68.5995 70.4713 46.8074 4.31178 416.31
68.6995 70.3928 46.9144 4.31529 416.203
68.7995 70.3144 47.0214 4.31879 416.096
68.8995 70.236 47.1286 4.32227 415.989
68.9995 70.1577 47.2358 4.32575 415.882
69.0995 70.0795 47.343 4.32921 415.775
69.1995 70.0013 47.4504 4.33266 415.667
69.2995 69.9232 47.5578 4.3361 415.56
69.3995 69.8451 47.6653 4.33953 415.452
69.4995 69.7672 47.7728 4.34295 415.345
69.5995 69.6892 47.8804 4.34635 415.237
69.6995 69.6114 47.9881 4.34974 415.129
69.7995 69.5336 48.0959 4.35312 415.022
69.8995 69.4559 48.2037 4.35649 414.914
69.9995 69.3782 48.3116 4.35985 414.806
70.0995 69.3006 48.4196 4.36319 414.698
70.1995 69.2231 48.5276 4.36653 414.59
70.2995 69.1456 48.6358 4.36985 414.482
70.3995 69.0682 48.7439 4.37315 414.374
70.4995 68.9909 48.8522 4.37645 414.265
70.5995 68.9136 48.9605 4.37973 414.157
70.6995 68.8364 49.0688 4.38301 414.049
70.7995 68.7592 49.1773 4.38627 413.94
70.8995 68.6821 49.2858 4.38951 413.832
70.9995 68.6051 49.3944 4.39275 413.723
71.0995 68.5281 49.503 4.39597 413.615
71.1995 68.4512 49.6117 4.39919 413.506
71.2995 68.3743 49.7205 4.40239 413.397
71.3995 68.2975 49.8293 4.40557 413.288
71.4995 68.2208 49.9382 4.40875 413.179
71.5995 68.1441 50.0472 4.41191 413.07
71.6995 68.0675 50.1562 4.41506 412.961
71.7995 67.9909 50.2653 4.4182 412.852
71.8995 67.9144 50.3744 4.42133 412.743
71.9995 67.838 50.4836 4.42444 412.634
72.0995 67.7616 50.5929 4.42754 412.525
72.1995 67.6853 50.7022 4.43063 412.415
72.2995 67.6091 50.8116 4.43371 412.306
72.3995 67.5329 50.9211 4.43677 412.196
72.4995 67.4567 51.0306 4.43983 412.087
72.5995 67.3806 51.1402 4.44287 411.977
72.6995 67.3046 51.2498 4.4459 411.868
72.7995 67.2286 51.3595 4.44891 411.758
72.8995 67.1527 51.4693 4.45192 411.648
72.9995 67.0769 51.5791 4.45491 411.538
73.0995 67.0011 51.689 4.45789 411.429
73.1995 66.9253 51.7989 4.46085 411.319
73.2995 66.8496 51.9089 4.46381 411.209
73.3995 66.774 52.0189 4.46675 411.099
73.4995 66.6984 52.129 4.46968 410.989
73.5994 66.6229 52.2392 4.47259 410.878
73.6994 66.5474 52.3494 4.4755 410.768
73.7994 66.472 52.4597 4.47839 410.658
73.8994 66.3967 52.57 4.48127 410.548
73.9994 66.3214 52.6804 4.48414 410.437
74.0994 66.2462 52.7909 4.48699 410.327
74.1994 66.171 52.9013 4.48983 410.216
74.2994 66.0958 53.0119 4.49266 410.106
74.3994 66.0208 53.1225 4.49548 409.995
74.4994 65.9457 53.2332 4.49828 409.884
74.5994 65.8708 53.3439 4.50107 409.774
74.6994 65.7958 53.4546 4.50385 409.663
74.7994 65.721 53.5655 4.50662 409.552
74.8994 65.6462 53.6763 4.50937 409.441
74.9994 65.5714 53.7873 4.51211 409.33
75.0994 65.4967 53.8982 4.51484 409.219
75.1994 65.4221 54.0093 4.51756 409.108
75.2994 65.3475 54.1203 4.52026 408.997
75.3994 65.2729 54.2315 4.52295 408.886
75.4994 65.1984 54.3426 4.52563 408.775
75.5994 65.124 54.4539 4.52829 408.664
75.6994 65.0496 54.5652 4.53094 408.552
75.7994 64.9753 54.6765 4.53358 408.441
75.8994 64.901 54.7879 4.53621 408.33
75.9994 64.8268 54.8993 4.53882 408.218
76.0994 64.7526 55.0108 4.54143 408.107
76.1994 64.6784 55.1223 4.54401 407.995
76.2994 64.6044 55.2339 4.54659 407.884
76.3994 64.5303 55.3455 4.54915 407.772
76.4994 64.4564 55.4571 4.5517 407.66
76.5994 64.3824 55.5689 4.55424 407.549
76.6994 64.3085 55.6806 4.55677 407.437
76.7994 64.2347 55.7924 4.55928 407.325
76.8994 64.1609 55.9043 4.56178 407.213
76.9994 64.0872 56.0162 4.56426 407.101
77.0994 64.0135 56.1281 4.56673 406.989
77.1994 63.9399 56.2401 4.56919 406.877
77.2994 63.8663 56.3521 4.57164 406.765
77.3994 63.7928 56.4642 4.57408 406.653
77.4994 63.7193 56.5763 4.5765 406.541
77.5994 63.6459 56.6885 4.5789 406.429
77.6994 63.5725 56.8007 4.5813 406.317
77.7994 63.4992 56.9129 4.58368 406.205
77.8994 63.4259 57.0252 4.58605 406.092
77.9994 63.3526 57.1376 4.58841 405.98
78.0994 63.2794 57.2499 4.59075 405.868
78.1994 63.2063 57.3624 4.59308 405.755
78.2994 63.1332 57.4748 4.5954 405.643
78.3994 63.0602 57.5873 4.5977 405.53
78.4994 62.9872 57.6998 4.59999 405.418
78.5994 62.9142 57.8124 4.60227 405.305
78.6994 62.8413 57.925 4.60454 405.193
78.7994 62.7684 58.0377 4.60679 405.08
78.8994 62.6956 58.1504 4.60903 404.967
78.9994 62.6228 58.2631 4.61125 404.854
79.0994 62.5501 58.3759 4.61347 404.742
79.1994 62.4775 58.4887 4.61566 404.629
79.2994 62.4048 58.6016 4.61785 404.516
79.3994 62.3322 58.7144 4.62002 404.403
79.4994 62.2597 58.8274 4.62218 404.29
79.5994 62.1872 58.9403 4.62433 404.177
79.6994 62.1148 59.0533 4.62646 404.064
79.7994 62.0424 59.1663 4.62858 403.951
79.8994 61.97 59.2794 4.63069 403.838
79.9994 61.8977 59.3925 4.63278 403.725
80.0993 61.8254 59.5056 4.63487 403.612
80.1993 61.7532 59.6188 4.63693 403.499
80.2993 61.681 59.732 4.63899 403.386
80.3993 61.6089 59.8453 4.64103 403.272
80.4993 61.5368 59.9585 4.64305 403.159
80.5993 61.4648 60.0718 4.64507 403.046
80.6993 61.3928 60.1852 4.64707 402.932
80.7993 61.3208 60.2985 4.64906 402.819
80.8993 61.2489 60.4119 4.65103 402.706
80.9993 61.177 60.5254 4.65299 402.592
81.0993 61.1052 60.6388 4.65494 402.479
81.1993 61.0334 60.7523 4.65687 402.365
81.2993 60.9617 60.8659 4.65879 402.252
81.3993 60.89 60.9794 4.6607 402.138
81.4993 60.8183 61.093 4.66259 402.025
81.5993 60.7467 61.2066 4.66447 401.911
81.6993 60.6752 61.3203 4.66634 401.797
81.7993 60.6036 61.4339 4.66819 401.684
81.8993 60.5322 61.5476 4.67003 401.57
81.9993 60.4607 61.6614 4.67186 401.456
82.0993 60.3893 61.7751 4.67367 401.342
82.1993 60.318 61.8889 4.67547 401.229
82.2993 60.2467 62.0027 4.67726 401.115
82.3993 60.1754 62.1166 4.67903 401.001
82.4993 60.1042 62.2305 4.68079 400.887
82.5993 60.033 62.3443 4.68254 400.773
82.6993 59.9618 62.4583 4.68427 400.659
82.7993 59.8907 62.5722 4.68599 400.545
82.8993 59.8196 62.6862 4.68769 400.431
82.9993 59.7486 62.8002 4.68938 400.317
83.0993 59.6776 62.9142 4.69106 400.203
83.1993 59.6067 63.0282 4.69272 400.089
83.2993 59.5358 63.1423 4.69437 399.975
83.3993 59.4649 63.2564 4.69601 399.861
83.4993 59.3941 63.3705 4.69763 399.747
83.5993 59.3233 63.4846 4.69924 399.633
83.6993 59.2526 63.5988 4.70084 399.519
83.7993 59.1819 63.713 4.70242 399.405
83.8993 59.1112 63.8272 4.70399 399.29
83.9993 59.0406 63.9414 4.70554 399.176
84.0993 58.97 64.0557 4.70709 399.062
84.1993 58.8995 64.1699 4.70861 398.948
84.2993 58.829 64.2842 4.71013 398.833
84.3993 58.7585 64.3985 4.71163 398.719
84.4993 58.6881 64.5128 4.71311 398.605
84.5993 58.6177 64.6272 4.71459 398.49
84.6993 58.5473 64.7415 4.71604 398.376
84.7993 58.477 64.8559 4.71749 398.262
84.8993 58.4067 64.9703 4.71892 398.147
84.9993 58.3365 65.0847 4.72034 398.033
85.0993 58.2663 65.1992 4.72174 397.918
85.1993 58.1962 65.3136 4.72313 397.804
85.2993 58.126 65.4281 4.72451 397.689
85.3993 58.0559 65.5426 4.72587 397.575
85.4993 57.9859 65.6571 4.72722 397.46
85.5993 57.9159 65.7716 4.72855 397.346
85.6993 57.8459 65.8861 4.72987 397.231
85.7993 57.776 66.0007 4.73118 397.117
85.8993 57.7061 66.1152 4.73247 397.002
85.9993 57.6363 66.2298 4.73375 396.888
86.0993 57.5664 66.3444 4.73502 396.773
86.1993 57.4966 66.459 4.73627 396.659
86.2993 57.4269 66.5736 4.73751 396.544
86.3993 57.3572 66.6883 4.73873 396.429
86.4993 57.2875 66.8029 4.73994 396.315
86.5993 57.2179 66.9176 4.74113 396.2
86.6992 57.1483 67.0322 4.74231 396.085
86.7992 57.0787 67.1469 4.74348 395.971
86.8992 57.0092 67.2616 4.74464 395.856
86.9992 56.9397 67.3763 4.74578 395.741
87.0992 56.8703 67.491 4.7469 395.627
87.1992 56.8008 67.6057 4.74801 395.512
87.2992 56.7315 67.7205 4.74911 395.397
87.3992 56.6621 67.8352 4.75019 395.282
87.4992 56.5928 67.95 4.75126 395.168
87.5992 56.5235 68.0647 4.75232 395.053
87.6992 56.4543 68.1795 4.75336 394.938
87.7992 56.3851 68.2943 4.75439 394.823
87.8992 56.3159 68.409 4.7554 394.709
87.9992 56.2468 68.5238 4.7564 394.594
88.0992 56.1777 68.6386 4.75739 394.479
88.1992 56.1086 68.7534 4.75836 394.364
88.2992 56.0396 68.8682 4.75931 394.249
88.3992 55.9706 68.9831 4.76026 394.135
88.4992 55.9016 69.0979 4.76118 394.02
88.5992 55.8327 69.2127 4.7621 393.905
88.6992 55.7638 69.3275 4.763 393.79
88.7992 55.6949 69.4424 4.76389 393.675
88.8992 55.6261 69.5572 4.76476 393.56
88.9992 55.5573 69.6721 4.76562 393.446
89.0992 55.4886 69.7869 4.76646 393.331
89.1992 55.4198 69.9018 4.76729 393.216
89.2992 55.3512 70.0166 4.7681 393.101
89.3992 55.2825 70.1315 4.76891 392.986
89.4992 55.2139 70.2463 4.76969 392.871
89.5992 55.1453 70.3612 4.77047 392.756
89.6992 55.0767 70.4761 4.77122 392.642
89.7992 55.0082 70.5909 4.77197 392.527
89.8992 54.9397 70.7058 4.7727 392.412
89.9992 54.8713 70.8206 4.77341 392.297
90.0992 54.8028 70.9355 4.77412 392.182
90.1992 54.7345 71.0504 4.7748 392.067
90.2992 54.6661 71.1652 4.77548 391.952
90.3992 54.5978 71.2801 4.77613 391.837
90.4992 54.5295 71.395 4.77678 391.723
90.5992 54.4612 71.5098 4.77741 391.608
90.6992 54.393 71.6247 4.77802 391.493
90.7992 54.3248 71.7395 4.77863 391.378
90.8992 54.2566 71.8544 4.77921 391.263
90.9992 54.1885 71.9692 4.77979 391.148
91.0992 54.1204 72.0841 4.78034 391.034
91.1992 54.0523 72.1989 4.78089 390.919
91.2992 53.9843 72.3137 4.78142 390.804
91.3992 53.9163 72.4286 4.78193 390.689
91.4992 53.8483 72.5434 4.78243 390.574
91.5992 53.7804 72.6582 4.78292 390.459
91.6992 53.7125 72.773 4.78339 390.345
91.7992 53.6446 72.8878 4.78385 390.23
91.8992 53.5767 73.0027 4.78429 390.115
91.9992 53.5089 73.1174 4.78472 390
92.0992 53.4411 73.2322 4.78514 389.885
92.1992 53.3734 73.347 4.78554 389.771
92.2992 53.3057 73.4618 4.78592 389.656
92.3992 53.238 73.5766 4.78629 389.541
92.4992 53.1703 73.6913 4.78665 389.426
92.5992 53.1027 73.8061 4.78699 389.312
92.6992 53.0351 73.9208 4.78732 389.197
92.7992 52.9675 74.0355 4.78764 389.082
92.8992 52.9 74.1503 4.78793 388.967
92.9992 52.8325 74.265 4.78822 388.853
93.0992 52.765 74.3797 4.78849 388.738
93.1992 52.6975 74.4944 4.78874 388.623
93.2991 52.6301 74.609 4.78898 388.509
93.3991 52.5627 74.7237 4.78921 388.394
93.4991 52.4954 74.8384 4.78942 388.279
93.5991 52.428 74.953 4.78962 388.165
93.6991 52.3607 75.0676 4.7898 388.05
93.7991 52.2935 75.1823 4.78997 387.935
93.8991 52.2262 75.2969 4.79012 387.821
93.9991 52.159 75.4115 4.79026 387.706
94.0991 52.0918 75.526 4.79039 387.592
94.1991 52.0247 75.6406 4.7905 387.477
94.2991 51.9575 75.7551 4.79059 387.362
94.3991 51.8904 75.8697 4.79067 387.248
94.4991 51.8234 75.9842 4.79074 387.133
94.5991 51.7563 76.0987 4.79079 387.019
94.6991 51.6893 76.2132 4.79083 386.904
94.7991 51.6224 76.3277 4.79085 386.79
94.8991 51.5554 76.4421 4.79086 386.675
94.9991 51.4885 76.5565 4.79085 386.561
95.0991 51.4216 76.671 4.79083 386.447
95.1991 51.3547 76.7854 4.79079 386.332
95.2991 51.2879 76.8997 4.79074 386.218
95.3991 51.2211 77.0141 4.79068 386.103
95.4991 51.1543 77.1284 4.7906 385.989
95.5991 51.0875 77.2428 4.7905 385.875
95.6991 51.0208 77.3571 4.79039 385.76
95.7991 50.9541 77.4714 4.79027 385.646
95.8991 50.8874 77.5856 4.79013 385.532
95.9991 50.8208 77.6999 4.78998 385.418
96.0991 50.7542 77.8141 4.78981 385.303
96.1991 50.6876 77.9283 4.78962 385.189
96.2991 50.621 78.0425 4.78943 385.075
96.3991 50.5545 78.1566 4.78921 384.961
96.4991 50.488 78.2708 4.78899 384.847
96.5991 50.4215 78.3849 4.78874 384.733
96.6991 50.3551 78.499 4.78849 384.619
96.7991 50.2886 78.6131 4.78822 384.505
96.8991 50.2223 78.7271 4.78793 384.39
96.9991 50.1559 78.8411 4.78763 384.276
97.0991 50.0895 78.9551 4.78731 384.162
97.1991 50.0232 79.0691 4.78698 384.048
97.2991 49.9569 79.183 4.78664 383.935
97.3991 49.8907 79.297 4.78628 383.821
97.4991 49.8244 79.4108 4.7859 383.707
97.5991 49.7582 79.5247 4.78551 383.593
97.6991 49.692 79.6386 4.78511 383.479
97.7991 49.6259 79.7524 4.78469 383.365
97.8991 49.5598 79.8662 4.78426 383.251
97.9991 49.4937 79.9799 4.78381 383.138
98.0991 49.4276 80.0936 4.78334 383.024
98.1991 49.3615 80.2074 4.78286 382.91
98.2991 49.2955 80.321 4.78237 382.797
98.3991 49.2295 80.4347 4.78186 382.683
98.4991 49.1635 80.5483 4.78134 382.569
98.5991 49.0976 80.6619 4.7808 382.456
98.6991 49.0317 80.7754 4.78025 382.342
98.7991 48.9658 80.889 4.77968 382.229
98.8991 48.8999 81.0025 4.7791 382.115
98.9991 48.834 81.1159 4.7785 382.002
99.0991 48.7682 81.2294 4.77789 381.888
99.1991 48.7024 81.3428 4.77726 381.775
99.2991 48.6367 81.4561 4.77662 381.661
99.3991 48.5709 81.5695 4.77597 381.548
99.4991 48.5052 81.6828 4.77529 381.435
99.5991 48.4395 81.796 4.77461 381.322
99.6991 48.3738 81.9093 4.77391 381.208
99.799 48.3082 82.0225 4.77319 381.095
99.899 48.2426 82.1357 4.77246 380.982
99.999 48.177 82.2488 4.77171 380.869
100.099 48.1114 82.3619 4.77095 380.756
100.199 48.0459 82.475 4.77018 380.643
100.299 47.9803 82.588 4.76939 380.53
100.399 47.9148 82.701 4.76858 380.417
100.499 47.8494 82.814 4.76776 380.304
100.599 47.7839 82.9269 4.76692 380.191
100.699 47.7185 83.0398 4.76607 380.078
100.799 47.6531 83.1526 4.76521 379.965
100.899 47.5877 83.2654 4.76433 379.852
100.999 47.5224 83.3782 4.76343 379.739
101.099 47.4571 83.4909 4.76252 379.627
101.199 47.3918 83.6036 4.7616 379.514
101.299 47.3265 83.7163 4.76066 379.401
101.399 47.2612 83.8289 4.7597 379.289
101.499 47.196 83.9415 4.75873 379.176
101.599 47.1308 84.054 4.75775 379.064
101.699 47.0656 84.1665 4.75675 378.951
101.799 47.0004 84.279 4.75573 378.839
101.899 46.9353 84.3914 4.7547 378.726
101.999 46.8702 84.5038 4.75365 378.614
102.099 46.8051 84.6161 4.75259 378.501
102.199 46.74 84.7284 4.75152 378.389
102.299 46.675 84.8406 4.75043 378.277
102.399 46.61 84.9528 4.74932 378.165
102.499 46.545 85.065 4.7482 378.053
102.599 46.48 85.1771 4.74707 377.94
102.699 46.4151 85.2892 4.74592 377.828
102.799 46.3501 85.4012 4.74475 377.716
102.899 46.2852 85.5132 4.74357 377.604
102.999 46.2204 85.6252 4.74238 377.492
103.099 46.1555 85.7371 4.74117 377.381
103.199 46.0907 85.8489 4.73994 377.269
103.299 46.0258 85.9607 4.7387 377.157
103.399 45.9611 86.0725 4.73745 377.045
103.499 45.8963 86.1842 4.73618 376.933
103.599 45.8315 86.2959 4.73489 376.822
103.699 45.7668 86.4075 4.73359 376.71
103.799 45.7021 86.519 4.73228 376.599
103.899 45.6374 86.6306 4.73095 376.487
103.999 45.5728 86.742 4.7296 376.376
104.099 45.5082 86.8535 4.72824 376.264
104.199 45.4435 86.9649 4.72687 376.153
104.299 45.379 87.0762 4.72547 376.041
104.399 45.3144 87.1875 4.72407 375.93
104.499 45.2498 87.2987 4.72265 375.819
104.599 45.1853 87.4099 4.72121 375.708
104.699 45.1208 87.521 4.71976 375.597
104.799 45.0563 87.6321 4.7183 375.485
104.899 44.9919 87.7431 4.71681 375.374
104.999 44.9274 87.8541 4.71532 375.263
105.099 44.863 87.965 4.71381 375.153
105.199 44.7986 88.0759 4.71228 375.042
105.299 44.7343 88.1867 4.71074 374.931
105.399 44.6699 88.2975 4.70918 374.82
105.499 44.6056 88.4082 4.70761 374.709
105.599 44.5413 88.5188 4.70603 374.599
105.699 44.477 88.6295 4.70442 374.488
105.799 44.4127 88.74 4.70281 374.378
105.899 44.3485 88.8505 4.70118 374.267
105.999 44.2843 88.9609 4.69953 374.157
106.099 44.2201 89.0713 4.69787 374.046
106.199 44.1559 89.1817 4.69619 373.936
106.299 44.0917 89.2919 4.6945 373.826
106.399 44.0276 89.4022 4.69279 373.715
106.499 43.9635 89.5123 4.69107 373.605
106.599 43.8994 89.6224 4.68933 373.495
106.699 43.8353 89.7325 4.68758 373.385
106.799 43.7712 89.8425 4.68581 373.275
106.899 43.7072 89.9524 4.68403 373.165
106.999 43.6432 90.0623 4.68223 373.055
107.099 43.5792 90.1721 4.68042 372.945
107.199 43.5152 90.2818 4.67859 372.836
107.299 43.4512 90.3915 4.67675 372.726
107.399 43.3873 90.5012 4.67489 372.616
107.499 43.3234 90.6108 4.67301 372.507
107.599 43.2595 90.7203 4.67113 372.397
107.699 43.1956 90.8297 4.66922 372.288
107.799 43.1318 90.9391 4.6673 372.178
107.899 43.068 91.0485 4.66537 372.069
107.999 43.0041 91.1577 4.66342 371.96
108.099 42.9403 91.2669 4.66146 371.851
108.199 42.8766 91.3761 4.65948 371.741
108.299 42.8128 91.4852 4.65748 371.632
108.399 42.7491 91.5942 4.65547 371.523
108.499 42.6854 91.7032 4.65345 371.414
108.599 42.6217 91.8121 4.65141 371.306
108.699 42.558 91.9209 4.64936 371.197
108.799 42.4943 92.0297 4.64729 371.088
108.899 42.4307 92.1384 4.6452 370.979
108.999 42.3671 92.247 4.6431 370.871
109.099 42.3035 92.3556 4.64099 370.762
109.199 42.2399 92.4641 4.63886 370.653
109.299 42.1764 92.5725 4.63671 370.545
109.399 42.1128 92.6809 4.63455 370.437
109.499 42.0493 92.7892 4.63238 370.328
109.599 41.9858 92.8975 4.63019 370.22
109.699 41.9223 93.0056 4.62798 370.112
109.799 41.8589 93.1137 4.62576 370.004
109.899 41.7954 93.2218 4.62352 369.896
109.999 41.732 93.3298 4.62127 369.788
110.099 41.6686 93.4377 4.61901 369.68
110.199 41.6052 93.5455 4.61672 369.572
110.299 41.5418 93.6533 4.61443 369.464
110.399 41.4785 93.761 4.61212 369.357
110.499 41.4152 93.8686 4.60979 369.249
110.599 41.3518 93.9761 4.60745 369.141
110.699 41.2886 94.0836 4.60509 369.034
110.799 41.2253 94.191 4.60272 368.927
110.899 41.162 94.2984 4.60033 368.819
110.999 41.0988 94.4056 4.59793 368.712
111.099 41.0356 94.5128 4.59551 368.605
111.199 40.9724 94.62 4.59308 368.498
111.299 40.9092 94.727 4.59063 368.391
111.399 40.846 94.834 4.58817 368.284
111.499 40.7829 94.9409 4.5857 368.177
111.599 40.7198 95.0478 4.5832 368.07
111.699 40.6566 95.1545 4.5807 367.963
111.799 40.5936 95.2612 4.57817 367.856
111.899 40.5305 95.3678 4.57563 367.75
111.999 40.4674 95.4744 4.57308 367.643
112.099 40.4044 95.5808 4.57051 367.537
112.199 40.3414 95.6872 4.56793 367.43
112.299 40.2784 95.7935 4.56533 367.324
112.399 40.2154 95.8998 4.56272 367.218
112.499 40.1524 96.0059 4.56009 367.112
112.599 40.0895 96.112 4.55745 367.006
112.699 40.0265 96.218 4.55479 366.9
112.799 39.9636 96.3239 4.55212 366.794
112.899 39.9007 96.4298 4.54943 366.688
112.999 39.8379 96.5356 4.54672 366.582
113.099 39.775 96.6412 4.54401 366.476
113.199 39.7121 96.7469 4.54127 366.371
113.299 39.6493 96.8524 4.53852 366.265
113.399 39.5865 96.9579 4.53576 366.16
113.499 39.5237 97.0632 4.53298 366.054
113.599 39.461 97.1685 4.53019 365.949
113.699 39.3982 97.2737 4.52738 365.844
113.799 39.3355 97.3789 4.52455 365.739
113.899 39.2727 97.4839 4.52171 365.634
113.999 39.21 97.5889 4.51886 365.529
114.099 39.1473 97.6938 4.51599 365.424
114.199 39.0847 97.7986 4.51311 365.319
114.299 39.022 97.9033 4.51021 365.214
114.399 38.9594 98.008 4.50729 365.11
114.499 38.8968 98.1126 4.50436 365.005
114.599 38.8342 98.217 4.50142 364.901
114.699 38.7716 98.3214 4.49846 364.796
114.799 38.709 98.4258 4.49549 364.692
114.899 38.6464 98.53 4.4925 364.588
114.999 38.5839 98.6341 4.48949 364.483
115.099 38.5214 98.7382 4.48647 364.379
115.199 38.4589 98.8422 4.48344 364.275
115.299 38.3964 98.9461 4.48039 364.172
115.399 38.3339 99.0499 4.47733 364.068
115.499 38.2715 99.1536 4.47425 363.964
115.599 38.209 99.2572 4.47115 363.86
115.699 38.1466 99.3608 4.46804 363.757
115.799 38.0842 99.4642 4.46492 363.653
115.899 38.0218 99.5676 4.46178 363.55
115.999 37.9595 99.6709 4.45863 363.447
116.099 37.8971 99.7741 4.45546 363.344
116.199 37.8348 99.8772 4.45227 363.24
116.299 37.7724 99.9802 4.44908 363.137
116.399 37.7101 100.083 4.44586 363.034
116.499 37.6478 100.186 4.44263 362.932
116.599 37.5856 100.289 4.43939 362.829
116.699 37.5233 100.391 4.43613 362.726
116.799 37.461 100.494 4.43286 362.624
116.899 37.3988 100.596 4.42957 362.521
116.999 37.3366 100.699 4.42626 362.419
117.099 37.2744 100.801 4.42295 362.316
117.199 37.2122 100.903 4.41961 362.214
117.299 37.1501 101.005 4.41627 362.112
117.399 37.0879 101.107 4.4129 362.01
117.499 37.0258 101.209 4.40952 361.908
117.599 36.9637 101.311 4.40613 361.806
117.699 36.9016 101.413 4.40272 361.705
117.799 36.8395 101.515 4.3993 361.603
117.899 36.7774 101.616 4.39586 361.501
117.999 36.7153 101.718 4.39241 361.4
118.099 36.6533 101.819 4.38894 361.299
118.199 36.5913 101.92 4.38546 361.197
118.299 36.5293 102.022 4.38196 361.096
118.399 36.4673 102.123 4.37845 360.995
118.499 36.4053 102.224 4.37493 360.894
118.599 36.3433 102.324 4.37138 360.793
118.699 36.2814 102.425 4.36783 360.692
118.799 36.2194 102.526 4.36426 360.592
118.899 36.1575 102.627 4.36067 360.491
118.999 36.0956 102.727 4.35707 360.39
119.099 36.0337 102.828 4.35345 360.29
119.199 35.9718 102.928 4.34982 360.19
119.299 35.91 103.028 4.34618 360.09
119.399 35.8481 103.128 4.34252 359.989
119.499 35.7863 103.228 4.33884 359.889
119.599 35.7245 103.328 4.33515 359.789
119.699 35.6627 103.428 4.33145 359.69
119.799 35.6009 103.528 4.32773 359.59
119.899 35.5391 103.627 4.324 359.49
119.999 35.4774 103.727 4.32025 359.391
120.099 35.4156 103.826 4.31649 359.291
120.199 35.3539 103.926 4.31271 359.192
120.299 35.2922 104.025 4.30891 359.093
120.399 35.2305 104.124 4.30511 358.994
120.499 35.1688 104.223 4.30129 358.895
120.599 35.1071 104.322 4.29745 358.796
120.699 35.0455 104.421 4.2936 358.697
120.799 34.9838 104.519 4.28973 358.598
120.899 34.9222 104.618 4.28585 358.5
120.999 34.8606 104.717 4.28195 358.401
121.099 34.799 104.815 4.27804 358.303
121.199 34.7374 104.913 4.27412 358.204
121.299 34.6758 105.011 4.27018 358.106
121.399 34.6143 105.11 4.26622 358.008
121.499 34.5527 105.208 4.26225 357.91
121.599 34.4912 105.305 4.25827 357.812
121.699 34.4297 105.403 4.25427 357.714
121.799 34.3682 105.501 4.25026 357.617
121.899 34.3067 105.598 4.24623 357.519
121.999 34.2452 105.696 4.24219 357.422
122.099 34.1838 105.793 4.23813 357.324
122.199 34.1223 105.891 4.23406 357.227
122.299 34.0609 105.988 4.22998 357.13
122.399 33.9995 106.085 4.22588 357.033
122.499 33.9381 106.182 4.22176 356.936
122.599 33.8767 106.278 4.21763 356.839
122.699 33.8153 106.375 4.21349 356.742
122.799 33.7539 106.472 4.20933 356.646
122.899 33.6926 106.568 4.20515 356.549
122.999 33.6312 106.665 4.20097 356.453
123.099 33.5699 106.761 4.19676 356.357
123.199 33.5086 106.857 4.19255 356.26
123.299 33.4473 106.953 4.18832 356.164
123.399 33.386 107.049 4.18407 356.068
123.499 33.3247 107.145 4.17981 355.973
123.599 33.2635 107.241 4.17553 355.877
123.699 33.2022 107.336 4.17125 355.781
123.799 33.141 107.432 4.16694 355.686
123.899 33.0798 107.527 4.16262 355.59
123.999 33.0186 107.622 4.15829 355.495
124.099 32.9574 107.718 4.15394 355.4
124.199 32.8962 107.813 4.14958 355.305
124.299 32.8351 107.908 4.14521 355.21
124.399 32.7739 108.003 4.14082 355.115
124.499 32.7128 108.097 4.13641 355.02
124.599 32.6516 108.192 4.13199 354.926
124.699 32.5905 108.286 4.12756 354.831
124.799 32.5294 108.381 4.12311 354.737
124.899 32.4683 108.475 4.11865 354.643
124.999 32.4073 108.569 4.11417 354.548
125.099 32.3462 108.663 4.10968 354.454
125.199 32.2852 108.757 4.10518 354.36
125.299 32.2241 108.851 4.10066 354.267
125.399 32.1631 108.945 4.09612 354.173
125.499 32.1021 109.038 4.09158 354.079
125.599 32.0411 109.132 4.08701 353.986
125.699 31.9801 109.225 4.08244 353.893
125.799 31.9191 109.318 4.07785 353.799
125.899 31.8582 109.411 4.07324 353.706
125.999 31.7972 109.504 4.06862 353.613
126.099 31.7363 109.597 4.06399 353.52
126.199 31.6754 109.69 4.05934 353.428
126.299 31.6144 109.783 4.05468 353.335
126.399 31.5535 109.875 4.05 353.243
126.499 31.4927 109.967 4.04531 353.15
126.599 31.4318 110.06 4.04061 353.058
126.699 31.3709 110.152 4.03589 352.966
126.799 31.3101 110.244 4.03115 352.874
126.899 31.2492 110.336 4.02641 352.782
126.999 31.1884 110.428 4.02165 352.69
127.099 31.1276 110.519 4.01687 352.598
127.199 31.0668 110.611 4.01208 352.507
127.299 31.006 110.702 4.00728 352.415
127.399 30.9452 110.794 4.00246 352.324
127.499 30.8845 110.885 3.99763 352.233
127.599 30.8237 110.976 3.99278 352.142
127.699 30.763 111.067 3.98792 352.051
127.799 30.7022 111.158 3.98305 351.96
127.899 30.6415 111.248 3.97816 351.869
127.999 30.5808 111.339 3.97326 351.779
128.099 30.5201 111.429 3.96834 351.688
128.199 30.4594 111.52 3.96341 351.598
128.299 30.3988 111.61 3.95847 351.508
128.399 30.3381 111.7 3.95351 351.418
128.499 30.2774 111.79 3.94854 351.328
128.599 30.2168 111.88 3.94355 351.238
128.699 30.1562 111.969 3.93855 351.148
128.799 30.0955 112.059 3.93354 351.059
128.899 30.0349 112.149 3.92851 350.969
128.999 29.9743 112.238 3.92347 350.88
129.099 29.9138 112.327 3.91841 350.79
129.199 29.8532 112.416 3.91334 350.701
129.299 29.7926 112.505 3.90826 350.612
129.399 29.7321 112.594 3.90316 350.524
129.499 29.6715 112.683 3.89805 350.435
129.599 29.611 112.771 3.89292 350.346
129.699 29.5505 112.86 3.88779 350.258
129.799 29.49 112.948 3.88263 350.17
129.899 29.4295 113.036 3.87747 350.081
129.999 29.369 113.124 3.87229 349.993
130.099 29.3086 113.212 3.86709 349.905
130.199 29.2481 113.3 3.86188 349.818
130.299 29.1877 113.388 3.85666 349.73
130.399 29.1272 113.475 3.85143 349.642
130.499 29.0668 113.563 3.84618 349.555
130.599 29.0064 113.65 3.84092 349.468
130.699 28.946 113.737 3.83564 349.38
130.799 28.8856 113.824 3.83035 349.293
130.899 28.8252 113.911 3.82505 349.207
130.999 28.7648 113.998 3.81973 349.12
131.099 28.7045 114.084 3.8144 349.033
131.199 28.6441 114.171 3.80905 348.947
131.299 28.5838 114.257 3.80369 348.86
131.399 28.5234 114.343 3.79832 348.774
131.499 28.4631 114.43 3.79294 348.688
131.599 28.4028 114.516 3.78754 348.602
131.699 28.3425 114.601 3.78213 348.516
131.799 28.2822 114.687 3.7767 348.43
131.899 28.222 114.773 3.77126 348.345
131.999 28.1617 114.858 3.76581 348.259
132.099 28.1015 114.943 3.76034 348.174
132.199 28.0412 115.029 3.75486 348.089
132.299 27.981 115.114 3.74937 348.004
132.399 27.9208 115.199 3.74386 347.919
132.499 27.8605 115.283 3.73834 347.834
132.599 27.8003 115.368 3.73281 347.75
132.699 27.7402 115.452 3.72726 347.665
132.799 27.68 115.537 3.7217 347.581
132.899 27.6198 115.621 3.71613 347.497
132.999 27.5596 115.705 3.71054 347.413
133.099 27.4995 115.789 3.70494 347.329
133.199 27.4394 115.873 3.69933 347.245
133.299 27.3792 115.956 3.6937 347.161
133.399 27.3191 116.04 3.68806 347.078
133.499 27.259 116.123 3.6824 346.994
133.599 27.1989 116.207 3.67674 346.911
133.699 27.1388 116.29 3.67106 346.828
133.799 27.0787 116.373 3.66536 346.745
133.899 27.0187 116.456 3.65966 346.662
133.999 26.9586 116.538 3.65394 346.579
134.099 26.8986 116.621 3.6482 346.497
134.199 26.8385 116.703 3.64246 346.414
134.299 26.7785 116.786 3.6367 346.332
134.399 26.7185 116.868 3.63093 346.25
134.499 26.6585 116.95 3.62514 346.168
134.599 26.5985 117.032 3.61934 346.086
134.699 26.5385 117.113 3.61353 346.004
134.799 26.4785 117.195 3.60771 345.923
134.899 26.4185 117.276 3.60187 345.841
134.999 26.3586 117.358 3.59602 345.76
135.099 26.2986 117.439 3.59015 345.679
135.199 26.2387 117.52 3.58428 345.598
135.299 26.1787 117.601 3.57839 345.517
135.399 26.1188 117.681 3.57248 345.436
135.499 26.0589 117.762 3.56657 345.356
135.599 25.999 117.842 3.56064 345.275
135.699 25.9391 117.923 3.5547 345.195
135.799 25.8792 118.003 3.54874 345.115
135.899 25.8194 118.083 3.54278 345.035
135.999 25.7595 118.163 3.5368 344.955
136.099 25.6996 118.243 3.5308 344.875
136.199 25.6398 118.322 3.5248 344.795
136.299 25.58 118.402 3.51878 344.716
136.399 25.5201 118.481 3.51275 344.637
136.499 25.4603 118.56 3.5067 344.558
136.599 25.4005 118.639 3.50064 344.479
136.699 25.3407 118.718 3.49457 344.4
136.799 25.2809 118.797 3.48849 344.321
136.899 25.2211 118.875 3.4824 344.242
136.999 25.1614 118.954 3.47629 344.164
137.099 25.1016 119.032 3.47017 344.086
137.199 25.0419 119.11 3.46403 344.008
137.299 24.9821 119.188 3.45789 343.93
137.399 24.9224 119.266 3.45173 343.852
137.499 24.8627 119.343 3.44556 343.774
137.599 24.8029 119.421 3.43937 343.697
137.699 24.7432 119.498 3.43318 343.619
137.799 24.6835 119.576 3.42697 343.542
137.899 24.6238 119.653 3.42075 343.465
137.999 24.5642 119.73 3.41451 343.388
138.099 24.5045 119.806 3.40827 343.311
138.199 24.4448 119.883 3.40201 343.235
138.299 24.3852 119.96 3.39574 343.158
138.399 24.3255 120.036 3.38945 343.082
138.499 24.2659 120.112 3.38316 343.006
138.599 24.2063 120.188 3.37685 342.929
138.699 24.1467 120.264 3.37053 342.854
138.799 24.087 120.34 3.36419 342.778
138.899 24.0274 120.415 3.35785 342.702
138.999 23.9678 120.491 3.35149 342.627
139.099 23.9083 120.566 3.34512 342.552
139.199 23.8487 120.641 3.33874 342.476
139.299 23.7891 120.716 3.33234 342.401
139.399 23.7296 120.791 3.32594 342.327
139.499 23.67 120.866 3.31952 342.252
139.599 23.6105 120.94 3.31308 342.177
139.699 23.5509 121.015 3.30664 342.103
139.799 23.4914 121.089 3.30018 342.029
139.899 23.4319 121.163 3.29372 341.955
139.999 23.3724 121.237 3.28724 341.881
140.099 23.3129 121.311 3.28074 341.807
140.199 23.2534 121.384 3.27424 341.733
140.299 23.1939 121.458 3.26772 341.66
140.399 23.1344 121.531 3.26119 341.587
140.499 23.075 121.604 3.25465 341.513
140.599 23.0155 121.677 3.2481 341.441
140.699 22.9561 121.75 3.24154 341.368
140.799 22.8966 121.823 3.23496 341.295
140.899 22.8372 121.895 3.22837 341.222
140.999 22.7778 121.967 3.22177 341.15
141.099 22.7184 122.04 3.21516 341.078
141.199 22.6589 122.112 3.20853 341.006
141.299 22.5995 122.184 3.2019 340.934
141.399 22.5402 122.255 3.19525 340.862
141.499 22.4808 122.327 3.18859 340.791
141.599 22.4214 122.398 3.18192 340.719
141.699 22.362 122.47 3.17524 340.648
141.799 22.3027 122.541 3.16854 340.577
141.899 22.2433 122.612 3.16183 340.506
141.999 22.184 122.683 3.15512 340.435
142.099 22.1246 122.753 3.14839 340.364
142.199 22.0653 122.824 3.14164 340.294
142.299 22.006 122.894 3.13489 340.224
142.399 21.9467 122.964 3.12813 340.153
142.499 21.8874 123.034 3.12135 340.083
142.6 21.8281 123.104 3.11456 340.014
142.7 21.7688 123.174 3.10776 339.944
142.8 21.7095 123.243 3.10095 339.874
142.9 21.6502 123.313 3.09413 339.805
143 21.5909 123.382 3.08729 339.736
143.1 21.5317 123.451 3.08045 339.667
143.2 21.4724 123.52 3.07359 339.598
143.3 21.4132 123.589 3.06672 339.529
143.4 21.3539 123.657 3.05984 339.46
143.5 21.2947 123.726 3.05295 339.392
143.6 21.2355 123.794 3.04604 339.324
143.7 21.1763 123.862 3.03913 339.256
143.8 21.1171 123.93 3.0322 339.188
143.9 21.0579 123.998 3.02527 339.12
144 20.9987 124.065 3.01832 339.052
144.1 20.9395 124.133 3.01136 338.985
144.2 20.8803 124.2 3.00439 338.918
144.3 20.8212 124.267 2.99741 338.851
144.4 20.762 124.334 2.99041 338.784
144.5 20.7028 124.401 2.98341 338.717
144.6 20.6437 124.467 2.97639 338.65
144.7 20.5845 124.534 2.96937 338.584
144.8 20.5254 124.6 2.96233 338.517
144.9 20.4663 124.666 2.95528 338.451
145 20.4072 124.732 2.94822 338.385
145.1 20.3481 124.798 2.94115 338.32
145.2 20.2889 124.864 2.93407 338.254
145.3 20.2298 124.929 2.92697 338.188
145.4 20.1708 124.994 2.91987 338.123
145.5 20.1117 125.06 2.91276 338.058
145.6 20.0526 125.125 2.90563 337.993
145.7 19.9935 125.189 2.89849 337.928
145.8 19.9345 125.254 2.89135 337.864
145.9 19.8754 125.319 2.88419 337.799
146 19.8164 125.383 2.87702 337.735
146.1 19.7573 125.447 2.86984 337.671
146.2 19.6983 125.511 2.86265 337.607
146.3 19.6392 125.575 2.85545 337.543
146.4 19.5802 125.638 2.84823 337.479
146.5 19.5212 125.702 2.84101 337.416
146.6 19.4622 125.765 2.83378 337.352
146.7 19.4032 125.828 2.82653 337.289
146.8 19.3442 125.891 2.81928 337.226
146.9 19.2852 125.954 2.81201 337.163
147 19.2262 126.017 2.80474 337.101
147.1 19.1673 126.079 2.79745 337.038
147.2 19.1083 126.142 2.79015 336.976
147.3 19.0493 126.204 2.78285 336.914
147.4 18.9904 126.266 2.77553 336.852
147.5 18.9314 126.328 2.7682 336.79
147.6 18.8725 126.389 2.76086 336.728
147.7 18.8136 126.451 2.75351 336.667
147.8 18.7546 126.512 2.74615 336.606
147.9 18.6957 126.573 2.73878 336.544
148 18.6368 126.634 2.7314 336.483
148.1 18.5779 126.695 2.72401 336.423
148.2 18.519 126.755 2.71661 336.362
148.3 18.4601 126.816 2.7092 336.302
148.4 18.4012 126.876 2.70178 336.241
148.5 18.3423 126.936 2.69434 336.181
148.6 18.2834 126.996 2.6869 336.121
148.7 18.2246 127.056 2.67945 336.062
148.8 18.1657 127.116 2.67199 336.002
148.9 18.1068 127.175 2.66452 335.943
149 18.048 127.234 2.65703 335.883
149.1 17.9891 127.293 2.64954 335.824
149.2 17.9303 127.352 2.64204 335.765
149.3 17.8715 127.411 2.63453 335.707
149.4 17.8126 127.47 2.627 335.648
149.5 17.7538 127.528 2.61947 335.59
149.6 17.695 127.586 2.61193 335.531
149.7 17.6362 127.644 2.60438 335.473
149.8 17.5774 127.702 2.59682 335.415
149.9 17.5186 127.76 2.58924 335.358
150 17.4598 127.817 2.58166 335.3
150.1 17.401 127.875 2.57407 335.243
150.2 17.3422 127.932 2.56647 335.186
150.3 17.2835 127.989 2.55886 335.129
150.4 17.2247 128.046 2.55124 335.072
150.5 17.1659 128.102 2.54361 335.015
150.6 17.1072 128.159 2.53597 334.959
150.7 17.0484 128.215 2.52832 334.902
150.8 16.9897 128.271 2.52066 334.846
150.9 16.9309 128.327 2.51299 334.79
151 16.8722 128.383 2.50531 334.735
151.1 16.8135 128.439 2.49762 334.679
151.2 16.7548 128.494 2.48992 334.624
151.3 16.6961 128.549 2.48222 334.568
151.4 16.6373 128.604 2.4745 334.513
151.5 16.5786 128.659 2.46677 334.458
151.6 16.5199 128.714 2.45904 334.404
151.7 16.4613 128.768 2.45129 334.349
151.8 16.4026 128.823 2.44354 334.295
151.9 16.3439 128.877 2.43578 334.241
152 16.2852 128.931 2.428 334.186
152.1 16.2265 128.985 2.42022 334.133
152.2 16.1679 129.039 2.41243 334.079
152.3 16.1092 129.092 2.40463 334.026
152.4 16.0506 129.145 2.39682 333.972
152.5 15.9919 129.199 2.389 333.919
152.6 15.9333 129.251 2.38118 333.866
152.7 15.8746 129.304 2.37334 333.813
152.8 15.816 129.357 2.36549 333.761
152.9 15.7574 129.409 2.35764 333.708
153 15.6988 129.461 2.34977 333.656
153.1 15.6401 129.514 2.3419 333.604
153.2 15.5815 129.565 2.33402 333.552
153.3 15.5229 129.617 2.32613 333.5
153.4 15.4643 129.669 2.31823 333.449
153.5 15.4057 129.72 2.31032 333.398
153.6 15.3471 129.771 2.3024 333.346
153.7 15.2886 129.822 2.29448 333.295
153.8 15.23 129.873 2.28654 333.245
153.9 15.1714 129.924 2.2786 333.194
154 15.1128 129.974 2.27065 333.144
154.1 15.0543 130.024 2.26268 333.093
154.2 14.9957 130.074 2.25471 333.043
154.3 14.9372 130.124 2.24674 332.993
154.4 14.8786 130.174 2.23875 332.944
154.5 14.8201 130.224 2.23075 332.894
154.6 14.7615 130.273 2.22275 332.845
154.7 14.703 130.322 2.21474 332.795
154.8 14.6445 130.371 2.20671 332.746
154.9 14.5859 130.42 2.19869 332.698
155 14.5274 130.469 2.19065 332.649
155.1 14.4689 130.517 2.1826 332.601
155.2 14.4104 130.565 2.17455 332.552
155.3 14.3519 130.613 2.16648 332.504
155.4 14.2934 130.661 2.15841 332.456
155.5 14.2349 130.709 2.15033 332.409
155.6 14.1764 130.757 2.14224 332.361
155.7 14.1179 130.804 2.13415 332.314
155.8 14.0595 130.851 2.12604 332.266
155.9 14.001 130.898 2.11793 332.219
156 13.9425 130.945 2.10981 332.173
156.1 13.884 130.992 2.10168 332.126
156.2 13.8256 131.038 2.09354 332.08
156.3 13.7671 131.084 2.0854 332.033
156.4 13.7087 131.13 2.07724 331.987
156.5 13.6502 131.176 2.06908 331.941
156.6 13.5918 131.222 2.06091 331.896
156.7 13.5333 131.267 2.05273 331.85
156.8 13.4749 131.313 2.04455 331.805
156.9 13.4165 131.358 2.03636 331.76
157 13.3581 131.403 2.02816 331.715
157.1 13.2996 131.448 2.01995 331.67
157.2 13.2412 131.492 2.01173 331.625
157.3 13.1828 131.537 2.00351 331.581
157.4 13.1244 131.581 1.99527 331.537
157.5 13.066 131.625 1.98703 331.492
157.6 13.0076 131.669 1.97879 331.449
157.7 12.9492 131.713 1.97053 331.405
157.8 12.8908 131.756 1.96227 331.361
157.9 12.8324 131.799 1.954 331.318
158 12.7741 131.843 1.94572 331.275
158.1 12.7157 131.885 1.93744 331.232
158.2 12.6573 131.928 1.92914 331.189
158.3 12.5989 131.971 1.92084 331.147
158.4 12.5406 132.013 1.91254 331.104
158.5 12.4822 132.055 1.90422 331.062
158.6 12.4239 132.097 1.8959 331.02
158.7 12.3655 132.139 1.88757 330.978
158.8 12.3072 132.181 1.87923 330.937
158.9 12.2488 132.222 1.87089 330.895
159.001 12.1905 132.264 1.86254 330.854
159.101 12.1321 132.305 1.85418 330.813
159.201 12.0738 132.346 1.84581 330.772
159.301 12.0155 132.386 1.83744 330.731
159.401 11.9572 132.427 1.82906 330.691
159.501 11.8989 132.467 1.82067 330.651
159.601 11.8405 132.507 1.81228 330.61
159.701 11.7822 132.547 1.80387 330.57
159.801 11.7239 132.587 1.79547 330.531
159.901 11.6656 132.626 1.78705 330.491
160.001 11.6073 132.666 1.77863 330.452
160.101 11.549 132.705 1.7702 330.413
160.201 11.4907 132.744 1.76176 330.374
160.301 11.4324 132.783 1.75332 330.335
160.401 11.3742 132.821 1.74487 330.296
160.501 11.3159 132.86 1.73641 330.258
160.601 11.2576 132.898 1.72795 330.219
160.701 11.1993 132.936 1.71948 330.181
160.801 11.1411 132.974 1.71101 330.143
160.901 11.0828 133.012 1.70252 330.106
161.001 11.0245 133.049 1.69403 330.068
161.101 10.9663 133.087 1.68554 330.031
161.201 10.908 133.124 1.67703 329.994
161.301 10.8498 133.161 1.66852 329.957
161.401 10.7915 133.197 1.66001 329.92
161.501 10.7333 133.234 1.65148 329.884
161.601 10.675 133.27 1.64296 329.847
161.701 10.6168 133.306 1.63442 329.811
161.801 10.5586 133.342 1.62588 329.775
161.901 10.5003 133.378 1.61733 329.739
162.001 10.4421 133.414 1.60878 329.704
162.101 10.3839 133.449 1.60022 329.668
162.201 10.3257 133.484 1.59165 329.633
162.301 10.2675 133.519 1.58308 329.598
162.401 10.2093 133.554 1.5745 329.563
162.501 10.151 133.589 1.56591 329.529
162.601 10.0928 133.623 1.55732 329.494
162.701 10.0346 133.658 1.54872 329.46
162.801 9.97644 133.692 1.54012 329.426
162.901 9.91825 133.725 1.53151 329.392
163.001 9.86006 133.759 1.5229 329.358
163.101 9.80187 133.793 1.51427 329.325
163.201 9.74368 133.826 1.50565 329.292
163.301 9.6855 133.859 1.49701 329.259
163.401 9.62732 133.892 1.48838 329.226
163.501 9.56915 133.925 1.47973 329.193
163.601 9.51097 133.957 1.47108 329.16
163.701 9.45281 133.99 1.46242 329.128
163.801 9.39464 134.022 1.45376 329.096
163.901 9.33648 134.054 1.44509 329.064
164.001 9.27832 134.085 1.43642 329.032
164.101 9.22016 134.117 1.42774 329.001
164.201 9.16201 134.148 1.41906 328.969
164.301 9.10386 134.179 1.41037 328.938
164.401 9.04571 134.21 1.40167 328.907
164.501 8.98756 134.241 1.39297 328.876
164.601 8.92942 134.272 1.38426 328.846
164.701 8.87128 134.302 1.37555 328.815
164.801 8.81315 134.332 1.36684 328.785
164.901 8.75501 134.363 1.35811 328.755
165.001 8.69688 134.392 1.34939 328.725
165.101 8.63876 134.422 1.34065 328.696
165.201 8.58063 134.451 1.33191 328.666
165.301 8.52251 134.481 1.32317 328.637
165.401 8.46439 134.51 1.31442 328.608
165.501 8.40627 134.539 1.30567 328.579
165.601 8.34816 134.567 1.29691 328.55
165.701 8.29005 134.596 1.28814 328.522
165.801 8.23194 134.624 1.27938 328.494
165.901 8.17384 134.652 1.2706 328.466
166.001 8.11574 134.68 1.26182 328.438
166.101 8.05764 134.708 1.25304 328.41
166.201 7.99954 134.735 1.24425 328.382
166.301 7.94144 134.762 1.23546 328.355
166.401 7.88335 134.79 1.22666 328.328
166.501 7.82526 134.816 1.21785 328.301
166.601 7.76718 134.843 1.20904 328.274
166.701 7.70909 134.87 1.20023 328.248
166.801 7.65101 134.896 1.19141 328.222
166.901 7.59293 134.922 1.18259 328.195
167.001 7.53486 134.948 1.17376 328.169
167.101 7.47678 134.974 1.16493 328.144
167.201 7.41871 134.999 1.1561 328.118
167.301 7.36064 135.025 1.14726 328.093
167.401 7.30257 135.05 1.13841 328.068
167.501 7.24451 135.075 1.12956 328.043
167.601 7.18645 135.1 1.12071 328.018
167.701 7.12839 135.124 1.11185 327.993
167.801 7.07033 135.149 1.10299 327.969
167.901 7.01228 135.173 1.09412 327.945
168.001 6.95422 135.197 1.08525 327.921
168.101 6.89617 135.22 1.07637 327.897
168.201 6.83813 135.244 1.06749 327.874
168.301 6.78008 135.267 1.05861 327.85
168.401 6.72204 135.291 1.04972 327.827
168.501 6.66399 135.314 1.04083 327.804
168.601 6.60596 135.336 1.03193 327.781
168.701 6.54792 135.359 1.02303 327.759
168.801 6.48988 135.381 1.01412 327.736
168.901 6.43185 135.404 1.00522 327.714
169.001 6.37382 135.426 0.996304 327.692
169.101 6.31579 135.448 0.987387 327.67
169.201 6.25776 135.469 0.978467 327.648
169.301 6.19974 135.491 0.969543 327.627
169.401 6.14172 135.512 0.960615 327.606
169.501 6.0837 135.533 0.951683 327.585
169.601 6.02568 135.554 0.942748 327.564
169.701 5.96766 135.574 0.933809 327.543
169.801 5.90965 135.595 0.924866 327.523
169.901 5.85164 135.615 0.915919 327.503
170.001 5.79363 135.635 0.906969 327.483
170.101 5.73562 135.655 0.898015 327.463
170.201 5.67761 135.674 0.889058 327.443
170.301 5.6196 135.694 0.880097 327.424
170.401 5.5616 135.713 0.871133 327.404
170.501 5.5036 135.732 0.862166 327.385
170.601 5.4456 135.751 0.853195 327.366
170.701 5.3876 135.77 0.84422 327.348
170.801 5.32961 135.788 0.835243 327.329
170.901 5.27161 135.807 0.826262 327.311
171.001 5.21362 135.825 0.817278 327.293
171.101 5.15563 135.842 0.80829 327.275
171.201 5.09764 135.86 0.7993 327.257
171.301 5.03965 135.878 0.790306 327.24
171.401 4.98167 135.895 0.781309 327.223
171.501 4.92368 135.912 0.772309 327.206
171.601 4.8657 135.929 0.763306 327.189
171.701 4.80772 135.945 0.7543 327.172
171.801 4.74974 135.962 0.745291 327.156
171.901 4.69176 135.978 0.736279 327.139
172.001 4.63379 135.994 0.727264 327.123
172.101 4.57581 136.01 0.718247 327.107
172.201 4.51784 136.026 0.709226 327.092
172.301 4.45987 136.041 0.700203 327.076
172.401 4.4019 136.057 0.691177 327.061
172.501 4.34393 136.072 0.682148 327.046
172.601 4.28596 136.087 0.673117 327.031
172.701 4.22799 136.101 0.664083 327.016
172.801 4.17003 136.116 0.655046 327.002
172.901 4.11206 136.13 0.646007 326.987
173.001 4.0541 136.144 0.636965 326.973
173.101 3.99614 136.158 0.62792 326.959
173.201 3.93818 136.172 0.618874 326.946
173.301 3.88022 136.185 0.609824 326.932
173.401 3.82227 136.199 0.600773 326.919
173.501 3.76431 136.212 0.591719 326.906
173.601 3.70636 136.225 0.582662 326.893
173.701 3.6484 136.237 0.573603 326.88
173.801 3.59045 136.25 0.564543 326.868
173.901 3.5325 136.262 0.555479 326.855
174.001 3.47455 136.274 0.546414 326.843
174.101 3.4166 136.286 0.537346 326.831
174.201 3.35866 136.298 0.528277 326.82
174.301 3.30071 136.309 0.519205 326.808
174.401 3.24276 136.321 0.510131 326.797
174.501 3.18482 136.332 0.501056 326.786
174.601 3.12688 136.343 0.491978 326.775
174.701 3.06894 136.353 0.482898 326.764
174.801 3.01099 136.364 0.473816 326.754
174.901 2.95305 136.374 0.464733 326.743
175.001 2.89511 136.384 0.455648 326.733
175.101 2.83718 136.394 0.446561 326.723
175.201 2.77924 136.404 0.437472 326.714
175.301 2.7213 136.413 0.428381 326.704
175.402 2.66337 136.423 0.419289 326.695
175.502 2.60543 136.432 0.410195 326.686
175.602 2.5475 136.441 0.401099 326.677
175.702 2.48957 136.449 0.392002 326.668
175.802 2.43163 136.458 0.382903 326.66
175.902 2.3737 136.466 0.373803 326.651
176.002 2.31577 136.474 0.364702 326.643
176.102 2.25784 136.482 0.355598 326.635
176.202 2.19991 136.49 0.346494 326.628
176.302 2.14198 136.498 0.337388 326.62
176.402 2.08406 136.505 0.328281 326.613
176.502 2.02613 136.512 0.319172 326.606
176.602 1.9682 136.519 0.310063 326.599
176.702 1.91028 136.526 0.300952 326.592
176.802 1.85235 136.532 0.291839 326.585
176.902 1.79443 136.538 0.282726 326.579
177.002 1.7365 136.545 0.273612 326.573
177.102 1.67858 136.55 0.264496 326.567
177.202 1.62066 136.556 0.255379 326.561
177.302 1.56274 136.562 0.246262 326.556
177.402 1.50481 136.567 0.237143 326.551
177.502 1.44689 136.572 0.228024 326.546
177.602 1.38897 136.577 0.218903 326.541
177.702 1.33105 136.582 0.209782 326.536
177.802 1.27313 136.586 0.20066 326.531
177.902 1.21521 136.59 0.191537 326.527
178.002 1.15729 136.595 0.182413 326.523
178.102 1.09937 136.598 0.173289 326.519
178.202 1.04146 136.602 0.164164 326.515
178.302 0.983539 136.606 0.155038 326.512
178.402 0.925621 136.609 0.145912 326.509
178.502 0.867704 136.612 0.136785 326.505
178.602 0.809786 136.615 0.127658 326.503
178.702 0.75187 136.618 0.11853 326.5
178.802 0.693953 136.62 0.109401 326.497
178.902 0.636037 136.623 0.100272 326.495
179.002 0.578121 136.625 0.0911432 326.493
179.102 0.520205 136.627 0.0820136 326.491
179.202 0.462289 136.628 0.0728837 326.489
179.302 0.404373 136.63 0.0637535 326.488
179.402 0.346458 136.631 0.054623 326.487
179.502 0.288542 136.632 0.0454924 326.485
179.602 0.230627 136.633 0.0363615 326.485
179.702 0.172712 136.634 0.0272305 326.484
179.802 0.114796 136.634 0.0180994 326.483
179.902 0.0568814 136.635 0.00896822 326.483
