0 0.310307 0 0 425.565
0.1 89.9489 0.000123661 0.0105533 425.565
0.2 89.8979 0.000494645 0.0211067 425.564
0.3 89.8468 0.00111295 0.0316599 425.564
0.4 89.7957 0.00197857 0.0422131 425.563
0.5 89.7446 0.00309151 0.0527663 425.562
0.6 89.6936 0.00445177 0.0633193 425.56
0.7 89.6425 0.00605933 0.0738721 425.559
0.8 89.5914 0.0079142 0.0844248 425.557
0.9 89.5404 0.0100164 0.0949774 425.555
1 89.4893 0.0123658 0.10553 425.552
1.1 89.4382 0.0149626 0.116082 425.55
1.2 89.3872 0.0178066 0.126634 425.547
1.3 89.3361 0.0208979 0.137185 425.544
1.4 89.285 0.0242364 0.147737 425.54
1.5 89.2339 0.0278222 0.158288 425.537
1.6 89.1829 0.0316552 0.168838 425.533
1.7 89.1318 0.0357355 0.179388 425.529
1.8 89.0807 0.040063 0.189938 425.525
1.9 89.0297 0.0446376 0.200488 425.52
2 88.9786 0.0494595 0.211037 425.515
2.1 88.9275 0.0545285 0.221586 425.51
2.2 88.8765 0.0598447 0.232134 425.505
2.3 88.8254 0.065408 0.242681 425.499
2.4 88.7743 0.0712185 0.253228 425.493
2.5 88.7232 0.077276 0.263775 425.487
2.6 88.6722 0.0835807 0.274321 425.481
2.7 88.6211 0.0901324 0.284867 425.475
2.8 88.57 0.0969311 0.295411 425.468
2.9 88.519 0.103977 0.305956 425.461
3 88.4679 0.11127 0.316499 425.453
3.1 88.4168 0.118809 0.327042 425.446
3.2 88.3658 0.126596 0.337584 425.438
3.3 88.3147 0.13463 0.348126 425.43
3.4 88.2636 0.14291 0.358666 425.422
3.5 88.2126 0.151438 0.369206 425.413
3.6 88.1615 0.160212 0.379746 425.404
3.7 88.1104 0.169233 0.390284 425.395
3.8 88.0594 0.178501 0.400821 425.386
3.9 88.0083 0.188016 0.411358 425.377
4 87.9572 0.197778 0.421894 425.367
4.1 87.9062 0.207786 0.432429 425.357
4.2 87.8551 0.218041 0.442963 425.347
4.3 87.804 0.228542 0.453496 425.336
4.4 87.7529 0.23929 0.464028 425.325
4.5 87.7019 0.250285 0.474559 425.314
4.6 87.6508 0.261527 0.485089 425.303
4.7 87.5997 0.273014 0.495618 425.292
4.8 87.5487 0.284749 0.506146 425.28
4.9 87.4976 0.29673 0.516673 425.268
5 87.4465 0.308957 0.527199 425.256
5.1 87.3955 0.32143 0.537724 425.243
5.2 87.3444 0.33415 0.548247 425.23
5.3 87.2934 0.347117 0.558769 425.218
5.4 87.2423 0.360329 0.569291 425.204
5.5 87.1912 0.373788 0.579811 425.191
5.6 87.1402 0.387493 0.590329 425.177
5.7 87.0891 0.401444 0.600847 425.163
5.8 87.038 0.415641 0.611363 425.149
5.9 86.987 0.430084 0.621878 425.135
6 86.9359 0.444773 0.632391 425.12
6.1 86.8848 0.459709 0.642904 425.105
6.2 86.8338 0.47489 0.653414 425.09
6.3 86.7827 0.490317 0.663924 425.074
6.4 86.7316 0.50599 0.674432 425.059
6.5 86.6806 0.521908 0.684938 425.043
6.6 86.6295 0.538073 0.695444 425.027
6.7 86.5785 0.554483 0.705947 425.01
6.8 86.5274 0.571138 0.716449 424.994
6.9 86.4763 0.588039 0.72695 424.977
7 86.4253 0.605186 0.737449 424.959
7.1 86.3742 0.622578 0.747947 424.942
7.2 86.3231 0.640216 0.758442 424.924
7.3 86.2721 0.658099 0.768937 424.907
7.4 86.221 0.676228 0.779429 424.888
7.5 86.17 0.694601 0.78992 424.87
7.6 86.1189 0.71322 0.80041 424.851
7.7 86.0678 0.732084 0.810897 424.833
7.79999 86.0168 0.751193 0.821383 424.813
7.89999 85.9657 0.770547 0.831867 424.794
7.99999 85.9147 0.790146 0.842349 424.775
8.09999 85.8636 0.80999 0.85283 424.755
8.2 85.8125 0.830079 0.863309 424.735
8.3 85.7615 0.850413 0.873786 424.714
8.4 85.7104 0.870991 0.884261 424.694
8.5 85.6594 0.891815 0.894734 424.673
8.6 85.6083 0.912882 0.905205 424.652
8.7 85.5572 0.934195 0.915674 424.63
8.8 85.5062 0.955751 0.926142 424.609
8.9 85.4551 0.977553 0.936607 424.587
9 85.4041 0.999598 0.94707 424.565
9.1 85.353 1.02189 0.957532 424.543
9.2 85.302 1.04442 0.967991 424.52
9.3 85.2509 1.0672 0.978448 424.497
9.4 85.1998 1.09022 0.988903 424.474
9.5 85.1488 1.11349 0.999356 424.451
9.6 85.0977 1.137 1.00981 424.428
9.7 85.0467 1.16075 1.02026 424.404
9.8 84.9956 1.18475 1.0307 424.38
9.9 84.9446 1.20899 1.04115 424.356
10 84.8935 1.23348 1.05159 424.331
10.1 84.8425 1.25821 1.06203 424.306
10.2 84.7914 1.28318 1.07247 424.281
10.3 84.7404 1.30839 1.0829 424.256
10.4 84.6893 1.33385 1.09333 424.231
10.5 84.6382 1.35956 1.10377 424.205
10.6 84.5872 1.3855 1.11419 424.179
10.7 84.5361 1.41169 1.12462 424.153
10.8 84.4851 1.43812 1.13504 424.127
10.9 84.434 1.4648 1.14546 424.1
11 84.383 1.49171 1.15588 424.073
11.1 84.3319 1.51887 1.1663 424.046
11.2 84.2809 1.54628 1.17671 424.018
11.3 84.2298 1.57392 1.18712 423.991
11.4 84.1788 1.60181 1.19753 423.963
11.5 84.1277 1.62994 1.20794 423.935
11.6 84.0767 1.65831 1.21834 423.906
11.7 84.0257 1.68693 1.22874 423.878
11.8 83.9746 1.71578 1.23914 423.849
11.9 83.9236 1.74488 1.24954 423.82
12 83.8725 1.77423 1.25993 423.79
12.1 83.8215 1.80381 1.27032 423.761
12.2 83.7704 1.83363 1.28071 423.731
12.3 83.7194 1.8637 1.29109 423.701
12.4 83.6683 1.89401 1.30147 423.671
12.5 83.6173 1.92456 1.31185 423.64
12.6 83.5662 1.95535 1.32223 423.609
12.7 83.5152 1.98638 1.3326 423.578
12.8 83.4642 2.01766 1.34297 423.547
12.9 83.4131 2.04917 1.35334 423.515
13 83.3621 2.08093 1.36371 423.484
13.1 83.311 2.11293 1.37407 423.452
13.2 83.26 2.14517 1.38443 423.419
13.3 83.2089 2.17764 1.39478 423.387
13.4 83.1579 2.21036 1.40514 423.354
13.5 83.1069 2.24332 1.41549 423.321
13.6 83.0558 2.27653 1.42583 423.288
13.7 83.0048 2.30997 1.43618 423.255
13.8 82.9537 2.34365 1.44652 423.221
13.9 82.9027 2.37757 1.45686 423.187
14 82.8517 2.41173 1.46719 423.153
14.1 82.8006 2.44613 1.47752 423.119
14.2 82.7496 2.48078 1.48785 423.084
14.3 82.6986 2.51566 1.49817 423.049
14.4 82.6475 2.55078 1.5085 423.014
14.5 82.5965 2.58614 1.51882 422.979
14.6 82.5454 2.62174 1.52913 422.943
14.7 82.4944 2.65758 1.53944 422.907
14.8 82.4434 2.69366 1.54975 422.871
14.9 82.3923 2.72997 1.56006 422.835
15 82.3413 2.76653 1.57036 422.798
15.1 82.2903 2.80333 1.58066 422.761
15.2 82.2392 2.84036 1.59095 422.724
15.3 82.1882 2.87763 1.60124 422.687
15.4 82.1372 2.91515 1.61153 422.65
15.5 82.0862 2.9529 1.62182 422.612
15.6 82.0351 2.99088 1.6321 422.574
15.7 81.9841 3.02911 1.64238 422.536
15.8 81.9331 3.06758 1.65265 422.497
15.9 81.882 3.10628 1.66292 422.458
16 81.831 3.14522 1.67319 422.419
16.1 81.78 3.1844 1.68345 422.38
16.2 81.7289 3.22381 1.69371 422.341
16.3 81.6779 3.26347 1.70397 422.301
16.4 81.6269 3.30336 1.71422 422.261
16.5 81.5759 3.34349 1.72447 422.221
16.6 81.5248 3.38385 1.73472 422.181
16.7 81.4738 3.42445 1.74496 422.14
16.8 81.4228 3.46529 1.7552 422.099
16.9 81.3718 3.50637 1.76543 422.058
17 81.3208 3.54768 1.77566 422.017
17.1 81.2697 3.58923 1.78589 421.975
17.2 81.2187 3.63102 1.79611 421.934
17.3 81.1677 3.67304 1.80633 421.892
17.4 81.1167 3.7153 1.81654 421.849
17.5 81.0656 3.75779 1.82675 421.807
17.6 81.0146 3.80052 1.83696 421.764
17.7 80.9636 3.84349 1.84716 421.721
17.8 80.9126 3.88669 1.85736 421.678
17.9 80.8616 3.93012 1.86756 421.635
18 80.8106 3.97379 1.87775 421.591
18.1 80.7595 4.0177 1.88794 421.547
18.2 80.7085 4.06184 1.89812 421.503
18.3 80.6575 4.10622 1.9083 421.458
18.4 80.6065 4.15083 1.91847 421.414
18.5 80.5555 4.19568 1.92864 421.369
18.6 80.5045 4.24076 1.93881 421.324
18.7 80.4535 4.28608 1.94897 421.279
18.8 80.4024 4.33163 1.95913 421.233
18.9 80.3514 4.37741 1.96928 421.187
19 80.3004 4.42343 1.97943 421.141
19.1 80.2494 4.46968 1.98958 421.095
19.2 80.1984 4.51617 1.99972 421.048
19.3 80.1474 4.56289 2.00985 421.002
19.4 80.0964 4.60984 2.01999 420.955
19.5 80.0454 4.65702 2.03011 420.908
19.6 79.9944 4.70444 2.04024 420.86
19.7 79.9434 4.7521 2.05036 420.813
19.8 79.8924 4.79998 2.06047 420.765
19.9 79.8414 4.8481 2.07058 420.717
20 79.7903 4.89645 2.08069 420.668
20.1 79.7393 4.94503 2.09079 420.62
20.2 79.6883 4.99385 2.10088 420.571
20.3 79.6373 5.04289 2.11098 420.522
20.4 79.5863 5.09217 2.12106 420.472
20.5 79.5353 5.14168 2.13115 420.423
20.6 79.4843 5.19142 2.14122 420.373
20.7 79.4333 5.2414 2.1513 420.323
20.8 79.3823 5.2916 2.16137 420.273
20.9 79.3313 5.34204 2.17143 420.223
21 79.2803 5.39271 2.18149 420.172
21.1 79.2293 5.44361 2.19155 420.121
21.2 79.1783 5.49474 2.2016 420.07
21.3 79.1274 5.5461 2.21164 420.019
21.4 79.0764 5.59769 2.22168 419.967
21.5 79.0254 5.64951 2.23172 419.915
21.6 78.9744 5.70156 2.24175 419.863
21.7 78.9234 5.75384 2.25177 419.811
21.8 78.8724 5.80635 2.26179 419.758
21.9 78.8214 5.85909 2.27181 419.706
22 78.7704 5.91206 2.28182 419.653
22.1 78.7194 5.96525 2.29183 419.599
22.2 78.6684 6.01868 2.30183 419.546
22.3 78.6174 6.07234 2.31182 419.492
22.4 78.5664 6.12623 2.32182 419.438
22.5 78.5155 6.18034 2.3318 419.384
22.6 78.4645 6.23468 2.34178 419.33
22.7001 78.4135 6.28925 2.35176 419.275
22.8001 78.3625 6.34405 2.36173 419.221
22.9001 78.3115 6.39908 2.3717 419.166
23.0001 78.2605 6.45434 2.38166 419.11
23.1001 78.2096 6.50982 2.39161 419.055
23.2001 78.1586 6.56553 2.40156 418.999
23.3001 78.1076 6.62147 2.41151 418.943
23.4001 78.0566 6.67763 2.42145 418.887
23.5001 78.0056 6.73402 2.43138 418.831
23.6001 77.9547 6.79064 2.44131 418.774
23.7001 77.9037 6.84749 2.45123 418.717
23.8001 77.8527 6.90456 2.46115 418.66
23.9001 77.8017 6.96186 2.47106 418.603
24.0001 77.7507 7.01938 2.48097 418.545
24.1001 77.6998 7.07713 2.49087 418.488
24.2001 77.6488 7.13511 2.50077 418.43
24.3001 77.5978 7.19331 2.51066 418.371
24.4001 77.5469 7.25173 2.52055 418.313
24.5001 77.4959 7.31039 2.53043 418.254
24.6001 77.4449 7.36926 2.5403 418.195
24.7001 77.3939 7.42837 2.55017 418.136
24.8001 77.343 7.48769 2.56003 418.077
24.9001 77.292 7.54724 2.56989 418.017
25.0001 77.241 7.60702 2.57974 417.958
25.1001 77.1901 7.66702 2.58959 417.898
25.2001 77.1391 7.72724 2.59943 417.837
25.3001 77.0881 7.78769 2.60927 417.777
25.4001 77.0372 7.84836 2.6191 417.716
25.5001 76.9862 7.90926 2.62892 417.655
25.6001 76.9352 7.97037 2.63874 417.594
25.7001 76.8843 8.03171 2.64855 417.533
25.8001 76.8333 8.09328 2.65836 417.471
25.9001 76.7824 8.15506 2.66816 417.41
26.0001 76.7314 8.21707 2.67795 417.348
26.1001 76.6804 8.2793 2.68774 417.285
26.2001 76.6295 8.34176 2.69753 417.223
26.3001 76.5785 8.40443 2.7073 417.16
26.4001 76.5276 8.46733 2.71707 417.097
26.5001 76.4766 8.53045 2.72684 417.034
26.6001 76.4257 8.59379 2.7366 416.971
26.7001 76.3747 8.65735 2.74635 416.907
26.8001 76.3238 8.72113 2.7561 416.844
26.9001 76.2728 8.78513 2.76584 416.78
27.0001 76.2219 8.84936 2.77558 416.715
27.1001 76.1709 8.9138 2.78531 416.651
27.2001 76.12 8.97846 2.79503 416.586
27.3001 76.069 9.04335 2.80475 416.521
27.4001 76.0181 9.10845 2.81446 416.456
27.5001 75.9671 9.17377 2.82416 416.391
27.6001 75.9162 9.23931 2.83386 416.325
27.7001 75.8652 9.30508 2.84355 416.26
27.8001 75.8143 9.37106 2.85324 416.194
27.9001 75.7633 9.43726 2.86292 416.127
28.0001 75.7124 9.50367 2.87259 416.061
28.1001 75.6615 9.57031 2.88226 415.994
28.2001 75.6105 9.63716 2.89192 415.927
28.3001 75.5596 9.70424 2.90157 415.86
28.4001 75.5086 9.77153 2.91122 415.793
28.5001 75.4577 9.83903 2.92086 415.726
28.6001 75.4068 9.90676 2.93049 415.658
28.7001 75.3558 9.9747 2.94012 415.59
28.8001 75.3049 10.0429 2.94974 415.522
28.9001 75.254 10.1112 2.95936 415.453
29.0001 75.203 10.1798 2.96897 415.385
29.1001 75.1521 10.2486 2.97857 415.316
29.2001 75.1012 10.3177 2.98817 415.247
29.3001 75.0502 10.3869 2.99776 415.178
29.4001 74.9993 10.4564 3.00734 415.108
29.5001 74.9484 10.526 3.01691 415.039
29.6001 74.8974 10.5959 3.02648 414.969
29.7001 74.8465 10.666 3.03605 414.899
29.8001 74.7956 10.7363 3.0456 414.828
29.9001 74.7447 10.8069 3.05515 414.758
30.0001 74.6937 10.8776 3.06469 414.687
30.1001 74.6428 10.9486 3.07423 414.616
30.2001 74.5919 11.0197 3.08376 414.545
30.3001 74.541 11.0911 3.09328 414.474
30.4001 74.4901 11.1627 3.10279 414.402
30.5001 74.4391 11.2346 3.1123 414.33
30.6001 74.3882 11.3066 3.1218 414.258
30.7001 74.3373 11.3788 3.1313 414.186
30.8001 74.2864 11.4513 3.14078 414.113
30.9001 74.2355 11.5239 3.15026 414.041
31.0001 74.1846 11.5968 3.15974 413.968
31.1001 74.1336 11.6699 3.1692 413.895
31.2001 74.0827 11.7432 3.17866 413.821
31.3001 74.0318 11.8167 3.18812 413.748
31.4001 73.9809 11.8904 3.19756 413.674
31.5001 73.93 11.9644 3.207 413.6
31.6001 73.8791 12.0385 3.21643 413.526
31.7001 73.8282 12.1129 3.22585 413.452
31.8001 73.7773 12.1875 3.23527 413.377
31.9001 73.7264 12.2622 3.24468 413.302
32.0001 73.6755 12.3372 3.25408 413.227
32.1001 73.6246 12.4124 3.26348 413.152
32.2001 73.5737 12.4878 3.27286 413.077
32.3001 73.5228 12.5634 3.28224 413.001
32.4001 73.4719 12.6393 3.29162 412.925
32.5001 73.421 12.7153 3.30098 412.849
32.6001 73.3701 12.7915 3.31034 412.773
32.7001 73.3192 12.868 3.31969 412.697
32.8001 73.2683 12.9446 3.32904 412.62
32.9001 73.2174 13.0215 3.33837 412.543
33.0001 73.1665 13.0986 3.3477 412.466
33.1001 73.1156 13.1759 3.35702 412.389
33.2001 73.0647 13.2534 3.36634 412.311
33.3001 73.0138 13.331 3.37564 412.234
33.4001 72.9629 13.409 3.38494 412.156
33.5001 72.9121 13.4871 3.39423 412.078
33.6001 72.8612 13.5654 3.40351 411.999
33.7001 72.8103 13.6439 3.41279 411.921
33.8001 72.7594 13.7226 3.42206 411.842
33.9001 72.7085 13.8016 3.43132 411.763
34.0001 72.6576 13.8807 3.44057 411.684
34.1001 72.6068 13.96 3.44982 411.605
34.2001 72.5559 14.0396 3.45905 411.525
34.3 72.505 14.1193 3.46828 411.445
34.4 72.4541 14.1993 3.47751 411.365
34.5 72.4032 14.2794 3.48672 411.285
34.6 72.3524 14.3598 3.49593 411.205
34.7 72.3015 14.4404 3.50512 411.124
34.8 72.2506 14.5211 3.51432 411.044
34.9 72.1998 14.6021 3.5235 410.963
35 72.1489 14.6833 3.53267 410.881
35.1 72.098 14.7647 3.54184 410.8
35.2 72.0471 14.8463 3.551 410.718
35.3 71.9963 14.928 3.56015 410.637
35.4 71.9454 15.01 3.56929 410.555
35.5 71.8945 15.0922 3.57843 410.472
35.6 71.8437 15.1746 3.58755 410.39
35.7 71.7928 15.2572 3.59667 410.307
35.8 71.742 15.34 3.60578 410.225
35.9 71.6911 15.423 3.61489 410.142
36 71.6402 15.5062 3.62398 410.058
36.1 71.5894 15.5896 3.63307 409.975
36.2 71.5385 15.6731 3.64215 409.892
36.3 71.4877 15.7569 3.65122 409.808
36.4 71.4368 15.8409 3.66028 409.724
36.5 71.3859 15.9251 3.66933 409.64
36.6 71.3351 16.0095 3.67838 409.555
36.7 71.2842 16.0941 3.68741 409.471
36.8 71.2334 16.1789 3.69644 409.386
36.9 71.1825 16.2639 3.70546 409.301
37 71.1317 16.349 3.71447 409.216
37.1 71.0808 16.4344 3.72348 409.13
37.2 71.03 16.52 3.73247 409.045
37.3 70.9792 16.6058 3.74146 408.959
37.4 70.9283 16.6917 3.75044 408.873
37.5 70.8775 16.7779 3.75941 408.787
37.6 70.8266 16.8643 3.76837 408.7
37.7 70.7758 16.9508 3.77732 408.614
37.8 70.7249 17.0376 3.78626 408.527
37.9 70.6741 17.1245 3.7952 408.44
38 70.6233 17.2117 3.80413 408.353
38.1 70.5724 17.299 3.81305 408.266
38.2 70.5216 17.3865 3.82195 408.178
38.3 70.4708 17.4743 3.83086 408.09
38.4 70.4199 17.5622 3.83975 408.002
38.5 70.3691 17.6503 3.84863 407.914
38.6 70.3183 17.7386 3.85751 407.826
38.7 70.2674 17.8271 3.86637 407.738
38.8 70.2166 17.9158 3.87523 407.649
38.9 70.1658 18.0047 3.88408 407.56
39 70.115 18.0938 3.89292 407.471
39.1 70.0641 18.183 3.90175 407.382
39.2 70.0133 18.2725 3.91057 407.292
39.3 69.9625 18.3622 3.91938 407.202
39.4 69.9117 18.452 3.92819 407.113
39.5 69.8609 18.542 3.93698 407.023
39.6 69.81 18.6323 3.94577 406.932
39.7 69.7592 18.7227 3.95455 406.842
39.8 69.7084 18.8133 3.96332 406.751
39.9 69.6576 18.9041 3.97207 406.661
40 69.6068 18.9951 3.98082 406.57
40.1 69.556 19.0863 3.98957 406.478
40.2 69.5052 19.1776 3.9983 406.387
40.3 69.4543 19.2692 4.00702 406.295
40.4 69.4035 19.361 4.01573 406.204
40.5 69.3527 19.4529 4.02444 406.112
40.6 69.3019 19.545 4.03313 406.02
40.7 69.2511 19.6373 4.04182 405.927
40.7999 69.2003 19.7298 4.0505 405.835
40.8999 69.1495 19.8225 4.05917 405.742
40.9999 69.0987 19.9154 4.06782 405.649
41.0999 69.0479 20.0084 4.07647 405.556
41.1999 68.9971 20.1017 4.08511 405.463
41.2999 68.9463 20.1951 4.09374 405.37
41.3999 68.8955 20.2887 4.10236 405.276
41.4999 68.8447 20.3825 4.11098 405.182
41.5999 68.7939 20.4765 4.11958 405.088
41.6999 68.7431 20.5707 4.12817 404.994
41.7999 68.6924 20.665 4.13675 404.9
41.8999 68.6416 20.7596 4.14533 404.805
41.9999 68.5908 20.8543 4.15389 404.71
42.0999 68.54 20.9492 4.16245 404.615
42.1999 68.4892 21.0443 4.17099 404.52
42.2999 68.4384 21.1396 4.17953 404.425
42.3999 68.3876 21.2351 4.18805 404.33
42.4999 68.3369 21.3307 4.19657 404.234
42.5999 68.2861 21.4265 4.20508 404.138
42.6999 68.2353 21.5225 4.21357 404.042
42.7999 68.1845 21.6187 4.22206 403.946
42.8999 68.1337 21.7151 4.23054 403.85
42.9999 68.083 21.8116 4.23901 403.753
43.0999 68.0322 21.9084 4.24746 403.656
43.1999 67.9814 22.0053 4.25591 403.559
43.2999 67.9306 22.1024 4.26435 403.462
43.3999 67.8799 22.1996 4.27278 403.365
43.4999 67.8291 22.2971 4.2812 403.268
43.5999 67.7783 22.3947 4.28961 403.17
43.6999 67.7276 22.4925 4.298 403.072
43.7999 67.6768 22.5905 4.30639 402.974
43.8999 67.626 22.6887 4.31477 402.876
43.9999 67.5753 22.787 4.32314 402.778
44.0999 67.5245 22.8856 4.3315 402.679
44.1999 67.4738 22.9843 4.33985 402.58
44.2999 67.423 23.0831 4.34819 402.482
44.3999 67.3723 23.1822 4.35652 402.382
44.4999 67.3215 23.2814 4.36484 402.283
44.5999 67.2707 23.3808 4.37315 402.184
44.6999 67.22 23.4804 4.38144 402.084
44.7999 67.1692 23.5802 4.38973 401.984
44.8999 67.1185 23.6801 4.39801 401.885
44.9999 67.0677 23.7802 4.40628 401.784
45.0999 67.017 23.8805 4.41454 401.684
45.1999 66.9662 23.981 4.42278 401.584
45.2999 66.9155 24.0816 4.43102 401.483
45.3999 66.8648 24.1824 4.43925 401.382
45.4999 66.814 24.2834 4.44747 401.281
45.5999 66.7633 24.3846 4.45567 401.18
45.6999 66.7125 24.4859 4.46387 401.079
45.7999 66.6618 24.5874 4.47205 400.977
45.8999 66.6111 24.6891 4.48023 400.876
45.9999 66.5603 24.7909 4.48839 400.774
46.0999 66.5096 24.8929 4.49655 400.672
46.1999 66.4589 24.9951 4.50469 400.57
46.2999 66.4081 25.0975 4.51282 400.467
46.3999 66.3574 25.2 4.52095 400.365
46.4999 66.3067 25.3027 4.52906 400.262
46.5999 66.2559 25.4056 4.53716 400.159
46.6999 66.2052 25.5086 4.54525 400.056
46.7999 66.1545 25.6119 4.55333 399.953
46.8999 66.1038 25.7152 4.5614 399.849
46.9999 66.0531 25.8188 4.56946 399.746
47.0999 66.0023 25.9225 4.57751 399.642
47.1999 65.9516 26.0264 4.58555 399.538
47.2999 65.9009 26.1305 4.59357 399.434
47.3998 65.8502 26.2347 4.60159 399.33
47.4998 65.7995 26.3391 4.6096 399.226
47.5998 65.7488 26.4436 4.61759 399.121
47.6998 65.698 26.5483 4.62557 399.016
47.7998 65.6473 26.6532 4.63355 398.911
47.8998 65.5966 26.7583 4.64151 398.806
47.9998 65.5459 26.8635 4.64946 398.701
48.0998 65.4952 26.9689 4.6574 398.596
48.1998 65.4445 27.0745 4.66533 398.49
48.2998 65.3938 27.1802 4.67325 398.384
48.3998 65.3431 27.2861 4.68115 398.279
48.4998 65.2924 27.3921 4.68905 398.173
48.5998 65.2417 27.4983 4.69694 398.066
48.6998 65.191 27.6047 4.70481 397.96
48.7998 65.1403 27.7112 4.71267 397.853
48.8998 65.0896 27.8179 4.72053 397.747
48.9998 65.0389 27.9248 4.72837 397.64
49.0998 64.9882 28.0318 4.7362 397.533
49.1998 64.9375 28.139 4.74401 397.426
49.2998 64.8868 28.2464 4.75182 397.318
49.3998 64.8362 28.3539 4.75962 397.211
49.4998 64.7855 28.4615 4.7674 397.103
49.5998 64.7348 28.5694 4.77518 396.995
49.6998 64.6841 28.6774 4.78294 396.887
49.7998 64.6334 28.7855 4.79069 396.779
49.8998 64.5827 28.8938 4.79843 396.671
49.9998 64.5321 29.0023 4.80616 396.562
50.0998 64.4814 29.1109 4.81387 396.454
50.1998 64.4307 29.2197 4.82158 396.345
50.2998 64.38 29.3287 4.82927 396.236
50.3998 64.3294 29.4378 4.83696 396.127
50.4998 64.2787 29.547 4.84463 396.018
50.5998 64.228 29.6565 4.85229 395.908
50.6998 64.1774 29.766 4.85994 395.799
50.7998 64.1267 29.8758 4.86757 395.689
50.8998 64.076 29.9857 4.8752 395.579
50.9998 64.0254 30.0957 4.88281 395.469
51.0998 63.9747 30.2059 4.89041 395.359
51.1998 63.924 30.3163 4.898 395.248
51.2998 63.8734 30.4268 4.90558 395.138
51.3998 63.8227 30.5374 4.91315 395.027
51.4998 63.7721 30.6483 4.9207 394.916
51.5998 63.7214 30.7592 4.92825 394.805
51.6998 63.6708 30.8704 4.93578 394.694
51.7998 63.6201 30.9816 4.9433 394.583
51.8998 63.5695 31.0931 4.95081 394.472
51.9998 63.5188 31.2047 4.9583 394.36
52.0998 63.4682 31.3164 4.96579 394.248
52.1998 63.4175 31.4283 4.97326 394.136
52.2998 63.3669 31.5403 4.98072 394.024
52.3998 63.3162 31.6525 4.98817 393.912
52.4998 63.2656 31.7649 4.99561 393.8
52.5998 63.2149 31.8774 5.00303 393.687
52.6998 63.1643 31.99 5.01044 393.575
52.7998 63.1137 32.1028 5.01785 393.462
52.8998 63.063 32.2158 5.02523 393.349
52.9998 63.0124 32.3289 5.03261 393.236
53.0998 62.9618 32.4421 5.03998 393.123
53.1998 62.9111 32.5555 5.04733 393.009
53.2998 62.8605 32.669 5.05467 392.896
53.3998 62.8099 32.7827 5.062 392.782
53.4998 62.7592 32.8966 5.06931 392.668
53.5998 62.7086 33.0105 5.07662 392.554
53.6998 62.658 33.1247 5.08391 392.44
53.7998 62.6074 33.2389 5.09119 392.326
53.8997 62.5568 33.3534 5.09846 392.211
53.9997 62.5061 33.4679 5.10571 392.097
54.0997 62.4555 33.5826 5.11295 391.982
54.1997 62.4049 33.6975 5.12019 391.867
54.2997 62.3543 33.8125 5.1274 391.752
54.3997 62.3037 33.9276 5.13461 391.637
54.4997 62.2531 34.0429 5.1418 391.522
54.5997 62.2025 34.1584 5.14898 391.406
54.6997 62.1518 34.2739 5.15615 391.291
54.7997 62.1012 34.3897 5.16331 391.175
54.8997 62.0506 34.5055 5.17045 391.059
54.9997 62 34.6215 5.17758 390.943
55.0997 61.9494 34.7377 5.1847 390.827
55.1997 61.8988 34.854 5.19181 390.711
55.2997 61.8482 34.9704 5.1989 390.594
55.3997 61.7976 35.087 5.20598 390.478
55.4997 61.747 35.2037 5.21305 390.361
55.5997 61.6964 35.3205 5.22011 390.244
55.6997 61.6458 35.4375 5.22715 390.127
55.7997 61.5953 35.5547 5.23418 390.01
55.8997 61.5447 35.6719 5.2412 389.893
55.9997 61.4941 35.7893 5.2482 389.775
56.0997 61.4435 35.9069 5.25519 389.658
56.1997 61.3929 36.0246 5.26217 389.54
56.2997 61.3423 36.1424 5.26914 389.422
56.3997 61.2917 36.2603 5.27609 389.304
56.4997 61.2412 36.3784 5.28303 389.186
56.5997 61.1906 36.4967 5.28996 389.068
56.6997 61.14 36.615 5.29688 388.95
56.7997 61.0894 36.7335 5.30378 388.831
56.8997 61.0389 36.8522 5.31067 388.712
56.9997 60.9883 36.971 5.31754 388.594
57.0997 60.9377 37.0899 5.32441 388.475
57.1997 60.8871 37.2089 5.33126 388.356
57.2997 60.8366 37.3281 5.3381 388.237
57.3997 60.786 37.4474 5.34492 388.117
57.4997 60.7355 37.5668 5.35173 387.998
57.5997 60.6849 37.6864 5.35853 387.878
57.6997 60.6343 37.8061 5.36531 387.759
57.7997 60.5838 37.926 5.37209 387.639
57.8997 60.5332 38.0459 5.37884 387.519
57.9997 60.4827 38.166 5.38559 387.399
58.0997 60.4321 38.2863 5.39232 387.278
58.1997 60.3815 38.4067 5.39904 387.158
58.2997 60.331 38.5271 5.40575 387.038
58.3997 60.2804 38.6478 5.41244 386.917
58.4997 60.2299 38.7685 5.41912 386.796
58.5997 60.1793 38.8894 5.42578 386.675
58.6997 60.1288 39.0104 5.43244 386.554
58.7997 60.0783 39.1316 5.43907 386.433
58.8997 60.0277 39.2528 5.4457 386.312
58.9997 59.9772 39.3742 5.45231 386.19
59.0997 59.9266 39.4958 5.45891 386.069
59.1997 59.8761 39.6174 5.4655 385.947
59.2997 59.8256 39.7392 5.47207 385.825
59.3997 59.775 39.8611 5.47863 385.704
59.4997 59.7245 39.9831 5.48517 385.582
59.5997 59.674 40.1053 5.4917 385.459
59.6997 59.6234 40.2276 5.49822 385.337
59.7997 59.5729 40.35 5.50472 385.215
59.8997 59.5224 40.4725 5.51121 385.092
59.9997 59.4719 40.5952 5.51769 384.969
60.0997 59.4213 40.718 5.52415 384.847
60.1997 59.3708 40.8409 5.5306 384.724
60.2997 59.3203 40.9639 5.53704 384.601
60.3997 59.2698 41.087 5.54346 384.478
60.4996 59.2193 41.2103 5.54987 384.354
60.5996 59.1688 41.3337 5.55626 384.231
60.6996 59.1182 41.4572 5.56265 384.107
60.7996 59.0677 41.5809 5.56901 383.984
60.8996 59.0172 41.7046 5.57537 383.86
60.9996 58.9667 41.8285 5.5817 383.736
61.0996 58.9162 41.9525 5.58803 383.612
61.1996 58.8657 42.0766 5.59434 383.488
61.2996 58.8152 42.2008 5.60064 383.364
61.3996 58.7647 42.3252 5.60692 383.239
61.4996 58.7142 42.4497 5.61319 383.115
61.5996 58.6637 42.5742 5.61945 382.99
61.6996 58.6132 42.699 5.62569 382.866
61.7996 58.5627 42.8238 5.63192 382.741
61.8996 58.5122 42.9487 5.63813 382.616
61.9996 58.4617 43.0738 5.64433 382.491
62.0996 58.4112 43.199 5.65051 382.366
62.1996 58.3608 43.3242 5.65668 382.24
62.2996 58.3103 43.4496 5.66284 382.115
62.3996 58.2598 43.5752 5.66898 381.989
62.4996 58.2093 43.7008 5.67511 381.864
62.5996 58.1588 43.8266 5.68123 381.738
62.6996 58.1083 43.9524 5.68733 381.612
62.7996 58.0579 44.0784 5.69341 381.486
62.8996 58.0074 44.2045 5.69948 381.36
62.9996 57.9569 44.3307 5.70554 381.234
63.0996 57.9064 44.457 5.71158 381.108
63.1996 57.856 44.5834 5.71761 380.981
63.2996 57.8055 44.71 5.72363 380.855
63.3996 57.755 44.8366 5.72963 380.728
63.4996 57.7046 44.9634 5.73561 380.601
63.5996 57.6541 45.0902 5.74158 380.474
63.6996 57.6036 45.2172 5.74754 380.347
63.7996 57.5532 45.3443 5.75348 380.22
63.8996 57.5027 45.4715 5.75941 380.093
63.9996 57.4523 45.5988 5.76532 379.966
64.0996 57.4018 45.7262 5.77122 379.838
64.1996 57.3514 45.8538 5.7771 379.711
64.2996 57.3009 45.9814 5.78297 379.583
64.3996 57.2505 46.1091 5.78882 379.456
64.4996 57.2 46.237 5.79466 379.328
64.5996 57.1496 46.3649 5.80049 379.2
64.6996 57.0991 46.493 5.8063 379.072
64.7996 57.0487 46.6211 5.81209 378.944
64.8996 56.9982 46.7494 5.81788 378.815
64.9996 56.9478 46.8778 5.82364 378.687
65.0996 56.8973 47.0063 5.82939 378.558
65.1996 56.8469 47.1348 5.83513 378.43
65.2996 56.7965 47.2635 5.84085 378.301
65.3996 56.746 47.3923 5.84656 378.172
65.4996 56.6956 47.5212 5.85225 378.043
65.5996 56.6452 47.6502 5.85793 377.914
65.6996 56.5948 47.7793 5.86359 377.785
65.7996 56.5443 47.9085 5.86924 377.656
65.8996 56.4939 48.0378 5.87487 377.527
65.9996 56.4435 48.1672 5.88048 377.397
66.0996 56.3931 48.2967 5.88609 377.268
66.1996 56.3426 48.4263 5.89167 377.138
66.2996 56.2922 48.556 5.89725 377.009
66.3996 56.2418 48.6858 5.9028 376.879
66.4996 56.1914 48.8157 5.90835 376.749
66.5996 56.141 48.9457 5.91387 376.619
66.6996 56.0906 49.0758 5.91938 376.489
66.7996 56.0402 49.206 5.92488 376.359
66.8996 55.9897 49.3363 5.93036 376.228
66.9995 55.9393 49.4667 5.93583 376.098
67.0995 55.8889 49.5972 5.94128 375.967
67.1995 55.8385 49.7278 5.94671 375.837
67.2995 55.7881 49.8584 5.95213 375.706
67.3995 55.7377 49.9892 5.95754 375.575
67.4995 55.6873 50.1201 5.96293 375.445
67.5995 55.6369 50.251 5.9683 375.314
67.6995 55.5865 50.3821 5.97366 375.183
67.7995 55.5362 50.5133 5.97901 375.051
67.8995 55.4858 50.6445 5.98433 374.92
67.9995 55.4354 50.7758 5.98965 374.789
68.0995 55.385 50.9073 5.99495 374.657
68.1995 55.3346 51.0388 6.00023 374.526
68.2995 55.2842 51.1704 6.00549 374.394
68.3995 55.2338 51.3021 6.01074 374.263
68.4995 55.1835 51.4339 6.01598 374.131
68.5995 55.1331 51.5658 6.0212 373.999
68.6995 55.0827 51.6978 6.0264 373.867
68.7995 55.0323 51.8298 6.03159 373.735
68.8995 54.982 51.962 6.03677 373.603
68.9995 54.9316 52.0942 6.04192 373.47
69.0995 54.8812 52.2266 6.04706 373.338
69.1995 54.8308 52.359 6.05219 373.206
69.2995 54.7805 52.4915 6.0573 373.073
69.3995 54.7301 52.6241 6.0624 372.941
69.4995 54.6798 52.7568 6.06747 372.808
69.5995 54.6294 52.8896 6.07254 372.675
69.6995 54.579 53.0224 6.07759 372.542
69.7995 54.5287 53.1554 6.08262 372.409
69.8995 54.4783 53.2884 6.08763 372.276
69.9995 54.428 53.4215 6.09263 372.143
70.0995 54.3776 53.5547 6.09762 372.01
70.1995 54.3273 53.688 6.10258 371.877
70.2995 54.2769 53.8214 6.10754 371.743
70.3995 54.2266 53.9548 6.11247 371.61
70.4995 54.1762 54.0884 6.11739 371.476
70.5995 54.1259 54.222 6.1223 371.343
70.6995 54.0755 54.3557 6.12718 371.209
70.7995 54.0252 54.4894 6.13206 371.075
70.8995 53.9749 54.6233 6.13691 370.941
70.9995 53.9245 54.7573 6.14175 370.807
71.0995 53.8742 54.8913 6.14658 370.673
71.1995 53.8239 55.0254 6.15138 370.539
71.2995 53.7735 55.1596 6.15618 370.405
71.3995 53.7232 55.2938 6.16095 370.271
71.4995 53.6729 55.4282 6.16571 370.136
71.5995 53.6226 55.5626 6.17045 370.002
71.6995 53.5722 55.6971 6.17518 369.868
71.7995 53.5219 55.8317 6.17989 369.733
71.8995 53.4716 55.9663 6.18459 369.598
71.9995 53.4213 56.101 6.18926 369.464
72.0995 53.371 56.2358 6.19393 369.329
72.1995 53.3206 56.3707 6.19857 369.194
72.2995 53.2703 56.5057 6.2032 369.059
72.3995 53.22 56.6407 6.20781 368.924
72.4995 53.1697 56.7758 6.21241 368.789
72.5995 53.1194 56.911 6.21699 368.654
72.6995 53.0691 57.0463 6.22155 368.518
72.7995 53.0188 57.1816 6.2261 368.383
72.8995 52.9685 57.317 6.23063 368.248
72.9995 52.9182 57.4525 6.23514 368.112
73.0995 52.8679 57.588 6.23964 367.977
73.1995 52.8176 57.7236 6.24412 367.841
73.2995 52.7673 57.8593 6.24859 367.705
73.3995 52.717 57.9951 6.25304 367.57
73.4995 52.6667 58.1309 6.25747 367.434
73.5994 52.6164 58.2668 6.26188 367.298
73.6994 52.5661 58.4028 6.26628 367.162
73.7994 52.5158 58.5388 6.27066 367.026
73.8994 52.4656 58.6749 6.27502 366.89
73.9994 52.4153 58.8111 6.27937 366.754
74.0994 52.365 58.9474 6.2837 366.617
74.1994 52.3147 59.0837 6.28802 366.481
74.2994 52.2644 59.2201 6.29232 366.345
74.3994 52.2142 59.3565 6.2966 366.208
74.4994 52.1639 59.493 6.30086 366.072
74.5994 52.1136 59.6296 6.30511 365.935
74.6994 52.0634 59.7663 6.30934 365.798
74.7994 52.0131 59.903 6.31355 365.662
74.8994 51.9628 60.0398 6.31775 365.525
74.9994 51.9126 60.1766 6.32193 365.388
75.0994 51.8623 60.3135 6.32609 365.251
75.1994 51.812 60.4505 6.33024 365.114
75.2994 51.7618 60.5875 6.33436 364.977
75.3994 51.7115 60.7246 6.33848 364.84
75.4994 51.6613 60.8618 6.34257 364.703
75.5994 51.611 60.999 6.34665 364.566
75.6994 51.5608 61.1363 6.35071 364.428
75.7994 51.5105 61.2736 6.35475 364.291
75.8994 51.4603 61.411 6.35878 364.154
75.9994 51.41 61.5485 6.36279 364.016
76.0994 51.3598 61.686 6.36678 363.879
76.1994 51.3095 61.8236 6.37075 363.741
76.2994 51.2593 61.9612 6.37471 363.603
76.3994 51.209 62.0989 6.37865 363.466
76.4994 51.1588 62.2367 6.38258 363.328
76.5994 51.1086 62.3745 6.38648 363.19
76.6994 51.0583 62.5124 6.39037 363.052
76.7994 51.0081 62.6503 6.39424 362.914
76.8994 50.9579 62.7883 6.3981 362.776
76.9994 50.9076 62.9263 6.40193 362.638
77.0994 50.8574 63.0644 6.40575 362.5
77.1994 50.8072 63.2026 6.40956 362.362
77.2994 50.757 63.3408 6.41334 362.224
77.3994 50.7067 63.4791 6.41711 362.086
77.4994 50.6565 63.6174 6.42086 361.947
77.5994 50.6063 63.7557 6.42459 361.809
77.6994 50.5561 63.8942 6.4283 361.67
77.7994 50.5059 64.0326 6.432 361.532
77.8994 50.4557 64.1712 6.43568 361.393
77.9994 50.4055 64.3098 6.43934 361.255
78.0994 50.3553 64.4484 6.44299 361.116
78.1994 50.305 64.5871 6.44662 360.978
78.2994 50.2548 64.7258 6.45023 360.839
78.3994 50.2046 64.8646 6.45382 360.7
78.4994 50.1544 65.0034 6.45739 360.561
78.5994 50.1042 65.1423 6.46095 360.422
78.6994 50.054 65.2812 6.46449 360.283
78.7994 50.0038 65.4202 6.46801 360.144
78.8994 49.9537 65.5592 6.47151 360.005
78.9994 49.9035 65.6983 6.475 359.866
79.0994 49.8533 65.8374 6.47847 359.727
79.1994 49.8031 65.9766 6.48192 359.588
79.2994 49.7529 66.1158 6.48535 359.449
79.3994 49.7027 66.2551 6.48876 359.31
79.4994 49.6525 66.3944 6.49216 359.17
79.5994 49.6023 66.5337 6.49554 359.031
79.6994 49.5522 66.6731 6.4989 358.892
79.7994 49.502 66.8126 6.50225 358.752
79.8994 49.4518 66.9521 6.50557 358.613
79.9994 49.4016 67.0916 6.50888 358.473
80.0993 49.3515 67.2312 6.51217 358.333
80.1993 49.3013 67.3708 6.51544 358.194
80.2993 49.2511 67.5104 6.51869 358.054
80.3993 49.201 67.6501 6.52193 357.915
80.4993 49.1508 67.7899 6.52515 357.775
80.5993 49.1006 67.9297 6.52835 357.635
80.6993 49.0505 68.0695 6.53153 357.495
80.7993 49.0003 68.2093 6.53469 357.355
80.8993 48.9502 68.3492 6.53783 357.215
80.9993 48.9 68.4892 6.54096 357.075
81.0993 48.8499 68.6292 6.54407 356.935
81.1993 48.7997 68.7692 6.54716 356.795
81.2993 48.7496 68.9092 6.55023 356.655
81.3993 48.6994 69.0493 6.55329 356.515
81.4993 48.6493 69.1894 6.55632 356.375
81.5993 48.5991 69.3296 6.55934 356.235
81.6993 48.549 69.4698 6.56234 356.095
81.7993 48.4988 69.61 6.56532 355.955
81.8993 48.4487 69.7503 6.56829 355.814
81.9993 48.3986 69.8906 6.57123 355.674
82.0993 48.3484 70.031 6.57416 355.534
82.1993 48.2983 70.1713 6.57707 355.393
82.2993 48.2482 70.3117 6.57995 355.253
82.3993 48.198 70.4522 6.58283 355.112
82.4993 48.1479 70.5927 6.58568 354.972
82.5993 48.0978 70.7332 6.58851 354.831
82.6993 48.0477 70.8737 6.59133 354.691
82.7993 47.9975 71.0143 6.59413 354.55
82.8993 47.9474 71.1549 6.59691 354.41
82.9993 47.8973 71.2955 6.59967 354.269
83.0993 47.8472 71.4362 6.60241 354.128
83.1993 47.7971 71.5769 6.60513 353.988
83.2993 47.7469 71.7176 6.60784 353.847
83.3993 47.6968 71.8583 6.61052 353.706
83.4993 47.6467 71.9991 6.61319 353.566
83.5993 47.5966 72.1399 6.61584 353.425
83.6993 47.5465 72.2808 6.61847 353.284
83.7993 47.4964 72.4216 6.62108 353.143
83.8993 47.4463 72.5625 6.62367 353.002
83.9993 47.3962 72.7034 6.62625 352.861
84.0993 47.3461 72.8444 6.6288 352.72
84.1993 47.296 72.9853 6.63134 352.579
84.2993 47.2459 73.1263 6.63386 352.438
84.3993 47.1958 73.2673 6.63636 352.297
84.4993 47.1457 73.4084 6.63884 352.156
84.5993 47.0957 73.5494 6.6413 352.015
84.6993 47.0456 73.6905 6.64374 351.874
84.7993 46.9955 73.8316 6.64617 351.733
84.8993 46.9454 73.9728 6.64857 351.592
84.9993 46.8953 74.1139 6.65096 351.451
85.0993 46.8452 74.2551 6.65332 351.31
85.1993 46.7952 74.3963 6.65567 351.168
85.2993 46.7451 74.5375 6.658 351.027
85.3993 46.695 74.6787 6.66031 350.886
85.4993 46.6449 74.82 6.6626 350.745
85.5993 46.5949 74.9613 6.66488 350.603
85.6993 46.5448 75.1026 6.66713 350.462
85.7993 46.4947 75.2439 6.66936 350.321
85.8993 46.4447 75.3852 6.67158 350.179
85.9993 46.3946 75.5266 6.67378 350.038
86.0993 46.3445 75.6679 6.67595 349.897
86.1993 46.2945 75.8093 6.67811 349.755
86.2993 46.2444 75.9507 6.68025 349.614
86.3993 46.1944 76.0921 6.68237 349.473
86.4993 46.1443 76.2335 6.68447 349.331
86.5993 46.0943 76.375 6.68655 349.19
86.6992 46.0442 76.5165 6.68862 349.048
86.7992 45.9942 76.6579 6.69066 348.907
86.8992 45.9441 76.7994 6.69268 348.765
86.9992 45.8941 76.9409 6.69469 348.624
87.0992 45.844 77.0824 6.69667 348.482
87.1992 45.794 77.224 6.69864 348.341
87.2992 45.744 77.3655 6.70059 348.199
87.3992 45.6939 77.5071 6.70251 348.058
87.4992 45.6439 77.6486 6.70442 347.916
87.5992 45.5938 77.7902 6.70631 347.774
87.6992 45.5438 77.9318 6.70818 347.633
87.7992 45.4938 78.0734 6.71003 347.491
87.8992 45.4438 78.215 6.71186 347.35
87.9992 45.3937 78.3566 6.71367 347.208
88.0992 45.3437 78.4982 6.71546 347.066
88.1992 45.2937 78.6398 6.71724 346.925
88.2992 45.2437 78.7815 6.71899 346.783
88.3992 45.1936 78.9231 6.72072 346.642
88.4992 45.1436 79.0648 6.72244 346.5
88.5992 45.0936 79.2064 6.72413 346.358
88.6992 45.0436 79.3481 6.72581 346.217
88.7992 44.9936 79.4898 6.72746 346.075
88.8992 44.9436 79.6314 6.7291 345.933
88.9992 44.8936 79.7731 6.73071 345.792
89.0992 44.8436 79.9148 6.73231 345.65
89.1992 44.7936 80.0565 6.73389 345.508
89.2992 44.7436 80.1982 6.73544 345.366
89.3992 44.6936 80.3399 6.73698 345.225
89.4992 44.6436 80.4816 6.7385 345.083
89.5992 44.5936 80.6233 6.74 344.941
89.6992 44.5436 80.765 6.74148 344.8
89.7992 44.4936 80.9067 6.74293 344.658
89.8992 44.4436 81.0484 6.74437 344.516
89.9992 44.3936 81.1901 6.74579 344.375
90.0992 44.3436 81.3318 6.74719 344.233
90.1992 44.2936 81.4735 6.74857 344.091
90.2992 44.2436 81.6152 6.74993 343.949
90.3992 44.1937 81.7569 6.75127 343.808
90.4992 44.1437 81.8986 6.75259 343.666
90.5992 44.0937 82.0403 6.75389 343.524
90.6992 44.0437 82.182 6.75517 343.383
90.7992 43.9938 82.3237 6.75644 343.241
90.8992 43.9438 82.4654 6.75768 343.099
90.9992 43.8938 82.607 6.7589 342.958
91.0992 43.8438 82.7487 6.7601 342.816
91.1992 43.7939 82.8904 6.76128 342.674
91.2992 43.7439 83.0321 6.76244 342.533
91.3992 43.6939 83.1737 6.76358 342.391
91.4992 43.644 83.3154 6.7647 342.249
91.5992 43.594 83.457 6.7658 342.108
91.6992 43.5441 83.5987 6.76688 341.966
91.7992 43.4941 83.7403 6.76794 341.824
91.8992 43.4442 83.8819 6.76899 341.683
91.9992 43.3942 84.0236 6.77001 341.541
92.0992 43.3443 84.1652 6.77101 341.399
92.1992 43.2943 84.3068 6.77199 341.258
92.2992 43.2444 84.4484 6.77295 341.116
92.3992 43.1944 84.59 6.77389 340.975
92.4992 43.1445 84.7315 6.77481 340.833
92.5992 43.0945 84.8731 6.77571 340.692
92.6992 43.0446 85.0146 6.77659 340.55
92.7992 42.9947 85.1562 6.77745 340.408
92.8992 42.9447 85.2977 6.77829 340.267
92.9992 42.8948 85.4392 6.77911 340.125
93.0992 42.8449 85.5807 6.77991 339.984
93.1992 42.7949 85.7222 6.78068 339.842
93.2991 42.745 85.8637 6.78144 339.701
93.3991 42.6951 86.0052 6.78218 339.559
93.4991 42.6451 86.1466 6.7829 339.418
93.5991 42.5952 86.288 6.7836 339.277
93.6991 42.5453 86.4295 6.78427 339.135
93.7991 42.4954 86.5709 6.78493 338.994
93.8991 42.4455 86.7122 6.78557 338.852
93.9991 42.3956 86.8536 6.78618 338.711
94.0991 42.3456 86.995 6.78678 338.57
94.1991 42.2957 87.1363 6.78735 338.428
94.2991 42.2458 87.2776 6.78791 338.287
94.3991 42.1959 87.4189 6.78844 338.146
94.4991 42.146 87.5602 6.78896 338.004
94.5991 42.0961 87.7014 6.78945 337.863
94.6991 42.0462 87.8427 6.78992 337.722
94.7991 41.9963 87.9839 6.79038 337.581
94.8991 41.9464 88.1251 6.79081 337.44
94.9991 41.8965 88.2663 6.79122 337.298
95.0991 41.8466 88.4074 6.79161 337.157
95.1991 41.7967 88.5485 6.79198 337.016
95.2991 41.7468 88.6896 6.79233 336.875
95.3991 41.6969 88.8307 6.79266 336.734
95.4991 41.647 88.9718 6.79297 336.593
95.5991 41.5972 89.1128 6.79326 336.452
95.6991 41.5473 89.2538 6.79352 336.311
95.7991 41.4974 89.3948 6.79377 336.17
95.8991 41.4475 89.5358 6.794 336.029
95.9991 41.3976 89.6767 6.7942 335.888
96.0991 41.3478 89.8177 6.79439 335.747
96.1991 41.2979 89.9585 6.79455 335.606
96.2991 41.248 90.0994 6.79469 335.465
96.3991 41.1981 90.2402 6.79482 335.324
96.4991 41.1483 90.381 6.79492 335.184
96.5991 41.0984 90.5218 6.795 335.043
96.6991 41.0485 90.6626 6.79506 334.902
96.7991 40.9987 90.8033 6.7951 334.761
96.8991 40.9488 90.944 6.79512 334.621
96.9991 40.899 91.0847 6.79512 334.48
97.0991 40.8491 91.2253 6.79509 334.339
97.1991 40.7992 91.3659 6.79505 334.199
97.2991 40.7494 91.5065 6.79498 334.058
97.3991 40.6995 91.647 6.7949 333.918
97.4991 40.6497 91.7875 6.79479 333.777
97.5991 40.5998 91.928 6.79467 333.637
97.6991 40.55 92.0684 6.79452 333.496
97.7991 40.5001 92.2088 6.79435 333.356
97.8991 40.4503 92.3492 6.79416 333.215
97.9991 40.4004 92.4895 6.79395 333.075
98.0991 40.3506 92.6299 6.79372 332.935
98.1991 40.3008 92.7701 6.79346 332.795
98.2991 40.2509 92.9104 6.79319 332.654
98.3991 40.2011 93.0506 6.79289 332.514
98.4991 40.1513 93.1907 6.79258 332.374
98.5991 40.1014 93.3309 6.79224 332.234
98.6991 40.0516 93.471 6.79188 332.094
98.7991 40.0018 93.611 6.79151 331.954
98.8991 39.952 93.751 6.79111 331.814
98.9991 39.9021 93.891 6.79069 331.674
99.0991 39.8523 94.0309 6.79024 331.534
99.1991 39.8025 94.1708 6.78978 331.394
99.2991 39.7527 94.3107 6.7893 331.254
99.3991 39.7029 94.4505 6.78879 331.114
99.4991 39.653 94.5903 6.78826 330.974
99.5991 39.6032 94.73 6.78772 330.835
99.6991 39.5534 94.8697 6.78715 330.695
99.799 39.5036 95.0094 6.78656 330.555
99.899 39.4538 95.149 6.78595 330.416
99.999 39.404 95.2886 6.78532 330.276
100.099 39.3542 95.4281 6.78466 330.137
100.199 39.3044 95.5676 6.78399 329.997
100.299 39.2546 95.707 6.78329 329.858
100.399 39.2048 95.8464 6.78258 329.718
100.499 39.155 95.9858 6.78184 329.579
100.599 39.1052 96.1251 6.78108 329.44
100.699 39.0554 96.2644 6.7803 329.3
100.799 39.0056 96.4036 6.7795 329.161
100.899 38.9558 96.5428 6.77867 329.022
100.999 38.906 96.6819 6.77783 328.883
101.099 38.8562 96.821 6.77696 328.744
101.199 38.8065 96.96 6.77608 328.605
101.299 38.7567 97.099 6.77517 328.466
101.399 38.7069 97.2379 6.77424 328.327
101.499 38.6571 97.3768 6.77329 328.188
101.599 38.6073 97.5156 6.77231 328.049
101.699 38.5576 97.6544 6.77132 327.91
101.799 38.5078 97.7931 6.7703 327.772
101.899 38.458 97.9318 6.76927 327.633
101.999 38.4083 98.0704 6.76821 327.494
102.099 38.3585 98.209 6.76713 327.356
102.199 38.3087 98.3476 6.76603 327.217
102.299 38.259 98.486 6.76491 327.079
102.399 38.2092 98.6245 6.76376 326.94
102.499 38.1594 98.7628 6.7626 326.802
102.599 38.1097 98.9011 6.76141 326.664
102.699 38.0599 99.0394 6.7602 326.525
102.799 38.0102 99.1776 6.75897 326.387
102.899 37.9604 99.3158 6.75772 326.249
102.999 37.9107 99.4539 6.75645 326.111
103.099 37.8609 99.5919 6.75516 325.973
103.199 37.8112 99.7299 6.75384 325.835
103.299 37.7614 99.8678 6.7525 325.697
103.399 37.7117 100.006 6.75115 325.559
103.499 37.6619 100.144 6.74977 325.421
103.599 37.6122 100.281 6.74836 325.283
103.699 37.5624 100.419 6.74694 325.146
103.799 37.5127 100.557 6.7455 325.008
103.899 37.463 100.694 6.74403 324.87
103.999 37.4132 100.832 6.74254 324.733
104.099 37.3635 100.969 6.74103 324.595
104.199 37.3138 101.107 6.7395 324.458
104.299 37.264 101.244 6.73795 324.321
104.399 37.2143 101.381 6.73637 324.183
104.499 37.1646 101.518 6.73478 324.046
104.599 37.1149 101.656 6.73316 323.909
104.699 37.0651 101.793 6.73152 323.772
104.799 37.0154 101.93 6.72986 323.635
104.899 36.9657 102.067 6.72818 323.498
104.999 36.916 102.204 6.72647 323.361
105.099 36.8663 102.34 6.72474 323.224
105.199 36.8166 102.477 6.723 323.087
105.299 36.7669 102.614 6.72123 322.951
105.399 36.7171 102.751 6.71944 322.814
105.499 36.6674 102.887 6.71762 322.677
105.599 36.6177 103.024 6.71579 322.541
105.699 36.568 103.16 6.71393 322.404
105.799 36.5183 103.297 6.71205 322.268
105.899 36.4686 103.433 6.71015 322.132
105.999 36.4189 103.569 6.70823 321.996
106.099 36.3692 103.705 6.70629 321.859
106.199 36.3195 103.841 6.70432 321.723
106.299 36.2698 103.977 6.70234 321.587
106.399 36.2201 104.113 6.70033 321.451
106.499 36.1705 104.249 6.6983 321.315
106.599 36.1208 104.385 6.69624 321.179
106.699 36.0711 104.521 6.69417 321.044
106.799 36.0214 104.657 6.69207 320.908
106.899 35.9717 104.792 6.68996 320.772
106.999 35.922 104.928 6.68782 320.637
107.099 35.8724 105.063 6.68565 320.501
107.199 35.8227 105.199 6.68347 320.366
107.299 35.773 105.334 6.68127 320.231
107.399 35.7233 105.469 6.67904 320.095
107.499 35.6737 105.604 6.67679 319.96
107.599 35.624 105.74 6.67452 319.825
107.699 35.5743 105.875 6.67222 319.69
107.799 35.5246 106.01 6.66991 319.555
107.899 35.475 106.144 6.66757 319.42
107.999 35.4253 106.279 6.66522 319.285
108.099 35.3757 106.414 6.66283 319.151
108.199 35.326 106.549 6.66043 319.016
108.299 35.2763 106.683 6.65801 318.881
108.399 35.2267 106.818 6.65556 318.747
108.499 35.177 106.952 6.65309 318.613
108.599 35.1274 107.086 6.6506 318.478
108.699 35.0777 107.221 6.64809 318.344
108.799 35.0281 107.355 6.64556 318.21
108.899 34.9784 107.489 6.643 318.076
108.999 34.9288 107.623 6.64042 317.942
109.099 34.8791 107.757 6.63782 317.808
109.199 34.8295 107.891 6.6352 317.674
109.299 34.7798 108.025 6.63256 317.54
109.399 34.7302 108.158 6.62989 317.406
109.499 34.6806 108.292 6.6272 317.273
109.599 34.6309 108.425 6.62449 317.139
109.699 34.5813 108.559 6.62176 317.006
109.799 34.5317 108.692 6.61901 316.872
109.899 34.482 108.826 6.61623 316.739
109.999 34.4324 108.959 6.61344 316.606
110.099 34.3828 109.092 6.61062 316.473
110.199 34.3331 109.225 6.60777 316.34
110.299 34.2835 109.358 6.60491 316.207
110.399 34.2339 109.491 6.60202 316.074
110.499 34.1843 109.623 6.59912 315.941
110.599 34.1347 109.756 6.59619 315.808
110.699 34.085 109.889 6.59323 315.676
110.799 34.0354 110.021 6.59026 315.543
110.899 33.9858 110.154 6.58726 315.411
110.999 33.9362 110.286 6.58425 315.279
111.099 33.8866 110.418 6.5812 315.146
111.199 33.837 110.55 6.57814 315.014
111.299 33.7874 110.683 6.57506 314.882
111.399 33.7378 110.815 6.57195 314.75
111.499 33.6882 110.946 6.56882 314.618
111.599 33.6386 111.078 6.56567 314.486
111.699 33.589 111.21 6.5625 314.355
111.799 33.5394 111.342 6.5593 314.223
111.899 33.4898 111.473 6.55609 314.092
111.999 33.4402 111.604 6.55285 313.96
112.099 33.3906 111.736 6.54959 313.829
112.199 33.341 111.867 6.5463 313.698
112.299 33.2914 111.998 6.543 313.566
112.399 33.2418 112.129 6.53967 313.435
112.499 33.1922 112.26 6.53632 313.304
112.599 33.1426 112.391 6.53295 313.174
112.699 33.093 112.522 6.52956 313.043
112.799 33.0435 112.653 6.52614 312.912
112.899 32.9939 112.783 6.5227 312.781
112.999 32.9443 112.914 6.51924 312.651
113.099 32.8947 113.044 6.51576 312.521
113.199 32.8452 113.174 6.51226 312.39
113.299 32.7956 113.305 6.50873 312.26
113.399 32.746 113.435 6.50518 312.13
113.499 32.6964 113.565 6.50161 312
113.599 32.6469 113.695 6.49802 311.87
113.699 32.5973 113.824 6.4944 311.74
113.799 32.5477 113.954 6.49076 311.611
113.899 32.4982 114.084 6.48711 311.481
113.999 32.4486 114.213 6.48342 311.352
114.099 32.3991 114.343 6.47972 311.222
114.199 32.3495 114.472 6.47599 311.093
114.299 32.2999 114.601 6.47225 310.964
114.399 32.2504 114.73 6.46848 310.835
114.499 32.2008 114.859 6.46468 310.706
114.599 32.1513 114.988 6.46087 310.577
114.699 32.1017 115.117 6.45703 310.448
114.799 32.0522 115.246 6.45317 310.319
114.899 32.0026 115.374 6.44929 310.191
114.999 31.9531 115.503 6.44539 310.062
115.099 31.9035 115.631 6.44147 309.934
115.199 31.854 115.759 6.43752 309.805
115.299 31.8045 115.887 6.43355 309.677
115.399 31.7549 116.015 6.42956 309.549
115.499 31.7054 116.143 6.42554 309.421
115.599 31.6558 116.271 6.42151 309.293
115.699 31.6063 116.399 6.41745 309.166
115.799 31.5568 116.527 6.41337 309.038
115.899 31.5073 116.654 6.40927 308.91
115.999 31.4577 116.782 6.40514 308.783
116.099 31.4082 116.909 6.401 308.656
116.199 31.3587 117.036 6.39683 308.529
116.299 31.3091 117.163 6.39264 308.401
116.399 31.2596 117.29 6.38842 308.275
116.499 31.2101 117.417 6.38419 308.148
116.599 31.1606 117.544 6.37993 308.021
116.699 31.1111 117.67 6.37565 307.894
116.799 31.0615 117.797 6.37135 307.768
116.899 31.012 117.923 6.36703 307.641
116.999 30.9625 118.05 6.36268 307.515
117.099 30.913 118.176 6.35831 307.389
117.199 30.8635 118.302 6.35392 307.263
117.299 30.814 118.428 6.34951 307.137
117.399 30.7645 118.554 6.34507 307.011
117.499 30.715 118.68 6.34062 306.885
117.599 30.6655 118.805 6.33614 306.759
117.699 30.616 118.931 6.33164 306.634
117.799 30.5665 119.056 6.32711 306.508
117.899 30.517 119.181 6.32257 306.383
117.999 30.4675 119.307 6.318 306.258
118.099 30.418 119.432 6.31341 306.133
118.199 30.3685 119.557 6.3088 306.008
118.299 30.319 119.681 6.30417 305.883
118.399 30.2695 119.806 6.29951 305.758
118.499 30.22 119.931 6.29483 305.634
118.599 30.1705 120.055 6.29013 305.509
118.699 30.121 120.18 6.28541 305.385
118.799 30.0716 120.304 6.28067 305.261
118.899 30.0221 120.428 6.2759 305.137
118.999 29.9726 120.552 6.27111 305.013
119.099 29.9231 120.676 6.2663 304.889
119.199 29.8736 120.8 6.26147 304.765
119.299 29.8242 120.923 6.25661 304.641
119.399 29.7747 121.047 6.25174 304.518
119.499 29.7252 121.17 6.24684 304.395
119.599 29.6758 121.293 6.24192 304.271
119.699 29.6263 121.417 6.23697 304.148
119.799 29.5768 121.54 6.23201 304.025
119.899 29.5273 121.662 6.22702 303.902
119.999 29.4779 121.785 6.22201 303.779
120.099 29.4284 121.908 6.21698 303.657
120.199 29.379 122.03 6.21193 303.534
120.299 29.3295 122.153 6.20685 303.412
120.399 29.28 122.275 6.20175 303.289
120.499 29.2306 122.397 6.19663 303.167
120.599 29.1811 122.519 6.19149 303.045
120.699 29.1317 122.641 6.18633 302.923
120.799 29.0822 122.763 6.18114 302.802
120.899 29.0328 122.885 6.17594 302.68
120.999 28.9833 123.006 6.17071 302.558
121.099 28.9339 123.128 6.16545 302.437
121.199 28.8844 123.249 6.16018 302.316
121.299 28.835 123.37 6.15488 302.195
121.399 28.7855 123.491 6.14957 302.074
121.499 28.7361 123.612 6.14423 301.953
121.599 28.6867 123.733 6.13887 301.832
121.699 28.6372 123.853 6.13348 301.711
121.799 28.5878 123.974 6.12808 301.591
121.899 28.5383 124.094 6.12265 301.47
121.999 28.4889 124.214 6.1172 301.35
122.099 28.4395 124.335 6.11173 301.23
122.199 28.39 124.455 6.10623 301.11
122.299 28.3406 124.574 6.10072 300.99
122.399 28.2912 124.694 6.09518 300.871
122.499 28.2418 124.814 6.08962 300.751
122.599 28.1923 124.933 6.08404 300.632
122.699 28.1429 125.052 6.07844 300.512
122.799 28.0935 125.172 6.07281 300.393
122.899 28.0441 125.291 6.06717 300.274
122.999 27.9947 125.41 6.0615 300.155
123.099 27.9452 125.528 6.05581 300.036
123.199 27.8958 125.647 6.05009 299.918
123.299 27.8464 125.765 6.04436 299.799
123.399 27.797 125.884 6.0386 299.681
123.499 27.7476 126.002 6.03282 299.563
123.599 27.6982 126.12 6.02702 299.444
123.699 27.6488 126.238 6.0212 299.327
123.799 27.5994 126.356 6.01536 299.209
123.899 27.55 126.474 6.00949 299.091
123.999 27.5005 126.591 6.00361 298.973
124.099 27.4511 126.709 5.9977 298.856
124.199 27.4017 126.826 5.99177 298.739
124.299 27.3523 126.943 5.98581 298.622
124.399 27.3029 127.06 5.97984 298.505
124.499 27.2536 127.177 5.97384 298.388
124.599 27.2042 127.294 5.96782 298.271
124.699 27.1548 127.41 5.96178 298.154
124.799 27.1054 127.527 5.95572 298.038
124.899 27.056 127.643 5.94964 297.922
124.999 27.0066 127.759 5.94353 297.806
125.099 26.9572 127.875 5.93741 297.69
125.199 26.9078 127.991 5.93126 297.574
125.299 26.8584 128.107 5.92509 297.458
125.399 26.8091 128.222 5.9189 297.342
125.499 26.7597 128.338 5.91268 297.227
125.599 26.7103 128.453 5.90645 297.112
125.699 26.6609 128.568 5.90019 296.997
125.799 26.6115 128.683 5.89391 296.882
125.899 26.5622 128.798 5.88761 296.767
125.999 26.5128 128.913 5.88129 296.652
126.099 26.4634 129.027 5.87495 296.537
126.199 26.414 129.142 5.86858 296.423
126.299 26.3647 129.256 5.8622 296.309
126.399 26.3153 129.37 5.85579 296.195
126.499 26.2659 129.484 5.84936 296.081
126.599 26.2166 129.598 5.84291 295.967
126.699 26.1672 129.712 5.83643 295.853
126.799 26.1178 129.825 5.82994 295.74
126.899 26.0685 129.939 5.82342 295.626
126.999 26.0191 130.052 5.81689 295.513
127.099 25.9698 130.165 5.81033 295.4
127.199 25.9204 130.278 5.80375 295.287
127.299 25.8711 130.391 5.79714 295.174
127.399 25.8217 130.503 5.79052 295.061
127.499 25.7723 130.616 5.78388 294.949
127.599 25.723 130.728 5.77721 294.837
127.699 25.6736 130.84 5.77052 294.724
127.799 25.6243 130.952 5.76381 294.612
127.899 25.575 131.064 5.75708 294.5
127.999 25.5256 131.176 5.75033 294.389
128.099 25.4763 131.288 5.74356 294.277
128.199 25.4269 131.399 5.73676 294.166
128.299 25.3776 131.51 5.72994 294.054
128.399 25.3282 131.621 5.72311 293.943
128.499 25.2789 131.732 5.71625 293.832
128.599 25.2295 131.843 5.70937 293.721
128.699 25.1802 131.954 5.70246 293.611
128.799 25.1309 132.064 5.69554 293.5
128.899 25.0815 132.175 5.6886 293.39
128.999 25.0322 132.285 5.68163 293.28
129.099 24.9829 132.395 5.67464 293.17
129.199 24.9335 132.505 5.66763 293.06
129.299 24.8842 132.615 5.6606 292.95
129.399 24.8349 132.724 5.65355 292.84
129.499 24.7855 132.834 5.64648 292.731
129.599 24.7362 132.943 5.63939 292.622
129.699 24.6869 133.052 5.63227 292.513
129.799 24.6376 133.161 5.62514 292.404
129.899 24.5882 133.27 5.61798 292.295
129.999 24.5389 133.379 5.6108 292.186
130.099 24.4896 133.487 5.60361 292.078
130.199 24.4403 133.595 5.59639 291.969
130.299 24.391 133.704 5.58914 291.861
130.399 24.3417 133.812 5.58188 291.753
130.499 24.2923 133.919 5.5746 291.645
130.599 24.243 134.027 5.5673 291.538
130.699 24.1937 134.135 5.55997 291.43
130.799 24.1444 134.242 5.55262 291.323
130.899 24.0951 134.349 5.54526 291.216
130.999 24.0458 134.456 5.53787 291.109
131.099 23.9965 134.563 5.53046 291.002
131.199 23.9472 134.67 5.52303 290.895
131.299 23.8979 134.776 5.51558 290.788
131.399 23.8486 134.883 5.50811 290.682
131.499 23.7993 134.989 5.50061 290.576
131.599 23.75 135.095 5.4931 290.47
131.699 23.7007 135.201 5.48557 290.364
131.799 23.6514 135.307 5.47801 290.258
131.899 23.6021 135.412 5.47043 290.153
131.999 23.5528 135.518 5.46284 290.047
132.099 23.5035 135.623 5.45522 289.942
132.199 23.4542 135.728 5.44758 289.837
132.299 23.4049 135.833 5.43992 289.732
132.399 23.3556 135.937 5.43224 289.627
132.499 23.3063 136.042 5.42454 289.523
132.599 23.2571 136.146 5.41682 289.418
132.699 23.2078 136.251 5.40908 289.314
132.799 23.1585 136.355 5.40131 289.21
132.899 23.1092 136.459 5.39353 289.106
132.999 23.0599 136.562 5.38573 289.002
133.099 23.0106 136.666 5.3779 288.899
133.199 22.9614 136.769 5.37006 288.795
133.299 22.9121 136.873 5.36219 288.692
133.399 22.8628 136.976 5.35431 288.589
133.499 22.8135 137.078 5.3464 288.486
133.599 22.7643 137.181 5.33847 288.383
133.699 22.715 137.284 5.33052 288.281
133.799 22.6657 137.386 5.32256 288.179
133.899 22.6165 137.488 5.31457 288.076
133.999 22.5672 137.59 5.30656 287.974
134.099 22.5179 137.692 5.29853 287.872
134.199 22.4687 137.794 5.29048 287.771
134.299 22.4194 137.895 5.28241 287.669
134.399 22.3701 137.997 5.27432 287.568
134.499 22.3209 138.098 5.26621 287.467
134.599 22.2716 138.199 5.25807 287.366
134.699 22.2224 138.3 5.24992 287.265
134.799 22.1731 138.4 5.24175 287.164
134.899 22.1238 138.501 5.23356 287.064
134.999 22.0746 138.601 5.22535 286.964
135.099 22.0253 138.701 5.21711 286.863
135.199 21.9761 138.801 5.20886 286.763
135.299 21.9268 138.901 5.20059 286.664
135.399 21.8776 139.001 5.1923 286.564
135.499 21.8283 139.1 5.18398 286.465
135.599 21.7791 139.199 5.17565 286.365
135.699 21.7298 139.298 5.1673 286.266
135.799 21.6806 139.397 5.15892 286.168
135.899 21.6313 139.496 5.15053 286.069
135.999 21.5821 139.594 5.14212 285.97
136.099 21.5329 139.693 5.13368 285.872
136.199 21.4836 139.791 5.12523 285.774
136.299 21.4344 139.889 5.11675 285.676
136.399 21.3851 139.987 5.10826 285.578
136.499 21.3359 140.084 5.09975 285.48
136.599 21.2867 140.182 5.09122 285.383
136.699 21.2374 140.279 5.08266 285.286
136.799 21.1882 140.376 5.07409 285.188
136.899 21.139 140.473 5.0655 285.091
136.999 21.0897 140.57 5.05688 284.995
137.099 21.0405 140.666 5.04825 284.898
137.199 20.9913 140.763 5.0396 284.802
137.299 20.9421 140.859 5.03093 284.706
137.399 20.8928 140.955 5.02224 284.61
137.499 20.8436 141.051 5.01353 284.514
137.599 20.7944 141.147 5.0048 284.418
137.699 20.7452 141.242 4.99605 284.323
137.799 20.696 141.337 4.98728 284.227
137.899 20.6467 141.432 4.97849 284.132
137.999 20.5975 141.527 4.96968 284.037
138.099 20.5483 141.622 4.96085 283.943
138.199 20.4991 141.717 4.952 283.848
138.299 20.4499 141.811 4.94313 283.754
138.399 20.4007 141.905 4.93425 283.66
138.499 20.3514 141.999 4.92534 283.566
138.599 20.3022 142.093 4.91642 283.472
138.699 20.253 142.187 4.90747 283.378
138.799 20.2038 142.28 4.89851 283.285
138.899 20.1546 142.373 4.88952 283.191
138.999 20.1054 142.466 4.88052 283.098
139.099 20.0562 142.559 4.8715 283.005
139.199 20.007 142.652 4.86246 282.913
139.299 19.9578 142.744 4.8534 282.82
139.399 19.9086 142.837 4.84432 282.728
139.499 19.8594 142.929 4.83522 282.636
139.599 19.8102 143.021 4.8261 282.544
139.699 19.761 143.113 4.81696 282.452
139.799 19.7118 143.204 4.8078 282.361
139.899 19.6626 143.295 4.79863 282.269
139.999 19.6134 143.387 4.78943 282.178
140.099 19.5642 143.478 4.78022 282.087
140.199 19.515 143.568 4.77099 281.996
140.299 19.4658 143.659 4.76174 281.906
140.399 19.4166 143.75 4.75247 281.815
140.499 19.3675 143.84 4.74318 281.725
140.599 19.3183 143.93 4.73387 281.635
140.699 19.2691 144.02 4.72454 281.545
140.799 19.2199 144.109 4.7152 281.455
140.899 19.1707 144.199 4.70583 281.366
140.999 19.1215 144.288 4.69645 281.277
141.099 19.0723 144.377 4.68705 281.187
141.199 19.0232 144.466 4.67763 281.099
141.299 18.974 144.555 4.66819 281.01
141.399 18.9248 144.643 4.65873 280.921
141.499 18.8756 144.732 4.64925 280.833
141.599 18.8265 144.82 4.63976 280.745
141.699 18.7773 144.908 4.63024 280.657
141.799 18.7281 144.995 4.62071 280.569
141.899 18.6789 145.083 4.61116 280.482
141.999 18.6298 145.17 4.60159 280.394
142.099 18.5806 145.257 4.592 280.307
142.199 18.5314 145.344 4.5824 280.22
142.299 18.4823 145.431 4.57277 280.133
142.399 18.4331 145.518 4.56313 280.047
142.499 18.3839 145.604 4.55347 279.961
142.6 18.3348 145.69 4.54379 279.874
142.7 18.2856 145.776 4.53409 279.788
142.8 18.2364 145.862 4.52438 279.703
142.9 18.1873 145.948 4.51464 279.617
143 18.1381 146.033 4.50489 279.532
143.1 18.0889 146.118 4.49512 279.446
143.2 18.0398 146.203 4.48533 279.361
143.3 17.9906 146.288 4.47553 279.277
143.4 17.9415 146.373 4.4657 279.192
143.5 17.8923 146.457 4.45586 279.108
143.6 17.8432 146.541 4.446 279.024
143.7 17.794 146.625 4.43612 278.94
143.8 17.7449 146.709 4.42622 278.856
143.9 17.6957 146.793 4.41631 278.772
144 17.6466 146.876 4.40638 278.689
144.1 17.5974 146.959 4.39643 278.606
144.2 17.5483 147.042 4.38646 278.523
144.3 17.4991 147.125 4.37647 278.44
144.4 17.45 147.208 4.36647 278.357
144.5 17.4008 147.29 4.35645 278.275
144.6 17.3517 147.372 4.34641 278.193
144.7 17.3025 147.454 4.33636 278.111
144.8 17.2534 147.536 4.32628 278.029
144.9 17.2043 147.617 4.31619 277.947
145 17.1551 147.699 4.30608 277.866
145.1 17.106 147.78 4.29595 277.785
145.2 17.0568 147.861 4.28581 277.704
145.3 17.0077 147.942 4.27565 277.623
145.4 16.9586 148.022 4.26547 277.542
145.5 16.9094 148.103 4.25528 277.462
145.6 16.8603 148.183 4.24506 277.382
145.7 16.8112 148.263 4.23483 277.302
145.8 16.762 148.343 4.22458 277.222
145.9 16.7129 148.422 4.21432 277.142
146 16.6638 148.502 4.20404 277.063
146.1 16.6146 148.581 4.19374 276.984
146.2 16.5655 148.66 4.18342 276.905
146.3 16.5164 148.738 4.17309 276.826
146.4 16.4673 148.817 4.16274 276.748
146.5 16.4181 148.895 4.15237 276.669
146.6 16.369 148.973 4.14198 276.591
146.7 16.3199 149.051 4.13158 276.513
146.8 16.2708 149.129 4.12116 276.436
146.9 16.2216 149.206 4.11073 276.358
147 16.1725 149.284 4.10028 276.281
147.1 16.1234 149.361 4.08981 276.204
147.2 16.0743 149.438 4.07932 276.127
147.3 16.0252 149.514 4.06882 276.05
147.4 15.9761 149.591 4.0583 275.974
147.5 15.9269 149.667 4.04777 275.898
147.6 15.8778 149.743 4.03721 275.822
147.7 15.8287 149.819 4.02664 275.746
147.8 15.7796 149.895 4.01606 275.67
147.9 15.7305 149.97 4.00546 275.595
148 15.6814 150.045 3.99484 275.52
148.1 15.6323 150.12 3.9842 275.445
148.2 15.5832 150.195 3.97355 275.37
148.3 15.5341 150.269 3.96288 275.295
148.4 15.4849 150.344 3.9522 275.221
148.5 15.4358 150.418 3.9415 275.147
148.6 15.3867 150.492 3.93078 275.073
148.7 15.3376 150.566 3.92005 274.999
148.8 15.2885 150.639 3.9093 274.925
148.9 15.2394 150.712 3.89854 274.852
149 15.1903 150.786 3.88775 274.779
149.1 15.1412 150.858 3.87696 274.706
149.2 15.0921 150.931 3.86614 274.634
149.3 15.043 151.004 3.85531 274.561
149.4 14.9939 151.076 3.84447 274.489
149.5 14.9448 151.148 3.83361 274.417
149.6 14.8957 151.22 3.82273 274.345
149.7 14.8466 151.291 3.81184 274.273
149.8 14.7976 151.363 3.80093 274.202
149.9 14.7485 151.434 3.79001 274.131
150 14.6994 151.505 3.77907 274.06
150.1 14.6503 151.576 3.76811 273.989
150.2 14.6012 151.646 3.75714 273.919
150.3 14.5521 151.716 3.74615 273.848
150.4 14.503 151.787 3.73515 273.778
150.5 14.4539 151.856 3.72413 273.708
150.6 14.4048 151.926 3.7131 273.639
150.7 14.3558 151.996 3.70205 273.569
150.8 14.3067 152.065 3.69098 273.5
150.9 14.2576 152.134 3.6799 273.431
151 14.2085 152.203 3.66881 273.362
151.1 14.1594 152.271 3.6577 273.293
151.2 14.1103 152.34 3.64657 273.225
151.3 14.0613 152.408 3.63543 273.157
151.4 14.0122 152.476 3.62428 273.089
151.5 13.9631 152.543 3.61311 273.021
151.6 13.914 152.611 3.60192 272.954
151.7 13.8649 152.678 3.59072 272.886
151.8 13.8159 152.745 3.5795 272.819
151.9 13.7668 152.812 3.56827 272.752
152 13.7177 152.879 3.55702 272.686
152.1 13.6686 152.945 3.54576 272.619
152.2 13.6196 153.011 3.53449 272.553
152.3 13.5705 153.077 3.5232 272.487
152.4 13.5214 153.143 3.51189 272.421
152.5 13.4724 153.209 3.50057 272.356
152.6 13.4233 153.274 3.48924 272.291
152.7 13.3742 153.339 3.47789 272.225
152.8 13.3252 153.404 3.46652 272.161
152.9 13.2761 153.469 3.45515 272.096
153 13.227 153.533 3.44375 272.031
153.1 13.178 153.597 3.43235 271.967
153.2 13.1289 153.661 3.42092 271.903
153.3 13.0798 153.725 3.40949 271.839
153.4 13.0308 153.789 3.39804 271.776
153.5 12.9817 153.852 3.38657 271.713
153.6 12.9326 153.915 3.37509 271.649
153.7 12.8836 153.978 3.3636 271.587
153.8 12.8345 154.041 3.35209 271.524
153.9 12.7855 154.103 3.34057 271.461
154 12.7364 154.166 3.32904 271.399
154.1 12.6873 154.228 3.31749 271.337
154.2 12.6383 154.289 3.30592 271.275
154.3 12.5892 154.351 3.29435 271.214
154.4 12.5402 154.412 3.28276 271.152
154.5 12.4911 154.473 3.27115 271.091
154.6 12.4421 154.534 3.25953 271.03
154.7 12.393 154.595 3.2479 270.97
154.8 12.344 154.655 3.23625 270.909
154.9 12.2949 154.716 3.22459 270.849
155 12.2459 154.776 3.21292 270.789
155.1 12.1968 154.835 3.20123 270.729
155.2 12.1478 154.895 3.18953 270.67
155.3 12.0987 154.954 3.17782 270.61
155.4 12.0497 155.013 3.16609 270.551
155.5 12.0006 155.072 3.15435 270.492
155.6 11.9516 155.131 3.1426 270.434
155.7 11.9025 155.189 3.13083 270.375
155.8 11.8535 155.248 3.11905 270.317
155.9 11.8044 155.306 3.10725 270.259
156 11.7554 155.363 3.09545 270.201
156.1 11.7064 155.421 3.08362 270.144
156.2 11.6573 155.478 3.07179 270.087
156.3 11.6083 155.535 3.05994 270.029
156.4 11.5592 155.592 3.04809 269.973
156.5 11.5102 155.649 3.03621 269.916
156.6 11.4611 155.705 3.02433 269.86
156.7 11.4121 155.761 3.01243 269.803
156.8 11.3631 155.817 3.00052 269.748
156.9 11.314 155.873 2.98859 269.692
157 11.265 155.928 2.97666 269.636
157.1 11.216 155.984 2.96471 269.581
157.2 11.1669 156.039 2.95275 269.526
157.3 11.1179 156.093 2.94077 269.471
157.4 11.0689 156.148 2.92879 269.417
157.5 11.0198 156.202 2.91679 269.362
157.6 10.9708 156.256 2.90478 269.308
157.7 10.9218 156.31 2.89275 269.254
157.8 10.8727 156.364 2.88072 269.201
157.9 10.8237 156.417 2.86867 269.147
158 10.7747 156.471 2.85661 269.094
158.1 10.7256 156.524 2.84453 269.041
158.2 10.6766 156.576 2.83245 268.988
158.3 10.6276 156.629 2.82035 268.936
158.4 10.5786 156.681 2.80824 268.884
158.5 10.5295 156.733 2.79612 268.831
158.6 10.4805 156.785 2.78399 268.78
158.7 10.4315 156.837 2.77184 268.728
158.8 10.3825 156.888 2.75968 268.677
158.9 10.3334 156.939 2.74752 268.626
159.001 10.2844 156.99 2.73533 268.575
159.101 10.2354 157.041 2.72314 268.524
159.201 10.1864 157.091 2.71094 268.474
159.301 10.1374 157.141 2.69872 268.423
159.401 10.0883 157.191 2.6865 268.373
159.501 10.0393 157.241 2.67426 268.324
159.601 9.99029 157.291 2.66201 268.274
159.701 9.94128 157.34 2.64975 268.225
159.801 9.89226 157.389 2.63747 268.176
159.901 9.84324 157.438 2.62519 268.127
160.001 9.79422 157.486 2.61289 268.078
160.101 9.74521 157.535 2.60059 268.03
160.201 9.69619 157.583 2.58827 267.982
160.301 9.64718 157.631 2.57594 267.934
160.401 9.59816 157.678 2.5636 267.886
160.501 9.54915 157.726 2.55125 267.839
160.601 9.50014 157.773 2.53889 267.792
160.701 9.45112 157.82 2.52652 267.745
160.801 9.40211 157.867 2.51413 267.698
160.901 9.3531 157.913 2.50174 267.652
161.001 9.30409 157.959 2.48933 267.605
161.101 9.25508 158.005 2.47692 267.559
161.201 9.20607 158.051 2.46449 267.514
161.301 9.15706 158.097 2.45205 267.468
161.401 9.10805 158.142 2.4396 267.423
161.501 9.05905 158.187 2.42715 267.378
161.601 9.01004 158.232 2.41468 267.333
161.701 8.96103 158.277 2.4022 267.288
161.801 8.91203 158.321 2.38971 267.244
161.901 8.86302 158.365 2.37721 267.2
162.001 8.81402 158.409 2.3647 267.156
162.101 8.76501 158.453 2.35218 267.112
162.201 8.71601 158.496 2.33965 267.069
162.301 8.667 158.539 2.32711 267.025
162.401 8.618 158.582 2.31456 266.982
162.501 8.569 158.625 2.302 266.94
162.601 8.52 158.667 2.28943 266.897
162.701 8.471 158.71 2.27685 266.855
162.801 8.422 158.752 2.26426 266.813
162.901 8.373 158.794 2.25166 266.771
163.001 8.324 158.835 2.23905 266.73
163.101 8.275 158.876 2.22643 266.688
163.201 8.226 158.917 2.2138 266.647
163.301 8.177 158.958 2.20116 266.606
163.401 8.128 158.999 2.18851 266.566
163.501 8.079 159.039 2.17585 266.525
163.601 8.03001 159.079 2.16319 266.485
163.701 7.98101 159.119 2.15051 266.445
163.801 7.93202 159.159 2.13782 266.406
163.901 7.88302 159.198 2.12513 266.366
164.001 7.83403 159.238 2.11243 266.327
164.101 7.78503 159.276 2.09971 266.288
164.201 7.73604 159.315 2.08699 266.249
164.301 7.68705 159.354 2.07426 266.211
164.401 7.63805 159.392 2.06152 266.173
164.501 7.58906 159.43 2.04877 266.135
164.601 7.54007 159.468 2.03601 266.097
164.701 7.49108 159.505 2.02324 266.06
164.801 7.44209 159.542 2.01047 266.022
164.901 7.3931 159.579 1.99768 265.985
165.001 7.34411 159.616 1.98489 265.948
165.101 7.29512 159.653 1.97209 265.912
165.201 7.24613 159.689 1.95928 265.876
165.301 7.19714 159.725 1.94646 265.839
165.401 7.14815 159.761 1.93363 265.804
165.501 7.09917 159.797 1.9208 265.768
165.601 7.05018 159.832 1.90795 265.733
165.701 7.00119 159.867 1.8951 265.698
165.801 6.95221 159.902 1.88224 265.663
165.901 6.90322 159.937 1.86937 265.628
166.001 6.85423 159.971 1.85649 265.594
166.101 6.80525 160.005 1.84361 265.559
166.201 6.75626 160.039 1.83071 265.526
166.301 6.70728 160.073 1.81781 265.492
166.401 6.6583 160.106 1.8049 265.458
166.501 6.60931 160.139 1.79199 265.425
166.601 6.56033 160.172 1.77906 265.392
166.701 6.51135 160.205 1.76613 265.36
166.801 6.46237 160.238 1.75319 265.327
166.901 6.41338 160.27 1.74024 265.295
167.001 6.3644 160.302 1.72729 265.263
167.101 6.31542 160.334 1.71432 265.231
167.201 6.26644 160.365 1.70135 265.2
167.301 6.21746 160.396 1.68838 265.168
167.401 6.16848 160.427 1.67539 265.137
167.501 6.1195 160.458 1.6624 265.106
167.601 6.07052 160.489 1.6494 265.076
167.701 6.02155 160.519 1.63639 265.046
167.801 5.97257 160.549 1.62338 265.016
167.901 5.92359 160.579 1.61036 264.986
168.001 5.87461 160.609 1.59733 264.956
168.101 5.82564 160.638 1.58429 264.927
168.201 5.77666 160.667 1.57125 264.898
168.301 5.72768 160.696 1.5582 264.869
168.401 5.67871 160.724 1.54515 264.84
168.501 5.62973 160.753 1.53208 264.812
168.601 5.58076 160.781 1.51901 264.784
168.701 5.53178 160.809 1.50594 264.756
168.801 5.48281 160.836 1.49286 264.728
168.901 5.43383 160.864 1.47977 264.701
169.001 5.38486 160.891 1.46667 264.674
169.101 5.33589 160.918 1.45357 264.647
169.201 5.28691 160.945 1.44046 264.62
169.301 5.23794 160.971 1.42735 264.594
169.401 5.18897 160.997 1.41423 264.567
169.501 5.13999 161.023 1.4011 264.541
169.601 5.09102 161.049 1.38797 264.516
169.701 5.04205 161.074 1.37483 264.49
169.801 4.99308 161.1 1.36168 264.465
169.901 4.94411 161.125 1.34853 264.44
170.001 4.89514 161.149 1.33537 264.415
170.101 4.84617 161.174 1.32221 264.391
170.201 4.7972 161.198 1.30904 264.367
170.301 4.74823 161.222 1.29587 264.343
170.401 4.69926 161.246 1.28269 264.319
170.501 4.65029 161.269 1.2695 264.295
170.601 4.60132 161.292 1.25631 264.272
170.701 4.55235 161.315 1.24311 264.249
170.801 4.50339 161.338 1.22991 264.226
170.901 4.45442 161.361 1.2167 264.204
171.001 4.40545 161.383 1.20349 264.182
171.101 4.35648 161.405 1.19027 264.16
171.201 4.30752 161.427 1.17705 264.138
171.301 4.25855 161.448 1.16382 264.116
171.401 4.20958 161.47 1.15059 264.095
171.501 4.16062 161.491 1.13735 264.074
171.601 4.11165 161.512 1.1241 264.053
171.701 4.06268 161.532 1.11085 264.032
171.801 4.01372 161.553 1.0976 264.012
171.901 3.96475 161.573 1.08434 263.992
172.001 3.91579 161.593 1.07108 263.972
172.101 3.86682 161.612 1.05781 263.953
172.201 3.81786 161.631 1.04454 263.933
172.301 3.76889 161.651 1.03126 263.914
172.401 3.71993 161.669 1.01798 263.895
172.501 3.67097 161.688 1.00469 263.877
172.601 3.622 161.706 0.991403 263.858
172.701 3.57304 161.725 0.978108 263.84
172.801 3.52408 161.742 0.964809 263.822
172.901 3.47511 161.76 0.951506 263.805
173.001 3.42615 161.777 0.938198 263.787
173.101 3.37719 161.795 0.924886 263.77
173.201 3.32823 161.812 0.91157 263.753
173.301 3.27926 161.828 0.898251 263.736
173.401 3.2303 161.845 0.884927 263.72
173.501 3.18134 161.861 0.871599 263.704
173.601 3.13238 161.877 0.858267 263.688
173.701 3.08342 161.892 0.844932 263.672
173.801 3.03446 161.908 0.831593 263.657
173.901 2.9855 161.923 0.81825 263.642
174.001 2.93654 161.938 0.804904 263.627
174.101 2.88758 161.953 0.791554 263.612
174.201 2.83862 161.967 0.778201 263.598
174.301 2.78966 161.981 0.764844 263.583
174.401 2.7407 161.995 0.751484 263.57
174.501 2.69174 162.009 0.738121 263.556
174.601 2.64278 162.022 0.724754 263.542
174.701 2.59382 162.035 0.711384 263.529
174.801 2.54486 162.048 0.698011 263.516
174.901 2.4959 162.061 0.684635 263.503
175.001 2.44694 162.074 0.671256 263.491
175.101 2.39798 162.086 0.657874 263.479
175.201 2.34902 162.098 0.644489 263.467
175.301 2.30006 162.11 0.631101 263.455
175.402 2.25111 162.121 0.617711 263.444
175.502 2.20215 162.132 0.604317 263.432
175.602 2.15319 162.143 0.590921 263.421
175.702 2.10423 162.154 0.577523 263.411
175.802 2.05527 162.165 0.564122 263.4
175.902 2.00632 162.175 0.550718 263.39
176.002 1.95736 162.185 0.537312 263.38
176.102 1.9084 162.195 0.523904 263.37
176.202 1.85944 162.204 0.510493 263.361
176.302 1.81049 162.213 0.49708 263.351
176.402 1.76153 162.222 0.483665 263.342
176.502 1.71257 162.231 0.470248 263.334
176.602 1.66362 162.24 0.456828 263.325
176.702 1.61466 162.248 0.443407 263.317
176.802 1.5657 162.256 0.429984 263.309
176.902 1.51675 162.264 0.416559 263.301
177.002 1.46779 162.271 0.403131 263.293
177.102 1.41883 162.279 0.389703 263.286
177.202 1.36988 162.286 0.376272 263.279
177.302 1.32092 162.292 0.36284 263.272
177.402 1.27196 162.299 0.349406 263.266
177.502 1.22301 162.305 0.335971 263.259
177.602 1.17405 162.311 0.322534 263.253
177.702 1.1251 162.317 0.309096 263.248
177.802 1.07614 162.323 0.295656 263.242
177.902 1.02719 162.328 0.282215 263.237
178.002 0.97823 162.333 0.268773 263.232
178.102 0.929274 162.338 0.25533 263.227
178.202 0.880319 162.342 0.241885 263.222
178.302 0.831363 162.347 0.22844 263.218
178.402 0.782408 162.351 0.214993 263.214
178.502 0.733453 162.355 0.201546 263.21
178.602 0.684497 162.358 0.188097 263.206
178.702 0.635542 162.362 0.174648 263.203
178.802 0.586587 162.365 0.161198 263.2
178.902 0.537632 162.368 0.147747 263.197
179.002 0.488677 162.37 0.134296 263.195
179.102 0.439721 162.372 0.120844 263.192
179.202 0.390766 162.375 0.107392 263.19
179.302 0.341811 162.376 0.0939387 263.188
179.402 0.292856 162.378 0.0804854 263.187
179.502 0.243901 162.379 0.0670317 263.185
179.602 0.194946 162.38 0.0535776 263.184
179.702 0.145991 162.381 0.0401234 263.183
179.802 0.0970361 162.382 0.026669 263.183
179.902 0.0480812 162.382 0.0132144 263.182
