0 0.256705 0 0 461.159
0.1 89.9488 0.000134096 0.0105511 461.159
0.2 89.8977 0.000536384 0.0211022 461.158
0.3 89.8465 0.00120686 0.0316532 461.158
0.4 89.7954 0.00214553 0.0422042 461.157
0.5 89.7442 0.00335238 0.0527551 461.156
0.6 89.693 0.00482741 0.0633059 461.154
0.7 89.6419 0.00657063 0.0738565 461.152
0.8 89.5907 0.00858201 0.084407 461.15
0.9 89.5396 0.0108616 0.0949573 461.148
1 89.4884 0.0134093 0.105507 461.145
1.1 89.4372 0.0162251 0.116057 461.143
1.2 89.3861 0.0193091 0.126607 461.14
1.3 89.3349 0.0226613 0.137156 461.136
1.4 89.2838 0.0262815 0.147705 461.133
1.5 89.2326 0.0301699 0.158254 461.129
1.6 89.1814 0.0343264 0.168803 461.125
1.7 89.1303 0.0387509 0.179351 461.12
1.8 89.0791 0.0434436 0.189898 461.115
1.9 89.028 0.0484043 0.200446 461.11
2 88.9768 0.053633 0.210992 461.105
2.1 88.9257 0.0591298 0.221539 461.1
2.2 88.8745 0.0648945 0.232085 461.094
2.3 88.8233 0.0709273 0.24263 461.088
2.4 88.7722 0.077228 0.253175 461.082
2.5 88.721 0.0837967 0.263719 461.075
2.6 88.6699 0.0906334 0.274263 461.068
2.7 88.6187 0.0977379 0.284806 461.061
2.8 88.5675 0.10511 0.295349 461.054
2.9 88.5164 0.112751 0.305891 461.046
3 88.4652 0.120659 0.316432 461.038
3.1 88.4141 0.128835 0.326973 461.03
3.2 88.3629 0.137279 0.337513 461.022
3.3 88.3118 0.14599 0.348052 461.013
3.4 88.2606 0.154969 0.358591 461.004
3.5 88.2094 0.164216 0.369128 460.995
3.6 88.1583 0.173731 0.379665 460.985
3.7 88.1071 0.183514 0.390202 460.975
3.8 88.056 0.193564 0.400737 460.965
3.9 88.0048 0.203881 0.411271 460.955
4 87.9537 0.214466 0.421805 460.944
4.1 87.9025 0.225319 0.432338 460.934
4.2 87.8513 0.236439 0.442869 460.922
4.3 87.8002 0.247827 0.4534 460.911
4.4 87.749 0.259482 0.46393 460.899
4.5 87.6979 0.271405 0.474459 460.887
4.6 87.6467 0.283595 0.484987 460.875
4.7 87.5956 0.296052 0.495514 460.863
4.8 87.5444 0.308776 0.50604 460.85
4.9 87.4932 0.321768 0.516564 460.837
5 87.4421 0.335027 0.527088 460.824
5.1 87.3909 0.348553 0.53761 460.81
5.2 87.3398 0.362347 0.548132 460.797
5.3 87.2886 0.376407 0.558652 460.782
5.4 87.2375 0.390734 0.569171 460.768
5.5 87.1863 0.405329 0.579689 460.754
5.6 87.1352 0.42019 0.590205 460.739
5.7 87.084 0.435318 0.60072 460.724
5.8 87.0329 0.450714 0.611234 460.708
5.9 86.9817 0.466376 0.621747 460.693
6 86.9305 0.482304 0.632258 460.677
6.1 86.8794 0.4985 0.642768 460.66
6.2 86.8282 0.514962 0.653277 460.644
6.3 86.7771 0.531691 0.663784 460.627
6.4 86.7259 0.548686 0.67429 460.61
6.5 86.6748 0.565948 0.684795 460.593
6.6 86.6236 0.583476 0.695297 460.575
6.7 86.5725 0.601271 0.705799 460.558
6.8 86.5213 0.619332 0.716299 460.54
6.9 86.4702 0.637659 0.726797 460.521
7 86.419 0.656253 0.737294 460.503
7.1 86.3679 0.675113 0.74779 460.484
7.2 86.3167 0.694239 0.758283 460.465
7.3 86.2656 0.713631 0.768775 460.445
7.4 86.2144 0.733289 0.779266 460.426
7.5 86.1633 0.753213 0.789755 460.406
7.6 86.1121 0.773403 0.800242 460.385
7.7 86.061 0.793859 0.810727 460.365
7.79999 86.0098 0.81458 0.821211 460.344
7.89999 85.9587 0.835567 0.831693 460.323
7.99999 85.9075 0.85682 0.842173 460.302
8.09999 85.8564 0.878339 0.852651 460.281
8.2 85.8052 0.900123 0.863128 460.259
8.3 85.7541 0.922172 0.873603 460.237
8.4 85.7029 0.944487 0.884075 460.214
8.5 85.6518 0.967068 0.894546 460.192
8.6 85.6007 0.989913 0.905016 460.169
8.7 85.5495 1.01302 0.915483 460.146
8.8 85.4984 1.0364 0.925948 460.122
8.9 85.4472 1.06004 0.936411 460.099
9 85.3961 1.08395 0.946872 460.075
9.1 85.3449 1.10812 0.957331 460.051
9.2 85.2938 1.13255 0.967789 460.026
9.3 85.2426 1.15725 0.978244 460.002
9.4 85.1915 1.18222 0.988697 459.977
9.5 85.1403 1.20745 0.999148 459.951
9.6 85.0892 1.23294 1.0096 459.926
9.7 85.0381 1.2587 1.02004 459.9
9.8 84.9869 1.28472 1.03049 459.874
9.9 84.9358 1.31101 1.04093 459.848
10 84.8846 1.33756 1.05137 459.821
10.1 84.8335 1.36438 1.06181 459.795
10.2 84.7824 1.39146 1.07224 459.767
10.3 84.7312 1.4188 1.08268 459.74
10.4 84.6801 1.44641 1.09311 459.712
10.5 84.6289 1.47428 1.10354 459.685
10.6 84.5778 1.50241 1.11396 459.656
10.7 84.5267 1.53081 1.12439 459.628
10.8 84.4755 1.55947 1.13481 459.599
10.9 84.4244 1.5884 1.14523 459.57
11 84.3732 1.61759 1.15564 459.541
11.1 84.3221 1.64704 1.16606 459.512
11.2 84.271 1.67675 1.17647 459.482
11.3 84.2198 1.70673 1.18688 459.452
11.4 84.1687 1.73697 1.19728 459.422
11.5 84.1176 1.76748 1.20769 459.391
11.6 84.0664 1.79824 1.21809 459.361
11.7 84.0153 1.82927 1.22849 459.33
11.8 83.9641 1.86057 1.23888 459.298
11.9 83.913 1.89212 1.24928 459.267
12 83.8619 1.92394 1.25967 459.235
12.1 83.8107 1.95602 1.27006 459.203
12.2 83.7596 1.98836 1.28044 459.171
12.3 83.7085 2.02096 1.29082 459.138
12.4 83.6573 2.05383 1.3012 459.105
12.5 83.6062 2.08696 1.31158 459.072
12.6 83.5551 2.12035 1.32196 459.039
12.7 83.504 2.154 1.33233 459.005
12.8 83.4528 2.18791 1.3427 458.971
12.9 83.4017 2.22209 1.35306 458.937
13 83.3506 2.25652 1.36342 458.902
13.1 83.2994 2.29122 1.37378 458.868
13.2 83.2483 2.32618 1.38414 458.833
13.3 83.1972 2.3614 1.39449 458.797
13.4 83.146 2.39688 1.40485 458.762
13.5 83.0949 2.43262 1.41519 458.726
13.6 83.0438 2.46862 1.42554 458.69
13.7 82.9927 2.50489 1.43588 458.654
13.8 82.9415 2.54141 1.44622 458.617
13.9 82.8904 2.57819 1.45655 458.581
14 82.8393 2.61524 1.46689 458.544
14.1 82.7882 2.65254 1.47722 458.506
14.2 82.737 2.69011 1.48754 458.469
14.3 82.6859 2.72793 1.49787 458.431
14.4 82.6348 2.76602 1.50819 458.393
14.5 82.5837 2.80436 1.5185 458.355
14.6 82.5326 2.84297 1.52882 458.316
14.7 82.4814 2.88183 1.53913 458.277
14.8 82.4303 2.92095 1.54943 458.238
14.9 82.3792 2.96033 1.55974 458.199
15 82.3281 2.99998 1.57004 458.159
15.1 82.277 3.03988 1.58033 458.119
15.2 82.2258 3.08004 1.59063 458.079
15.3 82.1747 3.12045 1.60092 458.038
15.4 82.1236 3.16113 1.6112 457.998
15.5 82.0725 3.20207 1.62149 457.957
15.6 82.0214 3.24326 1.63176 457.916
15.7 81.9703 3.28471 1.64204 457.874
15.8 81.9191 3.32642 1.65231 457.832
15.9 81.868 3.36839 1.66258 457.79
16 81.8169 3.41062 1.67285 457.748
16.1 81.7658 3.4531 1.68311 457.706
16.2 81.7147 3.49585 1.69337 457.663
16.3 81.6636 3.53884 1.70362 457.62
16.4 81.6125 3.5821 1.71387 457.577
16.5 81.5614 3.62562 1.72412 457.533
16.6 81.5102 3.66939 1.73436 457.489
16.7 81.4591 3.71342 1.7446 457.445
16.8 81.408 3.7577 1.75484 457.401
16.9 81.3569 3.80224 1.76507 457.357
17 81.3058 3.84704 1.7753 457.312
17.1 81.2547 3.8921 1.78552 457.267
17.2 81.2036 3.93741 1.79574 457.221
17.3 81.1525 3.98298 1.80596 457.176
17.4 81.1014 4.0288 1.81617 457.13
17.5 81.0503 4.07488 1.82638 457.084
17.6 80.9992 4.12121 1.83659 457.038
17.7 80.9481 4.16781 1.84679 456.991
17.8 80.897 4.21465 1.85699 456.944
17.9 80.8459 4.26175 1.86718 456.897
18 80.7948 4.30911 1.87737 456.85
18.1 80.7437 4.35672 1.88755 456.802
18.2 80.6926 4.40459 1.89773 456.754
18.3 80.6415 4.45271 1.90791 456.706
18.4 80.5904 4.50109 1.91808 456.658
18.5 80.5393 4.54972 1.92825 456.609
18.6 80.4882 4.59861 1.93842 456.56
18.7 80.4371 4.64774 1.94858 456.511
18.8 80.386 4.69714 1.95873 456.462
18.9 80.3349 4.74679 1.96888 456.412
19 80.2838 4.79669 1.97903 456.362
19.1 80.2327 4.84684 1.98918 456.312
19.2 80.1816 4.89725 1.99931 456.262
19.3 80.1305 4.94791 2.00945 456.211
19.4 80.0794 4.99883 2.01958 456.16
19.5 80.0283 5.04999 2.02971 456.109
19.6 79.9772 5.10141 2.03983 456.057
19.7 79.9261 5.15309 2.04994 456.006
19.8 79.875 5.20501 2.06006 455.954
19.9 79.824 5.25719 2.07016 455.902
20 79.7729 5.30962 2.08027 455.849
20.1 79.7218 5.3623 2.09037 455.797
20.2 79.6707 5.41524 2.10046 455.744
20.3 79.6196 5.46842 2.11055 455.69
20.4 79.5685 5.52186 2.12064 455.637
20.5 79.5174 5.57555 2.13072 455.583
20.6 79.4664 5.62949 2.1408 455.529
20.7 79.4153 5.68368 2.15087 455.475
20.8 79.3642 5.73812 2.16093 455.421
20.9 79.3131 5.79281 2.171 455.366
21 79.262 5.84775 2.18105 455.311
21.1 79.211 5.90295 2.19111 455.256
21.2 79.1599 5.95839 2.20116 455.2
21.3 79.1088 6.01409 2.2112 455.145
21.4 79.0577 6.07003 2.22124 455.089
21.5 79.0066 6.12622 2.23127 455.033
21.6 78.9556 6.18266 2.2413 454.976
21.7 78.9045 6.23936 2.25132 454.92
21.8 78.8534 6.2963 2.26134 454.863
21.9 78.8023 6.35349 2.27136 454.805
22 78.7513 6.41093 2.28137 454.748
22.1 78.7002 6.46861 2.29137 454.69
22.2 78.6491 6.52655 2.30137 454.632
22.3 78.5981 6.58474 2.31137 454.574
22.4 78.547 6.64317 2.32136 454.516
22.5 78.4959 6.70185 2.33134 454.457
22.6 78.4448 6.76078 2.34132 454.398
22.7001 78.3938 6.81995 2.35129 454.339
22.8001 78.3427 6.87938 2.36126 454.28
22.9001 78.2916 6.93905 2.37123 454.22
23.0001 78.2406 6.99896 2.38118 454.16
23.1001 78.1895 7.05913 2.39114 454.1
23.2001 78.1385 7.11954 2.40109 454.039
23.3001 78.0874 7.1802 2.41103 453.979
23.4001 78.0363 7.2411 2.42097 453.918
23.5001 77.9853 7.30225 2.4309 453.857
23.6001 77.9342 7.36365 2.44083 453.795
23.7001 77.8831 7.42529 2.45075 453.734
23.8001 77.8321 7.48718 2.46067 453.672
23.9001 77.781 7.54931 2.47058 453.61
24.0001 77.73 7.61169 2.48048 453.547
24.1001 77.6789 7.67431 2.49038 453.485
24.2001 77.6279 7.73718 2.50028 453.422
24.3001 77.5768 7.80029 2.51017 453.359
24.4001 77.5258 7.86365 2.52005 453.295
24.5001 77.4747 7.92725 2.52993 453.232
24.6001 77.4237 7.9911 2.5398 453.168
24.7001 77.3726 8.05519 2.54967 453.104
24.8001 77.3216 8.11952 2.55953 453.039
24.9001 77.2705 8.18409 2.56939 452.975
25.0001 77.2195 8.24891 2.57924 452.91
25.1001 77.1684 8.31398 2.58909 452.845
25.2001 77.1174 8.37928 2.59893 452.78
25.3001 77.0663 8.44483 2.60876 452.714
25.4001 77.0153 8.51062 2.61859 452.648
25.5001 76.9642 8.57665 2.62841 452.582
25.6001 76.9132 8.64293 2.63823 452.516
25.7001 76.8621 8.70945 2.64804 452.449
25.8001 76.8111 8.7762 2.65784 452.383
25.9001 76.7601 8.8432 2.66764 452.316
26.0001 76.709 8.91045 2.67743 452.248
26.1001 76.658 8.97793 2.68722 452.181
26.2001 76.6069 9.04565 2.697 452.113
26.3001 76.5559 9.11361 2.70678 452.045
26.4001 76.5049 9.18182 2.71655 451.977
26.5001 76.4538 9.25026 2.72631 451.909
26.6001 76.4028 9.31895 2.73607 451.84
26.7001 76.3518 9.38787 2.74582 451.771
26.8001 76.3007 9.45704 2.75557 451.702
26.9001 76.2497 9.52644 2.76531 451.632
27.0001 76.1987 9.59608 2.77504 451.563
27.1001 76.1477 9.66596 2.78477 451.493
27.2001 76.0966 9.73608 2.79449 451.423
27.3001 76.0456 9.80644 2.80421 451.352
27.4001 75.9946 9.87704 2.81392 451.282
27.5001 75.9435 9.94787 2.82362 451.211
27.6001 75.8925 10.0189 2.83331 451.14
27.7001 75.8415 10.0903 2.84301 451.069
27.8001 75.7905 10.1618 2.85269 450.997
27.9001 75.7395 10.2336 2.86237 450.925
28.0001 75.6884 10.3056 2.87204 450.853
28.1001 75.6374 10.3779 2.8817 450.781
28.2001 75.5864 10.4504 2.89136 450.709
28.3001 75.5354 10.5231 2.90102 450.636
28.4001 75.4844 10.5961 2.91066 450.563
28.5001 75.4333 10.6693 2.9203 450.49
28.6001 75.3823 10.7427 2.92994 450.416
28.7001 75.3313 10.8164 2.93956 450.342
28.8001 75.2803 10.8903 2.94918 450.269
28.9001 75.2293 10.9644 2.9588 450.194
29.0001 75.1783 11.0388 2.9684 450.12
29.1001 75.1273 11.1134 2.97801 450.045
29.2001 75.0763 11.1883 2.9876 449.971
29.3001 75.0253 11.2634 2.99719 449.896
29.4001 74.9743 11.3387 3.00677 449.82
29.5001 74.9232 11.4142 3.01634 449.745
29.6001 74.8722 11.49 3.02591 449.669
29.7001 74.8212 11.566 3.03547 449.593
29.8001 74.7702 11.6423 3.04503 449.517
29.9001 74.7192 11.7188 3.05457 449.44
30.0001 74.6682 11.7955 3.06412 449.363
30.1001 74.6172 11.8724 3.07365 449.286
30.2001 74.5662 11.9496 3.08318 449.209
30.3001 74.5152 12.027 3.0927 449.132
30.4001 74.4642 12.1047 3.10221 449.054
30.5001 74.4133 12.1825 3.11172 448.976
30.6001 74.3623 12.2607 3.12122 448.898
30.7001 74.3113 12.339 3.13071 448.82
30.8001 74.2603 12.4176 3.1402 448.741
30.9001 74.2093 12.4964 3.14968 448.663
31.0001 74.1583 12.5754 3.15915 448.583
31.1001 74.1073 12.6546 3.16861 448.504
31.2001 74.0563 12.7341 3.17807 448.425
31.3001 74.0053 12.8138 3.18752 448.345
31.4001 73.9543 12.8938 3.19697 448.265
31.5001 73.9034 12.974 3.2064 448.185
31.6001 73.8524 13.0544 3.21583 448.105
31.7001 73.8014 13.135 3.22526 448.024
31.8001 73.7504 13.2159 3.23467 447.943
31.9001 73.6994 13.2969 3.24408 447.862
32.0001 73.6485 13.3783 3.25348 447.781
32.1001 73.5975 13.4598 3.26287 447.699
32.2001 73.5465 13.5416 3.27226 447.617
32.3001 73.4955 13.6236 3.28164 447.535
32.4001 73.4446 13.7058 3.29101 447.453
32.5001 73.3936 13.7882 3.30037 447.371
32.6001 73.3426 13.8709 3.30973 447.288
32.7001 73.2916 13.9538 3.31908 447.205
32.8001 73.2407 14.0369 3.32842 447.122
32.9001 73.1897 14.1203 3.33776 447.039
33.0001 73.1387 14.2039 3.34709 446.955
33.1001 73.0878 14.2877 3.35641 446.871
33.2001 73.0368 14.3717 3.36572 446.787
33.3001 72.9858 14.4559 3.37502 446.703
33.4001 72.9349 14.5404 3.38432 446.618
33.5001 72.8839 14.6251 3.39361 446.534
33.6001 72.833 14.71 3.40289 446.449
33.7001 72.782 14.7952 3.41217 446.364
33.8001 72.731 14.8806 3.42143 446.278
33.9001 72.6801 14.9662 3.43069 446.193
34.0001 72.6291 15.052 3.43995 446.107
34.1001 72.5782 15.138 3.44919 446.021
34.2001 72.5272 15.2243 3.45843 445.935
34.3 72.4763 15.3107 3.46765 445.848
34.4 72.4253 15.3974 3.47688 445.761
34.5 72.3744 15.4844 3.48609 445.675
34.6 72.3234 15.5715 3.49529 445.587
34.7 72.2725 15.6589 3.50449 445.5
34.8 72.2215 15.7465 3.51368 445.412
34.9 72.1706 15.8343 3.52286 445.325
35 72.1197 15.9223 3.53204 445.237
35.1 72.0687 16.0105 3.5412 445.148
35.2 72.0178 16.099 3.55036 445.06
35.3 71.9668 16.1877 3.55951 444.971
35.4 71.9159 16.2766 3.56865 444.882
35.5 71.865 16.3657 3.57779 444.793
35.6 71.814 16.4551 3.58691 444.704
35.7 71.7631 16.5446 3.59603 444.614
35.8 71.7121 16.6344 3.60514 444.524
35.9 71.6612 16.7244 3.61424 444.434
36 71.6103 16.8146 3.62333 444.344
36.1 71.5594 16.905 3.63242 444.254
36.2 71.5084 16.9957 3.6415 444.163
36.3 71.4575 17.0865 3.65057 444.072
36.4 71.4066 17.1776 3.65963 443.981
36.5 71.3556 17.2689 3.66868 443.89
36.6 71.3047 17.3604 3.67772 443.798
36.7 71.2538 17.4521 3.68676 443.707
36.8 71.2029 17.5441 3.69579 443.615
36.9 71.152 17.6362 3.70481 443.523
37 71.101 17.7286 3.71382 443.43
37.1 71.0501 17.8212 3.72282 443.338
37.2 70.9992 17.914 3.73181 443.245
37.3 70.9483 18.007 3.7408 443.152
37.4 70.8974 18.1002 3.74978 443.059
37.5 70.8465 18.1936 3.75875 442.965
37.6 70.7955 18.2873 3.76771 442.872
37.7 70.7446 18.3812 3.77666 442.778
37.8 70.6937 18.4752 3.7856 442.684
37.9 70.6428 18.5695 3.79454 442.589
38 70.5919 18.664 3.80346 442.495
38.1 70.541 18.7587 3.81238 442.4
38.2 70.4901 18.8536 3.82129 442.305
38.3 70.4392 18.9488 3.83019 442.21
38.4 70.3883 19.0441 3.83908 442.115
38.5 70.3374 19.1397 3.84796 442.019
38.6 70.2865 19.2354 3.85684 441.923
38.7 70.2356 19.3314 3.8657 441.827
38.8 70.1847 19.4276 3.87456 441.731
38.9 70.1338 19.524 3.88341 441.635
39 70.0829 19.6206 3.89225 441.538
39.1 70.032 19.7174 3.90108 441.442
39.2 69.9811 19.8144 3.9099 441.345
39.3 69.9303 19.9116 3.91871 441.247
39.4 69.8794 20.009 3.92751 441.15
39.5 69.8285 20.1067 3.93631 441.052
39.6 69.7776 20.2045 3.94509 440.954
39.7 69.7267 20.3026 3.95387 440.856
39.8 69.6758 20.4008 3.96264 440.758
39.9 69.6249 20.4993 3.97139 440.66
40 69.5741 20.5979 3.98014 440.561
40.1 69.5232 20.6968 3.98888 440.462
40.2 69.4723 20.7959 3.99762 440.363
40.3 69.4214 20.8952 4.00634 440.264
40.4 69.3706 20.9947 4.01505 440.164
40.5 69.3197 21.0944 4.02376 440.065
40.6 69.2688 21.1943 4.03245 439.965
40.7 69.2179 21.2944 4.04114 439.865
40.7999 69.1671 21.3947 4.04981 439.764
40.8999 69.1162 21.4952 4.05848 439.664
40.9999 69.0653 21.5959 4.06714 439.563
41.0999 69.0145 21.6968 4.07578 439.462
41.1999 68.9636 21.7979 4.08442 439.361
41.2999 68.9127 21.8992 4.09305 439.26
41.3999 68.8619 22.0007 4.10167 439.158
41.4999 68.811 22.1024 4.11028 439.056
41.5999 68.7602 22.2044 4.11889 438.955
41.6999 68.7093 22.3065 4.12748 438.852
41.7999 68.6584 22.4088 4.13606 438.75
41.8999 68.6076 22.5113 4.14463 438.648
41.9999 68.5567 22.614 4.1532 438.545
42.0999 68.5059 22.717 4.16175 438.442
42.1999 68.455 22.8201 4.1703 438.339
42.2999 68.4042 22.9234 4.17883 438.235
42.3999 68.3533 23.0269 4.18736 438.132
42.4999 68.3025 23.1306 4.19587 438.028
42.5999 68.2516 23.2345 4.20438 437.924
42.6999 68.2008 23.3386 4.21288 437.82
42.7999 68.15 23.4429 4.22136 437.716
42.8999 68.0991 23.5474 4.22984 437.611
42.9999 68.0483 23.6521 4.23831 437.507
43.0999 67.9974 23.757 4.24676 437.402
43.1999 67.9466 23.8621 4.25521 437.297
43.2999 67.8958 23.9674 4.26365 437.191
43.3999 67.8449 24.0729 4.27208 437.086
43.4999 67.7941 24.1786 4.2805 436.98
43.5999 67.7433 24.2844 4.2889 436.874
43.6999 67.6924 24.3905 4.2973 436.768
43.7999 67.6416 24.4968 4.30569 436.662
43.8999 67.5908 24.6032 4.31407 436.556
43.9999 67.54 24.7099 4.32244 436.449
44.0999 67.4891 24.8167 4.3308 436.342
44.1999 67.4383 24.9237 4.33915 436.235
44.2999 67.3875 25.0309 4.34748 436.128
44.3999 67.3367 25.1384 4.35581 436.021
44.4999 67.2859 25.246 4.36413 435.913
44.5999 67.235 25.3538 4.37244 435.805
44.6999 67.1842 25.4618 4.38074 435.697
44.7999 67.1334 25.5699 4.38903 435.589
44.8999 67.0826 25.6783 4.3973 435.481
44.9999 67.0318 25.7869 4.40557 435.372
45.0999 66.981 25.8956 4.41383 435.263
45.1999 66.9302 26.0045 4.42208 435.154
45.2999 66.8794 26.1137 4.43031 435.045
45.3999 66.8286 26.223 4.43854 434.936
45.4999 66.7778 26.3325 4.44676 434.826
45.5999 66.727 26.4422 4.45496 434.717
45.6999 66.6762 26.5521 4.46316 434.607
45.7999 66.6254 26.6621 4.47134 434.497
45.8999 66.5746 26.7724 4.47952 434.386
45.9999 66.5238 26.8828 4.48768 434.276
46.0999 66.473 26.9935 4.49584 434.165
46.1999 66.4222 27.1043 4.50398 434.055
46.2999 66.3714 27.2153 4.51211 433.944
46.3999 66.3206 27.3265 4.52024 433.832
46.4999 66.2698 27.4378 4.52835 433.721
46.5999 66.219 27.5494 4.53645 433.61
46.6999 66.1682 27.6611 4.54454 433.498
46.7999 66.1175 27.773 4.55262 433.386
46.8999 66.0667 27.8851 4.56069 433.274
46.9999 66.0159 27.9974 4.56875 433.161
47.0999 65.9651 28.1099 4.5768 433.049
47.1999 65.9143 28.2226 4.58483 432.936
47.2999 65.8636 28.3354 4.59286 432.823
47.3998 65.8128 28.4484 4.60088 432.71
47.4998 65.762 28.5616 4.60888 432.597
47.5998 65.7112 28.675 4.61688 432.484
47.6998 65.6605 28.7885 4.62486 432.37
47.7998 65.6097 28.9023 4.63283 432.257
47.8998 65.5589 29.0162 4.64079 432.143
47.9998 65.5082 29.1303 4.64874 432.029
48.0998 65.4574 29.2446 4.65668 431.914
48.1998 65.4066 29.3591 4.66461 431.8
48.2998 65.3559 29.4737 4.67253 431.685
48.3998 65.3051 29.5885 4.68044 431.57
48.4998 65.2544 29.7035 4.68834 431.455
48.5998 65.2036 29.8187 4.69622 431.34
48.6998 65.1529 29.934 4.70409 431.225
48.7998 65.1021 30.0496 4.71196 431.109
48.8998 65.0514 30.1653 4.71981 430.994
48.9998 65.0006 30.2811 4.72765 430.878
49.0998 64.9499 30.3972 4.73548 430.762
49.1998 64.8991 30.5134 4.7433 430.645
49.2998 64.8484 30.6298 4.75111 430.529
49.3998 64.7976 30.7464 4.7589 430.412
49.4998 64.7469 30.8632 4.76669 430.296
49.5998 64.6961 30.9801 4.77446 430.179
49.6998 64.6454 31.0972 4.78222 430.062
49.7998 64.5947 31.2145 4.78997 429.944
49.8998 64.5439 31.3319 4.79771 429.827
49.9998 64.4932 31.4496 4.80544 429.709
50.0998 64.4425 31.5674 4.81316 429.592
50.1998 64.3917 31.6853 4.82086 429.474
50.2998 64.341 31.8035 4.82856 429.355
50.3998 64.2903 31.9218 4.83624 429.237
50.4998 64.2395 32.0403 4.84391 429.119
50.5998 64.1888 32.1589 4.85157 429
50.6998 64.1381 32.2777 4.85922 428.881
50.7998 64.0874 32.3967 4.86686 428.762
50.8998 64.0366 32.5159 4.87448 428.643
50.9998 63.9859 32.6352 4.8821 428.524
51.0998 63.9352 32.7547 4.8897 428.404
51.1998 63.8845 32.8744 4.89729 428.284
51.2998 63.8338 32.9942 4.90487 428.165
51.3998 63.7831 33.1142 4.91243 428.045
51.4998 63.7324 33.2344 4.91999 427.924
51.5998 63.6816 33.3548 4.92753 427.804
51.6998 63.6309 33.4753 4.93506 427.684
51.7998 63.5802 33.5959 4.94258 427.563
51.8998 63.5295 33.7168 4.95009 427.442
51.9998 63.4788 33.8378 4.95759 427.321
52.0998 63.4281 33.9589 4.96507 427.2
52.1998 63.3774 34.0803 4.97255 427.079
52.2998 63.3267 34.2018 4.98001 426.957
52.3998 63.276 34.3234 4.98746 426.835
52.4998 63.2253 34.4453 4.99489 426.714
52.5998 63.1746 34.5672 5.00232 426.592
52.6998 63.124 34.6894 5.00973 426.469
52.7998 63.0733 34.8117 5.01713 426.347
52.8998 63.0226 34.9342 5.02452 426.225
52.9998 62.9719 35.0568 5.0319 426.102
53.0998 62.9212 35.1796 5.03926 425.979
53.1998 62.8705 35.3026 5.04662 425.856
53.2998 62.8198 35.4257 5.05396 425.733
53.3998 62.7692 35.549 5.06129 425.61
53.4998 62.7185 35.6724 5.0686 425.486
53.5998 62.6678 35.796 5.07591 425.363
53.6998 62.6171 35.9198 5.0832 425.239
53.7998 62.5665 36.0437 5.09048 425.115
53.8997 62.5158 36.1678 5.09775 424.991
53.9997 62.4651 36.292 5.105 424.867
54.0997 62.4145 36.4164 5.11225 424.742
54.1997 62.3638 36.541 5.11948 424.618
54.2997 62.3131 36.6657 5.12669 424.493
54.3997 62.2625 36.7905 5.1339 424.368
54.4997 62.2118 36.9155 5.14109 424.243
54.5997 62.1611 37.0407 5.14828 424.118
54.6997 62.1105 37.166 5.15544 423.993
54.7997 62.0598 37.2915 5.1626 423.867
54.8997 62.0092 37.4172 5.16975 423.742
54.9997 61.9585 37.543 5.17688 423.616
55.0997 61.9079 37.6689 5.184 423.49
55.1997 61.8572 37.795 5.1911 423.364
55.2997 61.8066 37.9213 5.1982 423.238
55.3997 61.7559 38.0477 5.20528 423.111
55.4997 61.7053 38.1742 5.21235 422.985
55.5997 61.6546 38.3009 5.2194 422.858
55.6997 61.604 38.4278 5.22645 422.731
55.7997 61.5534 38.5548 5.23348 422.604
55.8997 61.5027 38.682 5.24049 422.477
55.9997 61.4521 38.8093 5.2475 422.35
56.0997 61.4014 38.9368 5.25449 422.222
56.1997 61.3508 39.0644 5.26147 422.094
56.2997 61.3002 39.1921 5.26844 421.967
56.3997 61.2496 39.3201 5.27539 421.839
56.4997 61.1989 39.4481 5.28233 421.711
56.5997 61.1483 39.5763 5.28926 421.583
56.6997 61.0977 39.7047 5.29618 421.454
56.7997 61.0471 39.8332 5.30308 421.326
56.8997 60.9964 39.9618 5.30997 421.197
56.9997 60.9458 40.0906 5.31685 421.068
57.0997 60.8952 40.2196 5.32371 420.939
57.1997 60.8446 40.3487 5.33056 420.81
57.2997 60.794 40.4779 5.3374 420.681
57.3997 60.7434 40.6073 5.34422 420.552
57.4997 60.6927 40.7368 5.35104 420.422
57.5997 60.6421 40.8665 5.35783 420.292
57.6997 60.5915 40.9963 5.36462 420.163
57.7997 60.5409 41.1262 5.37139 420.033
57.8997 60.4903 41.2563 5.37815 419.903
57.9997 60.4397 41.3866 5.3849 419.772
58.0997 60.3891 41.517 5.39163 419.642
58.1997 60.3385 41.6475 5.39835 419.511
58.2997 60.2879 41.7781 5.40506 419.381
58.3997 60.2373 41.9089 5.41175 419.25
58.4997 60.1867 42.0399 5.41843 419.119
58.5997 60.1361 42.171 5.42509 418.988
58.6997 60.0856 42.3022 5.43175 418.857
58.7997 60.035 42.4336 5.43839 418.725
58.8997 59.9844 42.5651 5.44501 418.594
58.9997 59.9338 42.6967 5.45163 418.462
59.0997 59.8832 42.8285 5.45823 418.33
59.1997 59.8326 42.9604 5.46481 418.198
59.2997 59.7821 43.0925 5.47138 418.066
59.3997 59.7315 43.2247 5.47794 417.934
59.4997 59.6809 43.357 5.48449 417.802
59.5997 59.6303 43.4895 5.49102 417.669
59.6997 59.5798 43.6221 5.49754 417.537
59.7997 59.5292 43.7548 5.50404 417.404
59.8997 59.4786 43.8877 5.51054 417.271
59.9997 59.4281 44.0207 5.51701 417.138
60.0997 59.3775 44.1538 5.52348 417.005
60.1997 59.3269 44.2871 5.52993 416.872
60.2997 59.2764 44.4205 5.53636 416.738
60.3997 59.2258 44.554 5.54279 416.605
60.4996 59.1752 44.6877 5.5492 416.471
60.5996 59.1247 44.8215 5.55559 416.337
60.6996 59.0741 44.9555 5.56197 416.203
60.7996 59.0236 45.0895 5.56834 416.069
60.8996 58.973 45.2237 5.57469 415.935
60.9996 58.9225 45.3581 5.58103 415.801
61.0996 58.8719 45.4925 5.58736 415.666
61.1996 58.8214 45.6271 5.59367 415.532
61.2996 58.7708 45.7618 5.59997 415.397
61.3996 58.7203 45.8967 5.60625 415.262
61.4996 58.6698 46.0316 5.61253 415.127
61.5996 58.6192 46.1667 5.61878 414.992
61.6996 58.5687 46.302 5.62502 414.857
61.7996 58.5182 46.4373 5.63125 414.722
61.8996 58.4676 46.5728 5.63747 414.586
61.9996 58.4171 46.7084 5.64367 414.45
62.0996 58.3666 46.8442 5.64985 414.315
62.1996 58.316 46.98 5.65602 414.179
62.2996 58.2655 47.116 5.66218 414.043
62.3996 58.215 47.2521 5.66833 413.907
62.4996 58.1645 47.3884 5.67446 413.771
62.5996 58.1139 47.5247 5.68057 413.634
62.6996 58.0634 47.6612 5.68667 413.498
62.7996 58.0129 47.7978 5.69276 413.361
62.8996 57.9624 47.9345 5.69883 413.224
62.9996 57.9119 48.0714 5.70489 413.087
63.0996 57.8614 48.2084 5.71093 412.951
63.1996 57.8109 48.3455 5.71696 412.813
63.2996 57.7604 48.4827 5.72298 412.676
63.3996 57.7099 48.62 5.72898 412.539
63.4996 57.6593 48.7575 5.73496 412.401
63.5996 57.6088 48.895 5.74093 412.264
63.6996 57.5583 49.0327 5.74689 412.126
63.7996 57.5078 49.1705 5.75283 411.988
63.8996 57.4574 49.3085 5.75876 411.85
63.9996 57.4069 49.4465 5.76468 411.712
64.0996 57.3564 49.5847 5.77058 411.574
64.1996 57.3059 49.723 5.77646 411.436
64.2996 57.2554 49.8614 5.78233 411.297
64.3996 57.2049 49.9999 5.78819 411.159
64.4996 57.1544 50.1385 5.79403 411.02
64.5996 57.1039 50.2773 5.79985 410.882
64.6996 57.0534 50.4161 5.80566 410.743
64.7996 57.003 50.5551 5.81146 410.604
64.8996 56.9525 50.6942 5.81724 410.465
64.9996 56.902 50.8334 5.82301 410.325
65.0996 56.8515 50.9727 5.82876 410.186
65.1996 56.8011 51.1122 5.8345 410.047
65.2996 56.7506 51.2517 5.84022 409.907
65.3996 56.7001 51.3914 5.84593 409.768
65.4996 56.6497 51.5311 5.85162 409.628
65.5996 56.5992 51.671 5.8573 409.488
65.6996 56.5487 51.811 5.86296 409.348
65.7996 56.4983 51.9511 5.86861 409.208
65.8996 56.4478 52.0913 5.87425 409.068
65.9996 56.3974 52.2316 5.87986 408.927
66.0996 56.3469 52.3721 5.88547 408.787
66.1996 56.2964 52.5126 5.89106 408.646
66.2996 56.246 52.6533 5.89663 408.506
66.3996 56.1955 52.794 5.90219 408.365
66.4996 56.1451 52.9349 5.90773 408.224
66.5996 56.0946 53.0758 5.91326 408.083
66.6996 56.0442 53.2169 5.91877 407.942
66.7996 55.9938 53.3581 5.92427 407.801
66.8996 55.9433 53.4994 5.92975 407.659
66.9995 55.8929 53.6408 5.93522 407.518
67.0995 55.8424 53.7823 5.94067 407.377
67.1995 55.792 53.9239 5.94611 407.235
67.2995 55.7416 54.0656 5.95153 407.093
67.3995 55.6911 54.2074 5.95694 406.951
67.4995 55.6407 54.3493 5.96233 406.81
67.5995 55.5903 54.4913 5.9677 406.668
67.6995 55.5399 54.6334 5.97306 406.525
67.7995 55.4894 54.7757 5.97841 406.383
67.8995 55.439 54.918 5.98374 406.241
67.9995 55.3886 55.0604 5.98905 406.098
68.0995 55.3382 55.2029 5.99435 405.956
68.1995 55.2878 55.3455 5.99963 405.813
68.2995 55.2373 55.4883 6.0049 405.671
68.3995 55.1869 55.6311 6.01015 405.528
68.4995 55.1365 55.774 6.01539 405.385
68.5995 55.0861 55.917 6.02061 405.242
68.6995 55.0357 56.0601 6.02582 405.099
68.7995 54.9853 56.2033 6.03101 404.956
68.8995 54.9349 56.3467 6.03618 404.812
68.9995 54.8845 56.4901 6.04134 404.669
69.0995 54.8341 56.6336 6.04648 404.525
69.1995 54.7837 56.7772 6.05161 404.382
69.2995 54.7333 56.9209 6.05672 404.238
69.3995 54.6829 57.0646 6.06182 404.094
69.4995 54.6325 57.2085 6.0669 403.95
69.5995 54.5821 57.3525 6.07196 403.806
69.6995 54.5317 57.4966 6.07701 403.662
69.7995 54.4814 57.6407 6.08205 403.518
69.8995 54.431 57.785 6.08706 403.374
69.9995 54.3806 57.9293 6.09206 403.23
70.0995 54.3302 58.0738 6.09705 403.085
70.1995 54.2798 58.2183 6.10202 402.941
70.2995 54.2295 58.3629 6.10697 402.796
70.3995 54.1791 58.5076 6.11191 402.651
70.4995 54.1287 58.6524 6.11683 402.506
70.5995 54.0783 58.7973 6.12174 402.362
70.6995 54.028 58.9423 6.12663 402.217
70.7995 53.9776 59.0874 6.1315 402.072
70.8995 53.9272 59.2325 6.13636 401.926
70.9995 53.8769 59.3778 6.1412 401.781
71.0995 53.8265 59.5231 6.14603 401.636
71.1995 53.7762 59.6685 6.15083 401.49
71.2995 53.7258 59.814 6.15563 401.345
71.3995 53.6754 59.9596 6.1604 401.199
71.4995 53.6251 60.1053 6.16517 401.054
71.5995 53.5747 60.2511 6.16991 400.908
71.6995 53.5244 60.3969 6.17464 400.762
71.7995 53.474 60.5428 6.17935 400.616
71.8995 53.4237 60.6889 6.18405 400.47
71.9995 53.3734 60.8349 6.18873 400.324
72.0995 53.323 60.9811 6.19339 400.178
72.1995 53.2727 61.1274 6.19804 400.031
72.2995 53.2223 61.2737 6.20267 399.885
72.3995 53.172 61.4202 6.20728 399.739
72.4995 53.1217 61.5667 6.21188 399.592
72.5995 53.0713 61.7133 6.21646 399.446
72.6995 53.021 61.8599 6.22103 399.299
72.7995 52.9707 62.0067 6.22558 399.152
72.8995 52.9203 62.1535 6.23011 399.005
72.9995 52.87 62.3004 6.23462 398.858
73.0995 52.8197 62.4474 6.23912 398.711
73.1995 52.7694 62.5945 6.2436 398.564
73.2995 52.7191 62.7416 6.24807 398.417
73.3995 52.6687 62.8888 6.25252 398.27
73.4995 52.6184 63.0361 6.25695 398.123
73.5994 52.5681 63.1835 6.26137 397.975
73.6994 52.5178 63.3309 6.26577 397.828
73.7994 52.4675 63.4784 6.27015 397.68
73.8994 52.4172 63.626 6.27452 397.533
73.9994 52.3669 63.7737 6.27887 397.385
74.0994 52.3166 63.9215 6.2832 397.237
74.1994 52.2663 64.0693 6.28752 397.09
74.2994 52.216 64.2172 6.29182 396.942
74.3994 52.1657 64.3651 6.2961 396.794
74.4994 52.1154 64.5132 6.30036 396.646
74.5994 52.0651 64.6613 6.30461 396.498
74.6994 52.0148 64.8095 6.30884 396.349
74.7994 51.9645 64.9577 6.31306 396.201
74.8994 51.9142 65.106 6.31726 396.053
74.9994 51.8639 65.2544 6.32144 395.904
75.0994 51.8137 65.4029 6.3256 395.756
75.1994 51.7634 65.5514 6.32975 395.607
75.2994 51.7131 65.7 6.33388 395.459
75.3994 51.6628 65.8487 6.338 395.31
75.4994 51.6125 65.9974 6.34209 395.161
75.5994 51.5623 66.1462 6.34617 395.013
75.6994 51.512 66.2951 6.35023 394.864
75.7994 51.4617 66.444 6.35428 394.715
75.8994 51.4115 66.593 6.35831 394.566
75.9994 51.3612 66.742 6.36232 394.417
76.0994 51.3109 66.8912 6.36631 394.268
76.1994 51.2607 67.0404 6.37029 394.119
76.2994 51.2104 67.1896 6.37425 393.969
76.3994 51.1602 67.3389 6.37819 393.82
76.4994 51.1099 67.4883 6.38212 393.671
76.5994 51.0596 67.6378 6.38602 393.521
76.6994 51.0094 67.7873 6.38991 393.372
76.7994 50.9591 67.9369 6.39379 393.222
76.8994 50.9089 68.0865 6.39764 393.072
76.9994 50.8586 68.2362 6.40148 392.923
77.0994 50.8084 68.3859 6.4053 392.773
77.1994 50.7582 68.5357 6.40911 392.623
77.2994 50.7079 68.6856 6.41289 392.473
77.3994 50.6577 68.8355 6.41666 392.323
77.4994 50.6074 68.9855 6.42041 392.173
77.5994 50.5572 69.1356 6.42415 392.023
77.6994 50.507 69.2857 6.42787 391.873
77.7994 50.4567 69.4358 6.43157 391.723
77.8994 50.4065 69.5861 6.43525 391.573
77.9994 50.3563 69.7363 6.43891 391.423
78.0994 50.3061 69.8867 6.44256 391.272
78.1994 50.2558 70.037 6.44619 391.122
78.2994 50.2056 70.1875 6.4498 390.971
78.3994 50.1554 70.338 6.45339 390.821
78.4994 50.1052 70.4885 6.45697 390.67
78.5994 50.055 70.6391 6.46053 390.52
78.6994 50.0048 70.7898 6.46407 390.369
78.7994 49.9545 70.9405 6.46759 390.218
78.8994 49.9043 71.0913 6.4711 390.068
78.9994 49.8541 71.2421 6.47459 389.917
79.0994 49.8039 71.3929 6.47806 389.766
79.1994 49.7537 71.5438 6.48151 389.615
79.2994 49.7035 71.6948 6.48494 389.464
79.3994 49.6533 71.8458 6.48836 389.313
79.4994 49.6031 71.9969 6.49176 389.162
79.5994 49.5529 72.148 6.49514 389.011
79.6994 49.5027 72.2992 6.4985 388.86
79.7994 49.4526 72.4504 6.50185 388.709
79.8994 49.4024 72.6016 6.50518 388.557
79.9994 49.3522 72.7529 6.50848 388.406
80.0993 49.302 72.9043 6.51178 388.255
80.1993 49.2518 73.0557 6.51505 388.103
80.2993 49.2016 73.2071 6.51831 387.952
80.3993 49.1514 73.3586 6.52154 387.8
80.4993 49.1013 73.5101 6.52476 387.649
80.5993 49.0511 73.6617 6.52796 387.497
80.6993 49.0009 73.8133 6.53115 387.346
80.7993 48.9508 73.965 6.53431 387.194
80.8993 48.9006 74.1167 6.53746 387.042
80.9993 48.8504 74.2684 6.54059 386.89
81.0993 48.8003 74.4202 6.5437 386.739
81.1993 48.7501 74.572 6.54679 386.587
81.2993 48.6999 74.7239 6.54987 386.435
81.3993 48.6498 74.8758 6.55292 386.283
81.4993 48.5996 75.0278 6.55596 386.131
81.5993 48.5495 75.1798 6.55898 385.979
81.6993 48.4993 75.3318 6.56198 385.827
81.7993 48.4492 75.4839 6.56497 385.675
81.8993 48.399 75.636 6.56793 385.523
81.9993 48.3489 75.7881 6.57088 385.371
82.0993 48.2987 75.9403 6.57381 385.219
82.1993 48.2486 76.0925 6.57672 385.066
82.2993 48.1984 76.2448 6.57961 384.914
82.3993 48.1483 76.3971 6.58248 384.762
82.4993 48.0981 76.5494 6.58534 384.609
82.5993 48.048 76.7018 6.58817 384.457
82.6993 47.9979 76.8542 6.59099 384.305
82.7993 47.9478 77.0066 6.59379 384.152
82.8993 47.8976 77.1591 6.59657 384
82.9993 47.8475 77.3116 6.59933 383.847
83.0993 47.7974 77.4641 6.60208 383.695
83.1993 47.7472 77.6167 6.6048 383.542
83.2993 47.6971 77.7693 6.60751 383.39
83.3993 47.647 77.9219 6.6102 383.237
83.4993 47.5969 78.0745 6.61287 383.084
83.5993 47.5468 78.2272 6.61552 382.932
83.6993 47.4967 78.3799 6.61815 382.779
83.7993 47.4465 78.5327 6.62077 382.626
83.8993 47.3964 78.6855 6.62336 382.473
83.9993 47.3463 78.8383 6.62594 382.321
84.0993 47.2962 78.9911 6.6285 382.168
84.1993 47.2461 79.144 6.63103 382.015
84.2993 47.196 79.2968 6.63356 381.862
84.3993 47.1459 79.4498 6.63606 381.709
84.4993 47.0958 79.6027 6.63854 381.556
84.5993 47.0457 79.7557 6.641 381.403
84.6993 46.9956 79.9087 6.64345 381.25
84.7993 46.9455 80.0617 6.64587 381.097
84.8993 46.8955 80.2147 6.64828 380.944
84.9993 46.8454 80.3678 6.65067 380.791
85.0993 46.7953 80.5209 6.65304 380.638
85.1993 46.7452 80.674 6.65539 380.485
85.2993 46.6951 80.8271 6.65772 380.332
85.3993 46.645 80.9803 6.66003 380.179
85.4993 46.595 81.1334 6.66233 380.025
85.5993 46.5449 81.2866 6.6646 379.872
85.6993 46.4948 81.4399 6.66686 379.719
85.7993 46.4447 81.5931 6.6691 379.566
85.8993 46.3947 81.7463 6.67131 379.413
85.9993 46.3446 81.8996 6.67351 379.259
86.0993 46.2945 82.0529 6.67569 379.106
86.1993 46.2445 82.2062 6.67785 378.953
86.2993 46.1944 82.3596 6.67999 378.799
86.3993 46.1444 82.5129 6.68212 378.646
86.4993 46.0943 82.6663 6.68422 378.493
86.5993 46.0442 82.8197 6.6863 378.339
86.6992 45.9942 82.9731 6.68837 378.186
86.7992 45.9441 83.1265 6.69041 378.032
86.8992 45.8941 83.2799 6.69244 377.879
86.9992 45.844 83.4333 6.69445 377.726
87.0992 45.794 83.5868 6.69643 377.572
87.1992 45.744 83.7403 6.6984 377.419
87.2992 45.6939 83.8938 6.70035 377.265
87.3992 45.6439 84.0472 6.70228 377.112
87.4992 45.5938 84.2008 6.70419 376.958
87.5992 45.5438 84.3543 6.70608 376.805
87.6992 45.4938 84.5078 6.70795 376.651
87.7992 45.4437 84.6613 6.70981 376.498
87.8992 45.3937 84.8149 6.71164 376.344
87.9992 45.3437 84.9685 6.71345 376.19
88.0992 45.2937 85.122 6.71525 376.037
88.1992 45.2436 85.2756 6.71702 375.883
88.2992 45.1936 85.4292 6.71878 375.73
88.3992 45.1436 85.5828 6.72051 375.576
88.4992 45.0936 85.7364 6.72223 375.422
88.5992 45.0436 85.89 6.72393 375.269
88.6992 44.9936 86.0436 6.7256 375.115
88.7992 44.9435 86.1973 6.72726 374.962
88.8992 44.8935 86.3509 6.7289 374.808
88.9992 44.8435 86.5045 6.73052 374.654
89.0992 44.7935 86.6582 6.73212 374.501
89.1992 44.7435 86.8118 6.7337 374.347
89.2992 44.6935 86.9655 6.73526 374.193
89.3992 44.6435 87.1191 6.7368 374.04
89.4992 44.5935 87.2728 6.73832 373.886
89.5992 44.5435 87.4264 6.73982 373.732
89.6992 44.4935 87.5801 6.7413 373.579
89.7992 44.4435 87.7337 6.74276 373.425
89.8992 44.3936 87.8874 6.7442 373.271
89.9992 44.3436 88.041 6.74562 373.118
90.0992 44.2936 88.1947 6.74702 372.964
90.1992 44.2436 88.3484 6.74841 372.811
90.2992 44.1936 88.502 6.74977 372.657
90.3992 44.1436 88.6557 6.75111 372.503
90.4992 44.0937 88.8093 6.75243 372.35
90.5992 44.0437 88.963 6.75374 372.196
90.6992 43.9937 89.1166 6.75502 372.042
90.7992 43.9437 89.2703 6.75628 371.889
90.8992 43.8938 89.4239 6.75753 371.735
90.9992 43.8438 89.5776 6.75875 371.581
91.0992 43.7938 89.7312 6.75995 371.428
91.1992 43.7439 89.8848 6.76114 371.274
91.2992 43.6939 90.0385 6.7623 371.12
91.3992 43.644 90.1921 6.76344 370.967
91.4992 43.594 90.3457 6.76457 370.813
91.5992 43.544 90.4993 6.76567 370.66
91.6992 43.4941 90.6529 6.76675 370.506
91.7992 43.4441 90.8065 6.76782 370.352
91.8992 43.3942 90.9601 6.76886 370.199
91.9992 43.3442 91.1136 6.76988 370.045
92.0992 43.2943 91.2672 6.77089 369.892
92.1992 43.2444 91.4207 6.77187 369.738
92.2992 43.1944 91.5743 6.77283 369.585
92.3992 43.1445 91.7278 6.77378 369.431
92.4992 43.0945 91.8813 6.7747 369.278
92.5992 43.0446 92.0348 6.7756 369.124
92.6992 42.9947 92.1883 6.77648 368.971
92.7992 42.9447 92.3418 6.77735 368.817
92.8992 42.8948 92.4953 6.77819 368.664
92.9992 42.8449 92.6488 6.77901 368.51
93.0992 42.795 92.8022 6.77981 368.357
93.1992 42.745 92.9556 6.78059 368.203
93.2991 42.6951 93.109 6.78135 368.05
93.3991 42.6452 93.2624 6.78209 367.896
93.4991 42.5953 93.4158 6.78281 367.743
93.5991 42.5454 93.5692 6.78351 367.59
93.6991 42.4954 93.7225 6.78419 367.436
93.7991 42.4455 93.8759 6.78485 367.283
93.8991 42.3956 94.0292 6.78549 367.13
93.9991 42.3457 94.1825 6.78611 366.976
94.0991 42.2958 94.3358 6.78671 366.823
94.1991 42.2459 94.489 6.78729 366.67
94.2991 42.196 94.6422 6.78784 366.517
94.3991 42.1461 94.7955 6.78838 366.363
94.4991 42.0962 94.9487 6.7889 366.21
94.5991 42.0463 95.1018 6.78939 366.057
94.6991 41.9964 95.255 6.78987 365.904
94.7991 41.9465 95.4081 6.79032 365.751
94.8991 41.8966 95.5612 6.79076 365.598
94.9991 41.8468 95.7143 6.79117 365.445
95.0991 41.7969 95.8674 6.79156 365.291
95.1991 41.747 96.0204 6.79194 365.138
95.2991 41.6971 96.1734 6.79229 364.985
95.3991 41.6472 96.3264 6.79262 364.832
95.4991 41.5973 96.4794 6.79293 364.679
95.5991 41.5475 96.6323 6.79322 364.527
95.6991 41.4976 96.7853 6.79349 364.374
95.7991 41.4477 96.9381 6.79374 364.221
95.8991 41.3979 97.091 6.79397 364.068
95.9991 41.348 97.2438 6.79418 363.915
96.0991 41.2981 97.3966 6.79436 363.762
96.1991 41.2483 97.5494 6.79453 363.609
96.2991 41.1984 97.7022 6.79468 363.457
96.3991 41.1485 97.8549 6.7948 363.304
96.4991 41.0987 98.0076 6.79491 363.151
96.5991 41.0488 98.1602 6.79499 362.999
96.6991 40.999 98.3129 6.79505 362.846
96.7991 40.9491 98.4655 6.79509 362.693
96.8991 40.8993 98.618 6.79512 362.541
96.9991 40.8494 98.7705 6.79512 362.388
97.0991 40.7996 98.923 6.7951 362.236
97.1991 40.7497 99.0755 6.79506 362.083
97.2991 40.6999 99.2279 6.79499 361.931
97.3991 40.65 99.3803 6.79491 361.779
97.4991 40.6002 99.5327 6.79481 361.626
97.5991 40.5504 99.685 6.79468 361.474
97.6991 40.5005 99.8373 6.79454 361.322
97.7991 40.4507 99.9896 6.79437 361.169
97.8991 40.4009 100.142 6.79418 361.017
97.9991 40.3511 100.294 6.79397 360.865
98.0991 40.3012 100.446 6.79374 360.713
98.1991 40.2514 100.598 6.79349 360.561
98.2991 40.2016 100.75 6.79322 360.409
98.3991 40.1518 100.902 6.79293 360.257
98.4991 40.1019 101.054 6.79262 360.105
98.5991 40.0521 101.206 6.79228 359.953
98.6991 40.0023 101.358 6.79193 359.801
98.7991 39.9525 101.51 6.79155 359.649
98.8991 39.9027 101.662 6.79116 359.497
98.9991 39.8529 101.814 6.79074 359.345
99.0991 39.8031 101.965 6.7903 359.193
99.1991 39.7533 102.117 6.78984 359.042
99.2991 39.7035 102.269 6.78936 358.89
99.3991 39.6537 102.42 6.78885 358.738
99.4991 39.6039 102.572 6.78833 358.587
99.5991 39.5541 102.724 6.78778 358.435
99.6991 39.5043 102.875 6.78722 358.284
99.799 39.4545 103.026 6.78663 358.132
99.899 39.4047 103.178 6.78602 357.981
99.999 39.3549 103.329 6.78539 357.83
100.099 39.3051 103.481 6.78474 357.678
100.199 39.2553 103.632 6.78407 357.527
100.299 39.2055 103.783 6.78338 357.376
100.399 39.1558 103.934 6.78266 357.225
100.499 39.106 104.085 6.78193 357.074
100.599 39.0562 104.236 6.78117 356.923
100.699 39.0064 104.387 6.78039 356.772
100.799 38.9567 104.538 6.77959 356.621
100.899 38.9069 104.689 6.77877 356.47
100.999 38.8571 104.84 6.77793 356.319
101.099 38.8074 104.991 6.77707 356.168
101.199 38.7576 105.142 6.77618 356.017
101.299 38.7078 105.292 6.77528 355.867
101.399 38.6581 105.443 6.77435 355.716
101.499 38.6083 105.594 6.7734 355.565
101.599 38.5585 105.744 6.77243 355.415
101.699 38.5088 105.895 6.77144 355.264
101.799 38.459 106.045 6.77043 355.114
101.899 38.4093 106.195 6.76939 354.963
101.999 38.3595 106.346 6.76834 354.813
102.099 38.3098 106.496 6.76726 354.663
102.199 38.26 106.646 6.76616 354.513
102.299 38.2103 106.796 6.76504 354.362
102.399 38.1606 106.947 6.7639 354.212
102.499 38.1108 107.097 6.76274 354.062
102.599 38.0611 107.247 6.76155 353.912
102.699 38.0113 107.397 6.76035 353.762
102.799 37.9616 107.546 6.75912 353.612
102.899 37.9119 107.696 6.75787 353.463
102.999 37.8621 107.846 6.7566 353.313
103.099 37.8124 107.996 6.75531 353.163
103.199 37.7627 108.145 6.754 353.014
103.299 37.713 108.295 6.75266 352.864
103.399 37.6632 108.444 6.75131 352.714
103.499 37.6135 108.594 6.74993 352.565
103.599 37.5638 108.743 6.74853 352.416
103.699 37.5141 108.893 6.74711 352.266
103.799 37.4644 109.042 6.74567 352.117
103.899 37.4147 109.191 6.7442 351.968
103.999 37.3649 109.34 6.74272 351.819
104.099 37.3152 109.489 6.74121 351.67
104.199 37.2655 109.638 6.73968 351.521
104.299 37.2158 109.787 6.73813 351.372
104.399 37.1661 109.936 6.73656 351.223
104.499 37.1164 110.085 6.73496 351.074
104.599 37.0667 110.234 6.73335 350.925
104.699 37.017 110.382 6.73171 350.777
104.799 36.9673 110.531 6.73005 350.628
104.899 36.9176 110.679 6.72837 350.48
104.999 36.8679 110.828 6.72667 350.331
105.099 36.8182 110.976 6.72495 350.183
105.199 36.7686 111.124 6.7232 350.034
105.299 36.7189 111.273 6.72143 349.886
105.399 36.6692 111.421 6.71965 349.738
105.499 36.6195 111.569 6.71784 349.59
105.599 36.5698 111.717 6.716 349.442
105.699 36.5201 111.865 6.71415 349.294
105.799 36.4705 112.013 6.71227 349.146
105.899 36.4208 112.161 6.71038 348.998
105.999 36.3711 112.308 6.70846 348.85
106.099 36.3214 112.456 6.70652 348.703
106.199 36.2718 112.604 6.70455 348.555
106.299 36.2221 112.751 6.70257 348.408
106.399 36.1724 112.899 6.70056 348.26
106.499 36.1228 113.046 6.69853 348.113
106.599 36.0731 113.193 6.69648 347.965
106.699 36.0235 113.341 6.69441 347.818
106.799 35.9738 113.488 6.69232 347.671
106.899 35.9241 113.635 6.6902 347.524
106.999 35.8745 113.782 6.68806 347.377
107.099 35.8248 113.929 6.68591 347.23
107.199 35.7752 114.076 6.68372 347.083
107.299 35.7255 114.222 6.68152 346.937
107.399 35.6759 114.369 6.6793 346.79
107.499 35.6262 114.516 6.67705 346.643
107.599 35.5766 114.662 6.67478 346.497
107.699 35.527 114.808 6.67249 346.35
107.799 35.4773 114.955 6.67018 346.204
107.899 35.4277 115.101 6.66784 346.058
107.999 35.378 115.247 6.66549 345.912
108.099 35.3284 115.393 6.66311 345.766
108.199 35.2788 115.539 6.66071 345.619
108.299 35.2292 115.685 6.65829 345.474
108.399 35.1795 115.831 6.65584 345.328
108.499 35.1299 115.977 6.65338 345.182
108.599 35.0803 116.123 6.65089 345.036
108.699 35.0307 116.268 6.64838 344.891
108.799 34.981 116.414 6.64585 344.745
108.899 34.9314 116.559 6.6433 344.6
108.999 34.8818 116.704 6.64072 344.454
109.099 34.8322 116.85 6.63812 344.309
109.199 34.7826 116.995 6.6355 344.164
109.299 34.733 117.14 6.63286 344.019
109.399 34.6833 117.285 6.6302 343.874
109.499 34.6337 117.43 6.62751 343.729
109.599 34.5841 117.575 6.6248 343.584
109.699 34.5345 117.719 6.62208 343.44
109.799 34.4849 117.864 6.61932 343.295
109.899 34.4353 118.008 6.61655 343.15
109.999 34.3857 118.153 6.61375 343.006
110.099 34.3361 118.297 6.61094 342.862
110.199 34.2865 118.442 6.6081 342.717
110.299 34.2369 118.586 6.60524 342.573
110.399 34.1874 118.73 6.60235 342.429
110.499 34.1378 118.874 6.59945 342.285
110.599 34.0882 119.018 6.59652 342.141
110.699 34.0386 119.161 6.59357 341.997
110.799 33.989 119.305 6.5906 341.854
110.899 33.9394 119.449 6.5876 341.71
110.999 33.8899 119.592 6.58459 341.567
111.099 33.8403 119.736 6.58155 341.423
111.199 33.7907 119.879 6.57849 341.28
111.299 33.7411 120.022 6.57541 341.137
111.399 33.6916 120.165 6.5723 340.994
111.499 33.642 120.308 6.56918 340.851
111.599 33.5924 120.451 6.56603 340.708
111.699 33.5428 120.594 6.56286 340.565
111.799 33.4933 120.737 6.55966 340.422
111.899 33.4437 120.879 6.55645 340.28
111.999 33.3942 121.022 6.55321 340.137
112.099 33.3446 121.164 6.54995 339.995
112.199 33.295 121.307 6.54667 339.852
112.299 33.2455 121.449 6.54337 339.71
112.399 33.1959 121.591 6.54004 339.568
112.499 33.1464 121.733 6.5367 339.426
112.599 33.0968 121.875 6.53333 339.284
112.699 33.0473 122.017 6.52994 339.142
112.799 32.9977 122.158 6.52652 339
112.899 32.9482 122.3 6.52309 338.859
112.999 32.8986 122.442 6.51963 338.717
113.099 32.8491 122.583 6.51615 338.576
113.199 32.7996 122.724 6.51265 338.435
113.299 32.75 122.865 6.50912 338.294
113.399 32.7005 123.006 6.50558 338.152
113.499 32.651 123.147 6.50201 338.011
113.599 32.6014 123.288 6.49842 337.871
113.699 32.5519 123.429 6.4948 337.73
113.799 32.5024 123.57 6.49117 337.589
113.899 32.4528 123.71 6.48751 337.449
113.999 32.4033 123.851 6.48383 337.308
114.099 32.3538 123.991 6.48013 337.168
114.199 32.3043 124.131 6.47641 337.028
114.299 32.2547 124.271 6.47266 336.888
114.399 32.2052 124.411 6.46889 336.748
114.499 32.1557 124.551 6.4651 336.608
114.599 32.1062 124.691 6.46129 336.468
114.699 32.0567 124.831 6.45746 336.328
114.799 32.0072 124.97 6.4536 336.189
114.899 31.9577 125.11 6.44972 336.049
114.999 31.9082 125.249 6.44582 335.91
115.099 31.8586 125.388 6.4419 335.771
115.199 31.8091 125.527 6.43795 335.632
115.299 31.7596 125.666 6.43398 335.493
115.399 31.7101 125.805 6.42999 335.354
115.499 31.6606 125.944 6.42598 335.215
115.599 31.6111 126.082 6.42195 335.076
115.699 31.5617 126.221 6.41789 334.938
115.799 31.5122 126.359 6.41382 334.8
115.899 31.4627 126.498 6.40971 334.661
115.999 31.4132 126.636 6.40559 334.523
116.099 31.3637 126.774 6.40145 334.385
116.199 31.3142 126.912 6.39728 334.247
116.299 31.2647 127.05 6.39309 334.109
116.399 31.2152 127.187 6.38888 333.972
116.499 31.1658 127.325 6.38465 333.834
116.599 31.1163 127.462 6.38039 333.697
116.699 31.0668 127.6 6.37611 333.559
116.799 31.0173 127.737 6.37181 333.422
116.899 30.9679 127.874 6.36749 333.285
116.999 30.9184 128.011 6.36315 333.148
117.099 30.8689 128.148 6.35878 333.011
117.199 30.8194 128.285 6.35439 332.874
117.299 30.77 128.421 6.34998 332.738
117.399 30.7205 128.558 6.34555 332.601
117.499 30.671 128.694 6.3411 332.465
117.599 30.6216 128.83 6.33662 332.329
117.699 30.5721 128.966 6.33212 332.193
117.799 30.5227 129.102 6.3276 332.057
117.899 30.4732 129.238 6.32306 331.921
117.999 30.4238 129.374 6.31849 331.785
118.099 30.3743 129.51 6.3139 331.649
118.199 30.3248 129.645 6.30929 331.514
118.299 30.2754 129.78 6.30466 331.378
118.399 30.226 129.916 6.30001 331.243
118.499 30.1765 130.051 6.29533 331.108
118.599 30.1271 130.186 6.29063 330.973
118.699 30.0776 130.321 6.28591 330.838
118.799 30.0282 130.455 6.28117 330.704
118.899 29.9787 130.59 6.27641 330.569
118.999 29.9293 130.724 6.27162 330.435
119.099 29.8799 130.859 6.26681 330.3
119.199 29.8304 130.993 6.26198 330.166
119.299 29.781 131.127 6.25713 330.032
119.399 29.7316 131.261 6.25225 329.898
119.499 29.6821 131.395 6.24735 329.764
119.599 29.6327 131.528 6.24244 329.631
119.699 29.5833 131.662 6.23749 329.497
119.799 29.5339 131.795 6.23253 329.364
119.899 29.4844 131.929 6.22755 329.23
119.999 29.435 132.062 6.22254 329.097
120.099 29.3856 132.195 6.21751 328.964
120.199 29.3362 132.328 6.21246 328.831
120.299 29.2868 132.46 6.20738 328.699
120.399 29.2374 132.593 6.20229 328.566
120.499 29.1879 132.725 6.19717 328.433
120.599 29.1385 132.858 6.19203 328.301
120.699 29.0891 132.99 6.18687 328.169
120.799 29.0397 133.122 6.18168 328.037
120.899 28.9903 133.254 6.17648 327.905
120.999 28.9409 133.386 6.17125 327.773
121.099 28.8915 133.517 6.166 327.642
121.199 28.8421 133.649 6.16073 327.51
121.299 28.7927 133.78 6.15543 327.379
121.399 28.7433 133.911 6.15012 327.247
121.499 28.6939 134.043 6.14478 327.116
121.599 28.6445 134.174 6.13942 326.985
121.699 28.5951 134.304 6.13404 326.855
121.799 28.5457 134.435 6.12863 326.724
121.899 28.4964 134.566 6.12321 326.593
121.999 28.447 134.696 6.11776 326.463
122.099 28.3976 134.826 6.11229 326.333
122.199 28.3482 134.956 6.1068 326.203
122.299 28.2988 135.086 6.10128 326.073
122.399 28.2494 135.216 6.09575 325.943
122.499 28.2001 135.346 6.09019 325.813
122.599 28.1507 135.475 6.08461 325.684
122.699 28.1013 135.605 6.07901 325.554
122.799 28.0519 135.734 6.07339 325.425
122.899 28.0026 135.863 6.06774 325.296
122.999 27.9532 135.992 6.06207 325.167
123.099 27.9038 136.121 6.05638 325.038
123.199 27.8544 136.249 6.05067 324.91
123.299 27.8051 136.378 6.04494 324.781
123.399 27.7557 136.506 6.03919 324.653
123.499 27.7064 136.634 6.03341 324.524
123.599 27.657 136.762 6.02761 324.396
123.699 27.6076 136.89 6.02179 324.269
123.799 27.5583 137.018 6.01595 324.141
123.899 27.5089 137.146 6.01008 324.013
123.999 27.4596 137.273 6.0042 323.886
124.099 27.4102 137.401 5.99829 323.758
124.199 27.3609 137.528 5.99236 323.631
124.299 27.3115 137.655 5.98641 323.504
124.399 27.2622 137.782 5.98044 323.377
124.499 27.2128 137.908 5.97444 323.251
124.599 27.1635 138.035 5.96842 323.124
124.699 27.1141 138.161 5.96239 322.998
124.799 27.0648 138.288 5.95633 322.871
124.899 27.0155 138.414 5.95024 322.745
124.999 26.9661 138.54 5.94414 322.619
125.099 26.9168 138.665 5.93802 322.494
125.199 26.8674 138.791 5.93187 322.368
125.299 26.8181 138.917 5.9257 322.242
125.399 26.7688 139.042 5.91951 322.117
125.499 26.7194 139.167 5.9133 321.992
125.599 26.6701 139.292 5.90706 321.867
125.699 26.6208 139.417 5.90081 321.742
125.799 26.5715 139.542 5.89453 321.617
125.899 26.5221 139.666 5.88823 321.493
125.999 26.4728 139.791 5.88191 321.368
126.099 26.4235 139.915 5.87557 321.244
126.199 26.3742 140.039 5.8692 321.12
126.299 26.3249 140.163 5.86282 320.996
126.399 26.2755 140.287 5.85641 320.872
126.499 26.2262 140.41 5.84998 320.749
126.599 26.1769 140.534 5.84353 320.625
126.699 26.1276 140.657 5.83706 320.502
126.799 26.0783 140.78 5.83057 320.379
126.899 26.029 140.903 5.82405 320.256
126.999 25.9797 141.026 5.81752 320.133
127.099 25.9304 141.148 5.81096 320.01
127.199 25.8811 141.271 5.80438 319.888
127.299 25.8318 141.393 5.79778 319.766
127.399 25.7825 141.515 5.79116 319.644
127.499 25.7332 141.637 5.78451 319.522
127.599 25.6839 141.759 5.77785 319.4
127.699 25.6346 141.881 5.77116 319.278
127.799 25.5853 142.002 5.76445 319.157
127.899 25.536 142.124 5.75773 319.035
127.999 25.4867 142.245 5.75097 318.914
128.099 25.4374 142.366 5.7442 318.793
128.199 25.3881 142.487 5.73741 318.672
128.299 25.3388 142.607 5.73059 318.551
128.399 25.2895 142.728 5.72376 318.431
128.499 25.2403 142.848 5.7169 318.311
128.599 25.191 142.968 5.71002 318.19
128.699 25.1417 143.088 5.70312 318.07
128.799 25.0924 143.208 5.69619 317.951
128.899 25.0431 143.328 5.68925 317.831
128.999 24.9938 143.447 5.68229 317.711
129.099 24.9446 143.567 5.6753 317.592
129.199 24.8953 143.686 5.66829 317.473
129.299 24.846 143.805 5.66126 317.354
129.399 24.7967 143.924 5.65421 317.235
129.499 24.7475 144.043 5.64714 317.116
129.599 24.6982 144.161 5.64005 316.998
129.699 24.6489 144.279 5.63294 316.88
129.799 24.5997 144.397 5.6258 316.761
129.899 24.5504 144.515 5.61865 316.643
129.999 24.5011 144.633 5.61147 316.526
130.099 24.4519 144.751 5.60427 316.408
130.199 24.4026 144.868 5.59705 316.291
130.299 24.3533 144.986 5.58981 316.173
130.399 24.3041 145.103 5.58255 316.056
130.499 24.2548 145.22 5.57527 315.939
130.599 24.2056 145.336 5.56797 315.822
130.699 24.1563 145.453 5.56064 315.706
130.799 24.1071 145.57 5.5533 315.589
130.899 24.0578 145.686 5.54593 315.473
130.999 24.0086 145.802 5.53854 315.357
131.099 23.9593 145.918 5.53114 315.241
131.199 23.9101 146.033 5.52371 315.125
131.299 23.8608 146.149 5.51626 315.01
131.399 23.8116 146.264 5.50879 314.895
131.499 23.7623 146.38 5.50129 314.779
131.599 23.7131 146.495 5.49378 314.664
131.699 23.6639 146.609 5.48625 314.55
131.799 23.6146 146.724 5.47869 314.435
131.899 23.5654 146.838 5.47112 314.32
131.999 23.5161 146.953 5.46352 314.206
132.099 23.4669 147.067 5.4559 314.092
132.199 23.4177 147.181 5.44827 313.978
132.299 23.3684 147.295 5.44061 313.864
132.399 23.3192 147.408 5.43293 313.751
132.499 23.27 147.522 5.42523 313.637
132.599 23.2208 147.635 5.41751 313.524
132.699 23.1715 147.748 5.40977 313.411
132.799 23.1223 147.861 5.40201 313.298
132.899 23.0731 147.973 5.39422 313.186
132.999 23.0239 148.086 5.38642 313.073
133.099 22.9747 148.198 5.3786 312.961
133.199 22.9254 148.31 5.37075 312.849
133.299 22.8762 148.422 5.36289 312.737
133.399 22.827 148.534 5.355 312.625
133.499 22.7778 148.645 5.34709 312.513
133.599 22.7286 148.757 5.33917 312.402
133.699 22.6794 148.868 5.33122 312.291
133.799 22.6302 148.979 5.32325 312.18
133.899 22.5809 149.09 5.31526 312.069
133.999 22.5317 149.2 5.30726 311.958
134.099 22.4825 149.311 5.29923 311.848
134.199 22.4333 149.421 5.29118 311.738
134.299 22.3841 149.531 5.28311 311.628
134.399 22.3349 149.641 5.27502 311.518
134.499 22.2857 149.751 5.26691 311.408
134.599 22.2365 149.86 5.25878 311.299
134.699 22.1873 149.97 5.25063 311.189
134.799 22.1381 150.079 5.24245 311.08
134.899 22.0889 150.188 5.23426 310.971
134.999 22.0397 150.297 5.22605 310.862
135.099 21.9906 150.405 5.21782 310.754
135.199 21.9414 150.513 5.20957 310.645
135.299 21.8922 150.622 5.20129 310.537
135.399 21.843 150.73 5.193 310.429
135.499 21.7938 150.837 5.18469 310.321
135.599 21.7446 150.945 5.17636 310.214
135.699 21.6954 151.053 5.168 310.106
135.799 21.6462 151.16 5.15963 309.999
135.899 21.5971 151.267 5.15124 309.892
135.999 21.5479 151.374 5.14282 309.785
136.099 21.4987 151.48 5.13439 309.679
136.199 21.4495 151.587 5.12594 309.572
136.299 21.4004 151.693 5.11746 309.466
136.399 21.3512 151.799 5.10897 309.36
136.499 21.302 151.905 5.10046 309.254
136.599 21.2528 152.011 5.09193 309.148
136.699 21.2037 152.116 5.08337 309.043
136.799 21.1545 152.221 5.0748 308.937
136.899 21.1053 152.327 5.06621 308.832
136.999 21.0562 152.431 5.0576 308.727
137.099 21.007 152.536 5.04896 308.623
137.199 20.9578 152.641 5.04031 308.518
137.299 20.9087 152.745 5.03164 308.414
137.399 20.8595 152.849 5.02295 308.31
137.499 20.8104 152.953 5.01424 308.206
137.599 20.7612 153.057 5.00551 308.102
137.699 20.712 153.16 4.99676 307.999
137.799 20.6629 153.264 4.98799 307.895
137.899 20.6137 153.367 4.9792 307.792
137.999 20.5646 153.47 4.97039 307.689
138.099 20.5154 153.572 4.96156 307.587
138.199 20.4663 153.675 4.95272 307.484
138.299 20.4171 153.777 4.94385 307.382
138.399 20.368 153.879 4.93496 307.28
138.499 20.3188 153.981 4.92606 307.178
138.599 20.2697 154.083 4.91713 307.076
138.699 20.2205 154.185 4.90819 306.974
138.799 20.1714 154.286 4.89922 306.873
138.899 20.1223 154.387 4.89024 306.772
138.999 20.0731 154.488 4.88124 306.671
139.099 20.024 154.589 4.87221 306.57
139.199 19.9748 154.689 4.86317 306.47
139.299 19.9257 154.789 4.85411 306.369
139.399 19.8766 154.89 4.84503 306.269
139.499 19.8274 154.989 4.83593 306.169
139.599 19.7783 155.089 4.82681 306.07
139.699 19.7292 155.189 4.81768 305.97
139.799 19.68 155.288 4.80852 305.871
139.899 19.6309 155.387 4.79935 305.772
139.999 19.5818 155.486 4.79015 305.673
140.099 19.5327 155.585 4.78094 305.574
140.199 19.4835 155.683 4.7717 305.476
140.299 19.4344 155.781 4.76245 305.378
140.399 19.3853 155.879 4.75318 305.279
140.499 19.3362 155.977 4.74389 305.182
140.599 19.287 156.075 4.73459 305.084
140.699 19.2379 156.172 4.72526 304.987
140.799 19.1888 156.27 4.71591 304.889
140.899 19.1397 156.367 4.70655 304.792
140.999 19.0906 156.463 4.69716 304.695
141.099 19.0415 156.56 4.68776 304.599
141.199 18.9923 156.656 4.67834 304.502
141.299 18.9432 156.753 4.6689 304.406
141.399 18.8941 156.849 4.65944 304.31
141.499 18.845 156.944 4.64997 304.215
141.599 18.7959 157.04 4.64047 304.119
141.699 18.7468 157.135 4.63096 304.024
141.799 18.6977 157.23 4.62143 303.928
141.899 18.6486 157.325 4.61187 303.834
141.999 18.5995 157.42 4.60231 303.739
142.099 18.5504 157.515 4.59272 303.644
142.199 18.5013 157.609 4.58311 303.55
142.299 18.4522 157.703 4.57349 303.456
142.399 18.4031 157.797 4.56384 303.362
142.499 18.354 157.89 4.55418 303.268
142.6 18.3049 157.984 4.5445 303.175
142.7 18.2558 158.077 4.5348 303.082
142.8 18.2067 158.17 4.52509 302.989
142.9 18.1576 158.263 4.51535 302.896
143 18.1085 158.356 4.5056 302.803
143.1 18.0594 158.448 4.49583 302.711
143.2 18.0103 158.54 4.48604 302.619
143.3 17.9612 158.632 4.47624 302.527
143.4 17.9122 158.724 4.46641 302.435
143.5 17.8631 158.815 4.45657 302.344
143.6 17.814 158.907 4.44671 302.252
143.7 17.7649 158.998 4.43683 302.161
143.8 17.7158 159.089 4.42693 302.07
143.9 17.6667 159.179 4.41702 301.98
144 17.6177 159.27 4.40708 301.889
144.1 17.5686 159.36 4.39713 301.799
144.2 17.5195 159.45 4.38717 301.709
144.3 17.4704 159.54 4.37718 301.619
144.4 17.4214 159.629 4.36718 301.53
144.5 17.3723 159.719 4.35715 301.44
144.6 17.3232 159.808 4.34712 301.351
144.7 17.2741 159.897 4.33706 301.262
144.8 17.2251 159.985 4.32698 301.174
144.9 17.176 160.074 4.31689 301.085
145 17.1269 160.162 4.30678 300.997
145.1 17.0779 160.25 4.29666 300.909
145.2 17.0288 160.338 4.28651 300.821
145.3 16.9797 160.425 4.27635 300.733
145.4 16.9307 160.513 4.26617 300.646
145.5 16.8816 160.6 4.25598 300.559
145.6 16.8325 160.687 4.24576 300.472
145.7 16.7835 160.774 4.23553 300.385
145.8 16.7344 160.86 4.22528 300.299
145.9 16.6853 160.946 4.21502 300.213
146 16.6363 161.032 4.20473 300.126
146.1 16.5872 161.118 4.19443 300.041
146.2 16.5382 161.204 4.18412 299.955
146.3 16.4891 161.289 4.17378 299.87
146.4 16.4401 161.374 4.16343 299.785
146.5 16.391 161.459 4.15306 299.7
146.6 16.342 161.544 4.14268 299.615
146.7 16.2929 161.628 4.13227 299.53
146.8 16.2439 161.713 4.12186 299.446
146.9 16.1948 161.797 4.11142 299.362
147 16.1458 161.881 4.10097 299.278
147.1 16.0967 161.964 4.0905 299.195
147.2 16.0477 162.047 4.08001 299.111
147.3 15.9986 162.131 4.06951 299.028
147.4 15.9496 162.214 4.05899 298.945
147.5 15.9005 162.296 4.04845 298.863
147.6 15.8515 162.379 4.0379 298.78
147.7 15.8025 162.461 4.02733 298.698
147.8 15.7534 162.543 4.01674 298.616
147.9 15.7044 162.625 4.00614 298.534
148 15.6554 162.706 3.99552 298.453
148.1 15.6063 162.788 3.98488 298.371
148.2 15.5573 162.869 3.97423 298.29
148.3 15.5082 162.95 3.96356 298.209
148.4 15.4592 163.03 3.95288 298.129
148.5 15.4102 163.111 3.94218 298.048
148.6 15.3612 163.191 3.93146 297.968
148.7 15.3121 163.271 3.92073 297.888
148.8 15.2631 163.35 3.90998 297.808
148.9 15.2141 163.43 3.89921 297.729
149 15.165 163.509 3.88843 297.65
149.1 15.116 163.588 3.87763 297.571
149.2 15.067 163.667 3.86681 297.492
149.3 15.018 163.746 3.85598 297.413
149.4 14.9689 163.824 3.84514 297.335
149.5 14.9199 163.902 3.83428 297.257
149.6 14.8709 163.98 3.8234 297.179
149.7 14.8219 164.058 3.8125 297.101
149.8 14.7729 164.135 3.80159 297.024
149.9 14.7238 164.212 3.79067 296.947
150 14.6748 164.289 3.77973 296.87
150.1 14.6258 164.366 3.76877 296.793
150.2 14.5768 164.442 3.7578 296.717
150.3 14.5278 164.519 3.74681 296.64
150.4 14.4788 164.595 3.73581 296.564
150.5 14.4298 164.67 3.72479 296.489
150.6 14.3807 164.746 3.71375 296.413
150.7 14.3317 164.821 3.7027 296.338
150.8 14.2827 164.896 3.69164 296.263
150.9 14.2337 164.971 3.68056 296.188
151 14.1847 165.046 3.66946 296.113
151.1 14.1357 165.12 3.65835 296.039
151.2 14.0867 165.194 3.64722 295.965
151.3 14.0377 165.268 3.63608 295.891
151.4 13.9887 165.342 3.62492 295.817
151.5 13.9397 165.415 3.61375 295.744
151.6 13.8907 165.489 3.60256 295.67
151.7 13.8417 165.562 3.59136 295.597
151.8 13.7927 165.634 3.58014 295.525
151.9 13.7437 165.707 3.56891 295.452
152 13.6947 165.779 3.55766 295.38
152.1 13.6457 165.851 3.5464 295.308
152.2 13.5967 165.923 3.53512 295.236
152.3 13.5477 165.994 3.52383 295.164
152.4 13.4987 166.066 3.51253 295.093
152.5 13.4497 166.137 3.50121 295.022
152.6 13.4007 166.208 3.48987 294.951
152.7 13.3517 166.278 3.47852 294.881
152.8 13.3027 166.349 3.46715 294.81
152.9 13.2537 166.419 3.45577 294.74
153 13.2047 166.489 3.44438 294.67
153.1 13.1558 166.558 3.43297 294.601
153.2 13.1068 166.628 3.42155 294.531
153.3 13.0578 166.697 3.41011 294.462
153.4 13.0088 166.766 3.39866 294.393
153.5 12.9598 166.834 3.38719 294.324
153.6 12.9108 166.903 3.37571 294.256
153.7 12.8618 166.971 3.36422 294.188
153.8 12.8129 167.039 3.35271 294.12
153.9 12.7639 167.107 3.34119 294.052
154 12.7149 167.174 3.32965 293.985
154.1 12.6659 167.242 3.3181 293.917
154.2 12.6169 167.309 3.30653 293.85
154.3 12.568 167.375 3.29496 293.784
154.4 12.519 167.442 3.28336 293.717
154.5 12.47 167.508 3.27176 293.651
154.6 12.421 167.574 3.26014 293.585
154.7 12.372 167.64 3.2485 293.519
154.8 12.3231 167.705 3.23685 293.453
154.9 12.2741 167.771 3.22519 293.388
155 12.2251 167.836 3.21352 293.323
155.1 12.1762 167.901 3.20183 293.258
155.2 12.1272 167.965 3.19013 293.194
155.3 12.0782 168.03 3.17841 293.129
155.4 12.0292 168.094 3.16668 293.065
155.5 11.9803 168.158 3.15494 293.001
155.6 11.9313 168.221 3.14318 292.938
155.7 11.8823 168.284 3.13141 292.874
155.8 11.8334 168.348 3.11963 292.811
155.9 11.7844 168.41 3.10784 292.748
156 11.7354 168.473 3.09603 292.686
156.1 11.6865 168.535 3.0842 292.623
156.2 11.6375 168.598 3.07237 292.561
156.3 11.5886 168.66 3.06052 292.499
156.4 11.5396 168.721 3.04866 292.438
156.5 11.4906 168.783 3.03679 292.376
156.6 11.4417 168.844 3.0249 292.315
156.7 11.3927 168.905 3.013 292.254
156.8 11.3438 168.965 3.00109 292.194
156.9 11.2948 169.026 2.98916 292.133
157 11.2458 169.086 2.97722 292.073
157.1 11.1969 169.146 2.96527 292.013
157.2 11.1479 169.205 2.95331 291.953
157.3 11.099 169.265 2.94133 291.894
157.4 11.05 169.324 2.92934 291.835
157.5 11.0011 169.383 2.91734 291.776
157.6 10.9521 169.442 2.90533 291.717
157.7 10.9032 169.5 2.8933 291.659
157.8 10.8542 169.558 2.88127 291.601
157.9 10.8053 169.616 2.86922 291.543
158 10.7563 169.674 2.85715 291.485
158.1 10.7074 169.731 2.84508 291.428
158.2 10.6584 169.789 2.83299 291.37
158.3 10.6095 169.845 2.82089 291.313
158.4 10.5605 169.902 2.80878 291.257
158.5 10.5116 169.959 2.79666 291.2
158.6 10.4626 170.015 2.78452 291.144
158.7 10.4137 170.071 2.77238 291.088
158.8 10.3647 170.126 2.76022 291.032
158.9 10.3158 170.182 2.74805 290.977
159.001 10.2668 170.237 2.73586 290.922
159.101 10.2179 170.292 2.72367 290.867
159.201 10.169 170.347 2.71146 290.812
159.301 10.12 170.401 2.69925 290.758
159.401 10.0711 170.455 2.68702 290.703
159.501 10.0221 170.509 2.67478 290.65
159.601 9.97321 170.563 2.66252 290.596
159.701 9.92427 170.616 2.65026 290.542
159.801 9.87533 170.67 2.63799 290.489
159.901 9.82639 170.723 2.6257 290.436
160.001 9.77746 170.775 2.6134 290.384
160.101 9.72852 170.828 2.60109 290.331
160.201 9.67959 170.88 2.58877 290.279
160.301 9.63065 170.932 2.57644 290.227
160.401 9.58172 170.983 2.5641 290.175
160.501 9.53279 171.035 2.55175 290.124
160.601 9.48386 171.086 2.53939 290.073
160.701 9.43492 171.137 2.52701 290.022
160.801 9.38599 171.188 2.51462 289.971
160.901 9.33706 171.238 2.50223 289.921
161.001 9.28813 171.288 2.48982 289.871
161.101 9.2392 171.338 2.4774 289.821
161.201 9.19028 171.388 2.46497 289.771
161.301 9.14135 171.437 2.45253 289.722
161.401 9.09242 171.486 2.44009 289.673
161.501 9.04349 171.535 2.42762 289.624
161.601 8.99457 171.584 2.41515 289.575
161.701 8.94564 171.632 2.40267 289.527
161.801 8.89672 171.68 2.39018 289.479
161.901 8.84779 171.728 2.37768 289.431
162.001 8.79887 171.776 2.36517 289.383
162.101 8.74995 171.823 2.35264 289.336
162.201 8.70103 171.87 2.34011 289.289
162.301 8.6521 171.917 2.32757 289.242
162.401 8.60318 171.964 2.31502 289.195
162.501 8.55426 172.01 2.30245 289.149
162.601 8.50534 172.056 2.28988 289.103
162.701 8.45642 172.102 2.2773 289.057
162.801 8.4075 172.147 2.26471 289.011
162.901 8.35859 172.193 2.2521 288.966
163.001 8.30967 172.238 2.23949 288.921
163.101 8.26075 172.283 2.22687 288.876
163.201 8.21183 172.327 2.21424 288.832
163.301 8.16292 172.371 2.2016 288.787
163.401 8.114 172.416 2.18895 288.743
163.501 8.06509 172.459 2.17629 288.7
163.601 8.01617 172.503 2.16362 288.656
163.701 7.96726 172.546 2.15094 288.613
163.801 7.91835 172.589 2.13825 288.57
163.901 7.86943 172.632 2.12556 288.527
164.001 7.82052 172.674 2.11285 288.485
164.101 7.77161 172.717 2.10013 288.442
164.201 7.7227 172.758 2.08741 288.4
164.301 7.67379 172.8 2.07468 288.359
164.401 7.62488 172.842 2.06193 288.317
164.501 7.57597 172.883 2.04918 288.276
164.601 7.52706 172.924 2.03642 288.235
164.701 7.47815 172.964 2.02365 288.194
164.801 7.42924 173.005 2.01087 288.154
164.901 7.38033 173.045 1.99809 288.114
165.001 7.33143 173.085 1.98529 288.074
165.101 7.28252 173.125 1.97249 288.034
165.201 7.23361 173.164 1.95967 287.995
165.301 7.18471 173.203 1.94685 287.956
165.401 7.1358 173.242 1.93402 287.917
165.501 7.0869 173.281 1.92118 287.878
165.601 7.038 173.319 1.90834 287.84
165.701 6.98909 173.357 1.89548 287.802
165.801 6.94019 173.395 1.88262 287.764
165.901 6.89129 173.432 1.86975 287.727
166.001 6.84238 173.47 1.85687 287.689
166.101 6.79348 173.507 1.84398 287.652
166.201 6.74458 173.543 1.83109 287.615
166.301 6.69568 173.58 1.81818 287.579
166.401 6.64678 173.616 1.80527 287.543
166.501 6.59788 173.652 1.79235 287.507
166.601 6.54898 173.688 1.77942 287.471
166.701 6.50008 173.724 1.76649 287.435
166.801 6.45118 173.759 1.75355 287.4
166.901 6.40228 173.794 1.7406 287.365
167.001 6.35339 173.828 1.72764 287.33
167.101 6.30449 173.863 1.71467 287.296
167.201 6.25559 173.897 1.7017 287.262
167.301 6.20669 173.931 1.68872 287.228
167.401 6.1578 173.965 1.67573 287.194
167.501 6.1089 173.998 1.66274 287.161
167.601 6.06001 174.031 1.64974 287.128
167.701 6.01111 174.064 1.63673 287.095
167.801 5.96222 174.097 1.62371 287.062
167.901 5.91332 174.129 1.61069 287.03
168.001 5.86443 174.161 1.59766 286.998
168.101 5.81554 174.193 1.58462 286.966
168.201 5.76664 174.224 1.57157 286.935
168.301 5.71775 174.256 1.55852 286.903
168.401 5.66886 174.287 1.54546 286.872
168.501 5.61997 174.317 1.5324 286.841
168.601 5.57108 174.348 1.51933 286.811
168.701 5.52219 174.378 1.50625 286.781
168.801 5.47329 174.408 1.49316 286.751
168.901 5.4244 174.438 1.48007 286.721
169.001 5.37551 174.467 1.46697 286.692
169.101 5.32663 174.496 1.45387 286.662
169.201 5.27774 174.525 1.44076 286.633
169.301 5.22885 174.554 1.42764 286.605
169.401 5.17996 174.582 1.41452 286.576
169.501 5.13107 174.611 1.40139 286.548
169.601 5.08218 174.638 1.38825 286.52
169.701 5.0333 174.666 1.37511 286.493
169.801 4.98441 174.693 1.36196 286.465
169.901 4.93552 174.72 1.34881 286.438
170.001 4.88664 174.747 1.33565 286.412
170.101 4.83775 174.774 1.32248 286.385
170.201 4.78886 174.8 1.30931 286.359
170.301 4.73998 174.826 1.29614 286.333
170.401 4.69109 174.852 1.28295 286.307
170.501 4.64221 174.877 1.26976 286.281
170.601 4.59332 174.903 1.25657 286.256
170.701 4.54444 174.928 1.24337 286.231
170.801 4.49556 174.952 1.23017 286.207
170.901 4.44667 174.977 1.21696 286.182
171.001 4.39779 175.001 1.20374 286.158
171.101 4.34891 175.025 1.19052 286.134
171.201 4.30002 175.048 1.17729 286.11
171.301 4.25114 175.072 1.16406 286.087
171.401 4.20226 175.095 1.15083 286.064
171.501 4.15338 175.118 1.13758 286.041
171.601 4.1045 175.14 1.12434 286.019
171.701 4.05562 175.163 1.11109 285.996
171.801 4.00674 175.185 1.09783 285.974
171.901 3.95785 175.206 1.08457 285.952
172.001 3.90897 175.228 1.0713 285.931
172.101 3.86009 175.249 1.05803 285.91
172.201 3.81121 175.27 1.04476 285.889
172.301 3.76233 175.291 1.03148 285.868
172.401 3.71346 175.311 1.01819 285.847
172.501 3.66458 175.332 1.0049 285.827
172.601 3.6157 175.352 0.991611 285.807
172.701 3.56682 175.371 0.978313 285.788
172.801 3.51794 175.391 0.965011 285.768
172.901 3.46906 175.41 0.951705 285.749
173.001 3.42019 175.429 0.938394 285.73
173.101 3.37131 175.447 0.92508 285.712
173.201 3.32243 175.465 0.911761 285.693
173.301 3.27355 175.484 0.898439 285.675
173.401 3.22468 175.501 0.885112 285.658
173.501 3.1758 175.519 0.871782 285.64
173.601 3.12692 175.536 0.858447 285.623
173.701 3.07805 175.553 0.845109 285.606
173.801 3.02917 175.57 0.831767 285.589
173.901 2.9803 175.586 0.818422 285.573
174.001 2.93142 175.602 0.805073 285.556
174.101 2.88254 175.618 0.79172 285.54
174.201 2.83367 175.634 0.778364 285.525
174.301 2.78479 175.649 0.765005 285.509
174.401 2.73592 175.665 0.751642 285.494
174.501 2.68704 175.679 0.738276 285.479
174.601 2.63817 175.694 0.724906 285.465
174.701 2.5893 175.708 0.711534 285.451
174.801 2.54042 175.722 0.698158 285.436
174.901 2.49155 175.736 0.684779 285.423
175.001 2.44267 175.75 0.671397 285.409
175.101 2.3938 175.763 0.658012 285.396
175.201 2.34493 175.776 0.644624 285.383
175.301 2.29605 175.789 0.631234 285.37
175.402 2.24718 175.801 0.617841 285.358
175.502 2.19831 175.813 0.604444 285.346
175.602 2.14943 175.825 0.591046 285.334
175.702 2.10056 175.837 0.577644 285.322
175.802 2.05169 175.848 0.56424 285.311
175.902 2.00282 175.859 0.550834 285.299
176.002 1.95394 175.87 0.537425 285.289
176.102 1.90507 175.881 0.524014 285.278
176.202 1.8562 175.891 0.510601 285.268
176.302 1.80733 175.901 0.497185 285.258
176.402 1.75846 175.911 0.483767 285.248
176.502 1.70959 175.92 0.470347 285.238
176.602 1.66071 175.93 0.456925 285.229
176.702 1.61184 175.939 0.4435 285.22
176.802 1.56297 175.947 0.430074 285.211
176.902 1.5141 175.956 0.416646 285.203
177.002 1.46523 175.964 0.403216 285.195
177.102 1.41636 175.972 0.389785 285.187
177.202 1.36749 175.98 0.376351 285.179
177.302 1.31862 175.987 0.362916 285.172
177.402 1.26975 175.994 0.34948 285.165
177.502 1.22087 176.001 0.336042 285.158
177.602 1.172 176.007 0.322602 285.151
177.702 1.12313 176.014 0.309161 285.145
177.802 1.07426 176.02 0.295719 285.139
177.902 1.02539 176.026 0.282275 285.133
178.002 0.976523 176.031 0.26883 285.128
178.102 0.927653 176.036 0.255384 285.123
178.202 0.878782 176.041 0.241936 285.118
178.302 0.829912 176.046 0.228488 285.113
178.402 0.781042 176.05 0.215039 285.109
178.502 0.732173 176.054 0.201588 285.104
178.602 0.683303 176.058 0.188137 285.101
178.702 0.634433 176.062 0.174685 285.097
178.802 0.585563 176.065 0.161232 285.094
178.902 0.536693 176.068 0.147779 285.09
179.002 0.487824 176.071 0.134324 285.088
179.102 0.438954 176.074 0.12087 285.085
179.202 0.390084 176.076 0.107414 285.083
179.302 0.341215 176.078 0.0939586 285.081
179.402 0.292345 176.08 0.0805024 285.079
179.502 0.243475 176.081 0.0670458 285.078
179.602 0.194606 176.082 0.053589 285.076
179.702 0.145736 176.083 0.0401319 285.076
179.802 0.0968668 176.084 0.0266746 285.075
179.902 0.0479972 176.084 0.0132172 285.074
