0 180 4.67475 0 422.849
0.1 179.689 4.67485 0.00770238 422.848
0.2 179.377 4.67513 0.0154047 422.848
0.3 179.066 4.67559 0.0231071 422.848
0.4 178.755 4.67624 0.0308093 422.847
0.5 178.443 4.67707 0.0385115 422.846
0.6 178.132 4.67809 0.0462137 422.845
0.7 177.821 4.67929 0.0539157 422.844
0.8 177.51 4.68068 0.0616175 422.843
0.9 177.199 4.68225 0.0693193 422.841
1 176.888 4.68401 0.0770208 422.839
1.1 176.577 4.68595 0.0847222 422.837
1.2 176.266 4.68808 0.0924234 422.835
1.3 175.956 4.69039 0.100124 422.833
1.4 175.645 4.69289 0.107825 422.83
1.5 175.335 4.69558 0.115526 422.828
1.6 175.025 4.69844 0.123226 422.825
1.7 174.715 4.7015 0.130926 422.822
1.8 174.405 4.70474 0.138625 422.819
1.9 174.096 4.70816 0.146325 422.815
2 173.786 4.71177 0.154023 422.812
2.1 173.477 4.71556 0.161722 422.808
2.2 173.168 4.71954 0.16942 422.804
2.3 172.859 4.7237 0.177118 422.8
2.4 172.551 4.72805 0.184815 422.795
2.5 172.242 4.73259 0.192512 422.791
2.6 171.934 4.7373 0.200209 422.786
2.7 171.626 4.74221 0.207905 422.781
2.8 171.319 4.74729 0.2156 422.776
2.9 171.012 4.75257 0.223295 422.771
3 170.705 4.75803 0.23099 422.765
3.1 170.398 4.76367 0.238683 422.76
3.2 170.092 4.76949 0.246377 422.754
3.3 169.786 4.77551 0.25407 422.748
3.4 169.48 4.7817 0.261762 422.742
3.5 169.174 4.78809 0.269453 422.735
3.6 168.869 4.79465 0.277144 422.729
3.7 168.565 4.8014 0.284834 422.722
3.8 168.26 4.80834 0.292524 422.715
3.9 167.956 4.81546 0.300213 422.708
4 167.653 4.82276 0.307901 422.701
4.1 167.35 4.83025 0.315589 422.693
4.2 167.047 4.83793 0.323275 422.685
4.3 166.744 4.84579 0.330961 422.678
4.4 166.442 4.85383 0.338646 422.67
4.5 166.141 4.86206 0.346331 422.661
4.6 165.84 4.87047 0.354014 422.653
4.7 165.539 4.87907 0.361697 422.644
4.8 165.239 4.88785 0.369379 422.635
4.9 164.939 4.89682 0.37706 422.627
5 164.64 4.90597 0.38474 422.617
5.1 164.341 4.9153 0.392419 422.608
5.2 164.042 4.92482 0.400097 422.599
5.3 163.744 4.93452 0.407775 422.589
5.4 163.447 4.94441 0.415451 422.579
5.5 163.15 4.95448 0.423126 422.569
5.6 162.853 4.96474 0.430801 422.559
5.7 162.557 4.97518 0.438474 422.548
5.8 162.262 4.98581 0.446146 422.538
5.9 161.967 4.99661 0.453817 422.527
6 161.673 5.00761 0.461488 422.516
6.1 161.379 5.01878 0.469157 422.505
6.2 161.086 5.03015 0.476825 422.493
6.3 160.793 5.04169 0.484491 422.482
6.4 160.501 5.05342 0.492157 422.47
6.5 160.209 5.06533 0.499822 422.458
6.6 159.918 5.07743 0.507485 422.446
6.7 159.628 5.08971 0.515147 422.434
6.8 159.338 5.10217 0.522808 422.421
6.9 159.048 5.11482 0.530468 422.409
7 158.76 5.12765 0.538126 422.396
7.1 158.472 5.14067 0.545783 422.383
7.2 158.184 5.15387 0.553439 422.369
7.3 157.897 5.16725 0.561094 422.356
7.4 157.611 5.18082 0.568747 422.343
7.5 157.325 5.19457 0.576399 422.329
7.6 157.04 5.2085 0.584049 422.315
7.7 156.756 5.22262 0.591698 422.301
7.79999 156.472 5.23692 0.599346 422.286
7.89999 156.189 5.25141 0.606992 422.272
7.99999 155.906 5.26607 0.614637 422.257
8.09999 155.624 5.28092 0.622281 422.242
8.2 155.343 5.29596 0.629923 422.227
8.3 155.063 5.31117 0.637563 422.212
8.4 154.783 5.32657 0.645202 422.197
8.5 154.504 5.34216 0.652839 422.181
8.6 154.225 5.35792 0.660475 422.165
8.7 153.947 5.37387 0.66811 422.149
8.8 153.67 5.39001 0.675742 422.133
8.9 153.393 5.40632 0.683374 422.117
9 153.117 5.42282 0.691003 422.101
9.1 152.842 5.4395 0.698631 422.084
9.2 152.568 5.45636 0.706257 422.067
9.3 152.294 5.47341 0.713882 422.05
9.4 152.021 5.49064 0.721505 422.033
9.5 151.749 5.50805 0.729126 422.015
9.6 151.477 5.52564 0.736745 421.998
9.7 151.206 5.54342 0.744363 421.98
9.8 150.936 5.56138 0.751979 421.962
9.9 150.666 5.57952 0.759593 421.944
10 150.397 5.59785 0.767205 421.925
10.1 150.129 5.61635 0.774816 421.907
10.2 149.862 5.63504 0.782424 421.888
10.3 149.595 5.65391 0.790031 421.869
10.4 149.329 5.67296 0.797636 421.85
10.5 149.064 5.6922 0.805239 421.831
10.6 148.799 5.71161 0.81284 421.812
10.7 148.535 5.73121 0.82044 421.792
10.8 148.272 5.75099 0.828037 421.772
10.9 148.01 5.77096 0.835632 421.752
11 147.748 5.7911 0.843226 421.732
11.1 147.487 5.81143 0.850817 421.712
11.2 147.227 5.83193 0.858406 421.691
11.3 146.968 5.85262 0.865993 421.671
11.4 146.709 5.87349 0.873579 421.65
11.5 146.451 5.89454 0.881162 421.629
11.6 146.194 5.91578 0.888743 421.608
11.7 145.937 5.93719 0.896322 421.586
11.8 145.682 5.95879 0.903899 421.565
11.9 145.427 5.98056 0.911473 421.543
12 145.172 6.00252 0.919046 421.521
12.1 144.919 6.02466 0.926616 421.499
12.2 144.666 6.04698 0.934184 421.476
12.3 144.414 6.06948 0.94175 421.454
12.4 144.163 6.09216 0.949314 421.431
12.5 143.912 6.11503 0.956875 421.408
12.6 143.662 6.13807 0.964434 421.385
12.7 143.413 6.16129 0.971991 421.362
12.8 143.165 6.1847 0.979546 421.339
12.9 142.918 6.20828 0.987098 421.315
13 142.671 6.23205 0.994648 421.291
13.1 142.425 6.25599 1.0022 421.267
13.2 142.179 6.28012 1.00974 421.243
13.3 141.935 6.30443 1.01728 421.219
13.4 141.691 6.32891 1.02482 421.194
13.5 141.448 6.35358 1.03236 421.17
13.6 141.206 6.37843 1.0399 421.145
13.7 140.964 6.40345 1.04743 421.12
13.8 140.723 6.42866 1.05496 421.095
13.9 140.483 6.45404 1.06249 421.069
14 140.244 6.47961 1.07001 421.044
14.1 140.005 6.50535 1.07754 421.018
14.2 139.768 6.53128 1.08506 420.992
14.3 139.53 6.55738 1.09257 420.966
14.4 139.294 6.58367 1.10009 420.94
14.5 139.058 6.61013 1.1076 420.913
14.6 138.824 6.63677 1.11511 420.887
14.7 138.589 6.66359 1.12262 420.86
14.8 138.356 6.69059 1.13012 420.833
14.9 138.123 6.71777 1.13763 420.806
15 137.891 6.74513 1.14512 420.778
15.1 137.66 6.77267 1.15262 420.751
15.2 137.43 6.80038 1.16011 420.723
15.3 137.2 6.82827 1.16761 420.695
15.4 136.971 6.85635 1.17509 420.667
15.5 136.743 6.8846 1.18258 420.639
15.6 136.515 6.91303 1.19006 420.61
15.7 136.288 6.94163 1.19754 420.582
15.8 136.062 6.97042 1.20502 420.553
15.9 135.837 6.99938 1.21249 420.524
16 135.612 7.02853 1.21996 420.495
16.1 135.388 7.05785 1.22743 420.465
16.2 135.165 7.08734 1.2349 420.436
16.3 134.942 7.11702 1.24236 420.406
16.4 134.72 7.14687 1.24982 420.376
16.5 134.499 7.1769 1.25727 420.346
16.6 134.279 7.20711 1.26473 420.316
16.7 134.059 7.2375 1.27218 420.286
16.8 133.84 7.26806 1.27962 420.255
16.9 133.622 7.2988 1.28707 420.225
17 133.405 7.32971 1.29451 420.194
17.1 133.188 7.36081 1.30195 420.163
17.2 132.972 7.39208 1.30938 420.131
17.3 132.756 7.42353 1.31682 420.1
17.4 132.541 7.45515 1.32424 420.068
17.5 132.327 7.48695 1.33167 420.036
17.6 132.114 7.51893 1.33909 420.004
17.7 131.901 7.55108 1.34651 419.972
17.8 131.689 7.58341 1.35393 419.94
17.9 131.478 7.61592 1.36134 419.907
18 131.267 7.6486 1.36875 419.875
18.1 131.057 7.68146 1.37616 419.842
18.2 130.848 7.7145 1.38356 419.809
18.3 130.64 7.74771 1.39096 419.776
18.4 130.432 7.78109 1.39835 419.742
18.5 130.224 7.81465 1.40575 419.709
18.6 130.018 7.84839 1.41314 419.675
18.7 129.812 7.8823 1.42052 419.641
18.8 129.607 7.91639 1.42791 419.607
18.9 129.402 7.95066 1.43528 419.573
19 129.198 7.98509 1.44266 419.538
19.1 128.995 8.01971 1.45003 419.504
19.2 128.792 8.05449 1.4574 419.469
19.3 128.59 8.08946 1.46477 419.434
19.4 128.389 8.1246 1.47213 419.399
19.5 128.188 8.15991 1.47949 419.363
19.6 127.988 8.19539 1.48684 419.328
19.7 127.789 8.23106 1.49419 419.292
19.8 127.59 8.26689 1.50154 419.256
19.9 127.392 8.3029 1.50889 419.22
20 127.195 8.33908 1.51623 419.184
20.1 126.998 8.37544 1.52356 419.148
20.2 126.802 8.41197 1.5309 419.111
20.3 126.606 8.44868 1.53823 419.075
20.4 126.411 8.48556 1.54555 419.038
20.5 126.217 8.52261 1.55288 419.001
20.6 126.023 8.55983 1.56019 418.964
20.7 125.83 8.59723 1.56751 418.926
20.8 125.638 8.6348 1.57482 418.889
20.9 125.446 8.67255 1.58213 418.851
21 125.255 8.71047 1.58943 418.813
21.1 125.064 8.74856 1.59673 418.775
21.2 124.874 8.78682 1.60403 418.737
21.3 124.685 8.82526 1.61132 418.698
21.4 124.496 8.86386 1.61861 418.659
21.5 124.308 8.90265 1.62589 418.621
21.6 124.12 8.9416 1.63317 418.582
21.7 123.933 8.98072 1.64045 418.543
21.8 123.747 9.02002 1.64772 418.503
21.9 123.561 9.05949 1.65499 418.464
22 123.376 9.09913 1.66225 418.424
22.1 123.191 9.13894 1.66951 418.384
22.2 123.007 9.17892 1.67677 418.344
22.3 122.824 9.21908 1.68402 418.304
22.4 122.641 9.25941 1.69127 418.264
22.5 122.459 9.2999 1.69852 418.223
22.6 122.277 9.34057 1.70576 418.183
22.7001 122.096 9.38141 1.71299 418.142
22.8001 121.915 9.42242 1.72023 418.101
22.9001 121.735 9.4636 1.72745 418.06
23.0001 121.555 9.50495 1.73468 418.018
23.1001 121.376 9.54647 1.7419 417.977
23.2001 121.198 9.58816 1.74911 417.935
23.3001 121.02 9.63003 1.75632 417.893
23.4001 120.843 9.67206 1.76353 417.851
23.5001 120.666 9.71426 1.77073 417.809
23.6001 120.49 9.75663 1.77793 417.767
23.7001 120.314 9.79917 1.78513 417.724
23.8001 120.139 9.84188 1.79232 417.681
23.9001 119.965 9.88476 1.7995 417.639
24.0001 119.791 9.92781 1.80668 417.596
24.1001 119.617 9.97103 1.81386 417.552
24.2001 119.444 10.0144 1.82103 417.509
24.3001 119.272 10.058 1.8282 417.465
24.4001 119.1 10.1017 1.83537 417.422
24.5001 118.928 10.1456 1.84252 417.378
24.6001 118.757 10.1897 1.84968 417.334
24.7001 118.587 10.2339 1.85683 417.289
24.8001 118.417 10.2783 1.86398 417.245
24.9001 118.248 10.3228 1.87112 417.2
25.0001 118.079 10.3676 1.87825 417.156
25.1001 117.911 10.4125 1.88539 417.111
25.2001 117.743 10.4576 1.89252 417.066
25.3001 117.576 10.5028 1.89964 417.021
25.4001 117.409 10.5482 1.90676 416.975
25.5001 117.243 10.5938 1.91387 416.93
25.6001 117.077 10.6395 1.92098 416.884
25.7001 116.911 10.6854 1.92809 416.838
25.8001 116.747 10.7315 1.93519 416.792
25.9001 116.582 10.7777 1.94228 416.746
26.0001 116.418 10.8241 1.94937 416.699
26.1001 116.255 10.8707 1.95646 416.653
26.2001 116.092 10.9174 1.96354 416.606
26.3001 115.93 10.9643 1.97062 416.559
26.4001 115.768 11.0114 1.97769 416.512
26.5001 115.606 11.0586 1.98476 416.465
26.6001 115.445 11.106 1.99182 416.417
26.7001 115.285 11.1536 1.99888 416.37
26.8001 115.125 11.2013 2.00593 416.322
26.9001 114.965 11.2492 2.01298 416.274
27.0001 114.806 11.2973 2.02002 416.226
27.1001 114.647 11.3455 2.02706 416.178
27.2001 114.489 11.3939 2.03409 416.129
27.3001 114.331 11.4425 2.04112 416.081
27.4001 114.174 11.4912 2.04814 416.032
27.5001 114.017 11.5401 2.05516 415.983
27.6001 113.861 11.5891 2.06217 415.934
27.7001 113.705 11.6383 2.06918 415.885
27.8001 113.549 11.6877 2.07619 415.836
27.9001 113.394 11.7373 2.08318 415.786
28.0001 113.239 11.787 2.09018 415.736
28.1001 113.085 11.8368 2.09717 415.687
28.2001 112.931 11.8869 2.10415 415.636
28.3001 112.778 11.9371 2.11113 415.586
28.4001 112.625 11.9874 2.1181 415.536
28.5001 112.473 12.0379 2.12507 415.485
28.6001 112.321 12.0886 2.13203 415.435
28.7001 112.169 12.1395 2.13899 415.384
28.8001 112.018 12.1905 2.14594 415.333
28.9001 111.867 12.2416 2.15289 415.282
29.0001 111.717 12.293 2.15983 415.23
29.1001 111.567 12.3445 2.16677 415.179
29.2001 111.417 12.3961 2.1737 415.127
29.3001 111.268 12.4479 2.18062 415.075
29.4001 111.119 12.4999 2.18754 415.023
29.5001 110.971 12.5521 2.19446 414.971
29.6001 110.823 12.6044 2.20137 414.919
29.7001 110.675 12.6568 2.20827 414.867
29.8001 110.528 12.7095 2.21517 414.814
29.9001 110.382 12.7622 2.22207 414.761
30.0001 110.235 12.8152 2.22896 414.708
30.1001 110.089 12.8683 2.23584 414.655
30.2001 109.944 12.9215 2.24272 414.602
30.3001 109.799 12.975 2.24959 414.548
30.4001 109.654 13.0286 2.25646 414.495
30.5001 109.509 13.0823 2.26332 414.441
30.6001 109.365 13.1362 2.27017 414.387
30.7001 109.222 13.1903 2.27702 414.333
30.8001 109.079 13.2445 2.28387 414.279
30.9001 108.936 13.2989 2.29071 414.224
31.0001 108.793 13.3534 2.29754 414.17
31.1001 108.651 13.4081 2.30437 414.115
31.2001 108.509 13.463 2.31119 414.06
31.3001 108.368 13.518 2.31801 414.005
31.4001 108.227 13.5731 2.32482 413.95
31.5001 108.086 13.6285 2.33162 413.895
31.6001 107.946 13.684 2.33842 413.839
31.7001 107.806 13.7396 2.34522 413.784
31.8001 107.667 13.7954 2.35201 413.728
31.9001 107.528 13.8514 2.35879 413.672
32.0001 107.389 13.9075 2.36556 413.616
32.1001 107.25 13.9638 2.37234 413.56
32.2001 107.112 14.0202 2.3791 413.503
32.3001 106.974 14.0768 2.38586 413.447
32.4001 106.837 14.1335 2.39261 413.39
32.5001 106.7 14.1904 2.39936 413.333
32.6001 106.563 14.2475 2.4061 413.276
32.7001 106.427 14.3047 2.41284 413.219
32.8001 106.291 14.3621 2.41957 413.161
32.9001 106.155 14.4196 2.42629 413.104
33.0001 106.02 14.4773 2.43301 413.046
33.1001 105.884 14.5351 2.43972 412.988
33.2001 105.75 14.5931 2.44643 412.93
33.3001 105.615 14.6512 2.45313 412.872
33.4001 105.481 14.7095 2.45982 412.814
33.5001 105.348 14.768 2.46651 412.755
33.6001 105.214 14.8266 2.47319 412.697
33.7001 105.081 14.8854 2.47987 412.638
33.8001 104.948 14.9443 2.48654 412.579
33.9001 104.816 15.0033 2.4932 412.52
34.0001 104.684 15.0626 2.49986 412.461
34.1001 104.552 15.1219 2.50651 412.401
34.2001 104.421 15.1815 2.51315 412.342
34.3 104.29 15.2412 2.51979 412.282
34.4 104.159 15.301 2.52643 412.222
34.5 104.028 15.361 2.53305 412.162
34.6 103.898 15.4211 2.53967 412.102
34.7 103.768 15.4814 2.54629 412.042
34.8 103.639 15.5419 2.5529 411.981
34.9 103.509 15.6025 2.5595 411.921
35 103.38 15.6632 2.56609 411.86
35.1 103.252 15.7241 2.57268 411.799
35.2 103.123 15.7852 2.57927 411.738
35.3 102.995 15.8464 2.58584 411.677
35.4 102.867 15.9077 2.59241 411.616
35.5 102.74 15.9692 2.59898 411.554
35.6 102.613 16.0309 2.60553 411.492
35.7 102.486 16.0927 2.61208 411.431
35.8 102.359 16.1547 2.61863 411.369
35.9 102.233 16.2168 2.62517 411.307
36 102.107 16.279 2.6317 411.244
36.1 101.981 16.3414 2.63822 411.182
36.2 101.856 16.404 2.64474 411.119
36.3 101.731 16.4667 2.65125 411.057
36.4 101.606 16.5295 2.65776 410.994
36.5 101.481 16.5925 2.66426 410.931
36.6 101.357 16.6557 2.67075 410.868
36.7 101.233 16.719 2.67724 410.804
36.8 101.109 16.7825 2.68372 410.741
36.9 100.986 16.846 2.69019 410.677
37 100.862 16.9098 2.69665 410.614
37.1 100.74 16.9737 2.70311 410.55
37.2 100.617 17.0377 2.70957 410.486
37.3 100.494 17.1019 2.71601 410.421
37.4 100.372 17.1663 2.72245 410.357
37.5 100.25 17.2307 2.72888 410.293
37.6 100.129 17.2954 2.73531 410.228
37.7 100.008 17.3601 2.74173 410.163
37.8 99.8865 17.4251 2.74814 410.098
37.9 99.7657 17.4901 2.75455 410.033
38 99.6451 17.5554 2.76094 409.968
38.1 99.5248 17.6207 2.76734 409.903
38.2 99.4048 17.6862 2.77372 409.837
38.3 99.285 17.7519 2.7801 409.771
38.4 99.1655 17.8177 2.78647 409.706
38.5 99.0463 17.8836 2.79283 409.64
38.6 98.9273 17.9497 2.79919 409.574
38.7 98.8085 18.0159 2.80554 409.507
38.8 98.69 18.0823 2.81188 409.441
38.9 98.5717 18.1488 2.81822 409.375
39 98.4537 18.2155 2.82455 409.308
39.1 98.336 18.2823 2.83087 409.241
39.2 98.2184 18.3493 2.83719 409.174
39.3 98.1012 18.4163 2.8435 409.107
39.4 97.9841 18.4836 2.8498 409.04
39.5 97.8673 18.551 2.85609 408.972
39.6 97.7508 18.6185 2.86238 408.905
39.7 97.6345 18.6862 2.86866 408.837
39.8 97.5184 18.754 2.87493 408.769
39.9 97.4025 18.8219 2.8812 408.701
40 97.2869 18.89 2.88745 408.633
40.1 97.1716 18.9583 2.89371 408.565
40.2 97.0564 19.0266 2.89995 408.497
40.3 96.9415 19.0951 2.90619 408.428
40.4 96.8268 19.1638 2.91242 408.36
40.5 96.7124 19.2326 2.91864 408.291
40.6 96.5982 19.3016 2.92485 408.222
40.7 96.4842 19.3706 2.93106 408.153
40.7999 96.3704 19.4399 2.93726 408.083
40.8999 96.2569 19.5092 2.94346 408.014
40.9999 96.1435 19.5787 2.94964 407.945
41.0999 96.0304 19.6484 2.95582 407.875
41.1999 95.9176 19.7181 2.96199 407.805
41.2999 95.8049 19.7881 2.96815 407.735
41.3999 95.6925 19.8581 2.97431 407.665
41.4999 95.5802 19.9283 2.98046 407.595
41.5999 95.4682 19.9987 2.9866 407.525
41.6999 95.3564 20.0691 2.99273 407.454
41.7999 95.2449 20.1397 2.99886 407.384
41.8999 95.1335 20.2105 3.00498 407.313
41.9999 95.0224 20.2814 3.01109 407.242
42.0999 94.9114 20.3524 3.0172 407.171
42.1999 94.8007 20.4236 3.02329 407.1
42.2999 94.6902 20.4949 3.02938 407.028
42.3999 94.5799 20.5663 3.03546 406.957
42.4999 94.4698 20.6379 3.04154 406.885
42.5999 94.3599 20.7096 3.0476 406.814
42.6999 94.2502 20.7815 3.05366 406.742
42.7999 94.1407 20.8534 3.05971 406.67
42.8999 94.0314 20.9256 3.06575 406.598
42.9999 93.9223 20.9978 3.07179 406.526
43.0999 93.8135 21.0702 3.07782 406.453
43.1999 93.7048 21.1427 3.08384 406.381
43.2999 93.5963 21.2154 3.08985 406.308
43.3999 93.488 21.2882 3.09585 406.235
43.4999 93.3799 21.3611 3.10185 406.162
43.5999 93.2721 21.4342 3.10784 406.089
43.6999 93.1644 21.5074 3.11382 406.016
43.7999 93.0569 21.5807 3.11979 405.943
43.8999 92.9496 21.6542 3.12576 405.869
43.9999 92.8424 21.7278 3.13172 405.796
44.0999 92.7355 21.8015 3.13767 405.722
44.1999 92.6288 21.8754 3.14361 405.648
44.2999 92.5222 21.9494 3.14954 405.574
44.3999 92.4159 22.0235 3.15547 405.5
44.4999 92.3097 22.0978 3.16138 405.426
44.5999 92.2038 22.1722 3.16729 405.351
44.6999 92.098 22.2467 3.1732 405.277
44.7999 91.9924 22.3213 3.17909 405.202
44.8999 91.8869 22.3961 3.18498 405.127
44.9999 91.7817 22.471 3.19085 405.052
45.0999 91.6766 22.5461 3.19672 404.977
45.1999 91.5718 22.6213 3.20259 404.902
45.2999 91.4671 22.6966 3.20844 404.827
45.3999 91.3625 22.772 3.21429 404.751
45.4999 91.2582 22.8476 3.22012 404.676
45.5999 91.1541 22.9233 3.22595 404.6
45.6999 91.0501 22.9991 3.23177 404.524
45.7999 90.9463 23.0751 3.23759 404.448
45.8999 90.8426 23.1512 3.24339 404.372
45.9999 90.7392 23.2274 3.24919 404.296
46.0999 90.6359 23.3038 3.25498 404.22
46.1999 90.5328 23.3802 3.26076 404.143
46.2999 90.4299 23.4568 3.26653 404.067
46.3999 90.3271 23.5336 3.27229 403.99
46.4999 90.2245 23.6104 3.27805 403.913
46.5999 90.1221 23.6874 3.2838 403.836
46.6999 90.0198 23.7645 3.28954 403.759
46.7999 89.9177 23.8418 3.29527 403.682
46.8999 89.8158 23.9191 3.30099 403.604
46.9999 89.7141 23.9966 3.3067 403.527
47.0999 89.6125 24.0742 3.31241 403.449
47.1999 89.511 24.152 3.3181 403.371
47.2999 89.4098 24.2299 3.32379 403.293
47.3998 89.3087 24.3079 3.32947 403.215
47.4998 89.2077 24.386 3.33515 403.137
47.5998 89.107 24.4642 3.34081 403.059
47.6998 89.0064 24.5426 3.34646 402.981
47.7998 88.9059 24.6211 3.35211 402.902
47.8998 88.8056 24.6997 3.35775 402.824
47.9998 88.7055 24.7785 3.36338 402.745
48.0998 88.6055 24.8573 3.369 402.666
48.1998 88.5057 24.9363 3.37461 402.587
48.2998 88.406 25.0154 3.38021 402.508
48.3998 88.3065 25.0947 3.38581 402.429
48.4998 88.2072 25.174 3.39139 402.349
48.5998 88.108 25.2535 3.39697 402.27
48.6998 88.0089 25.3331 3.40254 402.19
48.7998 87.9101 25.4129 3.4081 402.11
48.8998 87.8113 25.4927 3.41365 402.031
48.9998 87.7127 25.5727 3.4192 401.951
49.0998 87.6143 25.6528 3.42473 401.871
49.1998 87.516 25.733 3.43025 401.79
49.2998 87.4179 25.8133 3.43577 401.71
49.3998 87.3199 25.8938 3.44128 401.63
49.4998 87.2221 25.9744 3.44678 401.549
49.5998 87.1244 26.0551 3.45227 401.468
49.6998 87.0268 26.1359 3.45775 401.387
49.7998 86.9294 26.2168 3.46322 401.307
49.8998 86.8322 26.2979 3.46869 401.225
49.9998 86.7351 26.3791 3.47414 401.144
50.0998 86.6381 26.4603 3.47959 401.063
50.1998 86.5413 26.5418 3.48502 400.982
50.2998 86.4446 26.6233 3.49045 400.9
50.3998 86.3481 26.7049 3.49587 400.818
50.4998 86.2517 26.7867 3.50128 400.737
50.5998 86.1554 26.8686 3.50668 400.655
50.6998 86.0593 26.9506 3.51208 400.573
50.7998 85.9633 27.0327 3.51746 400.491
50.8998 85.8675 27.115 3.52283 400.408
50.9998 85.7718 27.1973 3.5282 400.326
51.0998 85.6762 27.2798 3.53356 400.244
51.1998 85.5808 27.3624 3.5389 400.161
51.2998 85.4855 27.4451 3.54424 400.078
51.3998 85.3903 27.5279 3.54957 399.995
51.4998 85.2953 27.6108 3.55489 399.913
51.5998 85.2004 27.6939 3.5602 399.829
51.6998 85.1057 27.777 3.5655 399.746
51.7998 85.0111 27.8603 3.57079 399.663
51.8998 84.9166 27.9437 3.57608 399.58
51.9998 84.8222 28.0272 3.58135 399.496
52.0998 84.728 28.1108 3.58662 399.413
52.1998 84.6339 28.1946 3.59187 399.329
52.2998 84.54 28.2784 3.59712 399.245
52.3998 84.4462 28.3624 3.60235 399.161
52.4998 84.3525 28.4465 3.60758 399.077
52.5998 84.2589 28.5307 3.6128 398.993
52.6998 84.1654 28.615 3.61801 398.908
52.7998 84.0721 28.6994 3.62321 398.824
52.8998 83.9789 28.7839 3.6284 398.739
52.9998 83.8859 28.8685 3.63358 398.655
53.0998 83.7929 28.9533 3.63875 398.57
53.1998 83.7001 29.0381 3.64391 398.485
53.2998 83.6074 29.1231 3.64907 398.4
53.3998 83.5149 29.2082 3.65421 398.315
53.4998 83.4224 29.2934 3.65934 398.23
53.5998 83.3301 29.3787 3.66447 398.145
53.6998 83.2379 29.4641 3.66958 398.059
53.7998 83.1458 29.5496 3.67469 397.974
53.8997 83.0539 29.6352 3.67978 397.888
53.9997 82.9621 29.721 3.68487 397.802
54.0997 82.8703 29.8068 3.68995 397.717
54.1997 82.7788 29.8928 3.69501 397.631
54.2997 82.6873 29.9788 3.70007 397.545
54.3997 82.5959 30.065 3.70512 397.458
54.4997 82.5047 30.1513 3.71016 397.372
54.5997 82.4136 30.2377 3.71519 397.286
54.6997 82.3226 30.3242 3.72021 397.199
54.7997 82.2317 30.4108 3.72522 397.113
54.8997 82.1409 30.4975 3.73022 397.026
54.9997 82.0503 30.5843 3.73521 396.939
55.0997 81.9597 30.6712 3.74019 396.852
55.1997 81.8693 30.7582 3.74516 396.765
55.2997 81.779 30.8454 3.75012 396.678
55.3997 81.6888 30.9326 3.75507 396.591
55.4997 81.5987 31.0199 3.76001 396.503
55.5997 81.5088 31.1074 3.76494 396.416
55.6997 81.4189 31.1949 3.76986 396.328
55.7997 81.3292 31.2826 3.77478 396.241
55.8997 81.2395 31.3704 3.77968 396.153
55.9997 81.15 31.4582 3.78457 396.065
56.0997 81.0606 31.5462 3.78945 395.977
56.1997 80.9713 31.6343 3.79433 395.889
56.2997 80.8821 31.7224 3.79919 395.801
56.3997 80.793 31.8107 3.80404 395.713
56.4997 80.704 31.8991 3.80888 395.624
56.5997 80.6152 31.9876 3.81372 395.536
56.6997 80.5264 32.0762 3.81854 395.447
56.7997 80.4377 32.1648 3.82335 395.359
56.8997 80.3492 32.2536 3.82816 395.27
56.9997 80.2608 32.3425 3.83295 395.181
57.0997 80.1724 32.4315 3.83773 395.092
57.1997 80.0842 32.5206 3.8425 395.003
57.2997 79.9961 32.6098 3.84727 394.914
57.3997 79.908 32.6991 3.85202 394.824
57.4997 79.8201 32.7885 3.85676 394.735
57.5997 79.7323 32.8779 3.86149 394.645
57.6997 79.6446 32.9675 3.86622 394.556
57.7997 79.557 33.0572 3.87093 394.466
57.8997 79.4695 33.147 3.87563 394.376
57.9997 79.3821 33.2369 3.88032 394.286
58.0997 79.2948 33.3269 3.885 394.196
58.1997 79.2076 33.4169 3.88968 394.106
58.2997 79.1205 33.5071 3.89434 394.016
58.3997 79.0335 33.5974 3.89899 393.926
58.4997 78.9465 33.6878 3.90363 393.836
58.5997 78.8597 33.7782 3.90826 393.745
58.6997 78.773 33.8688 3.91288 393.655
58.7997 78.6864 33.9594 3.91749 393.564
58.8997 78.5999 34.0502 3.92209 393.473
58.9997 78.5135 34.1411 3.92668 393.382
59.0997 78.4272 34.232 3.93126 393.291
59.1997 78.341 34.323 3.93582 393.2
59.2997 78.2549 34.4142 3.94038 393.109
59.3997 78.1688 34.5054 3.94493 393.018
59.4997 78.0829 34.5967 3.94947 392.927
59.5997 77.9971 34.6881 3.95399 392.835
59.6997 77.9113 34.7797 3.95851 392.744
59.7997 77.8257 34.8713 3.96302 392.652
59.8997 77.7401 34.963 3.96751 392.56
59.9997 77.6547 35.0548 3.972 392.469
60.0997 77.5693 35.1466 3.97647 392.377
60.1997 77.484 35.2386 3.98094 392.285
60.2997 77.3988 35.3307 3.98539 392.193
60.3997 77.3138 35.4228 3.98983 392.1
60.4996 77.2288 35.5151 3.99426 392.008
60.5996 77.1439 35.6074 3.99869 391.916
60.6996 77.059 35.6999 4.0031 391.823
60.7996 76.9743 35.7924 4.0075 391.731
60.8996 76.8897 35.885 4.01189 391.638
60.9996 76.8051 35.9777 4.01627 391.546
61.0996 76.7207 36.0705 4.02064 391.453
61.1996 76.6363 36.1634 4.02499 391.36
61.2996 76.5521 36.2564 4.02934 391.267
61.3996 76.4679 36.3494 4.03368 391.174
61.4996 76.3838 36.4426 4.038 391.081
61.5996 76.2998 36.5358 4.04232 390.988
61.6996 76.2158 36.6291 4.04662 390.894
61.7996 76.132 36.7226 4.05092 390.801
61.8996 76.0482 36.8161 4.0552 390.707
61.9996 75.9646 36.9096 4.05947 390.614
62.0996 75.881 37.0033 4.06373 390.52
62.1996 75.7975 37.0971 4.06798 390.426
62.2996 75.7141 37.1909 4.07222 390.332
62.3996 75.6308 37.2849 4.07645 390.238
62.4996 75.5475 37.3789 4.08067 390.144
62.5996 75.4644 37.473 4.08487 390.05
62.6996 75.3813 37.5672 4.08907 389.956
62.7996 75.2983 37.6615 4.09325 389.862
62.8996 75.2154 37.7558 4.09743 389.768
62.9996 75.1326 37.8503 4.10159 389.673
63.0996 75.0499 37.9448 4.10574 389.579
63.1996 74.9672 38.0394 4.10988 389.484
63.2996 74.8846 38.1341 4.11401 389.389
63.3996 74.8021 38.2289 4.11813 389.294
63.4996 74.7197 38.3238 4.12224 389.2
63.5996 74.6374 38.4187 4.12634 389.105
63.6996 74.5551 38.5137 4.13043 389.01
63.7996 74.473 38.6088 4.1345 388.915
63.8996 74.3909 38.704 4.13856 388.819
63.9996 74.3089 38.7993 4.14262 388.724
64.0996 74.227 38.8946 4.14666 388.629
64.1996 74.1451 38.9901 4.15069 388.533
64.2996 74.0633 39.0856 4.15471 388.438
64.3996 73.9816 39.1812 4.15872 388.342
64.4996 73.9 39.2769 4.16271 388.246
64.5996 73.8185 39.3726 4.1667 388.151
64.6996 73.737 39.4685 4.17067 388.055
64.7996 73.6556 39.5644 4.17464 387.959
64.8996 73.5743 39.6604 4.17859 387.863
64.9996 73.4931 39.7564 4.18253 387.767
65.0996 73.412 39.8526 4.18646 387.671
65.1996 73.3309 39.9488 4.19038 387.575
65.2996 73.2499 40.0451 4.19428 387.478
65.3996 73.169 40.1415 4.19818 387.382
65.4996 73.0881 40.238 4.20206 387.285
65.5996 73.0073 40.3345 4.20594 387.189
65.6996 72.9266 40.4311 4.2098 387.092
65.7996 72.846 40.5278 4.21365 386.996
65.8996 72.7655 40.6246 4.21749 386.899
65.9996 72.685 40.7214 4.22132 386.802
66.0996 72.6046 40.8183 4.22513 386.705
66.1996 72.5242 40.9153 4.22894 386.608
66.2996 72.444 41.0124 4.23273 386.511
66.3996 72.3638 41.1095 4.23651 386.414
66.4996 72.2837 41.2067 4.24028 386.317
66.5996 72.2036 41.304 4.24404 386.219
66.6996 72.1237 41.4014 4.24779 386.122
66.7996 72.0438 41.4988 4.25152 386.025
66.8996 71.9639 41.5963 4.25525 385.927
66.9995 71.8842 41.6939 4.25896 385.829
67.0995 71.8045 41.7915 4.26266 385.732
67.1995 71.7249 41.8893 4.26635 385.634
67.2995 71.6454 41.987 4.27003 385.536
67.3995 71.5659 42.0849 4.2737 385.438
67.4995 71.4865 42.1829 4.27735 385.34
67.5995 71.4071 42.2809 4.281 385.242
67.6995 71.3279 42.3789 4.28463 385.144
67.7995 71.2487 42.4771 4.28825 385.046
67.8995 71.1696 42.5753 4.29185 384.948
67.9995 71.0905 42.6736 4.29545 384.85
68.0995 71.0115 42.772 4.29904 384.751
68.1995 70.9326 42.8704 4.30261 384.653
68.2995 70.8537 42.9689 4.30617 384.554
68.3995 70.7749 43.0674 4.30972 384.456
68.4995 70.6962 43.1661 4.31326 384.357
68.5995 70.6176 43.2648 4.31678 384.259
68.6995 70.539 43.3635 4.3203 384.16
68.7995 70.4604 43.4624 4.3238 384.061
68.8995 70.382 43.5613 4.32729 383.962
68.9995 70.3036 43.6602 4.33077 383.863
69.0995 70.2253 43.7593 4.33424 383.764
69.1995 70.147 43.8584 4.33769 383.665
69.2995 70.0688 43.9576 4.34114 383.566
69.3995 69.9907 44.0568 4.34457 383.467
69.4995 69.9126 44.1561 4.34799 383.367
69.5995 69.8346 44.2554 4.35139 383.268
69.6995 69.7567 44.3549 4.35479 383.168
69.7995 69.6788 44.4544 4.35817 383.069
69.8995 69.601 44.5539 4.36155 382.969
69.9995 69.5233 44.6535 4.3649 382.87
70.0995 69.4456 44.7532 4.36825 382.77
70.1995 69.368 44.853 4.37159 382.67
70.2995 69.2904 44.9528 4.37491 382.571
70.3995 69.2129 45.0526 4.37822 382.471
70.4995 69.1355 45.1526 4.38152 382.371
70.5995 69.0581 45.2526 4.38481 382.271
70.6995 68.9808 45.3526 4.38809 382.171
70.7995 68.9036 45.4527 4.39135 382.071
70.8995 68.8264 45.5529 4.3946 381.97
70.9995 68.7493 45.6531 4.39784 381.87
71.0995 68.6722 45.7534 4.40107 381.77
71.1995 68.5952 45.8538 4.40428 381.67
71.2995 68.5183 45.9542 4.40749 381.569
71.3995 68.4414 46.0547 4.41068 381.469
71.4995 68.3646 46.1552 4.41385 381.368
71.5995 68.2879 46.2558 4.41702 381.268
71.6995 68.2112 46.3565 4.42018 381.167
71.7995 68.1345 46.4572 4.42332 381.066
71.8995 68.0579 46.558 4.42645 380.965
71.9995 67.9814 46.6588 4.42956 380.865
72.0995 67.905 46.7597 4.43267 380.764
72.1995 67.8286 46.8606 4.43576 380.663
72.2995 67.7522 46.9616 4.43884 380.562
72.3995 67.6759 47.0627 4.44191 380.461
72.4995 67.5997 47.1638 4.44497 380.36
72.5995 67.5235 47.2649 4.44801 380.258
72.6995 67.4474 47.3662 4.45104 380.157
72.7995 67.3714 47.4674 4.45406 380.056
72.8995 67.2954 47.5688 4.45707 379.955
72.9995 67.2194 47.6702 4.46006 379.853
73.0995 67.1435 47.7716 4.46304 379.752
73.1995 67.0677 47.8731 4.46601 379.65
73.2995 66.992 47.9746 4.46897 379.549
73.3995 66.9162 48.0762 4.47191 379.447
73.4995 66.8406 48.1779 4.47485 379.345
73.5994 66.765 48.2796 4.47777 379.244
73.6994 66.6894 48.3813 4.48067 379.142
73.7994 66.6139 48.4831 4.48357 379.04
73.8994 66.5385 48.585 4.48645 378.938
73.9994 66.4631 48.6869 4.48932 378.836
74.0994 66.3878 48.7889 4.49218 378.734
74.1994 66.3125 48.8909 4.49502 378.632
74.2994 66.2373 48.993 4.49785 378.53
74.3994 66.1622 49.0951 4.50067 378.428
74.4994 66.087 49.1972 4.50348 378.326
74.5994 66.012 49.2995 4.50627 378.224
74.6994 65.937 49.4017 4.50906 378.122
74.7994 65.862 49.504 4.51182 378.019
74.8994 65.7872 49.6064 4.51458 377.917
74.9994 65.7123 49.7088 4.51733 377.815
75.0994 65.6375 49.8113 4.52006 377.712
75.1994 65.5628 49.9138 4.52277 377.61
75.2994 65.4881 50.0163 4.52548 377.507
75.3994 65.4135 50.1189 4.52817 377.404
75.4994 65.3389 50.2215 4.53085 377.302
75.5994 65.2644 50.3242 4.53352 377.199
75.6994 65.1899 50.427 4.53618 377.096
75.7994 65.1155 50.5298 4.53882 376.994
75.8994 65.0411 50.6326 4.54145 376.891
75.9994 64.9668 50.7355 4.54406 376.788
76.0994 64.8925 50.8384 4.54667 376.685
76.1994 64.8183 50.9413 4.54926 376.582
76.2994 64.7442 51.0443 4.55184 376.479
76.3994 64.67 51.1474 4.5544 376.376
76.4994 64.596 51.2505 4.55696 376.273
76.5994 64.522 51.3536 4.5595 376.17
76.6994 64.448 51.4568 4.56202 376.067
76.7994 64.3741 51.56 4.56454 375.963
76.8994 64.3002 51.6633 4.56704 375.86
76.9994 64.2264 51.7666 4.56953 375.757
77.0994 64.1527 51.8699 4.572 375.653
77.1994 64.0789 51.9733 4.57446 375.55
77.2994 64.0053 52.0768 4.57691 375.447
77.3994 63.9317 52.1802 4.57935 375.343
77.4994 63.8581 52.2837 4.58177 375.24
77.5994 63.7846 52.3873 4.58418 375.136
77.6994 63.7111 52.4909 4.58658 375.032
77.7994 63.6377 52.5945 4.58897 374.929
77.8994 63.5643 52.6982 4.59134 374.825
77.9994 63.491 52.8019 4.5937 374.721
78.0994 63.4177 52.9056 4.59604 374.618
78.1994 63.3445 53.0094 4.59837 374.514
78.2994 63.2713 53.1133 4.60069 374.41
78.3994 63.1982 53.2171 4.603 374.306
78.4994 63.1251 53.321 4.60529 374.202
78.5994 63.052 53.425 4.60757 374.098
78.6994 62.979 53.5289 4.60984 373.994
78.7994 62.9061 53.6329 4.6121 373.89
78.8994 62.8332 53.737 4.61434 373.786
78.9994 62.7603 53.8411 4.61656 373.682
79.0994 62.6875 53.9452 4.61878 373.578
79.1994 62.6148 54.0493 4.62098 373.474
79.2994 62.5421 54.1535 4.62317 373.37
79.3994 62.4694 54.2577 4.62534 373.266
79.4994 62.3968 54.362 4.62751 373.161
79.5994 62.3242 54.4663 4.62965 373.057
79.6994 62.2517 54.5706 4.63179 372.953
79.7994 62.1792 54.6749 4.63391 372.848
79.8994 62.1067 54.7793 4.63602 372.744
79.9994 62.0343 54.8837 4.63812 372.64
80.0993 61.962 54.9882 4.6402 372.535
80.1993 61.8897 55.0927 4.64227 372.431
80.2993 61.8174 55.1972 4.64432 372.326
80.3993 61.7452 55.3017 4.64637 372.222
80.4993 61.673 55.4063 4.6484 372.117
80.5993 61.6009 55.5109 4.65041 372.012
80.6993 61.5288 55.6155 4.65241 371.908
80.7993 61.4568 55.7202 4.6544 371.803
80.8993 61.3848 55.8249 4.65638 371.698
80.9993 61.3128 55.9296 4.65834 371.594
81.0993 61.2409 56.0344 4.66029 371.489
81.1993 61.169 56.1392 4.66223 371.384
81.2993 61.0972 56.244 4.66415 371.279
81.3993 61.0254 56.3488 4.66606 371.175
81.4993 60.9537 56.4537 4.66795 371.07
81.5993 60.882 56.5586 4.66984 370.965
81.6993 60.8103 56.6635 4.6717 370.86
81.7993 60.7387 56.7685 4.67356 370.755
81.8993 60.6671 56.8734 4.6754 370.65
81.9993 60.5956 56.9784 4.67723 370.545
82.0993 60.5241 57.0835 4.67904 370.44
82.1993 60.4527 57.1885 4.68084 370.335
82.2993 60.3813 57.2936 4.68263 370.23
82.3993 60.3099 57.3987 4.68441 370.125
82.4993 60.2386 57.5038 4.68617 370.02
82.5993 60.1673 57.609 4.68791 369.914
82.6993 60.0961 57.7141 4.68965 369.809
82.7993 60.0249 57.8193 4.69137 369.704
82.8993 59.9537 57.9246 4.69307 369.599
82.9993 59.8826 58.0298 4.69477 369.494
83.0993 59.8115 58.1351 4.69645 369.388
83.1993 59.7405 58.2404 4.69811 369.283
83.2993 59.6695 58.3457 4.69976 369.178
83.3993 59.5986 58.451 4.7014 369.072
83.4993 59.5277 58.5564 4.70303 368.967
83.5993 59.4568 58.6617 4.70464 368.862
83.6993 59.386 58.7671 4.70623 368.756
83.7993 59.3152 58.8725 4.70782 368.651
83.8993 59.2444 58.978 4.70939 368.545
83.9993 59.1737 59.0834 4.71094 368.44
84.0993 59.103 59.1889 4.71249 368.334
84.1993 59.0324 59.2944 4.71401 368.229
84.2993 58.9618 59.3999 4.71553 368.123
84.3993 58.8912 59.5054 4.71703 368.018
84.4993 58.8207 59.611 4.71852 367.912
84.5993 58.7502 59.7166 4.71999 367.807
84.6993 58.6798 59.8221 4.72145 367.701
84.7993 58.6094 59.9277 4.7229 367.596
84.8993 58.539 60.0334 4.72433 367.49
84.9993 58.4687 60.139 4.72575 367.384
85.0993 58.3984 60.2446 4.72715 367.279
85.1993 58.3282 60.3503 4.72855 367.173
85.2993 58.258 60.456 4.72992 367.067
85.3993 58.1878 60.5617 4.73129 366.962
85.4993 58.1177 60.6674 4.73263 366.856
85.5993 58.0476 60.7731 4.73397 366.75
85.6993 57.9775 60.8789 4.73529 366.644
85.7993 57.9075 60.9846 4.7366 366.539
85.8993 57.8375 61.0904 4.73789 366.433
85.9993 57.7676 61.1962 4.73917 366.327
86.0993 57.6977 61.302 4.74044 366.221
86.1993 57.6278 61.4078 4.74169 366.116
86.2993 57.5579 61.5136 4.74293 366.01
86.3993 57.4881 61.6194 4.74415 365.904
86.4993 57.4184 61.7253 4.74537 365.798
86.5993 57.3487 61.8311 4.74656 365.692
86.6992 57.279 61.937 4.74774 365.586
86.7992 57.2093 62.0428 4.74891 365.481
86.8992 57.1397 62.1487 4.75007 365.375
86.9992 57.0701 62.2546 4.75121 365.269
87.0992 57.0006 62.3605 4.75233 365.163
87.1992 56.9311 62.4664 4.75345 365.057
87.2992 56.8616 62.5724 4.75454 364.951
87.3992 56.7921 62.6783 4.75563 364.845
87.4992 56.7227 62.7842 4.7567 364.739
87.5992 56.6534 62.8902 4.75776 364.633
87.6992 56.584 62.9961 4.7588 364.527
87.7992 56.5147 63.1021 4.75983 364.421
87.8992 56.4455 63.2081 4.76084 364.315
87.9992 56.3762 63.3141 4.76184 364.209
88.0992 56.3071 63.42 4.76283 364.103
88.1992 56.2379 63.526 4.7638 363.997
88.2992 56.1688 63.632 4.76475 363.891
88.3992 56.0997 63.738 4.7657 363.785
88.4992 56.0306 63.844 4.76663 363.679
88.5992 55.9616 63.95 4.76754 363.573
88.6992 55.8926 64.0561 4.76844 363.467
88.7992 55.8237 64.1621 4.76933 363.361
88.8992 55.7548 64.2681 4.7702 363.255
88.9992 55.6859 64.3741 4.77106 363.149
89.0992 55.617 64.4802 4.77191 363.043
89.1992 55.5482 64.5862 4.77274 362.937
89.2992 55.4794 64.6922 4.77355 362.831
89.3992 55.4107 64.7983 4.77435 362.725
89.4992 55.342 64.9043 4.77514 362.619
89.5992 55.2733 65.0104 4.77591 362.513
89.6992 55.2046 65.1164 4.77667 362.407
89.7992 55.136 65.2224 4.77742 362.301
89.8992 55.0674 65.3285 4.77815 362.195
89.9992 54.9989 65.4345 4.77886 362.089
90.0992 54.9304 65.5406 4.77957 361.983
90.1992 54.8619 65.6466 4.78025 361.877
90.2992 54.7934 65.7527 4.78093 361.771
90.3992 54.725 65.8587 4.78159 361.665
90.4992 54.6566 65.9648 4.78223 361.559
90.5992 54.5883 66.0708 4.78286 361.453
90.6992 54.5199 66.1768 4.78348 361.347
90.7992 54.4516 66.2829 4.78408 361.24
90.8992 54.3834 66.3889 4.78467 361.134
90.9992 54.3152 66.4949 4.78524 361.028
91.0992 54.247 66.601 4.7858 360.922
91.1992 54.1788 66.707 4.78634 360.816
91.2992 54.1107 66.813 4.78687 360.71
91.3992 54.0426 66.919 4.78739 360.604
91.4992 53.9745 67.025 4.78789 360.498
91.5992 53.9065 67.1311 4.78838 360.392
91.6992 53.8385 67.2371 4.78885 360.286
91.7992 53.7705 67.343 4.78931 360.18
91.8992 53.7025 67.449 4.78975 360.074
91.9992 53.6346 67.555 4.79018 359.968
92.0992 53.5667 67.661 4.79059 359.862
92.1992 53.4989 67.767 4.79099 359.756
92.2992 53.4311 67.8729 4.79138 359.65
92.3992 53.3633 67.9789 4.79175 359.544
92.4992 53.2955 68.0848 4.79211 359.439
92.5992 53.2278 68.1908 4.79245 359.333
92.6992 53.1601 68.2967 4.79278 359.227
92.7992 53.0924 68.4026 4.79309 359.121
92.8992 53.0248 68.5086 4.79339 359.015
92.9992 52.9572 68.6145 4.79367 358.909
93.0992 52.8896 68.7204 4.79394 358.803
93.1992 52.8221 68.8262 4.7942 358.697
93.2991 52.7545 68.9321 4.79444 358.591
93.3991 52.6871 69.038 4.79466 358.485
93.4991 52.6196 69.1438 4.79488 358.38
93.5991 52.5522 69.2497 4.79507 358.274
93.6991 52.4848 69.3555 4.79526 358.168
93.7991 52.4174 69.4613 4.79542 358.062
93.8991 52.3501 69.5671 4.79558 357.956
93.9991 52.2828 69.6729 4.79572 357.85
94.0991 52.2155 69.7787 4.79584 357.745
94.1991 52.1482 69.8845 4.79595 357.639
94.2991 52.081 69.9902 4.79604 357.533
94.3991 52.0138 70.096 4.79612 357.427
94.4991 51.9466 70.2017 4.79619 357.322
94.5991 51.8795 70.3074 4.79624 357.216
94.6991 51.8124 70.4131 4.79628 357.11
94.7991 51.7453 70.5188 4.7963 357.005
94.8991 51.6783 70.6245 4.79631 356.899
94.9991 51.6112 70.7301 4.7963 356.793
95.0991 51.5442 70.8357 4.79628 356.688
95.1991 51.4773 70.9414 4.79624 356.582
95.2991 51.4103 71.047 4.79619 356.476
95.3991 51.3434 71.1525 4.79612 356.371
95.4991 51.2765 71.2581 4.79604 356.265
95.5991 51.2097 71.3637 4.79595 356.16
95.6991 51.1429 71.4692 4.79584 356.054
95.7991 51.0761 71.5747 4.79571 355.949
95.8991 51.0093 71.6802 4.79557 355.843
95.9991 50.9426 71.7857 4.79542 355.738
96.0991 50.8758 71.8911 4.79525 355.632
96.1991 50.8092 71.9966 4.79507 355.527
96.2991 50.7425 72.102 4.79487 355.421
96.3991 50.6759 72.2074 4.79465 355.316
96.4991 50.6093 72.3127 4.79443 355.211
96.5991 50.5427 72.4181 4.79418 355.105
96.6991 50.4761 72.5234 4.79393 355
96.7991 50.4096 72.6287 4.79365 354.895
96.8991 50.3431 72.734 4.79337 354.789
96.9991 50.2766 72.8393 4.79307 354.684
97.0991 50.2102 72.9445 4.79275 354.579
97.1991 50.1438 73.0498 4.79242 354.474
97.2991 50.0774 73.155 4.79207 354.368
97.3991 50.011 73.2601 4.79171 354.263
97.4991 49.9447 73.3653 4.79134 354.158
97.5991 49.8784 73.4704 4.79094 354.053
97.6991 49.8121 73.5755 4.79054 353.948
97.7991 49.7458 73.6806 4.79012 353.843
97.8991 49.6796 73.7856 4.78968 353.738
97.9991 49.6134 73.8907 4.78923 353.633
98.0991 49.5472 73.9957 4.78877 353.528
98.1991 49.481 74.1006 4.78829 353.423
98.2991 49.4149 74.2056 4.7878 353.318
98.3991 49.3488 74.3105 4.78729 353.213
98.4991 49.2827 74.4154 4.78676 353.108
98.5991 49.2167 74.5203 4.78622 353.003
98.6991 49.1507 74.6251 4.78567 352.898
98.7991 49.0847 74.7299 4.7851 352.793
98.8991 49.0187 74.8347 4.78452 352.689
98.9991 48.9527 74.9395 4.78392 352.584
99.0991 48.8868 75.0442 4.78331 352.479
99.1991 48.8209 75.1489 4.78268 352.374
99.2991 48.755 75.2536 4.78204 352.27
99.3991 48.6892 75.3582 4.78138 352.165
99.4991 48.6234 75.4628 4.78071 352.061
99.5991 48.5576 75.5674 4.78002 351.956
99.6991 48.4918 75.6719 4.77932 351.851
99.799 48.426 75.7764 4.7786 351.747
99.899 48.3603 75.8809 4.77787 351.642
99.999 48.2946 75.9854 4.77712 351.538
100.099 48.2289 76.0898 4.77636 351.434
100.199 48.1633 76.1942 4.77558 351.329
100.299 48.0977 76.2985 4.77479 351.225
100.399 48.0321 76.4028 4.77398 351.12
100.499 47.9665 76.5071 4.77316 351.016
100.599 47.9009 76.6114 4.77232 350.912
100.699 47.8354 76.7156 4.77147 350.808
100.799 47.7699 76.8198 4.7706 350.704
100.899 47.7044 76.9239 4.76972 350.599
100.999 47.639 77.0281 4.76882 350.495
101.099 47.5735 77.1321 4.76791 350.391
101.199 47.5081 77.2362 4.76698 350.287
101.299 47.4427 77.3402 4.76604 350.183
101.399 47.3774 77.4442 4.76509 350.079
101.499 47.312 77.5481 4.76411 349.975
101.599 47.2467 77.652 4.76313 349.871
101.699 47.1814 77.7559 4.76213 349.767
101.799 47.1162 77.8597 4.76111 349.664
101.899 47.0509 77.9635 4.76008 349.56
101.999 46.9857 78.0672 4.75903 349.456
102.099 46.9205 78.1709 4.75797 349.352
102.199 46.8553 78.2746 4.75689 349.249
102.299 46.7902 78.3782 4.7558 349.145
102.399 46.7251 78.4818 4.75469 349.042
102.499 46.66 78.5854 4.75357 348.938
102.599 46.5949 78.6889 4.75244 348.834
102.699 46.5298 78.7924 4.75128 348.731
102.799 46.4648 78.8958 4.75012 348.628
102.899 46.3998 78.9992 4.74894 348.524
102.999 46.3348 79.1025 4.74774 348.421
103.099 46.2698 79.2058 4.74653 348.318
103.199 46.2049 79.3091 4.7453 348.214
103.299 46.14 79.4123 4.74406 348.111
103.399 46.0751 79.5155 4.7428 348.008
103.499 46.0102 79.6186 4.74153 347.905
103.599 45.9453 79.7217 4.74024 347.802
103.699 45.8805 79.8248 4.73894 347.699
103.799 45.8157 79.9278 4.73762 347.596
103.899 45.7509 80.0308 4.73629 347.493
103.999 45.6861 80.1337 4.73494 347.39
104.099 45.6214 80.2365 4.73358 347.287
104.199 45.5567 80.3394 4.7322 347.184
104.299 45.492 80.4422 4.73081 347.081
104.399 45.4273 80.5449 4.7294 346.978
104.499 45.3626 80.6476 4.72798 346.876
104.599 45.298 80.7502 4.72654 346.773
104.699 45.2334 80.8528 4.72509 346.671
104.799 45.1688 80.9554 4.72362 346.568
104.899 45.1042 81.0579 4.72214 346.465
104.999 45.0397 81.1603 4.72064 346.363
105.099 44.9752 81.2628 4.71913 346.261
105.199 44.9107 81.3651 4.7176 346.158
105.299 44.8462 81.4674 4.71605 346.056
105.399 44.7817 81.5697 4.7145 345.954
105.499 44.7173 81.6719 4.71292 345.851
105.599 44.6528 81.7741 4.71133 345.749
105.699 44.5884 81.8762 4.70973 345.647
105.799 44.5241 81.9782 4.70811 345.545
105.899 44.4597 82.0803 4.70648 345.443
105.999 44.3954 82.1822 4.70483 345.341
106.099 44.3311 82.2841 4.70316 345.239
106.199 44.2668 82.386 4.70148 345.137
106.299 44.2025 82.4878 4.69979 345.036
106.399 44.1382 82.5896 4.69808 344.934
106.499 44.074 82.6913 4.69636 344.832
106.599 44.0098 82.7929 4.69462 344.73
106.699 43.9456 82.8945 4.69286 344.629
106.799 43.8814 82.9961 4.69109 344.527
106.899 43.8173 83.0976 4.68931 344.426
106.999 43.7532 83.199 4.68751 344.324
107.099 43.6891 83.3004 4.68569 344.223
107.199 43.625 83.4017 4.68386 344.122
107.299 43.5609 83.503 4.68201 344.02
107.399 43.4969 83.6042 4.68015 343.919
107.499 43.4328 83.7054 4.67828 343.818
107.599 43.3688 83.8065 4.67639 343.717
107.699 43.3048 83.9075 4.67448 343.616
107.799 43.2409 84.0085 4.67256 343.515
107.899 43.1769 84.1095 4.67062 343.414
107.999 43.113 84.2104 4.66867 343.313
108.099 43.0491 84.3112 4.6667 343.212
108.199 42.9852 84.412 4.66472 343.111
108.299 42.9213 84.5127 4.66273 343.011
108.399 42.8575 84.6133 4.66071 342.91
108.499 42.7937 84.7139 4.65869 342.809
108.599 42.7298 84.8145 4.65665 342.709
108.699 42.6661 84.9149 4.65459 342.608
108.799 42.6023 85.0154 4.65252 342.508
108.899 42.5385 85.1157 4.65043 342.408
108.999 42.4748 85.216 4.64833 342.307
109.099 42.4111 85.3163 4.64621 342.207
109.199 42.3474 85.4164 4.64407 342.107
109.299 42.2837 85.5166 4.64193 342.007
109.399 42.2201 85.6166 4.63976 341.907
109.499 42.1564 85.7166 4.63759 341.807
109.599 42.0928 85.8165 4.63539 341.707
109.699 42.0292 85.9164 4.63318 341.607
109.799 41.9656 86.0162 4.63096 341.507
109.899 41.9021 86.116 4.62872 341.407
109.999 41.8385 86.2156 4.62647 341.308
110.099 41.775 86.3153 4.6242 341.208
110.199 41.7115 86.4148 4.62191 341.109
110.299 41.648 86.5143 4.61961 341.009
110.399 41.5846 86.6137 4.6173 340.91
110.499 41.5211 86.7131 4.61497 340.81
110.599 41.4577 86.8124 4.61263 340.711
110.699 41.3943 86.9116 4.61027 340.612
110.799 41.3309 87.0108 4.60789 340.513
110.899 41.2675 87.1099 4.6055 340.413
110.999 41.2041 87.2089 4.6031 340.314
111.099 41.1408 87.3079 4.60068 340.215
111.199 41.0775 87.4068 4.59824 340.117
111.299 41.0142 87.5057 4.59579 340.018
111.399 40.9509 87.6044 4.59333 339.919
111.499 40.8876 87.7031 4.59084 339.82
111.599 40.8244 87.8018 4.58835 339.722
111.699 40.7612 87.9003 4.58584 339.623
111.799 40.698 87.9988 4.58331 339.525
111.899 40.6348 88.0972 4.58077 339.426
111.999 40.5716 88.1956 4.57821 339.328
112.099 40.5084 88.2939 4.57564 339.229
112.199 40.4453 88.3921 4.57306 339.131
112.299 40.3822 88.4903 4.57046 339.033
112.399 40.3191 88.5883 4.56784 338.935
112.499 40.256 88.6864 4.56521 338.837
112.599 40.1929 88.7843 4.56256 338.739
112.699 40.1299 88.8822 4.5599 338.641
112.799 40.0668 88.98 4.55722 338.543
112.899 40.0038 89.0777 4.55453 338.446
112.999 39.9408 89.1753 4.55182 338.348
113.099 39.8778 89.2729 4.5491 338.25
113.199 39.8149 89.3704 4.54636 338.153
113.299 39.7519 89.4679 4.54361 338.055
113.399 39.689 89.5652 4.54085 337.958
113.499 39.6261 89.6625 4.53806 337.861
113.599 39.5632 89.7597 4.53527 337.764
113.699 39.5003 89.8569 4.53245 337.666
113.799 39.4375 89.9539 4.52963 337.569
113.899 39.3746 90.0509 4.52678 337.472
113.999 39.3118 90.1478 4.52393 337.376
114.099 39.249 90.2447 4.52105 337.279
114.199 39.1862 90.3414 4.51817 337.182
114.299 39.1234 90.4381 4.51526 337.085
114.399 39.0606 90.5347 4.51234 336.989
114.499 38.9979 90.6313 4.50941 336.892
114.599 38.9352 90.7277 4.50646 336.796
114.699 38.8725 90.8241 4.5035 336.699
114.799 38.8098 90.9204 4.50052 336.603
114.899 38.7471 91.0167 4.49753 336.507
114.999 38.6844 91.1128 4.49452 336.411
115.099 38.6218 91.2089 4.4915 336.314
115.199 38.5592 91.3049 4.48846 336.218
115.299 38.4966 91.4008 4.48541 336.123
115.399 38.434 91.4966 4.48234 336.027
115.499 38.3714 91.5924 4.47926 335.931
115.599 38.3088 91.6881 4.47616 335.835
115.699 38.2463 91.7837 4.47305 335.74
115.799 38.1837 91.8792 4.46992 335.644
115.899 38.1212 91.9746 4.46678 335.549
115.999 38.0587 92.07 4.46362 335.453
116.099 37.9963 92.1652 4.46044 335.358
116.199 37.9338 92.2604 4.45726 335.263
116.299 37.8713 92.3555 4.45405 335.168
116.399 37.8089 92.4506 4.45084 335.073
116.499 37.7465 92.5455 4.4476 334.978
116.599 37.6841 92.6404 4.44436 334.883
116.699 37.6217 92.7352 4.44109 334.788
116.799 37.5593 92.8299 4.43782 334.693
116.899 37.497 92.9245 4.43452 334.599
116.999 37.4346 93.019 4.43122 334.504
117.099 37.3723 93.1134 4.42789 334.41
117.199 37.31 93.2078 4.42456 334.316
117.299 37.2477 93.3021 4.4212 334.221
117.399 37.1854 93.3963 4.41784 334.127
117.499 37.1232 93.4904 4.41445 334.033
117.599 37.0609 93.5844 4.41106 333.939
117.699 36.9987 93.6783 4.40765 333.845
117.799 36.9365 93.7722 4.40422 333.751
117.899 36.8743 93.866 4.40078 333.657
117.999 36.8121 93.9596 4.39732 333.564
118.099 36.7499 94.0532 4.39385 333.47
118.199 36.6878 94.1467 4.39036 333.377
118.299 36.6256 94.2401 4.38686 333.283
118.399 36.5635 94.3335 4.38334 333.19
118.499 36.5014 94.4267 4.37981 333.097
118.599 36.4393 94.5199 4.37627 333.003
118.699 36.3772 94.6129 4.37271 332.91
118.799 36.3152 94.7059 4.36913 332.817
118.899 36.2531 94.7988 4.36554 332.725
118.999 36.1911 94.8916 4.36194 332.632
119.099 36.1291 94.9843 4.35832 332.539
119.199 36.0671 95.0769 4.35468 332.446
119.299 36.0051 95.1694 4.35103 332.354
119.399 35.9431 95.2619 4.34737 332.261
119.499 35.8811 95.3542 4.34369 332.169
119.599 35.8192 95.4465 4.33999 332.077
119.699 35.7573 95.5386 4.33629 331.985
119.799 35.6954 95.6307 4.33256 331.893
119.899 35.6335 95.7227 4.32882 331.801
119.999 35.5716 95.8146 4.32507 331.709
120.099 35.5097 95.9063 4.3213 331.617
120.199 35.4478 95.998 4.31752 331.525
120.299 35.386 96.0897 4.31372 331.434
120.399 35.3242 96.1812 4.30991 331.342
120.499 35.2623 96.2726 4.30608 331.251
120.599 35.2005 96.3639 4.30224 331.159
120.699 35.1388 96.4551 4.29839 331.068
120.799 35.077 96.5463 4.29452 330.977
120.899 35.0152 96.6373 4.29063 330.886
120.999 34.9535 96.7283 4.28673 330.795
121.099 34.8917 96.8191 4.28281 330.704
121.199 34.83 96.9099 4.27888 330.613
121.299 34.7683 97.0005 4.27494 330.523
121.399 34.7066 97.0911 4.27098 330.432
121.499 34.645 97.1816 4.26701 330.342
121.599 34.5833 97.2719 4.26302 330.251
121.699 34.5217 97.3622 4.25902 330.161
121.799 34.46 97.4524 4.255 330.071
121.899 34.3984 97.5425 4.25096 329.981
121.999 34.3368 97.6325 4.24692 329.891
122.099 34.2752 97.7223 4.24286 329.801
122.199 34.2136 97.8121 4.23878 329.711
122.299 34.1521 97.9018 4.23469 329.622
122.399 34.0905 97.9914 4.23058 329.532
122.499 34.029 98.0809 4.22646 329.442
122.599 33.9675 98.1703 4.22233 329.353
122.699 33.9059 98.2596 4.21818 329.264
122.799 33.8444 98.3488 4.21402 329.175
122.899 33.783 98.4379 4.20984 329.085
122.999 33.7215 98.5268 4.20565 328.997
123.099 33.66 98.6157 4.20144 328.908
123.199 33.5986 98.7045 4.19722 328.819
123.299 33.5372 98.7932 4.19298 328.73
123.399 33.4757 98.8818 4.18873 328.642
123.499 33.4143 98.9703 4.18446 328.553
123.599 33.353 99.0587 4.18018 328.465
123.699 33.2916 99.1469 4.17589 328.376
123.799 33.2302 99.2351 4.17158 328.288
123.899 33.1689 99.3232 4.16726 328.2
123.999 33.1075 99.4111 4.16292 328.112
124.099 33.0462 99.499 4.15857 328.024
124.199 32.9849 99.5868 4.1542 327.937
124.299 32.9236 99.6744 4.14982 327.849
124.399 32.8623 99.762 4.14542 327.761
124.499 32.801 99.8494 4.14101 327.674
124.599 32.7398 99.9368 4.13659 327.587
124.699 32.6785 100.024 4.13215 327.499
124.799 32.6173 100.111 4.1277 327.412
124.899 32.5561 100.198 4.12323 327.325
124.999 32.4948 100.285 4.11875 327.238
125.099 32.4336 100.372 4.11425 327.151
125.199 32.3725 100.459 4.10974 327.065
125.299 32.3113 100.545 4.10522 326.978
125.399 32.2501 100.632 4.10068 326.892
125.499 32.189 100.718 4.09613 326.805
125.599 32.1278 100.804 4.09156 326.719
125.699 32.0667 100.891 4.08698 326.633
125.799 32.0056 100.977 4.08238 326.547
125.899 31.9445 101.063 4.07777 326.461
125.999 31.8834 101.148 4.07314 326.375
126.099 31.8224 101.234 4.0685 326.289
126.199 31.7613 101.32 4.06385 326.204
126.299 31.7002 101.405 4.05918 326.118
126.399 31.6392 101.491 4.0545 326.033
126.499 31.5782 101.576 4.04981 325.947
126.599 31.5172 101.661 4.0451 325.862
126.699 31.4562 101.746 4.04037 325.777
126.799 31.3952 101.831 4.03563 325.692
126.899 31.3342 101.916 4.03088 325.607
126.999 31.2733 102.001 4.02611 325.522
127.099 31.2123 102.086 4.02133 325.438
127.199 31.1514 102.17 4.01654 325.353
127.299 31.0904 102.254 4.01173 325.269
127.399 31.0295 102.339 4.00691 325.185
127.499 30.9686 102.423 4.00207 325.1
127.599 30.9077 102.507 3.99722 325.016
127.699 30.8468 102.591 3.99235 324.932
127.799 30.786 102.675 3.98747 324.848
127.899 30.7251 102.759 3.98258 324.765
127.999 30.6643 102.842 3.97767 324.681
128.099 30.6034 102.926 3.97275 324.598
128.199 30.5426 103.009 3.96781 324.514
128.299 30.4818 103.092 3.96286 324.431
128.399 30.421 103.176 3.9579 324.348
128.499 30.3602 103.259 3.95292 324.265
128.599 30.2994 103.342 3.94793 324.182
128.699 30.2386 103.424 3.94292 324.099
128.799 30.1779 103.507 3.9379 324.016
128.899 30.1171 103.59 3.93287 323.934
128.999 30.0564 103.672 3.92782 323.851
129.099 29.9957 103.755 3.92276 323.769
129.199 29.935 103.837 3.91768 323.687
129.299 29.8743 103.919 3.91259 323.604
129.399 29.8136 104.001 3.90749 323.522
129.499 29.7529 104.083 3.90237 323.44
129.599 29.6922 104.165 3.89724 323.359
129.699 29.6316 104.246 3.8921 323.277
129.799 29.5709 104.328 3.88694 323.196
129.899 29.5103 104.409 3.88177 323.114
129.999 29.4497 104.491 3.87658 323.033
130.099 29.3891 104.572 3.87138 322.952
130.199 29.3285 104.653 3.86617 322.871
130.299 29.2679 104.734 3.86094 322.79
130.399 29.2073 104.815 3.8557 322.709
130.499 29.1467 104.895 3.85044 322.628
130.599 29.0862 104.976 3.84517 322.547
130.699 29.0256 105.056 3.83989 322.467
130.799 28.9651 105.137 3.83459 322.387
130.899 28.9046 105.217 3.82928 322.306
130.999 28.8441 105.297 3.82396 322.226
131.099 28.7836 105.377 3.81862 322.146
131.199 28.7231 105.457 3.81327 322.067
131.299 28.6626 105.537 3.80791 321.987
131.399 28.6021 105.616 3.80253 321.907
131.499 28.5417 105.696 3.79714 321.828
131.599 28.4812 105.775 3.79173 321.748
131.699 28.4208 105.854 3.78632 321.669
131.799 28.3603 105.933 3.78088 321.59
131.899 28.2999 106.012 3.77544 321.511
131.999 28.2395 106.091 3.76998 321.432
132.099 28.1791 106.17 3.76451 321.353
132.199 28.1187 106.249 3.75902 321.275
132.299 28.0584 106.327 3.75352 321.196
132.399 27.998 106.406 3.74801 321.118
132.499 27.9376 106.484 3.74248 321.04
132.599 27.8773 106.562 3.73694 320.961
132.699 27.817 106.64 3.73139 320.883
132.799 27.7566 106.718 3.72582 320.806
132.899 27.6963 106.796 3.72024 320.728
132.999 27.636 106.873 3.71465 320.65
133.099 27.5757 106.951 3.70904 320.573
133.199 27.5154 107.028 3.70342 320.495
133.299 27.4552 107.105 3.69779 320.418
133.399 27.3949 107.182 3.69214 320.341
133.499 27.3346 107.259 3.68648 320.264
133.599 27.2744 107.336 3.68081 320.187
133.699 27.2142 107.413 3.67512 320.11
133.799 27.1539 107.49 3.66942 320.034
133.899 27.0937 107.566 3.66371 319.957
133.999 27.0335 107.642 3.65798 319.881
134.099 26.9733 107.719 3.65224 319.805
134.199 26.9132 107.795 3.64649 319.729
134.299 26.853 107.871 3.64072 319.653
134.399 26.7928 107.947 3.63494 319.577
134.499 26.7327 108.022 3.62915 319.501
134.599 26.6725 108.098 3.62335 319.425
134.699 26.6124 108.173 3.61753 319.35
134.799 26.5523 108.249 3.6117 319.275
134.899 26.4921 108.324 3.60585 319.199
134.999 26.432 108.399 3.59999 319.124
135.099 26.3719 108.474 3.59412 319.049
135.199 26.3118 108.549 3.58824 318.975
135.299 26.2518 108.623 3.58234 318.9
135.399 26.1917 108.698 3.57643 318.825
135.499 26.1316 108.772 3.57051 318.751
135.599 26.0716 108.847 3.56457 318.677
135.699 26.0116 108.921 3.55863 318.603
135.799 25.9515 108.995 3.55266 318.529
135.899 25.8915 109.069 3.54669 318.455
135.999 25.8315 109.142 3.5407 318.381
136.099 25.7715 109.216 3.5347 318.307
136.199 25.7115 109.289 3.52869 318.234
136.299 25.6515 109.363 3.52266 318.161
136.399 25.5915 109.436 3.51663 318.087
136.499 25.5316 109.509 3.51058 318.014
136.599 25.4716 109.582 3.50451 317.941
136.699 25.4117 109.655 3.49843 317.869
136.799 25.3517 109.727 3.49234 317.796
136.899 25.2918 109.8 3.48624 317.723
136.999 25.2319 109.872 3.48013 317.651
137.099 25.172 109.945 3.474 317.579
137.199 25.1121 110.017 3.46786 317.507
137.299 25.0522 110.089 3.46171 317.435
137.399 24.9923 110.161 3.45554 317.363
137.499 24.9324 110.232 3.44936 317.291
137.599 24.8726 110.304 3.44317 317.22
137.699 24.8127 110.375 3.43697 317.148
137.799 24.7529 110.447 3.43075 317.077
137.899 24.693 110.518 3.42452 317.006
137.999 24.6332 110.589 3.41828 316.935
138.099 24.5734 110.66 3.41203 316.864
138.199 24.5136 110.73 3.40576 316.793
138.299 24.4537 110.801 3.39948 316.722
138.399 24.394 110.872 3.39319 316.652
138.499 24.3342 110.942 3.38689 316.581
138.599 24.2744 111.012 3.38057 316.511
138.699 24.2146 111.082 3.37425 316.441
138.799 24.1549 111.152 3.36791 316.371
138.899 24.0951 111.222 3.36155 316.301
138.999 24.0354 111.292 3.35519 316.232
139.099 23.9756 111.361 3.34881 316.162
139.199 23.9159 111.43 3.34242 316.093
139.299 23.8562 111.5 3.33602 316.024
139.399 23.7965 111.569 3.3296 315.955
139.499 23.7368 111.638 3.32318 315.886
139.599 23.6771 111.706 3.31674 315.817
139.699 23.6174 111.775 3.31029 315.748
139.799 23.5577 111.844 3.30382 315.68
139.899 23.4981 111.912 3.29735 315.611
139.999 23.4384 111.98 3.29086 315.543
140.099 23.3787 112.048 3.28436 315.475
140.199 23.3191 112.116 3.27785 315.407
140.299 23.2595 112.184 3.27133 315.339
140.399 23.1998 112.252 3.26479 315.272
140.499 23.1402 112.319 3.25824 315.204
140.599 23.0806 112.387 3.25168 315.137
140.699 23.021 112.454 3.24511 315.069
140.799 22.9614 112.521 3.23853 315.002
140.899 22.9018 112.588 3.23193 314.935
140.999 22.8423 112.655 3.22532 314.868
141.099 22.7827 112.722 3.2187 314.802
141.199 22.7231 112.788 3.21207 314.735
141.299 22.6636 112.854 3.20543 314.669
141.399 22.604 112.921 3.19877 314.603
141.499 22.5445 112.987 3.1921 314.537
141.599 22.485 113.053 3.18543 314.471
141.699 22.4254 113.119 3.17873 314.405
141.799 22.3659 113.184 3.17203 314.339
141.899 22.3064 113.25 3.16532 314.274
141.999 22.2469 113.315 3.15859 314.208
142.099 22.1874 113.38 3.15185 314.143
142.199 22.1279 113.445 3.1451 314.078
142.299 22.0685 113.51 3.13834 314.013
142.399 22.009 113.575 3.13157 313.948
142.499 21.9495 113.64 3.12479 313.884
142.6 21.8901 113.704 3.11799 313.819
142.7 21.8306 113.769 3.11118 313.755
142.8 21.7712 113.833 3.10436 313.691
142.9 21.7118 113.897 3.09753 313.627
143 21.6524 113.961 3.09069 313.563
143.1 21.5929 114.024 3.08384 313.499
143.2 21.5335 114.088 3.07697 313.435
143.3 21.4741 114.151 3.0701 313.372
143.4 21.4147 114.215 3.06321 313.309
143.5 21.3554 114.278 3.05631 313.245
143.6 21.296 114.341 3.0494 313.182
143.7 21.2366 114.404 3.04247 313.12
143.8 21.1772 114.467 3.03554 313.057
143.9 21.1179 114.529 3.0286 312.994
144 21.0585 114.592 3.02164 312.932
144.1 20.9992 114.654 3.01467 312.87
144.2 20.9399 114.716 3.00769 312.807
144.3 20.8805 114.778 3.0007 312.745
144.4 20.8212 114.84 2.9937 312.684
144.5 20.7619 114.901 2.98669 312.622
144.6 20.7026 114.963 2.97967 312.561
144.7 20.6433 115.024 2.97263 312.499
144.8 20.584 115.085 2.96559 312.438
144.9 20.5247 115.146 2.95853 312.377
145 20.4655 115.207 2.95146 312.316
145.1 20.4062 115.268 2.94438 312.255
145.2 20.3469 115.329 2.93729 312.195
145.3 20.2877 115.389 2.93019 312.134
145.4 20.2284 115.449 2.92308 312.074
145.5 20.1692 115.51 2.91596 312.014
145.6 20.11 115.57 2.90883 311.954
145.7 20.0507 115.629 2.90168 311.894
145.8 19.9915 115.689 2.89453 311.834
145.9 19.9323 115.749 2.88736 311.775
146 19.8731 115.808 2.88018 311.715
146.1 19.8139 115.867 2.87299 311.656
146.2 19.7547 115.926 2.86579 311.597
146.3 19.6955 115.985 2.85859 311.538
146.4 19.6363 116.044 2.85137 311.479
146.5 19.5772 116.103 2.84413 311.421
146.6 19.518 116.161 2.83689 311.362
146.7 19.4588 116.219 2.82964 311.304
146.8 19.3997 116.278 2.82238 311.246
146.9 19.3405 116.336 2.8151 311.188
147 19.2814 116.393 2.80782 311.13
147.1 19.2223 116.451 2.80053 311.072
147.2 19.1631 116.509 2.79322 311.015
147.3 19.104 116.566 2.7859 310.957
147.4 19.0449 116.623 2.77858 310.9
147.5 18.9858 116.68 2.77124 310.843
147.6 18.9267 116.737 2.76389 310.786
147.7 18.8676 116.794 2.75654 310.729
147.8 18.8085 116.851 2.74917 310.673
147.9 18.7494 116.907 2.74179 310.616
148 18.6904 116.963 2.7344 310.56
148.1 18.6313 117.019 2.727 310.504
148.2 18.5722 117.075 2.71959 310.448
148.3 18.5132 117.131 2.71217 310.392
148.4 18.4541 117.187 2.70474 310.337
148.5 18.3951 117.242 2.6973 310.281
148.6 18.3361 117.298 2.68985 310.226
148.7 18.277 117.353 2.68239 310.171
148.8 18.218 117.408 2.67492 310.116
148.9 18.159 117.463 2.66744 310.061
149 18.1 117.517 2.65995 310.006
149.1 18.041 117.572 2.65245 309.951
149.2 17.982 117.626 2.64494 309.897
149.3 17.923 117.681 2.63742 309.843
149.4 17.864 117.735 2.62989 309.789
149.5 17.805 117.788 2.62235 309.735
149.6 17.746 117.842 2.6148 309.681
149.7 17.6871 117.896 2.60724 309.628
149.8 17.6281 117.949 2.59967 309.574
149.9 17.5691 118.003 2.59209 309.521
150 17.5102 118.056 2.5845 309.468
150.1 17.4512 118.109 2.5769 309.415
150.2 17.3923 118.161 2.56929 309.362
150.3 17.3334 118.214 2.56167 309.309
150.4 17.2744 118.266 2.55404 309.257
150.5 17.2155 118.319 2.5464 309.205
150.6 17.1566 118.371 2.53875 309.152
150.7 17.0977 118.423 2.53109 309.1
150.8 17.0388 118.475 2.52342 309.049
150.9 16.9799 118.526 2.51575 308.997
151 16.921 118.578 2.50806 308.945
151.1 16.8621 118.629 2.50036 308.894
151.2 16.8032 118.68 2.49266 308.843
151.3 16.7444 118.731 2.48494 308.792
151.4 16.6855 118.782 2.47722 308.741
151.5 16.6266 118.833 2.46948 308.69
151.6 16.5678 118.883 2.46174 308.64
151.7 16.5089 118.934 2.45398 308.59
151.8 16.4501 118.984 2.44622 308.539
151.9 16.3912 119.034 2.43845 308.489
152 16.3324 119.084 2.43067 308.439
152.1 16.2735 119.134 2.42288 308.39
152.2 16.2147 119.183 2.41508 308.34
152.3 16.1559 119.233 2.40727 308.291
152.4 16.0971 119.282 2.39945 308.242
152.5 16.0383 119.331 2.39162 308.193
152.6 15.9795 119.38 2.38379 308.144
152.7 15.9207 119.428 2.37594 308.095
152.8 15.8619 119.477 2.36809 308.046
152.9 15.8031 119.525 2.36022 307.998
153 15.7443 119.574 2.35235 307.95
153.1 15.6855 119.622 2.34447 307.902
153.2 15.6268 119.67 2.33658 307.854
153.3 15.568 119.717 2.32868 307.806
153.4 15.5092 119.765 2.32077 307.758
153.5 15.4505 119.812 2.31285 307.711
153.6 15.3917 119.859 2.30493 307.664
153.7 15.333 119.907 2.29699 307.617
153.8 15.2742 119.953 2.28905 307.57
153.9 15.2155 120 2.2811 307.523
154 15.1568 120.047 2.27313 307.477
154.1 15.098 120.093 2.26516 307.43
154.2 15.0393 120.139 2.25719 307.384
154.3 14.9806 120.186 2.2492 307.338
154.4 14.9219 120.231 2.2412 307.292
154.5 14.8632 120.277 2.2332 307.246
154.6 14.8045 120.323 2.22518 307.201
154.7 14.7458 120.368 2.21716 307.155
154.8 14.6871 120.413 2.20913 307.11
154.9 14.6284 120.458 2.20109 307.065
155 14.5697 120.503 2.19305 307.02
155.1 14.511 120.548 2.18499 306.975
155.2 14.4524 120.593 2.17693 306.931
155.3 14.3937 120.637 2.16886 306.886
155.4 14.335 120.681 2.16077 306.842
155.5 14.2764 120.725 2.15269 306.798
155.6 14.2177 120.769 2.14459 306.754
155.7 14.1591 120.813 2.13648 306.71
155.8 14.1004 120.857 2.12837 306.667
155.9 14.0418 120.9 2.12025 306.623
156 13.9832 120.943 2.11212 306.58
156.1 13.9245 120.986 2.10398 306.537
156.2 13.8659 121.029 2.09583 306.494
156.3 13.8073 121.072 2.08768 306.452
156.4 13.7487 121.114 2.07952 306.409
156.5 13.69 121.157 2.07135 306.367
156.6 13.6314 121.199 2.06317 306.324
156.7 13.5728 121.241 2.05498 306.282
156.8 13.5142 121.283 2.04679 306.241
156.9 13.4556 121.324 2.03859 306.199
157 13.3971 121.366 2.03038 306.157
157.1 13.3385 121.407 2.02216 306.116
157.2 13.2799 121.449 2.01393 306.075
157.3 13.2213 121.49 2.0057 306.034
157.4 13.1627 121.53 1.99746 305.993
157.5 13.1042 121.571 1.98921 305.952
157.6 13.0456 121.612 1.98095 305.912
157.7 12.9871 121.652 1.97269 305.871
157.8 12.9285 121.692 1.96442 305.831
157.9 12.87 121.732 1.95614 305.791
158 12.8114 121.772 1.94785 305.751
158.1 12.7529 121.811 1.93956 305.712
158.2 12.6943 121.851 1.93125 305.672
158.3 12.6358 121.89 1.92295 305.633
158.4 12.5773 121.929 1.91463 305.594
158.5 12.5187 121.968 1.9063 305.555
158.6 12.4602 122.007 1.89797 305.516
158.7 12.4017 122.046 1.88963 305.478
158.8 12.3432 122.084 1.88129 305.439
158.9 12.2847 122.122 1.87293 305.401
159.001 12.2262 122.161 1.86457 305.363
159.101 12.1677 122.198 1.85621 305.325
159.201 12.1092 122.236 1.84783 305.287
159.301 12.0507 122.274 1.83945 305.25
159.401 11.9922 122.311 1.83106 305.212
159.501 11.9337 122.348 1.82266 305.175
159.601 11.8752 122.385 1.81426 305.138
159.701 11.8168 122.422 1.80585 305.101
159.801 11.7583 122.459 1.79743 305.064
159.901 11.6998 122.496 1.78901 305.028
160.001 11.6413 122.532 1.78057 304.991
160.101 11.5829 122.568 1.77214 304.955
160.201 11.5244 122.604 1.76369 304.919
160.301 11.466 122.64 1.75524 304.883
160.401 11.4075 122.676 1.74678 304.848
160.501 11.3491 122.711 1.73831 304.812
160.601 11.2906 122.746 1.72984 304.777
160.701 11.2322 122.782 1.72136 304.742
160.801 11.1738 122.817 1.71288 304.707
160.901 11.1153 122.851 1.70438 304.672
161.001 11.0569 122.886 1.69588 304.637
161.101 10.9985 122.92 1.68738 304.603
161.201 10.94 122.955 1.67887 304.569
161.301 10.8816 122.989 1.67035 304.535
161.401 10.8232 123.023 1.66182 304.501
161.501 10.7648 123.056 1.65329 304.467
161.601 10.7064 123.09 1.64475 304.433
161.701 10.648 123.123 1.63621 304.4
161.801 10.5896 123.157 1.62766 304.367
161.901 10.5312 123.19 1.6191 304.334
162.001 10.4728 123.222 1.61054 304.301
162.101 10.4144 123.255 1.60197 304.268
162.201 10.356 123.288 1.59339 304.236
162.301 10.2976 123.32 1.58481 304.203
162.401 10.2393 123.352 1.57622 304.171
162.501 10.1809 123.384 1.56762 304.139
162.601 10.1225 123.416 1.55902 304.107
162.701 10.0642 123.447 1.55042 304.076
162.801 10.0058 123.479 1.5418 304.044
162.901 9.94742 123.51 1.53319 304.013
163.001 9.88906 123.541 1.52456 303.982
163.101 9.83071 123.572 1.51593 303.951
163.201 9.77235 123.603 1.50729 303.92
163.301 9.714 123.634 1.49865 303.89
163.401 9.65565 123.664 1.49 303.859
163.501 9.59731 123.694 1.48135 303.829
163.601 9.53897 123.724 1.47269 303.799
163.701 9.48063 123.754 1.46402 303.769
163.801 9.4223 123.784 1.45535 303.74
163.901 9.36397 123.813 1.44667 303.71
164.001 9.30564 123.842 1.43799 303.681
164.101 9.24731 123.872 1.4293 303.652
164.201 9.18899 123.901 1.42061 303.623
164.301 9.13067 123.929 1.41191 303.594
164.401 9.07235 123.958 1.4032 303.565
164.501 9.01404 123.986 1.39449 303.537
164.601 8.95573 124.015 1.38578 303.509
164.701 8.89742 124.043 1.37706 303.481
164.801 8.83912 124.071 1.36833 303.453
164.901 8.78082 124.098 1.3596 303.425
165.001 8.72252 124.126 1.35086 303.397
165.101 8.66422 124.153 1.34212 303.37
165.201 8.60593 124.18 1.33337 303.343
165.301 8.54764 124.207 1.32462 303.316
165.401 8.48935 124.234 1.31586 303.289
165.501 8.43106 124.261 1.30709 303.262
165.601 8.37278 124.287 1.29833 303.236
165.701 8.3145 124.314 1.28955 303.21
165.801 8.25622 124.34 1.28077 303.184
165.901 8.19795 124.366 1.27199 303.158
166.001 8.13968 124.391 1.2632 303.132
166.101 8.08141 124.417 1.25441 303.106
166.201 8.02314 124.442 1.24561 303.081
166.301 7.96488 124.468 1.2368 303.056
166.401 7.90662 124.493 1.228 303.031
166.501 7.84836 124.517 1.21918 303.006
166.601 7.7901 124.542 1.21037 302.981
166.701 7.73185 124.567 1.20154 302.957
166.801 7.6736 124.591 1.19272 302.932
166.901 7.61535 124.615 1.18388 302.908
167.001 7.5571 124.639 1.17505 302.884
167.101 7.49886 124.663 1.16621 302.861
167.201 7.44062 124.686 1.15736 302.837
167.301 7.38238 124.71 1.14851 302.814
167.401 7.32414 124.733 1.13965 302.79
167.501 7.26591 124.756 1.1308 302.767
167.601 7.20768 124.779 1.12193 302.744
167.701 7.14945 124.802 1.11306 302.722
167.801 7.09122 124.824 1.10419 302.699
167.901 7.033 124.846 1.09531 302.677
168.001 6.97477 124.868 1.08643 302.655
168.101 6.91655 124.89 1.07755 302.633
168.201 6.85834 124.912 1.06866 302.611
168.301 6.80012 124.934 1.05976 302.59
168.401 6.74191 124.955 1.05087 302.568
168.501 6.68369 124.976 1.04196 302.547
168.601 6.62548 124.998 1.03306 302.526
168.701 6.56728 125.018 1.02415 302.505
168.801 6.50907 125.039 1.01523 302.484
168.901 6.45087 125.06 1.00631 302.464
169.001 6.39267 125.08 0.997392 302.443
169.101 6.33447 125.1 0.988466 302.423
169.201 6.27627 125.12 0.979535 302.403
169.301 6.21808 125.14 0.970602 302.384
169.401 6.15988 125.159 0.961664 302.364
169.501 6.10169 125.179 0.952722 302.345
169.601 6.04351 125.198 0.943777 302.325
169.701 5.98532 125.217 0.934828 302.306
169.801 5.92713 125.236 0.925875 302.287
169.901 5.86895 125.255 0.916919 302.269
170.001 5.81077 125.273 0.907959 302.25
170.101 5.75259 125.291 0.898996 302.232
170.201 5.69441 125.31 0.890029 302.214
170.301 5.63624 125.328 0.881058 302.196
170.401 5.57806 125.345 0.872084 302.178
170.501 5.51989 125.363 0.863107 302.16
170.601 5.46172 125.38 0.854126 302.143
170.701 5.40355 125.398 0.845142 302.126
170.801 5.34539 125.415 0.836154 302.109
170.901 5.28722 125.431 0.827164 302.092
171.001 5.22906 125.448 0.81817 302.075
171.101 5.1709 125.465 0.809172 302.059
171.201 5.11274 125.481 0.800172 302.042
171.301 5.05458 125.497 0.791168 302.026
171.401 4.99642 125.513 0.782162 302.01
171.501 4.93826 125.529 0.773152 301.995
171.601 4.88011 125.544 0.764139 301.979
171.701 4.82196 125.56 0.755123 301.964
171.801 4.76381 125.575 0.746105 301.948
171.901 4.70566 125.59 0.737083 301.933
172.001 4.64751 125.605 0.728058 301.918
172.101 4.58937 125.62 0.719031 301.904
172.201 4.53122 125.634 0.71 301.889
172.301 4.47308 125.648 0.700967 301.875
172.401 4.41494 125.662 0.691931 301.861
172.501 4.3568 125.676 0.682893 301.847
172.601 4.29866 125.69 0.673851 301.833
172.701 4.24052 125.704 0.664807 301.82
172.801 4.18239 125.717 0.655761 301.806
172.901 4.12425 125.73 0.646712 301.793
173.001 4.06612 125.743 0.63766 301.78
173.101 4.00799 125.756 0.628606 301.767
173.201 3.94986 125.769 0.619549 301.755
173.301 3.89173 125.781 0.61049 301.742
173.401 3.8336 125.794 0.601428 301.73
173.501 3.77547 125.806 0.592364 301.718
173.601 3.71735 125.818 0.583298 301.706
173.701 3.65922 125.829 0.574229 301.694
173.801 3.6011 125.841 0.565159 301.683
173.901 3.54298 125.852 0.556086 301.671
174.001 3.48485 125.863 0.54701 301.66
174.101 3.42673 125.874 0.537933 301.649
174.201 3.36862 125.885 0.528853 301.638
174.301 3.3105 125.896 0.519772 301.628
174.401 3.25238 125.906 0.510688 301.617
174.501 3.19426 125.916 0.501602 301.607
174.601 3.13615 125.927 0.492515 301.597
174.701 3.07804 125.936 0.483425 301.587
174.801 3.01992 125.946 0.474334 301.577
174.901 2.96181 125.956 0.46524 301.568
175.001 2.9037 125.965 0.456145 301.558
175.101 2.84559 125.974 0.447048 301.549
175.201 2.78748 125.983 0.437949 301.54
175.301 2.72937 125.992 0.428849 301.532
175.402 2.67127 126 0.419746 301.523
175.502 2.61316 126.009 0.410642 301.514
175.602 2.55506 126.017 0.401537 301.506
175.702 2.49695 126.025 0.39243 301.498
175.802 2.43885 126.033 0.383321 301.49
175.902 2.38074 126.041 0.374211 301.483
176.002 2.32264 126.048 0.3651 301.475
176.102 2.26454 126.055 0.355986 301.468
176.202 2.20644 126.063 0.346872 301.461
176.302 2.14834 126.069 0.337756 301.454
176.402 2.09024 126.076 0.328639 301.447
176.502 2.03214 126.083 0.319521 301.441
176.602 1.97404 126.089 0.310401 301.434
176.702 1.91595 126.095 0.30128 301.428
176.802 1.85785 126.101 0.292158 301.422
176.902 1.79975 126.107 0.283034 301.416
177.002 1.74166 126.113 0.27391 301.411
177.102 1.68356 126.118 0.264785 301.405
177.202 1.62547 126.124 0.255658 301.4
177.302 1.56737 126.129 0.24653 301.395
177.402 1.50928 126.134 0.237402 301.39
177.502 1.45119 126.138 0.228273 301.385
177.602 1.39309 126.143 0.219142 301.381
177.702 1.335 126.147 0.210011 301.376
177.802 1.27691 126.151 0.200879 301.372
177.902 1.21882 126.155 0.191746 301.368
178.002 1.16073 126.159 0.182612 301.364
178.102 1.10264 126.163 0.173478 301.361
178.202 1.04455 126.166 0.164343 301.357
178.302 0.986458 126.169 0.155207 301.354
178.402 0.928368 126.172 0.146071 301.351
178.502 0.870279 126.175 0.136934 301.348
178.602 0.81219 126.178 0.127797 301.345
178.702 0.754101 126.18 0.118659 301.343
178.802 0.696013 126.183 0.109521 301.341
178.902 0.637925 126.185 0.100382 301.338
179.002 0.579837 126.187 0.0912426 301.337
179.102 0.521749 126.189 0.0821031 301.335
179.202 0.463661 126.19 0.0729632 301.333
179.302 0.405573 126.192 0.063823 301.332
179.402 0.347486 126.193 0.0546826 301.331
179.502 0.289399 126.194 0.045542 301.33
179.602 0.231311 126.195 0.0364012 301.329
179.702 0.173224 126.195 0.0272602 301.328
179.802 0.115137 126.196 0.0181191 301.328
179.902 0.0570502 126.196 0.00897801 301.327
