#theta_cm, theta3_lab, Ek3_lab, theta4_deg, Ek4_lab
0 0 132.049 0 110.28
0.1 6.77865 128.995 3.99126 113.334
0.2 13.4637 120.132 7.32361 122.198
0.3 19.9403 106.326 9.56974 136.003
0.4 26.0431 88.9306 10.5991 153.398
0.5 31.5023 69.6473 10.4974 172.682
0.6 35.8309 50.364 9.45407 191.965
0.7 38.0555 32.9684 7.68536 209.361
0.8 36.0258 19.1631 5.39809 223.166
0.9 24.9673 10.2995 2.77953 232.029
1 1.14305e-14 7.24538 1.09384e-15 235.084
1.1 155.033 10.2995 177.22 232.029
1.2 143.974 19.1631 174.602 223.166
1.3 141.945 32.9684 172.315 209.361
1.4 144.169 50.364 170.546 191.965
1.5 148.498 69.6473 169.503 172.682
1.6 153.957 88.9306 169.401 153.398
1.7 160.06 106.326 170.43 136.003
1.8 166.536 120.132 172.676 122.198
1.9 173.221 128.995 176.009 113.334
2 180 132.049 180 110.28
2.1 6.77865 128.995 3.99126 113.334
2.2 13.4637 120.132 7.32361 122.198
2.3 19.9403 106.326 9.56974 136.003
2.4 26.0431 88.9306 10.5991 153.398
2.5 31.5023 69.6473 10.4974 172.682
2.6 35.8309 50.364 9.45407 191.965
2.7 38.0555 32.9684 7.68536 209.361
2.8 36.0258 19.1631 5.39809 223.166
2.9 24.9673 10.2995 2.77953 232.029
3 3.42914e-14 7.24538 3.28153e-15 235.084
3.1 155.033 10.2995 177.22 232.029
3.2 143.974 19.1631 174.602 223.166
3.3 141.945 32.9684 172.315 209.361
3.4 144.169 50.364 170.546 191.965
3.5 148.498 69.6473 169.503 172.682
3.6 153.957 88.9306 169.401 153.398
3.7 160.06 106.326 170.43 136.003
3.8 166.536 120.132 172.676 122.198
3.9 173.221 128.995 176.009 113.334
4 180 132.049 180 110.28
4.1 6.77865 128.995 3.99126 113.334
4.2 13.4637 120.132 7.32361 122.198
4.3 19.9403 106.326 9.56974 136.003
4.4 26.0431 88.9306 10.5991 153.398
4.5 31.5023 69.6473 10.4974 172.682
4.6 35.8309 50.364 9.45407 191.965
4.7 38.0555 32.9684 7.68536 209.361
4.8 36.0258 19.1631 5.39809 223.166
4.9 24.9673 10.2995 2.77953 232.029
5 5.71524e-14 7.24538 5.46922e-15 235.084
5.1 155.033 10.2995 177.22 232.029
5.2 143.974 19.1631 174.602 223.166
5.3 141.945 32.9684 172.315 209.361
5.4 144.169 50.364 170.546 191.965
5.5 148.498 69.6473 169.503 172.682
5.6 153.957 88.9306 169.401 153.398
5.7 160.06 106.326 170.43 136.003
5.8 166.536 120.132 172.676 122.198
5.9 173.221 128.995 176.009 113.334
6 180 132.049 180 110.28
6.1 6.77865 128.995 3.99126 113.334
6.2 13.4637 120.132 7.32361 122.198
6.3 19.9403 106.326 9.56974 136.003
6.4 26.0431 88.9306 10.5991 153.398
6.5 31.5023 69.6473 10.4974 172.682
6.6 35.8309 50.364 9.45407 191.965
6.7 38.0555 32.9684 7.68536 209.361
6.8 36.0258 19.1631 5.39809 223.166
6.9 24.9673 10.2995 2.77953 232.029
7 8.00134e-14 7.24538 7.65691e-15 235.084
7.1 155.033 10.2995 177.22 232.029
7.2 143.974 19.1631 174.602 223.166
7.3 141.945 32.9684 172.315 209.361
7.4 144.169 50.364 170.546 191.965
7.5 148.498 69.6473 169.503 172.682
7.6 153.957 88.9306 169.401 153.398
7.7 160.06 106.326 170.43 136.003
7.8 166.536 120.132 172.676 122.198
7.9 173.221 128.995 176.009 113.334
8 180 132.049 180 110.28
8.1 6.77865 128.995 3.99126 113.334
8.2 13.4637 120.132 7.32361 122.198
8.3 19.9403 106.326 9.56974 136.003
8.4 26.0431 88.9306 10.5991 153.398
8.5 31.5023 69.6473 10.4974 172.682
8.6 35.8309 50.364 9.45407 191.965
8.7 38.0555 32.9684 7.68536 209.361
8.8 36.0258 19.1631 5.39809 223.166
8.9 24.9673 10.2995 2.77953 232.029
9 1.02874e-13 7.24538 9.84459e-15 235.084
9.1 155.033 10.2995 177.22 232.029
9.2 143.974 19.1631 174.602 223.166
9.3 141.945 32.9684 172.315 209.361
9.4 144.169 50.364 170.546 191.965
9.5 148.498 69.6473 169.503 172.682
9.6 153.957 88.9306 169.401 153.398
9.7 160.06 106.326 170.43 136.003
9.8 166.536 120.132 172.676 122.198
9.9 173.221 128.995 176.009 113.334
10 180 132.049 180 110.28
10.1 6.77865 128.995 3.99126 113.334
10.2 13.4637 120.132 7.32361 122.198
10.3 19.9403 106.326 9.56974 136.003
10.4 26.0431 88.9306 10.5991 153.398
10.5 31.5023 69.6473 10.4974 172.682
10.6 35.8309 50.364 9.45407 191.965
10.7 38.0555 32.9684 7.68536 209.361
10.8 36.0258 19.1631 5.39809 223.166
10.9 24.9673 10.2995 2.77953 232.029
11 4.57335e-13 7.24538 4.37648e-14 235.084
11.1 155.033 10.2995 177.22 232.029
11.2 143.974 19.1631 174.602 223.166
11.3 141.945 32.9684 172.315 209.361
11.4 144.169 50.364 170.546 191.965
11.5 148.498 69.6473 169.503 172.682
11.6 153.957 88.9306 169.401 153.398
11.7 160.06 106.326 170.43 136.003
11.8 166.536 120.132 172.676 122.198
11.9 173.221 128.995 176.009 113.334
12 180 132.049 180 110.28
12.1 6.77865 128.995 3.99126 113.334
12.2 13.4637 120.132 7.32361 122.198
12.3 19.9403 106.326 9.56974 136.003
12.4 26.0431 88.9306 10.5991 153.398
12.5 31.5023 69.6473 10.4974 172.682
12.6 35.8309 50.364 9.45407 191.965
12.7 38.0555 32.9684 7.68536 209.361
12.8 36.0258 19.1631 5.39809 223.166
12.9 24.9673 10.2995 2.77953 232.029
13 180 7.24538 180 235.084
13.1 155.033 10.2995 177.22 232.029
13.2 143.974 19.1631 174.602 223.166
13.3 141.945 32.9684 172.315 209.361
13.4 144.169 50.364 170.546 191.965
13.5 148.498 69.6473 169.503 172.682
13.6 153.957 88.9306 169.401 153.398
13.7 160.06 106.326 170.43 136.003
13.8 166.536 120.132 172.676 122.198
13.9 173.221 128.995 176.009 113.334
14 180 132.049 180 110.28
14.1 6.77865 128.995 3.99126 113.334
14.2 13.4637 120.132 7.32361 122.198
14.3 19.9403 106.326 9.56974 136.003
14.4 26.0431 88.9306 10.5991 153.398
14.5 31.5023 69.6473 10.4974 172.682
14.6 35.8309 50.364 9.45407 191.965
14.7 38.0555 32.9684 7.68536 209.361
14.8 36.0258 19.1631 5.39809 223.166
14.9 24.9673 10.2995 2.77953 232.029
15 5.03057e-13 7.24538 4.81402e-14 235.084
15.1 155.033 10.2995 177.22 232.029
15.2 143.974 19.1631 174.602 223.166
15.3 141.945 32.9684 172.315 209.361
15.4 144.169 50.364 170.546 191.965
15.5 148.498 69.6473 169.503 172.682
15.6 153.957 88.9306 169.401 153.398
15.7 160.06 106.326 170.43 136.003
15.8 166.536 120.132 172.676 122.198
15.9 173.221 128.995 176.009 113.334
16 180 132.049 180 110.28
16.1 6.77865 128.995 3.99126 113.334
16.2 13.4637 120.132 7.32361 122.198
16.3 19.9403 106.326 9.56974 136.003
16.4 26.0431 88.9306 10.5991 153.398
16.5 31.5023 69.6473 10.4974 172.682
16.6 35.8309 50.364 9.45407 191.965
16.7 38.0555 32.9684 7.68536 209.361
16.8 36.0258 19.1631 5.39809 223.166
16.9 24.9673 10.2995 2.77953 232.029
17 180 7.24538 180 235.084
17.1 155.033 10.2995 177.22 232.029
17.2 143.974 19.1631 174.602 223.166
17.3 141.945 32.9684 172.315 209.361
17.4 144.169 50.364 170.546 191.965
17.5 148.498 69.6473 169.503 172.682
17.6 153.957 88.9306 169.401 153.398
17.7 160.06 106.326 170.43 136.003
17.8 166.536 120.132 172.676 122.198
17.9 173.221 128.995 176.009 113.334
18 180 132.049 180 110.28
18.1 6.77865 128.995 3.99126 113.334
18.2 13.4637 120.132 7.32361 122.198
18.3 19.9403 106.326 9.56974 136.003
18.4 26.0431 88.9306 10.5991 153.398
18.5 31.5023 69.6473 10.4974 172.682
18.6 35.8309 50.364 9.45407 191.965
18.7 38.0555 32.9684 7.68536 209.361
18.8 36.0258 19.1631 5.39809 223.166
18.9 24.9673 10.2995 2.77953 232.029
19 5.48779e-13 7.24538 5.25156e-14 235.084
19.1 155.033 10.2995 177.22 232.029
19.2 143.974 19.1631 174.602 223.166
19.3 141.945 32.9684 172.315 209.361
19.4 144.169 50.364 170.546 191.965
19.5 148.498 69.6473 169.503 172.682
19.6 153.957 88.9306 169.401 153.398
19.7 160.06 106.326 170.43 136.003
19.8 166.536 120.132 172.676 122.198
19.9 173.221 128.995 176.009 113.334
20 180 132.049 180 110.28
20.1 6.77865 128.995 3.99126 113.334
20.2 13.4637 120.132 7.32361 122.198
20.3 19.9403 106.326 9.56974 136.003
20.4 26.0431 88.9306 10.5991 153.398
20.5 31.5023 69.6473 10.4974 172.682
20.6 35.8309 50.364 9.45407 191.965
20.7 38.0555 32.9684 7.68536 209.361
20.8 36.0258 19.1631 5.39809 223.166
20.9 24.9673 10.2995 2.77953 232.029
21 180 7.24538 180 235.084
21.1 155.033 10.2995 177.22 232.029
21.2 143.974 19.1631 174.602 223.166
21.3 141.945 32.9684 172.315 209.361
21.4 144.169 50.364 170.546 191.965
21.5 148.498 69.6473 169.503 172.682
21.6 153.957 88.9306 169.401 153.398
21.7 160.06 106.326 170.43 136.003
21.8 166.536 120.132 172.676 122.198
21.9 173.221 128.995 176.009 113.334
22 180 132.049 180 110.28
22.1 6.77865 128.995 3.99126 113.334
22.2 13.4637 120.132 7.32361 122.198
22.3 19.9403 106.326 9.56974 136.003
22.4 26.0431 88.9306 10.5991 153.398
22.5 31.5023 69.6473 10.4974 172.682
22.6 35.8309 50.364 9.45407 191.965
22.7 38.0555 32.9684 7.68536 209.361
22.8 36.0258 19.1631 5.39809 223.166
22.9 24.9673 10.2995 2.77953 232.029
23 5.94501e-13 7.24538 5.68909e-14 235.084
23.1 155.033 10.2995 177.22 232.029
23.2 143.974 19.1631 174.602 223.166
23.3 141.945 32.9684 172.315 209.361
23.4 144.169 50.364 170.546 191.965
23.5 148.498 69.6473 169.503 172.682
23.6 153.957 88.9306 169.401 153.398
23.7 160.06 106.326 170.43 136.003
23.8 166.536 120.132 172.676 122.198
23.9 173.221 128.995 176.009 113.334
24 180 132.049 180 110.28
24.1 6.77865 128.995 3.99126 113.334
24.2 13.4637 120.132 7.32361 122.198
24.3 19.9403 106.326 9.56974 136.003
24.4 26.0431 88.9306 10.5991 153.398
24.5 31.5023 69.6473 10.4974 172.682
24.6 35.8309 50.364 9.45407 191.965
24.7 38.0555 32.9684 7.68536 209.361
24.8 36.0258 19.1631 5.39809 223.166
24.9 24.9673 10.2995 2.77953 232.029
25 180 7.24538 180 235.084
25.1 155.033 10.2995 177.22 232.029
25.2 143.974 19.1631 174.602 223.166
25.3 141.945 32.9684 172.315 209.361
25.4 144.169 50.364 170.546 191.965
25.5 148.498 69.6473 169.503 172.682
25.6 153.957 88.9306 169.401 153.398
25.7 160.06 106.326 170.43 136.003
25.8 166.536 120.132 172.676 122.198
25.9 173.221 128.995 176.009 113.334
26 8.4798e-14 132.049 5.13073e-14 110.28
26.1 6.77865 128.995 3.99126 113.334
26.2 13.4637 120.132 7.32361 122.198
26.3 19.9403 106.326 9.56974 136.003
26.4 26.0431 88.9306 10.5991 153.398
26.5 31.5023 69.6473 10.4974 172.682
26.6 35.8309 50.364 9.45407 191.965
26.7 38.0555 32.9684 7.68536 209.361
26.8 36.0258 19.1631 5.39809 223.166
26.9 24.9673 10.2995 2.77953 232.029
27 6.40223e-13 7.24538 6.12663e-14 235.084
27.1 155.033 10.2995 177.22 232.029
27.2 143.974 19.1631 174.602 223.166
27.3 141.945 32.9684 172.315 209.361
27.4 144.169 50.364 170.546 191.965
27.5 148.498 69.6473 169.503 172.682
27.6 153.957 88.9306 169.401 153.398
27.7 160.06 106.326 170.43 136.003
27.8 166.536 120.132 172.676 122.198
27.9 173.221 128.995 176.009 113.334
28 180 132.049 180 110.28
28.1 6.77865 128.995 3.99126 113.334
28.2 13.4637 120.132 7.32361 122.198
28.3 19.9403 106.326 9.56974 136.003
28.4 26.0431 88.9306 10.5991 153.398
28.5 31.5023 69.6473 10.4974 172.682
28.6 35.8309 50.364 9.45407 191.965
28.7 38.0555 32.9684 7.68536 209.361
28.8 36.0258 19.1631 5.39809 223.166
28.9 24.9673 10.2995 2.77953 232.029
29 180 7.24538 180 235.084
29.1 155.033 10.2995 177.22 232.029
29.2 143.974 19.1631 174.602 223.166
29.3 141.945 32.9684 172.315 209.361
29.4 144.169 50.364 170.546 191.965
29.5 148.498 69.6473 169.503 172.682
29.6 153.957 88.9306 169.401 153.398
29.7 160.06 106.326 170.43 136.003
29.8 166.536 120.132 172.676 122.198
29.9 173.221 128.995 176.009 113.334
30 180 132.049 180 110.28
30.1 6.77865 128.995 3.99126 113.334
30.2 13.4637 120.132 7.32361 122.198
30.3 19.9403 106.326 9.56974 136.003
30.4 26.0431 88.9306 10.5991 153.398
30.5 31.5023 69.6473 10.4974 172.682
30.6 35.8309 50.364 9.45407 191.965
30.7 38.0555 32.9684 7.68536 209.361
30.8 36.0258 19.1631 5.39809 223.166
30.9 24.9673 10.2995 2.77953 232.029
31 6.85944e-13 7.24538 6.56417e-14 235.084
31.1 155.033 10.2995 177.22 232.029
31.2 143.974 19.1631 174.602 223.166
31.3 141.945 32.9684 172.315 209.361
31.4 144.169 50.364 170.546 191.965
31.5 148.498 69.6473 169.503 172.682
31.6 153.957 88.9306 169.401 153.398
31.7 160.06 106.326 170.43 136.003
31.8 166.536 120.132 172.676 122.198
31.9 173.221 128.995 176.009 113.334
32 180 132.049 180 110.28
32.1 6.77865 128.995 3.99126 113.334
32.2 13.4637 120.132 7.32361 122.198
32.3 19.9403 106.326 9.56974 136.003
32.4 26.0431 88.9306 10.5991 153.398
32.5 31.5023 69.6473 10.4974 172.682
32.6 35.8309 50.364 9.45407 191.965
32.7 38.0555 32.9684 7.68536 209.361
32.8 36.0258 19.1631 5.39809 223.166
32.9 24.9673 10.2995 2.77953 232.029
33 4.56064e-14 7.24538 4.36432e-15 235.084
33.1 155.033 10.2995 177.22 232.029
33.2 143.974 19.1631 174.602 223.166
33.3 141.945 32.9684 172.315 209.361
33.4 144.169 50.364 170.546 191.965
33.5 148.498 69.6473 169.503 172.682
33.6 153.957 88.9306 169.401 153.398
33.7 160.06 106.326 170.43 136.003
33.8 166.536 120.132 172.676 122.198
33.9 173.221 128.995 176.009 113.334
34 6.36119e-14 132.049 3.84886e-14 110.28
34.1 6.77865 128.995 3.99126 113.334
34.2 13.4637 120.132 7.32361 122.198
34.3 19.9403 106.326 9.56974 136.003
34.4 26.0431 88.9306 10.5991 153.398
34.5 31.5023 69.6473 10.4974 172.682
34.6 35.8309 50.364 9.45407 191.965
34.7 38.0555 32.9684 7.68536 209.361
34.8 36.0258 19.1631 5.39809 223.166
34.9 24.9673 10.2995 2.77953 232.029
35 7.31666e-13 7.24538 7.00171e-14 235.084
35.1 155.033 10.2995 177.22 232.029
35.2 143.974 19.1631 174.602 223.166
35.3 141.945 32.9684 172.315 209.361
35.4 144.169 50.364 170.546 191.965
35.5 148.498 69.6473 169.503 172.682
35.6 153.957 88.9306 169.401 153.398
35.7 160.06 106.326 170.43 136.003
35.8 166.536 120.132 172.676 122.198
35.9 173.221 128.995 176.009 113.334
36 180 132.049 180 110.28
36.1 6.77865 128.995 3.99126 113.334
36.2 13.4637 120.132 7.32361 122.198
36.3 19.9403 106.326 9.56974 136.003
36.4 26.0431 88.9306 10.5991 153.398
36.5 31.5023 69.6473 10.4974 172.682
36.6 35.8309 50.364 9.45407 191.965
36.7 38.0555 32.9684 7.68536 209.361
36.8 36.0258 19.1631 5.39809 223.166
36.9 24.9673 10.2995 2.77953 232.029
37 9.13283e-14 7.24538 8.73969e-15 235.084
37.1 155.033 10.2995 177.22 232.029
37.2 143.974 19.1631 174.602 223.166
37.3 141.945 32.9684 172.315 209.361
37.4 144.169 50.364 170.546 191.965
37.5 148.498 69.6473 169.503 172.682
37.6 153.957 88.9306 169.401 153.398
37.7 160.06 106.326 170.43 136.003
37.8 166.536 120.132 172.676 122.198
37.9 173.221 128.995 176.009 113.334
38 180 132.049 180 110.28
38.1 6.77865 128.995 3.99126 113.334
38.2 13.4637 120.132 7.32361 122.198
38.3 19.9403 106.326 9.56974 136.003
38.4 26.0431 88.9306 10.5991 153.398
38.5 31.5023 69.6473 10.4974 172.682
38.6 35.8309 50.364 9.45407 191.965
38.7 38.0555 32.9684 7.68536 209.361
38.8 36.0258 19.1631 5.39809 223.166
38.9 24.9673 10.2995 2.77953 232.029
39 7.77388e-13 7.24538 7.43924e-14 235.084
39.1 155.033 10.2995 177.22 232.029
39.2 143.974 19.1631 174.602 223.166
39.3 141.945 32.9684 172.315 209.361
39.4 144.169 50.364 170.546 191.965
39.5 148.498 69.6473 169.503 172.682
39.6 153.957 88.9306 169.401 153.398
39.7 160.06 106.326 170.43 136.003
39.8 166.536 120.132 172.676 122.198
39.9 173.221 128.995 176.009 113.334
40 180 132.049 180 110.28
40.1 6.77865 128.995 3.99126 113.334
40.2 13.4637 120.132 7.32361 122.198
40.3 19.9403 106.326 9.56974 136.003
40.4 26.0431 88.9306 10.5991 153.398
40.5 31.5023 69.6473 10.4974 172.682
40.6 35.8309 50.364 9.45407 191.965
40.7 38.0555 32.9684 7.68536 209.361
40.8 36.0258 19.1631 5.39809 223.166
40.9 24.9673 10.2995 2.77953 232.029
41 1.46345e-12 7.24538 1.40045e-13 235.084
41.1 155.033 10.2995 177.22 232.029
41.2 143.974 19.1631 174.602 223.166
41.3 141.945 32.9684 172.315 209.361
41.4 144.169 50.364 170.546 191.965
41.5 148.498 69.6473 169.503 172.682
41.6 153.957 88.9306 169.401 153.398
41.7 160.06 106.326 170.43 136.003
41.8 166.536 120.132 172.676 122.198
41.9 173.221 128.995 176.009 113.334
42 4.24258e-14 132.049 2.56699e-14 110.28
42.1 6.77865 128.995 3.99126 113.334
42.2 13.4637 120.132 7.32361 122.198
42.3 19.9403 106.326 9.56974 136.003
42.4 26.0431 88.9306 10.5991 153.398
42.5 31.5023 69.6473 10.4974 172.682
42.6 35.8309 50.364 9.45407 191.965
42.7 38.0555 32.9684 7.68536 209.361
42.8 36.0258 19.1631 5.39809 223.166
42.9 24.9673 10.2995 2.77953 232.029
43 8.2311e-13 7.24538 7.87678e-14 235.084
43.1 155.033 10.2995 177.22 232.029
43.2 143.974 19.1631 174.602 223.166
43.3 141.945 32.9684 172.315 209.361
43.4 144.169 50.364 170.546 191.965
43.5 148.498 69.6473 169.503 172.682
43.6 153.957 88.9306 169.401 153.398
43.7 160.06 106.326 170.43 136.003
43.8 166.536 120.132 172.676 122.198
43.9 173.221 128.995 176.009 113.334
44 180 132.049 180 110.28
44.1 6.77865 128.995 3.99126 113.334
44.2 13.4637 120.132 7.32361 122.198
44.3 19.9403 106.326 9.56974 136.003
44.4 26.0431 88.9306 10.5991 153.398
44.5 31.5023 69.6473 10.4974 172.682
44.6 35.8309 50.364 9.45407 191.965
44.7 38.0555 32.9684 7.68536 209.361
44.8 36.0258 19.1631 5.39809 223.166
44.9 24.9673 10.2995 2.77953 232.029
45 1.82772e-13 7.24538 1.74904e-14 235.084
45.1 155.033 10.2995 177.22 232.029
45.2 143.974 19.1631 174.602 223.166
45.3 141.945 32.9684 172.315 209.361
45.4 144.169 50.364 170.546 191.965
45.5 148.498 69.6473 169.503 172.682
45.6 153.957 88.9306 169.401 153.398
45.7 160.06 106.326 170.43 136.003
45.8 166.536 120.132 172.676 122.198
45.9 173.221 128.995 176.009 113.334
46 180 132.049 180 110.28
46.1 6.77865 128.995 3.99126 113.334
46.2 13.4637 120.132 7.32361 122.198
46.3 19.9403 106.326 9.56974 136.003
46.4 26.0431 88.9306 10.5991 153.398
46.5 31.5023 69.6473 10.4974 172.682
46.6 35.8309 50.364 9.45407 191.965
46.7 38.0555 32.9684 7.68536 209.361
46.8 36.0258 19.1631 5.39809 223.166
46.9 24.9673 10.2995 2.77953 232.029
47 180 7.24538 180 235.084
47.1 155.033 10.2995 177.22 232.029
47.2 143.974 19.1631 174.602 223.166
47.3 141.945 32.9684 172.315 209.361
47.4 144.169 50.364 170.546 191.965
47.5 148.498 69.6473 169.503 172.682
47.6 153.957 88.9306 169.401 153.398
47.7 160.06 106.326 170.43 136.003
47.8 166.536 120.132 172.676 122.198
47.9 173.221 128.995 176.009 113.334
48 180 132.049 180 110.28
48.1 6.77865 128.995 3.99126 113.334
48.2 13.4637 120.132 7.32361 122.198
48.3 19.9403 106.326 9.56974 136.003
48.4 26.0431 88.9306 10.5991 153.398
48.5 31.5023 69.6473 10.4974 172.682
48.6 35.8309 50.364 9.45407 191.965
48.7 38.0555 32.9684 7.68536 209.361
48.8 36.0258 19.1631 5.39809 223.166
48.9 24.9673 10.2995 2.77953 232.029
49 1.55489e-12 7.24538 1.48796e-13 235.084
49.1 155.033 10.2995 177.22 232.029
49.2 143.974 19.1631 174.602 223.166
49.3 141.945 32.9684 172.315 209.361
49.4 144.169 50.364 170.546 191.965
49.5 148.498 69.6473 169.503 172.682
49.6 153.957 88.9306 169.401 153.398
49.7 160.06 106.326 170.43 136.003
49.8 166.536 120.132 172.676 122.198
49.9 173.221 128.995 176.009 113.334
50 2.12396e-14 132.049 1.28511e-14 110.28
50.1 6.77865 128.995 3.99126 113.334
50.2 13.4637 120.132 7.32361 122.198
50.3 19.9403 106.326 9.56974 136.003
50.4 26.0431 88.9306 10.5991 153.398
50.5 31.5023 69.6473 10.4974 172.682
50.6 35.8309 50.364 9.45407 191.965
50.7 38.0555 32.9684 7.68536 209.361
50.8 36.0258 19.1631 5.39809 223.166
50.9 24.9673 10.2995 2.77953 232.029
51 9.14554e-13 7.24538 8.75186e-14 235.084
51.1 155.033 10.2995 177.22 232.029
51.2 143.974 19.1631 174.602 223.166
51.3 141.945 32.9684 172.315 209.361
51.4 144.169 50.364 170.546 191.965
51.5 148.498 69.6473 169.503 172.682
51.6 153.957 88.9306 169.401 153.398
51.7 160.06 106.326 170.43 136.003
51.8 166.536 120.132 172.676 122.198
51.9 173.221 128.995 176.009 113.334
52 1.69596e-13 132.049 1.02615e-13 110.28
52.1 6.77865 128.995 3.99126 113.334
52.2 13.4637 120.132 7.32361 122.198
52.3 19.9403 106.326 9.56974 136.003
52.4 26.0431 88.9306 10.5991 153.398
52.5 31.5023 69.6473 10.4974 172.682
52.6 35.8309 50.364 9.45407 191.965
52.7 38.0555 32.9684 7.68536 209.361
52.8 36.0258 19.1631 5.39809 223.166
52.9 24.9673 10.2995 2.77953 232.029
53 2.74216e-13 7.24538 2.62412e-14 235.084
53.1 155.033 10.2995 177.22 232.029
53.2 143.974 19.1631 174.602 223.166
53.3 141.945 32.9684 172.315 209.361
53.4 144.169 50.364 170.546 191.965
53.5 148.498 69.6473 169.503 172.682
53.6 153.957 88.9306 169.401 153.398
53.7 160.06 106.326 170.43 136.003
53.8 166.536 120.132 172.676 122.198
53.9 173.221 128.995 176.009 113.334
54 180 132.049 180 110.28
54.1 6.77865 128.995 3.99126 113.334
54.2 13.4637 120.132 7.32361 122.198
54.3 19.9403 106.326 9.56974 136.003
54.4 26.0431 88.9306 10.5991 153.398
54.5 31.5023 69.6473 10.4974 172.682
54.6 35.8309 50.364 9.45407 191.965
54.7 38.0555 32.9684 7.68536 209.361
54.8 36.0258 19.1631 5.39809 223.166
54.9 24.9673 10.2995 2.77953 232.029
55 180 7.24538 180 235.084
55.1 155.033 10.2995 177.22 232.029
55.2 143.974 19.1631 174.602 223.166
55.3 141.945 32.9684 172.315 209.361
55.4 144.169 50.364 170.546 191.965
55.5 148.498 69.6473 169.503 172.682
55.6 153.957 88.9306 169.401 153.398
55.7 160.06 106.326 170.43 136.003
55.8 166.536 120.132 172.676 122.198
55.9 173.221 128.995 176.009 113.334
56 180 132.049 180 110.28
56.1 6.77865 128.995 3.99126 113.334
56.2 13.4637 120.132 7.32361 122.198
56.3 19.9403 106.326 9.56974 136.003
56.4 26.0431 88.9306 10.5991 153.398
56.5 31.5023 69.6473 10.4974 172.682
56.6 35.8309 50.364 9.45407 191.965
56.7 38.0555 32.9684 7.68536 209.361
56.8 36.0258 19.1631 5.39809 223.166
56.9 24.9673 10.2995 2.77953 232.029
57 1.64634e-12 7.24538 1.57547e-13 235.084
57.1 155.033 10.2995 177.22 232.029
57.2 143.974 19.1631 174.602 223.166
57.3 141.945 32.9684 172.315 209.361
57.4 144.169 50.364 170.546 191.965
57.5 148.498 69.6473 169.503 172.682
57.6 153.957 88.9306 169.401 153.398
57.7 160.06 106.326 170.43 136.003
57.8 166.536 120.132 172.676 122.198
57.9 173.221 128.995 176.009 113.334
58 5.35411e-17 132.049 3.23952e-17 110.28
58.1 6.77865 128.995 3.99126 113.334
58.2 13.4637 120.132 7.32361 122.198
58.3 19.9403 106.326 9.56974 136.003
58.4 26.0431 88.9306 10.5991 153.398
58.5 31.5023 69.6473 10.4974 172.682
58.6 35.8309 50.364 9.45407 191.965
58.7 38.0555 32.9684 7.68536 209.361
58.8 36.0258 19.1631 5.39809 223.166
58.9 24.9673 10.2995 2.77953 232.029
59 1.006e-12 7.24538 9.62693e-14 235.084
59.1 155.033 10.2995 177.22 232.029
59.2 143.974 19.1631 174.602 223.166
59.3 141.945 32.9684 172.315 209.361
59.4 144.169 50.364 170.546 191.965
59.5 148.498 69.6473 169.503 172.682
59.6 153.957 88.9306 169.401 153.398
59.7 160.06 106.326 170.43 136.003
59.8 166.536 120.132 172.676 122.198
59.9 173.221 128.995 176.009 113.334
60 180 132.049 180 110.28
60.1 6.77865 128.995 3.99126 113.334
60.2 13.4637 120.132 7.32361 122.198
60.3 19.9403 106.326 9.56974 136.003
60.4 26.0431 88.9306 10.5991 153.398
60.5 31.5023 69.6473 10.4974 172.682
60.6 35.8309 50.364 9.45407 191.965
60.7 38.0555 32.9684 7.68536 209.361
60.8 36.0258 19.1631 5.39809 223.166
60.9 24.9673 10.2995 2.77953 232.029
61 3.6566e-13 7.24538 3.49919e-14 235.084
61.1 155.033 10.2995 177.22 232.029
61.2 143.974 19.1631 174.602 223.166
61.3 141.945 32.9684 172.315 209.361
61.4 144.169 50.364 170.546 191.965
61.5 148.498 69.6473 169.503 172.682
61.6 153.957 88.9306 169.401 153.398
61.7 160.06 106.326 170.43 136.003
61.8 166.536 120.132 172.676 122.198
61.9 173.221 128.995 176.009 113.334
62 180 132.049 180 110.28
62.1 6.77865 128.995 3.99126 113.334
62.2 13.4637 120.132 7.32361 122.198
62.3 19.9403 106.326 9.56974 136.003
62.4 26.0431 88.9306 10.5991 153.398
62.5 31.5023 69.6473 10.4974 172.682
62.6 35.8309 50.364 9.45407 191.965
62.7 38.0555 32.9684 7.68536 209.361
62.8 36.0258 19.1631 5.39809 223.166
62.9 24.9673 10.2995 2.77953 232.029
63 180 7.24538 180 235.084
63.1 155.033 10.2995 177.22 232.029
63.2 143.974 19.1631 174.602 223.166
63.3 141.945 32.9684 172.315 209.361
63.4 144.169 50.364 170.546 191.965
63.5 148.498 69.6473 169.503 172.682
63.6 153.957 88.9306 169.401 153.398
63.7 160.06 106.326 170.43 136.003
63.8 166.536 120.132 172.676 122.198
63.9 173.221 128.995 176.009 113.334
64 180 132.049 180 110.28
64.1 6.77865 128.995 3.99126 113.334
64.2 13.4637 120.132 7.32361 122.198
64.3 19.9403 106.326 9.56974 136.003
64.4 26.0431 88.9306 10.5991 153.398
64.5 31.5023 69.6473 10.4974 172.682
64.6 35.8309 50.364 9.45407 191.965
64.7 38.0555 32.9684 7.68536 209.361
64.8 36.0258 19.1631 5.39809 223.166
64.9 24.9673 10.2995 2.77953 232.029
65 1.73778e-12 7.24538 1.66297e-13 235.084
65.1 155.033 10.2995 177.22 232.029
65.2 143.974 19.1631 174.602 223.166
65.3 141.945 32.9684 172.315 209.361
65.4 144.169 50.364 170.546 191.965
65.5 148.498 69.6473 169.503 172.682
65.6 153.957 88.9306 169.401 153.398
65.7 160.06 106.326 170.43 136.003
65.8 166.536 120.132 172.676 122.198
65.9 173.221 128.995 176.009 113.334
66 180 132.049 180 110.28
66.1 6.77865 128.995 3.99126 113.334
66.2 13.4637 120.132 7.32361 122.198
66.3 19.9403 106.326 9.56974 136.003
66.4 26.0431 88.9306 10.5991 153.398
66.5 31.5023 69.6473 10.4974 172.682
66.6 35.8309 50.364 9.45407 191.965
66.7 38.0555 32.9684 7.68536 209.361
66.8 36.0258 19.1631 5.39809 223.166
66.9 24.9673 10.2995 2.77953 232.029
67 1.09744e-12 7.24538 1.0502e-13 235.084
67.1 155.033 10.2995 177.22 232.029
67.2 143.974 19.1631 174.602 223.166
67.3 141.945 32.9684 172.315 209.361
67.4 144.169 50.364 170.546 191.965
67.5 148.498 69.6473 169.503 172.682
67.6 153.957 88.9306 169.401 153.398
67.7 160.06 106.326 170.43 136.003
67.8 166.536 120.132 172.676 122.198
67.9 173.221 128.995 176.009 113.334
68 1.27224e-13 132.049 7.69772e-14 110.28
68.1 6.77865 128.995 3.99126 113.334
68.2 13.4637 120.132 7.32361 122.198
68.3 19.9403 106.326 9.56974 136.003
68.4 26.0431 88.9306 10.5991 153.398
68.5 31.5023 69.6473 10.4974 172.682
68.6 35.8309 50.364 9.45407 191.965
68.7 38.0555 32.9684 7.68536 209.361
68.8 36.0258 19.1631 5.39809 223.166
68.9 24.9673 10.2995 2.77953 232.029
69 4.57104e-13 7.24538 4.37427e-14 235.084
69.1 155.033 10.2995 177.22 232.029
69.2 143.974 19.1631 174.602 223.166
69.3 141.945 32.9684 172.315 209.361
69.4 144.169 50.364 170.546 191.965
69.5 148.498 69.6473 169.503 172.682
69.6 153.957 88.9306 169.401 153.398
69.7 160.06 106.326 170.43 136.003
69.8 166.536 120.132 172.676 122.198
69.9 173.221 128.995 176.009 113.334
70 180 132.049 180 110.28
70.1 6.77865 128.995 3.99126 113.334
70.2 13.4637 120.132 7.32361 122.198
70.3 19.9403 106.326 9.56974 136.003
70.4 26.0431 88.9306 10.5991 153.398
70.5 31.5023 69.6473 10.4974 172.682
70.6 35.8309 50.364 9.45407 191.965
70.7 38.0555 32.9684 7.68536 209.361
70.8 36.0258 19.1631 5.39809 223.166
70.9 24.9673 10.2995 2.77953 232.029
71 180 7.24538 180 235.084
71.1 155.033 10.2995 177.22 232.029
71.2 143.974 19.1631 174.602 223.166
71.3 141.945 32.9684 172.315 209.361
71.4 144.169 50.364 170.546 191.965
71.5 148.498 69.6473 169.503 172.682
71.6 153.957 88.9306 169.401 153.398
71.7 160.06 106.326 170.43 136.003
71.8 166.536 120.132 172.676 122.198
71.9 173.221 128.995 176.009 113.334
72 180 132.049 180 110.28
72.1 6.77865 128.995 3.99126 113.334
72.2 13.4637 120.132 7.32361 122.198
72.3 19.9403 106.326 9.56974 136.003
72.4 26.0431 88.9306 10.5991 153.398
72.5 31.5023 69.6473 10.4974 172.682
72.6 35.8309 50.364 9.45407 191.965
72.7 38.0555 32.9684 7.68536 209.361
72.8 36.0258 19.1631 5.39809 223.166
72.9 24.9673 10.2995 2.77953 232.029
73 1.82922e-12 7.24538 1.75048e-13 235.084
73.1 155.033 10.2995 177.22 232.029
73.2 143.974 19.1631 174.602 223.166
73.3 141.945 32.9684 172.315 209.361
73.4 144.169 50.364 170.546 191.965
73.5 148.498 69.6473 169.503 172.682
73.6 153.957 88.9306 169.401 153.398
73.7 160.06 106.326 170.43 136.003
73.8 166.536 120.132 172.676 122.198
73.9 173.221 128.995 176.009 113.334
74 180 132.049 180 110.28
74.1 6.77865 128.995 3.99126 113.334
74.2 13.4637 120.132 7.32361 122.198
74.3 19.9403 106.326 9.56974 136.003
74.4 26.0431 88.9306 10.5991 153.398
74.5 31.5023 69.6473 10.4974 172.682
74.6 35.8309 50.364 9.45407 191.965
74.7 38.0555 32.9684 7.68536 209.361
74.8 36.0258 19.1631 5.39809 223.166
74.9 24.9673 10.2995 2.77953 232.029
75 1.18889e-12 7.24538 1.13771e-13 235.084
75.1 155.033 10.2995 177.22 232.029
75.2 143.974 19.1631 174.602 223.166
75.3 141.945 32.9684 172.315 209.361
75.4 144.169 50.364 170.546 191.965
75.5 148.498 69.6473 169.503 172.682
75.6 153.957 88.9306 169.401 153.398
75.7 160.06 106.326 170.43 136.003
75.8 166.536 120.132 172.676 122.198
75.9 173.221 128.995 176.009 113.334
76 180 132.049 180 110.28
76.1 6.77865 128.995 3.99126 113.334
76.2 13.4637 120.132 7.32361 122.198
76.3 19.9403 106.326 9.56974 136.003
76.4 26.0431 88.9306 10.5991 153.398
76.5 31.5023 69.6473 10.4974 172.682
76.6 35.8309 50.364 9.45407 191.965
76.7 38.0555 32.9684 7.68536 209.361
76.8 36.0258 19.1631 5.39809 223.166
76.9 24.9673 10.2995 2.77953 232.029
77 5.48548e-13 7.24538 5.24934e-14 235.084
77.1 155.033 10.2995 177.22 232.029
77.2 143.974 19.1631 174.602 223.166
77.3 141.945 32.9684 172.315 209.361
77.4 144.169 50.364 170.546 191.965
77.5 148.498 69.6473 169.503 172.682
77.6 153.957 88.9306 169.401 153.398
77.7 160.06 106.326 170.43 136.003
77.8 166.536 120.132 172.676 122.198
77.9 173.221 128.995 176.009 113.334
78 180 132.049 180 110.28
78.1 6.77865 128.995 3.99126 113.334
78.2 13.4637 120.132 7.32361 122.198
78.3 19.9403 106.326 9.56974 136.003
78.4 26.0431 88.9306 10.5991 153.398
78.5 31.5023 69.6473 10.4974 172.682
78.6 35.8309 50.364 9.45407 191.965
78.7 38.0555 32.9684 7.68536 209.361
78.8 36.0258 19.1631 5.39809 223.166
78.9 24.9673 10.2995 2.77953 232.029
79 180 7.24538 180 235.084
79.1 155.033 10.2995 177.22 232.029
79.2 143.974 19.1631 174.602 223.166
79.3 141.945 32.9684 172.315 209.361
79.4 144.169 50.364 170.546 191.965
79.5 148.498 69.6473 169.503 172.682
79.6 153.957 88.9306 169.401 153.398
79.7 160.06 106.326 170.43 136.003
79.8 166.536 120.132 172.676 122.198
79.9 173.221 128.995 176.009 113.334
80 180 132.049 180 110.28
80.1 6.77865 128.995 3.99126 113.334
80.2 13.4637 120.132 7.32361 122.198
80.3 19.9403 106.326 9.56974 136.003
80.4 26.0431 88.9306 10.5991 153.398
80.5 31.5023 69.6473 10.4974 172.682
80.6 35.8309 50.364 9.45407 191.965
80.7 38.0555 32.9684 7.68536 209.361
80.8 36.0258 19.1631 5.39809 223.166
80.9 24.9673 10.2995 2.77953 232.029
81 1.92067e-12 7.24538 1.83799e-13 235.084
81.1 155.033 10.2995 177.22 232.029
81.2 143.974 19.1631 174.602 223.166
81.3 141.945 32.9684 172.315 209.361
81.4 144.169 50.364 170.546 191.965
81.5 148.498 69.6473 169.503 172.682
81.6 153.957 88.9306 169.401 153.398
81.7 160.06 106.326 170.43 136.003
81.8 166.536 120.132 172.676 122.198
81.9 173.221 128.995 176.009 113.334
82 180 132.049 180 110.28
82.1 6.77865 128.995 3.99126 113.334
82.2 13.4637 120.132 7.32361 122.198
82.3 19.9403 106.326 9.56974 136.003
82.4 26.0431 88.9306 10.5991 153.398
82.5 31.5023 69.6473 10.4974 172.682
82.6 35.8309 50.364 9.45407 191.965
82.7 38.0555 32.9684 7.68536 209.361
82.8 36.0258 19.1631 5.39809 223.166
82.9 24.9673 10.2995 2.77953 232.029
83 180 7.24538 180 235.084
83.1 155.033 10.2995 177.22 232.029
83.2 143.974 19.1631 174.602 223.166
83.3 141.945 32.9684 172.315 209.361
83.4 144.169 50.364 170.546 191.965
83.5 148.498 69.6473 169.503 172.682
83.6 153.957 88.9306 169.401 153.398
83.7 160.06 106.326 170.43 136.003
83.8 166.536 120.132 172.676 122.198
83.9 173.221 128.995 176.009 113.334
84 8.48515e-14 132.049 5.13397e-14 110.28
84.1 6.77865 128.995 3.99126 113.334
84.2 13.4637 120.132 7.32361 122.198
84.3 19.9403 106.326 9.56974 136.003
84.4 26.0431 88.9306 10.5991 153.398
84.5 31.5023 69.6473 10.4974 172.682
84.6 35.8309 50.364 9.45407 191.965
84.7 38.0555 32.9684 7.68536 209.361
84.8 36.0258 19.1631 5.39809 223.166
84.9 24.9673 10.2995 2.77953 232.029
85 6.39991e-13 7.24538 6.12442e-14 235.084
85.1 155.033 10.2995 177.22 232.029
85.2 143.974 19.1631 174.602 223.166
85.3 141.945 32.9684 172.315 209.361
85.4 144.169 50.364 170.546 191.965
85.5 148.498 69.6473 169.503 172.682
85.6 153.957 88.9306 169.401 153.398
85.7 160.06 106.326 170.43 136.003
85.8 166.536 120.132 172.676 122.198
85.9 173.221 128.995 176.009 113.334
86 180 132.049 180 110.28
86.1 6.77865 128.995 3.99126 113.334
86.2 13.4637 120.132 7.32361 122.198
86.3 19.9403 106.326 9.56974 136.003
86.4 26.0431 88.9306 10.5991 153.398
86.5 31.5023 69.6473 10.4974 172.682
86.6 35.8309 50.364 9.45407 191.965
86.7 38.0555 32.9684 7.68536 209.361
86.8 36.0258 19.1631 5.39809 223.166
86.9 24.9673 10.2995 2.77953 232.029
87 2.65245e-12 7.24538 2.53827e-13 235.084
87.1 155.033 10.2995 177.22 232.029
87.2 143.974 19.1631 174.602 223.166
87.3 141.945 32.9684 172.315 209.361
87.4 144.169 50.364 170.546 191.965
87.5 148.498 69.6473 169.503 172.682
87.6 153.957 88.9306 169.401 153.398
87.7 160.06 106.326 170.43 136.003
87.8 166.536 120.132 172.676 122.198
87.9 173.221 128.995 176.009 113.334
88 180 132.049 180 110.28
88.1 6.77865 128.995 3.99126 113.334
88.2 13.4637 120.132 7.32361 122.198
88.3 19.9403 106.326 9.56974 136.003
88.4 26.0431 88.9306 10.5991 153.398
88.5 31.5023 69.6473 10.4974 172.682
88.6 35.8309 50.364 9.45407 191.965
88.7 38.0555 32.9684 7.68536 209.361
88.8 36.0258 19.1631 5.39809 223.166
88.9 24.9673 10.2995 2.77953 232.029
89 180 7.24538 180 235.084
89.1 155.033 10.2995 177.22 232.029
89.2 143.974 19.1631 174.602 223.166
89.3 141.945 32.9684 172.315 209.361
89.4 144.169 50.364 170.546 191.965
89.5 148.498 69.6473 169.503 172.682
89.6 153.957 88.9306 169.401 153.398
89.7 160.06 106.326 170.43 136.003
89.8 166.536 120.132 172.676 122.198
89.9 173.221 128.995 176.009 113.334
90 180 132.049 180 110.28
90.1 6.77865 128.995 3.99126 113.334
90.2 13.4637 120.132 7.32361 122.198
90.3 19.9403 106.326 9.56974 136.003
90.4 26.0431 88.9306 10.5991 153.398
90.5 31.5023 69.6473 10.4974 172.682
90.6 35.8309 50.364 9.45407 191.965
90.7 38.0555 32.9684 7.68536 209.361
90.8 36.0258 19.1631 5.39809 223.166
90.9 24.9673 10.2995 2.77953 232.029
91 1.37177e-12 7.24538 1.31272e-13 235.084
91.1 155.033 10.2995 177.22 232.029
91.2 143.974 19.1631 174.602 223.166
91.3 141.945 32.9684 172.315 209.361
91.4 144.169 50.364 170.546 191.965
91.5 148.498 69.6473 169.503 172.682
91.6 153.957 88.9306 169.401 153.398
91.7 160.06 106.326 170.43 136.003
91.8 166.536 120.132 172.676 122.198
91.9 173.221 128.995 176.009 113.334
92 180 132.049 180 110.28
92.1 6.77865 128.995 3.99126 113.334
92.2 13.4637 120.132 7.32361 122.198
92.3 19.9403 106.326 9.56974 136.003
92.4 26.0431 88.9306 10.5991 153.398
92.5 31.5023 69.6473 10.4974 172.682
92.6 35.8309 50.364 9.45407 191.965
92.7 38.0555 32.9684 7.68536 209.361
92.8 36.0258 19.1631 5.39809 223.166
92.9 24.9673 10.2995 2.77953 232.029
93 3.38423e-12 7.24538 3.23855e-13 235.084
93.1 155.033 10.2995 177.22 232.029
93.2 143.974 19.1631 174.602 223.166
93.3 141.945 32.9684 172.315 209.361
93.4 144.169 50.364 170.546 191.965
93.5 148.498 69.6473 169.503 172.682
93.6 153.957 88.9306 169.401 153.398
93.7 160.06 106.326 170.43 136.003
93.8 166.536 120.132 172.676 122.198
93.9 173.221 128.995 176.009 113.334
94 2.12022e-13 132.049 1.28284e-13 110.28
94.1 6.77865 128.995 3.99126 113.334
94.2 13.4637 120.132 7.32361 122.198
94.3 19.9403 106.326 9.56974 136.003
94.4 26.0431 88.9306 10.5991 153.398
94.5 31.5023 69.6473 10.4974 172.682
94.6 35.8309 50.364 9.45407 191.965
94.7 38.0555 32.9684 7.68536 209.361
94.8 36.0258 19.1631 5.39809 223.166
94.9 24.9673 10.2995 2.77953 232.029
95 9.10972e-14 7.24538 8.71758e-15 235.084
95.1 155.033 10.2995 177.22 232.029
95.2 143.974 19.1631 174.602 223.166
95.3 141.945 32.9684 172.315 209.361
95.4 144.169 50.364 170.546 191.965
95.5 148.498 69.6473 169.503 172.682
95.6 153.957 88.9306 169.401 153.398
95.7 160.06 106.326 170.43 136.003
95.8 166.536 120.132 172.676 122.198
95.9 173.221 128.995 176.009 113.334
96 180 132.049 180 110.28
96.1 6.77865 128.995 3.99126 113.334
96.2 13.4637 120.132 7.32361 122.198
96.3 19.9403 106.326 9.56974 136.003
96.4 26.0431 88.9306 10.5991 153.398
96.5 31.5023 69.6473 10.4974 172.682
96.6 35.8309 50.364 9.45407 191.965
96.7 38.0555 32.9684 7.68536 209.361
96.8 36.0258 19.1631 5.39809 223.166
96.9 24.9673 10.2995 2.77953 232.029
97 2.10356e-12 7.24538 2.013e-13 235.084
97.1 155.033 10.2995 177.22 232.029
97.2 143.974 19.1631 174.602 223.166
97.3 141.945 32.9684 172.315 209.361
97.4 144.169 50.364 170.546 191.965
97.5 148.498 69.6473 169.503 172.682
97.6 153.957 88.9306 169.401 153.398
97.7 160.06 106.326 170.43 136.003
97.8 166.536 120.132 172.676 122.198
97.9 173.221 128.995 176.009 113.334
98 180 132.049 180 110.28
98.1 6.77865 128.995 3.99126 113.334
98.2 13.4637 120.132 7.32361 122.198
98.3 19.9403 106.326 9.56974 136.003
98.4 26.0431 88.9306 10.5991 153.398
98.5 31.5023 69.6473 10.4974 172.682
98.6 35.8309 50.364 9.45407 191.965
98.7 38.0555 32.9684 7.68536 209.361
98.8 36.0258 19.1631 5.39809 223.166
98.9 24.9673 10.2995 2.77953 232.029
99 180 7.24538 180 235.084
99.1 155.033 10.2995 177.22 232.029
99.2 143.974 19.1631 174.602 223.166
99.3 141.945 32.9684 172.315 209.361
99.4 144.169 50.364 170.546 191.965
99.5 148.498 69.6473 169.503 172.682
99.6 153.957 88.9306 169.401 153.398
99.7 160.06 106.326 170.43 136.003
99.8 166.536 120.132 172.676 122.198
99.9 173.221 128.995 176.009 113.334
100 4.24793e-14 132.049 2.57022e-14 110.28
100.1 6.77865 128.995 3.99126 113.334
100.2 13.4637 120.132 7.32361 122.198
100.3 19.9403 106.326 9.56974 136.003
100.4 26.0431 88.9306 10.5991 153.398
100.5 31.5023 69.6473 10.4974 172.682
100.6 35.8309 50.364 9.45407 191.965
100.7 38.0555 32.9684 7.68536 209.361
100.8 36.0258 19.1631 5.39809 223.166
100.9 24.9673 10.2995 2.77953 232.029
101 8.22879e-13 7.24538 7.87457e-14 235.084
101.1 155.033 10.2995 177.22 232.029
101.2 143.974 19.1631 174.602 223.166
101.3 141.945 32.9684 172.315 209.361
101.4 144.169 50.364 170.546 191.965
101.5 148.498 69.6473 169.503 172.682
101.6 153.957 88.9306 169.401 153.398
101.7 160.06 106.326 170.43 136.003
101.8 166.536 120.132 172.676 122.198
101.9 173.221 128.995 176.009 113.334
102 180 132.049 180 110.28
102.1 6.77865 128.995 3.99126 113.334
102.2 13.4637 120.132 7.32361 122.198
102.3 19.9403 106.326 9.56974 136.003
102.4 26.0431 88.9306 10.5991 153.398
102.5 31.5023 69.6473 10.4974 172.682
102.6 35.8309 50.364 9.45407 191.965
102.7 38.0555 32.9684 7.68536 209.361
102.8 36.0258 19.1631 5.39809 223.166
102.9 24.9673 10.2995 2.77953 232.029
103 2.83534e-12 7.24538 2.71329e-13 235.084
103.1 155.033 10.2995 177.22 232.029
103.2 143.974 19.1631 174.602 223.166
103.3 141.945 32.9684 172.315 209.361
103.4 144.169 50.364 170.546 191.965
103.5 148.498 69.6473 169.503 172.682
103.6 153.957 88.9306 169.401 153.398
103.7 160.06 106.326 170.43 136.003
103.8 166.536 120.132 172.676 122.198
103.9 173.221 128.995 176.009 113.334
104 3.39192e-13 132.049 2.05229e-13 110.28
104.1 6.77865 128.995 3.99126 113.334
104.2 13.4637 120.132 7.32361 122.198
104.3 19.9403 106.326 9.56974 136.003
104.4 26.0431 88.9306 10.5991 153.398
104.5 31.5023 69.6473 10.4974 172.682
104.6 35.8309 50.364 9.45407 191.965
104.7 38.0555 32.9684 7.68536 209.361
104.8 36.0258 19.1631 5.39809 223.166
104.9 24.9673 10.2995 2.77953 232.029
105 180 7.24538 180 235.084
105.1 155.033 10.2995 177.22 232.029
105.2 143.974 19.1631 174.602 223.166
105.3 141.945 32.9684 172.315 209.361
105.4 144.169 50.364 170.546 191.965
105.5 148.498 69.6473 169.503 172.682
105.6 153.957 88.9306 169.401 153.398
105.7 160.06 106.326 170.43 136.003
105.8 166.536 120.132 172.676 122.198
105.9 173.221 128.995 176.009 113.334
106 180 132.049 180 110.28
106.1 6.77865 128.995 3.99126 113.334
106.2 13.4637 120.132 7.32361 122.198
106.3 19.9403 106.326 9.56974 136.003
106.4 26.0431 88.9306 10.5991 153.398
106.5 31.5023 69.6473 10.4974 172.682
106.6 35.8309 50.364 9.45407 191.965
106.7 38.0555 32.9684 7.68536 209.361
106.8 36.0258 19.1631 5.39809 223.166
106.9 24.9673 10.2995 2.77953 232.029
107 1.55466e-12 7.24538 1.48774e-13 235.084
107.1 155.033 10.2995 177.22 232.029
107.2 143.974 19.1631 174.602 223.166
107.3 141.945 32.9684 172.315 209.361
107.4 144.169 50.364 170.546 191.965
107.5 148.498 69.6473 169.503 172.682
107.6 153.957 88.9306 169.401 153.398
107.7 160.06 106.326 170.43 136.003
107.8 166.536 120.132 172.676 122.198
107.9 173.221 128.995 176.009 113.334
108 180 132.049 180 110.28
108.1 6.77865 128.995 3.99126 113.334
108.2 13.4637 120.132 7.32361 122.198
108.3 19.9403 106.326 9.56974 136.003
108.4 26.0431 88.9306 10.5991 153.398
108.5 31.5023 69.6473 10.4974 172.682
108.6 35.8309 50.364 9.45407 191.965
108.7 38.0555 32.9684 7.68536 209.361
108.8 36.0258 19.1631 5.39809 223.166
108.9 24.9673 10.2995 2.77953 232.029
109 3.56712e-12 7.24538 3.41357e-13 235.084
109.1 155.033 10.2995 177.22 232.029
109.2 143.974 19.1631 174.602 223.166
109.3 141.945 32.9684 172.315 209.361
109.4 144.169 50.364 170.546 191.965
109.5 148.498 69.6473 169.503 172.682
109.6 153.957 88.9306 169.401 153.398
109.7 160.06 106.326 170.43 136.003
109.8 166.536 120.132 172.676 122.198
109.9 173.221 128.995 176.009 113.334
110 1.69649e-13 132.049 1.02647e-13 110.28
110.1 6.77865 128.995 3.99126 113.334
110.2 13.4637 120.132 7.32361 122.198
110.3 19.9403 106.326 9.56974 136.003
110.4 26.0431 88.9306 10.5991 153.398
110.5 31.5023 69.6473 10.4974 172.682
110.6 35.8309 50.364 9.45407 191.965
110.7 38.0555 32.9684 7.68536 209.361
110.8 36.0258 19.1631 5.39809 223.166
110.9 24.9673 10.2995 2.77953 232.029
111 2.73985e-13 7.24538 2.62191e-14 235.084
111.1 155.033 10.2995 177.22 232.029
111.2 143.974 19.1631 174.602 223.166
111.3 141.945 32.9684 172.315 209.361
111.4 144.169 50.364 170.546 191.965
111.5 148.498 69.6473 169.503 172.682
111.6 153.957 88.9306 169.401 153.398
111.7 160.06 106.326 170.43 136.003
111.8 166.536 120.132 172.676 122.198
111.9 173.221 128.995 176.009 113.334
112 180 132.049 180 110.28
112.1 6.77865 128.995 3.99126 113.334
112.2 13.4637 120.132 7.32361 122.198
112.3 19.9403 106.326 9.56974 136.003
112.4 26.0431 88.9306 10.5991 153.398
112.5 31.5023 69.6473 10.4974 172.682
112.6 35.8309 50.364 9.45407 191.965
112.7 38.0555 32.9684 7.68536 209.361
112.8 36.0258 19.1631 5.39809 223.166
112.9 24.9673 10.2995 2.77953 232.029
113 2.28644e-12 7.24538 2.18802e-13 235.084
113.1 155.033 10.2995 177.22 232.029
113.2 143.974 19.1631 174.602 223.166
113.3 141.945 32.9684 172.315 209.361
113.4 144.169 50.364 170.546 191.965
113.5 148.498 69.6473 169.503 172.682
113.6 153.957 88.9306 169.401 153.398
113.7 160.06 106.326 170.43 136.003
113.8 166.536 120.132 172.676 122.198
113.9 173.221 128.995 176.009 113.334
114 180 132.049 180 110.28
114.1 6.77865 128.995 3.99126 113.334
114.2 13.4637 120.132 7.32361 122.198
114.3 19.9403 106.326 9.56974 136.003
114.4 26.0431 88.9306 10.5991 153.398
114.5 31.5023 69.6473 10.4974 172.682
114.6 35.8309 50.364 9.45407 191.965
114.7 38.0555 32.9684 7.68536 209.361
114.8 36.0258 19.1631 5.39809 223.166
114.9 24.9673 10.2995 2.77953 232.029
115 180 7.24538 180 235.084
115.1 155.033 10.2995 177.22 232.029
115.2 143.974 19.1631 174.602 223.166
115.3 141.945 32.9684 172.315 209.361
115.4 144.169 50.364 170.546 191.965
115.5 148.498 69.6473 169.503 172.682
115.6 153.957 88.9306 169.401 153.398
115.7 160.06 106.326 170.43 136.003
115.8 166.536 120.132 172.676 122.198
115.9 173.221 128.995 176.009 113.334
116 1.07082e-16 132.049 6.47905e-17 110.28
116.1 6.77865 128.995 3.99126 113.334
116.2 13.4637 120.132 7.32361 122.198
116.3 19.9403 106.326 9.56974 136.003
116.4 26.0431 88.9306 10.5991 153.398
116.5 31.5023 69.6473 10.4974 172.682
116.6 35.8309 50.364 9.45407 191.965
116.7 38.0555 32.9684 7.68536 209.361
116.8 36.0258 19.1631 5.39809 223.166
116.9 24.9673 10.2995 2.77953 232.029
117 1.00577e-12 7.24538 9.62472e-14 235.084
117.1 155.033 10.2995 177.22 232.029
117.2 143.974 19.1631 174.602 223.166
117.3 141.945 32.9684 172.315 209.361
117.4 144.169 50.364 170.546 191.965
117.5 148.498 69.6473 169.503 172.682
117.6 153.957 88.9306 169.401 153.398
117.7 160.06 106.326 170.43 136.003
117.8 166.536 120.132 172.676 122.198
117.9 173.221 128.995 176.009 113.334
118 180 132.049 180 110.28
118.1 6.77865 128.995 3.99126 113.334
118.2 13.4637 120.132 7.32361 122.198
118.3 19.9403 106.326 9.56974 136.003
118.4 26.0431 88.9306 10.5991 153.398
118.5 31.5023 69.6473 10.4974 172.682
118.6 35.8309 50.364 9.45407 191.965
118.7 38.0555 32.9684 7.68536 209.361
118.8 36.0258 19.1631 5.39809 223.166
118.9 24.9673 10.2995 2.77953 232.029
119 3.01822e-12 7.24538 2.8883e-13 235.084
119.1 155.033 10.2995 177.22 232.029
119.2 143.974 19.1631 174.602 223.166
119.3 141.945 32.9684 172.315 209.361
119.4 144.169 50.364 170.546 191.965
119.5 148.498 69.6473 169.503 172.682
119.6 153.957 88.9306 169.401 153.398
119.7 160.06 106.326 170.43 136.003
119.8 166.536 120.132 172.676 122.198
119.9 173.221 128.995 176.009 113.334
120 180 132.049 180 110.28
120.1 6.77865 128.995 3.99126 113.334
120.2 13.4637 120.132 7.32361 122.198
120.3 19.9403 106.326 9.56974 136.003
120.4 26.0431 88.9306 10.5991 153.398
120.5 31.5023 69.6473 10.4974 172.682
120.6 35.8309 50.364 9.45407 191.965
120.7 38.0555 32.9684 7.68536 209.361
120.8 36.0258 19.1631 5.39809 223.166
120.9 24.9673 10.2995 2.77953 232.029
121 180 7.24538 180 235.084
121.1 155.033 10.2995 177.22 232.029
121.2 143.974 19.1631 174.602 223.166
121.3 141.945 32.9684 172.315 209.361
121.4 144.169 50.364 170.546 191.965
121.5 148.498 69.6473 169.503 172.682
121.6 153.957 88.9306 169.401 153.398
121.7 160.06 106.326 170.43 136.003
121.8 166.536 120.132 172.676 122.198
121.9 173.221 128.995 176.009 113.334
122 180 132.049 180 110.28
122.1 6.77865 128.995 3.99126 113.334
122.2 13.4637 120.132 7.32361 122.198
122.3 19.9403 106.326 9.56974 136.003
122.4 26.0431 88.9306 10.5991 153.398
122.5 31.5023 69.6473 10.4974 172.682
122.6 35.8309 50.364 9.45407 191.965
122.7 38.0555 32.9684 7.68536 209.361
122.8 36.0258 19.1631 5.39809 223.166
122.9 24.9673 10.2995 2.77953 232.029
123 1.73755e-12 7.24538 1.66275e-13 235.084
123.1 155.033 10.2995 177.22 232.029
123.2 143.974 19.1631 174.602 223.166
123.3 141.945 32.9684 172.315 209.361
123.4 144.169 50.364 170.546 191.965
123.5 148.498 69.6473 169.503 172.682
123.6 153.957 88.9306 169.401 153.398
123.7 160.06 106.326 170.43 136.003
123.8 166.536 120.132 172.676 122.198
123.9 173.221 128.995 176.009 113.334
124 180 132.049 180 110.28
124.1 6.77865 128.995 3.99126 113.334
124.2 13.4637 120.132 7.32361 122.198
124.3 19.9403 106.326 9.56974 136.003
124.4 26.0431 88.9306 10.5991 153.398
124.5 31.5023 69.6473 10.4974 172.682
124.6 35.8309 50.364 9.45407 191.965
124.7 38.0555 32.9684 7.68536 209.361
124.8 36.0258 19.1631 5.39809 223.166
124.9 24.9673 10.2995 2.77953 232.029
125 3.75001e-12 7.24538 3.58858e-13 235.084
125.1 155.033 10.2995 177.22 232.029
125.2 143.974 19.1631 174.602 223.166
125.3 141.945 32.9684 172.315 209.361
125.4 144.169 50.364 170.546 191.965
125.5 148.498 69.6473 169.503 172.682
125.6 153.957 88.9306 169.401 153.398
125.7 160.06 106.326 170.43 136.003
125.8 166.536 120.132 172.676 122.198
125.9 173.221 128.995 176.009 113.334
126 1.27277e-13 132.049 7.70096e-14 110.28
126.1 6.77865 128.995 3.99126 113.334
126.2 13.4637 120.132 7.32361 122.198
126.3 19.9403 106.326 9.56974 136.003
126.4 26.0431 88.9306 10.5991 153.398
126.5 31.5023 69.6473 10.4974 172.682
126.6 35.8309 50.364 9.45407 191.965
126.7 38.0555 32.9684 7.68536 209.361
126.8 36.0258 19.1631 5.39809 223.166
126.9 24.9673 10.2995 2.77953 232.029
127 4.56873e-13 7.24538 4.37206e-14 235.084
127.1 155.033 10.2995 177.22 232.029
127.2 143.974 19.1631 174.602 223.166
127.3 141.945 32.9684 172.315 209.361
127.4 144.169 50.364 170.546 191.965
127.5 148.498 69.6473 169.503 172.682
127.6 153.957 88.9306 169.401 153.398
127.7 160.06 106.326 170.43 136.003
127.8 166.536 120.132 172.676 122.198
127.9 173.221 128.995 176.009 113.334
128 180 132.049 180 110.28
128.1 6.77865 128.995 3.99126 113.334
128.2 13.4637 120.132 7.32361 122.198
128.3 19.9403 106.326 9.56974 136.003
128.4 26.0431 88.9306 10.5991 153.398
128.5 31.5023 69.6473 10.4974 172.682
128.6 35.8309 50.364 9.45407 191.965
128.7 38.0555 32.9684 7.68536 209.361
128.8 36.0258 19.1631 5.39809 223.166
128.9 24.9673 10.2995 2.77953 232.029
129 2.46933e-12 7.24538 2.36303e-13 235.084
129.1 155.033 10.2995 177.22 232.029
129.2 143.974 19.1631 174.602 223.166
129.3 141.945 32.9684 172.315 209.361
129.4 144.169 50.364 170.546 191.965
129.5 148.498 69.6473 169.503 172.682
129.6 153.957 88.9306 169.401 153.398
129.7 160.06 106.326 170.43 136.003
129.8 166.536 120.132 172.676 122.198
129.9 173.221 128.995 176.009 113.334
130 180 132.049 180 110.28
130.1 6.77865 128.995 3.99126 113.334
130.2 13.4637 120.132 7.32361 122.198
130.3 19.9403 106.326 9.56974 136.003
130.4 26.0431 88.9306 10.5991 153.398
130.5 31.5023 69.6473 10.4974 172.682
130.6 35.8309 50.364 9.45407 191.965
130.7 38.0555 32.9684 7.68536 209.361
130.8 36.0258 19.1631 5.39809 223.166
130.9 24.9673 10.2995 2.77953 232.029
131 180 7.24538 180 235.084
131.1 155.033 10.2995 177.22 232.029
131.2 143.974 19.1631 174.602 223.166
131.3 141.945 32.9684 172.315 209.361
131.4 144.169 50.364 170.546 191.965
131.5 148.498 69.6473 169.503 172.682
131.6 153.957 88.9306 169.401 153.398
131.7 160.06 106.326 170.43 136.003
131.8 166.536 120.132 172.676 122.198
131.9 173.221 128.995 176.009 113.334
132 180 132.049 180 110.28
132.1 6.77865 128.995 3.99126 113.334
132.2 13.4637 120.132 7.32361 122.198
132.3 19.9403 106.326 9.56974 136.003
132.4 26.0431 88.9306 10.5991 153.398
132.5 31.5023 69.6473 10.4974 172.682
132.6 35.8309 50.364 9.45407 191.965
132.7 38.0555 32.9684 7.68536 209.361
132.8 36.0258 19.1631 5.39809 223.166
132.9 24.9673 10.2995 2.77953 232.029
133 1.18865e-12 7.24538 1.13749e-13 235.084
133.1 155.033 10.2995 177.22 232.029
133.2 143.974 19.1631 174.602 223.166
133.3 141.945 32.9684 172.315 209.361
133.4 144.169 50.364 170.546 191.965
133.5 148.498 69.6473 169.503 172.682
133.6 153.957 88.9306 169.401 153.398
133.7 160.06 106.326 170.43 136.003
133.8 166.536 120.132 172.676 122.198
133.9 173.221 128.995 176.009 113.334
134 180 132.049 180 110.28
134.1 6.77865 128.995 3.99126 113.334
134.2 13.4637 120.132 7.32361 122.198
134.3 19.9403 106.326 9.56974 136.003
134.4 26.0431 88.9306 10.5991 153.398
134.5 31.5023 69.6473 10.4974 172.682
134.6 35.8309 50.364 9.45407 191.965
134.7 38.0555 32.9684 7.68536 209.361
134.8 36.0258 19.1631 5.39809 223.166
134.9 24.9673 10.2995 2.77953 232.029
135 3.20111e-12 7.24538 3.06332e-13 235.084
135.1 155.033 10.2995 177.22 232.029
135.2 143.974 19.1631 174.602 223.166
135.3 141.945 32.9684 172.315 209.361
135.4 144.169 50.364 170.546 191.965
135.5 148.498 69.6473 169.503 172.682
135.6 153.957 88.9306 169.401 153.398
135.7 160.06 106.326 170.43 136.003
135.8 166.536 120.132 172.676 122.198
135.9 173.221 128.995 176.009 113.334
136 2.54447e-13 132.049 1.53954e-13 110.28
136.1 6.77865 128.995 3.99126 113.334
136.2 13.4637 120.132 7.32361 122.198
136.3 19.9403 106.326 9.56974 136.003
136.4 26.0431 88.9306 10.5991 153.398
136.5 31.5023 69.6473 10.4974 172.682
136.6 35.8309 50.364 9.45407 191.965
136.7 38.0555 32.9684 7.68536 209.361
136.8 36.0258 19.1631 5.39809 223.166
136.9 24.9673 10.2995 2.77953 232.029
137 180 7.24538 180 235.084
137.1 155.033 10.2995 177.22 232.029
137.2 143.974 19.1631 174.602 223.166
137.3 141.945 32.9684 172.315 209.361
137.4 144.169 50.364 170.546 191.965
137.5 148.498 69.6473 169.503 172.682
137.6 153.957 88.9306 169.401 153.398
137.7 160.06 106.326 170.43 136.003
137.8 166.536 120.132 172.676 122.198
137.9 173.221 128.995 176.009 113.334
138 180 132.049 180 110.28
138.1 6.77865 128.995 3.99126 113.334
138.2 13.4637 120.132 7.32361 122.198
138.3 19.9403 106.326 9.56974 136.003
138.4 26.0431 88.9306 10.5991 153.398
138.5 31.5023 69.6473 10.4974 172.682
138.6 35.8309 50.364 9.45407 191.965
138.7 38.0555 32.9684 7.68536 209.361
138.8 36.0258 19.1631 5.39809 223.166
138.9 24.9673 10.2995 2.77953 232.029
139 1.92044e-12 7.24538 1.83777e-13 235.084
139.1 155.033 10.2995 177.22 232.029
139.2 143.974 19.1631 174.602 223.166
139.3 141.945 32.9684 172.315 209.361
139.4 144.169 50.364 170.546 191.965
139.5 148.498 69.6473 169.503 172.682
139.6 153.957 88.9306 169.401 153.398
139.7 160.06 106.326 170.43 136.003
139.8 166.536 120.132 172.676 122.198
139.9 173.221 128.995 176.009 113.334
140 180 132.049 180 110.28
140.1 6.77865 128.995 3.99126 113.334
140.2 13.4637 120.132 7.32361 122.198
140.3 19.9403 106.326 9.56974 136.003
140.4 26.0431 88.9306 10.5991 153.398
140.5 31.5023 69.6473 10.4974 172.682
140.6 35.8309 50.364 9.45407 191.965
140.7 38.0555 32.9684 7.68536 209.361
140.8 36.0258 19.1631 5.39809 223.166
140.9 24.9673 10.2995 2.77953 232.029
141 3.93289e-12 7.24538 3.7636e-13 235.084
141.1 155.033 10.2995 177.22 232.029
141.2 143.974 19.1631 174.602 223.166
141.3 141.945 32.9684 172.315 209.361
141.4 144.169 50.364 170.546 191.965
141.5 148.498 69.6473 169.503 172.682
141.6 153.957 88.9306 169.401 153.398
141.7 160.06 106.326 170.43 136.003
141.8 166.536 120.132 172.676 122.198
141.9 173.221 128.995 176.009 113.334
142 8.49051e-14 132.049 5.13721e-14 110.28
142.1 6.77865 128.995 3.99126 113.334
142.2 13.4637 120.132 7.32361 122.198
142.3 19.9403 106.326 9.56974 136.003
142.4 26.0431 88.9306 10.5991 153.398
142.5 31.5023 69.6473 10.4974 172.682
142.6 35.8309 50.364 9.45407 191.965
142.7 38.0555 32.9684 7.68536 209.361
142.8 36.0258 19.1631 5.39809 223.166
142.9 24.9673 10.2995 2.77953 232.029
143 6.3976e-13 7.24538 6.12221e-14 235.084
143.1 155.033 10.2995 177.22 232.029
143.2 143.974 19.1631 174.602 223.166
143.3 141.945 32.9684 172.315 209.361
143.4 144.169 50.364 170.546 191.965
143.5 148.498 69.6473 169.503 172.682
143.6 153.957 88.9306 169.401 153.398
143.7 160.06 106.326 170.43 136.003
143.8 166.536 120.132 172.676 122.198
143.9 173.221 128.995 176.009 113.334
144 180 132.049 180 110.28
144.1 6.77865 128.995 3.99126 113.334
144.2 13.4637 120.132 7.32361 122.198
144.3 19.9403 106.326 9.56974 136.003
144.4 26.0431 88.9306 10.5991 153.398
144.5 31.5023 69.6473 10.4974 172.682
144.6 35.8309 50.364 9.45407 191.965
144.7 38.0555 32.9684 7.68536 209.361
144.8 36.0258 19.1631 5.39809 223.166
144.9 24.9673 10.2995 2.77953 232.029
145 2.65222e-12 7.24538 2.53805e-13 235.084
145.1 155.033 10.2995 177.22 232.029
145.2 143.974 19.1631 174.602 223.166
145.3 141.945 32.9684 172.315 209.361
145.4 144.169 50.364 170.546 191.965
145.5 148.498 69.6473 169.503 172.682
145.6 153.957 88.9306 169.401 153.398
145.7 160.06 106.326 170.43 136.003
145.8 166.536 120.132 172.676 122.198
145.9 173.221 128.995 176.009 113.334
146 180 132.049 180 110.28
146.1 6.77865 128.995 3.99126 113.334
146.2 13.4637 120.132 7.32361 122.198
146.3 19.9403 106.326 9.56974 136.003
146.4 26.0431 88.9306 10.5991 153.398
146.5 31.5023 69.6473 10.4974 172.682
146.6 35.8309 50.364 9.45407 191.965
146.7 38.0555 32.9684 7.68536 209.361
146.8 36.0258 19.1631 5.39809 223.166
146.9 24.9673 10.2995 2.77953 232.029
147 180 7.24538 180 235.084
147.1 155.033 10.2995 177.22 232.029
147.2 143.974 19.1631 174.602 223.166
147.3 141.945 32.9684 172.315 209.361
147.4 144.169 50.364 170.546 191.965
147.5 148.498 69.6473 169.503 172.682
147.6 153.957 88.9306 169.401 153.398
147.7 160.06 106.326 170.43 136.003
147.8 166.536 120.132 172.676 122.198
147.9 173.221 128.995 176.009 113.334
148 180 132.049 180 110.28
148.1 6.77865 128.995 3.99126 113.334
148.2 13.4637 120.132 7.32361 122.198
148.3 19.9403 106.326 9.56974 136.003
148.4 26.0431 88.9306 10.5991 153.398
148.5 31.5023 69.6473 10.4974 172.682
148.6 35.8309 50.364 9.45407 191.965
148.7 38.0555 32.9684 7.68536 209.361
148.8 36.0258 19.1631 5.39809 223.166
148.9 24.9673 10.2995 2.77953 232.029
149 1.37154e-12 7.24538 1.3125e-13 235.084
149.1 155.033 10.2995 177.22 232.029
149.2 143.974 19.1631 174.602 223.166
149.3 141.945 32.9684 172.315 209.361
149.4 144.169 50.364 170.546 191.965
149.5 148.498 69.6473 169.503 172.682
149.6 153.957 88.9306 169.401 153.398
149.7 160.06 106.326 170.43 136.003
149.8 166.536 120.132 172.676 122.198
149.9 173.221 128.995 176.009 113.334
150 180 132.049 180 110.28
150.1 6.77865 128.995 3.99126 113.334
150.2 13.4637 120.132 7.32361 122.198
150.3 19.9403 106.326 9.56974 136.003
150.4 26.0431 88.9306 10.5991 153.398
150.5 31.5023 69.6473 10.4974 172.682
150.6 35.8309 50.364 9.45407 191.965
150.7 38.0555 32.9684 7.68536 209.361
150.8 36.0258 19.1631 5.39809 223.166
150.9 24.9673 10.2995 2.77953 232.029
151 3.384e-12 7.24538 3.23833e-13 235.084
151.1 155.033 10.2995 177.22 232.029
151.2 143.974 19.1631 174.602 223.166
151.3 141.945 32.9684 172.315 209.361
151.4 144.169 50.364 170.546 191.965
151.5 148.498 69.6473 169.503 172.682
151.6 153.957 88.9306 169.401 153.398
151.7 160.06 106.326 170.43 136.003
151.8 166.536 120.132 172.676 122.198
151.9 173.221 128.995 176.009 113.334
152 180 132.049 180 110.28
152.1 6.77865 128.995 3.99126 113.334
152.2 13.4637 120.132 7.32361 122.198
152.3 19.9403 106.326 9.56974 136.003
152.4 26.0431 88.9306 10.5991 153.398
152.5 31.5023 69.6473 10.4974 172.682
152.6 35.8309 50.364 9.45407 191.965
152.7 38.0555 32.9684 7.68536 209.361
152.8 36.0258 19.1631 5.39809 223.166
152.9 24.9673 10.2995 2.77953 232.029
153 9.08661e-14 7.24538 8.69546e-15 235.084
153.1 155.033 10.2995 177.22 232.029
153.2 143.974 19.1631 174.602 223.166
153.3 141.945 32.9684 172.315 209.361
153.4 144.169 50.364 170.546 191.965
153.5 148.498 69.6473 169.503 172.682
153.6 153.957 88.9306 169.401 153.398
153.7 160.06 106.326 170.43 136.003
153.8 166.536 120.132 172.676 122.198
153.9 173.221 128.995 176.009 113.334
154 180 132.049 180 110.28
154.1 6.77865 128.995 3.99126 113.334
154.2 13.4637 120.132 7.32361 122.198
154.3 19.9403 106.326 9.56974 136.003
154.4 26.0431 88.9306 10.5991 153.398
154.5 31.5023 69.6473 10.4974 172.682
154.6 35.8309 50.364 9.45407 191.965
154.7 38.0555 32.9684 7.68536 209.361
154.8 36.0258 19.1631 5.39809 223.166
154.9 24.9673 10.2995 2.77953 232.029
155 2.10332e-12 7.24538 2.01278e-13 235.084
155.1 155.033 10.2995 177.22 232.029
155.2 143.974 19.1631 174.602 223.166
155.3 141.945 32.9684 172.315 209.361
155.4 144.169 50.364 170.546 191.965
155.5 148.498 69.6473 169.503 172.682
155.6 153.957 88.9306 169.401 153.398
155.7 160.06 106.326 170.43 136.003
155.8 166.536 120.132 172.676 122.198
155.9 173.221 128.995 176.009 113.334
156 180 132.049 180 110.28
156.1 6.77865 128.995 3.99126 113.334
156.2 13.4637 120.132 7.32361 122.198
156.3 19.9403 106.326 9.56974 136.003
156.4 26.0431 88.9306 10.5991 153.398
156.5 31.5023 69.6473 10.4974 172.682
156.6 35.8309 50.364 9.45407 191.965
156.7 38.0555 32.9684 7.68536 209.361
156.8 36.0258 19.1631 5.39809 223.166
156.9 24.9673 10.2995 2.77953 232.029
157 4.11578e-12 7.24538 3.93861e-13 235.084
157.1 155.033 10.2995 177.22 232.029
157.2 143.974 19.1631 174.602 223.166
157.3 141.945 32.9684 172.315 209.361
157.4 144.169 50.364 170.546 191.965
157.5 148.498 69.6473 169.503 172.682
157.6 153.957 88.9306 169.401 153.398
157.7 160.06 106.326 170.43 136.003
157.8 166.536 120.132 172.676 122.198
157.9 173.221 128.995 176.009 113.334
158 4.25328e-14 132.049 2.57346e-14 110.28
158.1 6.77865 128.995 3.99126 113.334
158.2 13.4637 120.132 7.32361 122.198
158.3 19.9403 106.326 9.56974 136.003
158.4 26.0431 88.9306 10.5991 153.398
158.5 31.5023 69.6473 10.4974 172.682
158.6 35.8309 50.364 9.45407 191.965
158.7 38.0555 32.9684 7.68536 209.361
158.8 36.0258 19.1631 5.39809 223.166
158.9 24.9673 10.2995 2.77953 232.029
159 8.22648e-13 7.24538 7.87236e-14 235.084
159.1 155.033 10.2995 177.22 232.029
159.2 143.974 19.1631 174.602 223.166
159.3 141.945 32.9684 172.315 209.361
159.4 144.169 50.364 170.546 191.965
159.5 148.498 69.6473 169.503 172.682
159.6 153.957 88.9306 169.401 153.398
159.7 160.06 106.326 170.43 136.003
159.8 166.536 120.132 172.676 122.198
159.9 173.221 128.995 176.009 113.334
160 180 132.049 180 110.28
160.1 6.77865 128.995 3.99126 113.334
160.2 13.4637 120.132 7.32361 122.198
160.3 19.9403 106.326 9.56974 136.003
160.4 26.0431 88.9306 10.5991 153.398
160.5 31.5023 69.6473 10.4974 172.682
160.6 35.8309 50.364 9.45407 191.965
160.7 38.0555 32.9684 7.68536 209.361
160.8 36.0258 19.1631 5.39809 223.166
160.9 24.9673 10.2995 2.77953 232.029
161 2.83511e-12 7.24538 2.71306e-13 235.084
161.1 155.033 10.2995 177.22 232.029
161.2 143.974 19.1631 174.602 223.166
161.3 141.945 32.9684 172.315 209.361
161.4 144.169 50.364 170.546 191.965
161.5 148.498 69.6473 169.503 172.682
161.6 153.957 88.9306 169.401 153.398
161.7 160.06 106.326 170.43 136.003
161.8 166.536 120.132 172.676 122.198
161.9 173.221 128.995 176.009 113.334
162 180 132.049 180 110.28
162.1 6.77865 128.995 3.99126 113.334
162.2 13.4637 120.132 7.32361 122.198
162.3 19.9403 106.326 9.56974 136.003
162.4 26.0431 88.9306 10.5991 153.398
162.5 31.5023 69.6473 10.4974 172.682
162.6 35.8309 50.364 9.45407 191.965
162.7 38.0555 32.9684 7.68536 209.361
162.8 36.0258 19.1631 5.39809 223.166
162.9 24.9673 10.2995 2.77953 232.029
163 4.84756e-12 7.24538 4.63889e-13 235.084
163.1 155.033 10.2995 177.22 232.029
163.2 143.974 19.1631 174.602 223.166
163.3 141.945 32.9684 172.315 209.361
163.4 144.169 50.364 170.546 191.965
163.5 148.498 69.6473 169.503 172.682
163.6 153.957 88.9306 169.401 153.398
163.7 160.06 106.326 170.43 136.003
163.8 166.536 120.132 172.676 122.198
163.9 173.221 128.995 176.009 113.334
164 180 132.049 180 110.28
164.1 6.77865 128.995 3.99126 113.334
164.2 13.4637 120.132 7.32361 122.198
164.3 19.9403 106.326 9.56974 136.003
164.4 26.0431 88.9306 10.5991 153.398
164.5 31.5023 69.6473 10.4974 172.682
164.6 35.8309 50.364 9.45407 191.965
164.7 38.0555 32.9684 7.68536 209.361
164.8 36.0258 19.1631 5.39809 223.166
164.9 24.9673 10.2995 2.77953 232.029
165 6.86002e-12 7.24538 6.56472e-13 235.084
165.1 155.033 10.2995 177.22 232.029
165.2 143.974 19.1631 174.602 223.166
165.3 141.945 32.9684 172.315 209.361
165.4 144.169 50.364 170.546 191.965
165.5 148.498 69.6473 169.503 172.682
165.6 153.957 88.9306 169.401 153.398
165.7 160.06 106.326 170.43 136.003
165.8 166.536 120.132 172.676 122.198
165.9 173.221 128.995 176.009 113.334
166 6.35958e-13 132.049 3.84789e-13 110.28
166.1 6.77865 128.995 3.99126 113.334
166.2 13.4637 120.132 7.32361 122.198
166.3 19.9403 106.326 9.56974 136.003
166.4 26.0431 88.9306 10.5991 153.398
166.5 31.5023 69.6473 10.4974 172.682
166.6 35.8309 50.364 9.45407 191.965
166.7 38.0555 32.9684 7.68536 209.361
166.8 36.0258 19.1631 5.39809 223.166
166.9 24.9673 10.2995 2.77953 232.029
167 180 7.24538 180 235.084
167.1 155.033 10.2995 177.22 232.029
167.2 143.974 19.1631 174.602 223.166
167.3 141.945 32.9684 172.315 209.361
167.4 144.169 50.364 170.546 191.965
167.5 148.498 69.6473 169.503 172.682
167.6 153.957 88.9306 169.401 153.398
167.7 160.06 106.326 170.43 136.003
167.8 166.536 120.132 172.676 122.198
167.9 173.221 128.995 176.009 113.334
168 1.69703e-13 132.049 1.02679e-13 110.28
168.1 6.77865 128.995 3.99126 113.334
168.2 13.4637 120.132 7.32361 122.198
168.3 19.9403 106.326 9.56974 136.003
168.4 26.0431 88.9306 10.5991 153.398
168.5 31.5023 69.6473 10.4974 172.682
168.6 35.8309 50.364 9.45407 191.965
168.7 38.0555 32.9684 7.68536 209.361
168.8 36.0258 19.1631 5.39809 223.166
168.9 24.9673 10.2995 2.77953 232.029
169 2.73754e-13 7.24538 2.6197e-14 235.084
169.1 155.033 10.2995 177.22 232.029
169.2 143.974 19.1631 174.602 223.166
169.3 141.945 32.9684 172.315 209.361
169.4 144.169 50.364 170.546 191.965
169.5 148.498 69.6473 169.503 172.682
169.6 153.957 88.9306 169.401 153.398
169.7 160.06 106.326 170.43 136.003
169.8 166.536 120.132 172.676 122.198
169.9 173.221 128.995 176.009 113.334
170 180 132.049 180 110.28
170.1 6.77865 128.995 3.99126 113.334
170.2 13.4637 120.132 7.32361 122.198
170.3 19.9403 106.326 9.56974 136.003
170.4 26.0431 88.9306 10.5991 153.398
170.5 31.5023 69.6473 10.4974 172.682
170.6 35.8309 50.364 9.45407 191.965
170.7 38.0555 32.9684 7.68536 209.361
170.8 36.0258 19.1631 5.39809 223.166
170.9 24.9673 10.2995 2.77953 232.029
171 2.28621e-12 7.24538 2.1878e-13 235.084
171.1 155.033 10.2995 177.22 232.029
171.2 143.974 19.1631 174.602 223.166
171.3 141.945 32.9684 172.315 209.361
171.4 144.169 50.364 170.546 191.965
171.5 148.498 69.6473 169.503 172.682
171.6 153.957 88.9306 169.401 153.398
171.7 160.06 106.326 170.43 136.003
171.8 166.536 120.132 172.676 122.198
171.9 173.221 128.995 176.009 113.334
172 180 132.049 180 110.28
172.1 6.77865 128.995 3.99126 113.334
172.2 13.4637 120.132 7.32361 122.198
172.3 19.9403 106.326 9.56974 136.003
172.4 26.0431 88.9306 10.5991 153.398
172.5 31.5023 69.6473 10.4974 172.682
172.6 35.8309 50.364 9.45407 191.965
172.7 38.0555 32.9684 7.68536 209.361
172.8 36.0258 19.1631 5.39809 223.166
172.9 24.9673 10.2995 2.77953 232.029
173 4.29867e-12 7.24538 4.11363e-13 235.084
173.1 155.033 10.2995 177.22 232.029
173.2 143.974 19.1631 174.602 223.166
173.3 141.945 32.9684 172.315 209.361
173.4 144.169 50.364 170.546 191.965
173.5 148.498 69.6473 169.503 172.682
173.6 153.957 88.9306 169.401 153.398
173.7 160.06 106.326 170.43 136.003
173.8 166.536 120.132 172.676 122.198
173.9 173.221 128.995 176.009 113.334
174 180 132.049 180 110.28
174.1 6.77865 128.995 3.99126 113.334
174.2 13.4637 120.132 7.32361 122.198
174.3 19.9403 106.326 9.56974 136.003
174.4 26.0431 88.9306 10.5991 153.398
174.5 31.5023 69.6473 10.4974 172.682
174.6 35.8309 50.364 9.45407 191.965
174.7 38.0555 32.9684 7.68536 209.361
174.8 36.0258 19.1631 5.39809 223.166
174.9 24.9673 10.2995 2.77953 232.029
175 6.31113e-12 7.24538 6.03945e-13 235.084
175.1 155.033 10.2995 177.22 232.029
175.2 143.974 19.1631 174.602 223.166
175.3 141.945 32.9684 172.315 209.361
175.4 144.169 50.364 170.546 191.965
175.5 148.498 69.6473 169.503 172.682
175.6 153.957 88.9306 169.401 153.398
175.7 160.06 106.326 170.43 136.003
175.8 166.536 120.132 172.676 122.198
175.9 173.221 128.995 176.009 113.334
176 180 132.049 180 110.28
176.1 6.77865 128.995 3.99126 113.334
176.2 13.4637 120.132 7.32361 122.198
176.3 19.9403 106.326 9.56974 136.003
176.4 26.0431 88.9306 10.5991 153.398
176.5 31.5023 69.6473 10.4974 172.682
176.6 35.8309 50.364 9.45407 191.965
176.7 38.0555 32.9684 7.68536 209.361
176.8 36.0258 19.1631 5.39809 223.166
176.9 24.9673 10.2995 2.77953 232.029
177 180 7.24538 180 235.084
177.1 155.033 10.2995 177.22 232.029
177.2 143.974 19.1631 174.602 223.166
177.3 141.945 32.9684 172.315 209.361
177.4 144.169 50.364 170.546 191.965
177.5 148.498 69.6473 169.503 172.682
177.6 153.957 88.9306 169.401 153.398
177.7 160.06 106.326 170.43 136.003
177.8 166.536 120.132 172.676 122.198
177.9 173.221 128.995 176.009 113.334
178 2.96873e-13 132.049 1.79624e-13 110.28
178.1 6.77865 128.995 3.99126 113.334
178.2 13.4637 120.132 7.32361 122.198
178.3 19.9403 106.326 9.56974 136.003
178.4 26.0431 88.9306 10.5991 153.398
178.5 31.5023 69.6473 10.4974 172.682
178.6 35.8309 50.364 9.45407 191.965
178.7 38.0555 32.9684 7.68536 209.361
178.8 36.0258 19.1631 5.39809 223.166
178.9 24.9673 10.2995 2.77953 232.029
179 180 7.24538 180 235.084
179.1 155.033 10.2995 177.22 232.029
179.2 143.974 19.1631 174.602 223.166
179.3 141.945 32.9684 172.315 209.361
179.4 144.169 50.364 170.546 191.965
179.5 148.498 69.6473 169.503 172.682
179.6 153.957 88.9306 169.401 153.398
179.7 160.06 106.326 170.43 136.003
179.8 166.536 120.132 172.676 122.198
179.9 173.221 128.995 176.009 113.334
180 180 132.049 180 110.28
