#theta_cm, theta3_lab, Ek3_lab, theta4_deg, Ek4_lab
0 0 119.336 0 116.993
0.1 6.21529 116.675 3.38246 119.654
0.2 12.3129 108.951 6.24315 127.378
0.3 18.1511 96.9213 8.22318 139.408
0.4 23.5315 81.7628 9.1848 154.566
0.5 28.1429 64.9594 9.16756 171.37
0.6 31.4515 48.156 8.31044 188.173
0.7 32.4737 32.9975 6.79002 203.332
0.8 29.3329 20.9676 4.7863 215.361
0.9 18.922 13.2439 2.46975 223.085
1 8.23924e-15 10.5825 9.72616e-16 225.746
1.1 161.078 13.2439 177.53 223.085
1.2 150.667 20.9676 175.214 215.361
1.3 147.526 32.9975 173.21 203.332
1.4 148.548 48.156 171.69 188.173
1.5 151.857 64.9594 170.832 171.37
1.6 156.469 81.7628 170.815 154.566
1.7 161.849 96.9213 171.777 139.408
1.8 167.687 108.951 173.757 127.378
1.9 173.785 116.675 176.618 119.654
2 180 119.336 180 116.993
2.1 6.21529 116.675 3.38246 119.654
2.2 12.3129 108.951 6.24315 127.378
2.3 18.1511 96.9213 8.22318 139.408
2.4 23.5315 81.7628 9.1848 154.566
2.5 28.1429 64.9594 9.16756 171.37
2.6 31.4515 48.156 8.31044 188.173
2.7 32.4737 32.9975 6.79002 203.332
2.8 29.3329 20.9676 4.7863 215.361
2.9 18.922 13.2439 2.46975 223.085
3 2.47177e-14 10.5825 2.91785e-15 225.746
3.1 161.078 13.2439 177.53 223.085
3.2 150.667 20.9676 175.214 215.361
3.3 147.526 32.9975 173.21 203.332
3.4 148.548 48.156 171.69 188.173
3.5 151.857 64.9594 170.832 171.37
3.6 156.469 81.7628 170.815 154.566
3.7 161.849 96.9213 171.777 139.408
3.8 167.687 108.951 173.757 127.378
3.9 173.785 116.675 176.618 119.654
4 180 119.336 180 116.993
4.1 6.21529 116.675 3.38246 119.654
4.2 12.3129 108.951 6.24315 127.378
4.3 18.1511 96.9213 8.22318 139.408
4.4 23.5315 81.7628 9.1848 154.566
4.5 28.1429 64.9594 9.16756 171.37
4.6 31.4515 48.156 8.31044 188.173
4.7 32.4737 32.9975 6.79002 203.332
4.8 29.3329 20.9676 4.7863 215.361
4.9 18.922 13.2439 2.46975 223.085
5 4.11962e-14 10.5825 4.86308e-15 225.746
5.1 161.078 13.2439 177.53 223.085
5.2 150.667 20.9676 175.214 215.361
5.3 147.526 32.9975 173.21 203.332
5.4 148.548 48.156 171.69 188.173
5.5 151.857 64.9594 170.832 171.37
5.6 156.469 81.7628 170.815 154.566
5.7 161.849 96.9213 171.777 139.408
5.8 167.687 108.951 173.757 127.378
5.9 173.785 116.675 176.618 119.654
6 180 119.336 180 116.993
6.1 6.21529 116.675 3.38246 119.654
6.2 12.3129 108.951 6.24315 127.378
6.3 18.1511 96.9213 8.22318 139.408
6.4 23.5315 81.7628 9.1848 154.566
6.5 28.1429 64.9594 9.16756 171.37
6.6 31.4515 48.156 8.31044 188.173
6.7 32.4737 32.9975 6.79002 203.332
6.8 29.3329 20.9676 4.7863 215.361
6.9 18.922 13.2439 2.46975 223.085
7 5.76747e-14 10.5825 6.80831e-15 225.746
7.1 161.078 13.2439 177.53 223.085
7.2 150.667 20.9676 175.214 215.361
7.3 147.526 32.9975 173.21 203.332
7.4 148.548 48.156 171.69 188.173
7.5 151.857 64.9594 170.832 171.37
7.6 156.469 81.7628 170.815 154.566
7.7 161.849 96.9213 171.777 139.408
7.8 167.687 108.951 173.757 127.378
7.9 173.785 116.675 176.618 119.654
8 180 119.336 180 116.993
8.1 6.21529 116.675 3.38246 119.654
8.2 12.3129 108.951 6.24315 127.378
8.3 18.1511 96.9213 8.22318 139.408
8.4 23.5315 81.7628 9.1848 154.566
8.5 28.1429 64.9594 9.16756 171.37
8.6 31.4515 48.156 8.31044 188.173
8.7 32.4737 32.9975 6.79002 203.332
8.8 29.3329 20.9676 4.7863 215.361
8.9 18.922 13.2439 2.46975 223.085
9 7.41532e-14 10.5825 8.75355e-15 225.746
9.1 161.078 13.2439 177.53 223.085
9.2 150.667 20.9676 175.214 215.361
9.3 147.526 32.9975 173.21 203.332
9.4 148.548 48.156 171.69 188.173
9.5 151.857 64.9594 170.832 171.37
9.6 156.469 81.7628 170.815 154.566
9.7 161.849 96.9213 171.777 139.408
9.8 167.687 108.951 173.757 127.378
9.9 173.785 116.675 176.618 119.654
10 180 119.336 180 116.993
10.1 6.21529 116.675 3.38246 119.654
10.2 12.3129 108.951 6.24315 127.378
10.3 18.1511 96.9213 8.22318 139.408
10.4 23.5315 81.7628 9.1848 154.566
10.5 28.1429 64.9594 9.16756 171.37
10.6 31.4515 48.156 8.31044 188.173
10.7 32.4737 32.9975 6.79002 203.332
10.8 29.3329 20.9676 4.7863 215.361
10.9 18.922 13.2439 2.46975 223.085
11 3.29653e-13 10.5825 3.89145e-14 225.746
11.1 161.078 13.2439 177.53 223.085
11.2 150.667 20.9676 175.214 215.361
11.3 147.526 32.9975 173.21 203.332
11.4 148.548 48.156 171.69 188.173
11.5 151.857 64.9594 170.832 171.37
11.6 156.469 81.7628 170.815 154.566
11.7 161.849 96.9213 171.777 139.408
11.8 167.687 108.951 173.757 127.378
11.9 173.785 116.675 176.618 119.654
12 180 119.336 180 116.993
12.1 6.21529 116.675 3.38246 119.654
12.2 12.3129 108.951 6.24315 127.378
12.3 18.1511 96.9213 8.22318 139.408
12.4 23.5315 81.7628 9.1848 154.566
12.5 28.1429 64.9594 9.16756 171.37
12.6 31.4515 48.156 8.31044 188.173
12.7 32.4737 32.9975 6.79002 203.332
12.8 29.3329 20.9676 4.7863 215.361
12.9 18.922 13.2439 2.46975 223.085
13 180 10.5825 180 225.746
13.1 161.078 13.2439 177.53 223.085
13.2 150.667 20.9676 175.214 215.361
13.3 147.526 32.9975 173.21 203.332
13.4 148.548 48.156 171.69 188.173
13.5 151.857 64.9594 170.832 171.37
13.6 156.469 81.7628 170.815 154.566
13.7 161.849 96.9213 171.777 139.408
13.8 167.687 108.951 173.757 127.378
13.9 173.785 116.675 176.618 119.654
14 180 119.336 180 116.993
14.1 6.21529 116.675 3.38246 119.654
14.2 12.3129 108.951 6.24315 127.378
14.3 18.1511 96.9213 8.22318 139.408
14.4 23.5315 81.7628 9.1848 154.566
14.5 28.1429 64.9594 9.16756 171.37
14.6 31.4515 48.156 8.31044 188.173
14.7 32.4737 32.9975 6.79002 203.332
14.8 29.3329 20.9676 4.7863 215.361
14.9 18.922 13.2439 2.46975 223.085
15 3.6261e-13 10.5825 4.28049e-14 225.746
15.1 161.078 13.2439 177.53 223.085
15.2 150.667 20.9676 175.214 215.361
15.3 147.526 32.9975 173.21 203.332
15.4 148.548 48.156 171.69 188.173
15.5 151.857 64.9594 170.832 171.37
15.6 156.469 81.7628 170.815 154.566
15.7 161.849 96.9213 171.777 139.408
15.8 167.687 108.951 173.757 127.378
15.9 173.785 116.675 176.618 119.654
16 180 119.336 180 116.993
16.1 6.21529 116.675 3.38246 119.654
16.2 12.3129 108.951 6.24315 127.378
16.3 18.1511 96.9213 8.22318 139.408
16.4 23.5315 81.7628 9.1848 154.566
16.5 28.1429 64.9594 9.16756 171.37
16.6 31.4515 48.156 8.31044 188.173
16.7 32.4737 32.9975 6.79002 203.332
16.8 29.3329 20.9676 4.7863 215.361
16.9 18.922 13.2439 2.46975 223.085
17 180 10.5825 180 225.746
17.1 161.078 13.2439 177.53 223.085
17.2 150.667 20.9676 175.214 215.361
17.3 147.526 32.9975 173.21 203.332
17.4 148.548 48.156 171.69 188.173
17.5 151.857 64.9594 170.832 171.37
17.6 156.469 81.7628 170.815 154.566
17.7 161.849 96.9213 171.777 139.408
17.8 167.687 108.951 173.757 127.378
17.9 173.785 116.675 176.618 119.654
18 180 119.336 180 116.993
18.1 6.21529 116.675 3.38246 119.654
18.2 12.3129 108.951 6.24315 127.378
18.3 18.1511 96.9213 8.22318 139.408
18.4 23.5315 81.7628 9.1848 154.566
18.5 28.1429 64.9594 9.16756 171.37
18.6 31.4515 48.156 8.31044 188.173
18.7 32.4737 32.9975 6.79002 203.332
18.8 29.3329 20.9676 4.7863 215.361
18.9 18.922 13.2439 2.46975 223.085
19 3.95567e-13 10.5825 4.66954e-14 225.746
19.1 161.078 13.2439 177.53 223.085
19.2 150.667 20.9676 175.214 215.361
19.3 147.526 32.9975 173.21 203.332
19.4 148.548 48.156 171.69 188.173
19.5 151.857 64.9594 170.832 171.37
19.6 156.469 81.7628 170.815 154.566
19.7 161.849 96.9213 171.777 139.408
19.8 167.687 108.951 173.757 127.378
19.9 173.785 116.675 176.618 119.654
20 180 119.336 180 116.993
20.1 6.21529 116.675 3.38246 119.654
20.2 12.3129 108.951 6.24315 127.378
20.3 18.1511 96.9213 8.22318 139.408
20.4 23.5315 81.7628 9.1848 154.566
20.5 28.1429 64.9594 9.16756 171.37
20.6 31.4515 48.156 8.31044 188.173
20.7 32.4737 32.9975 6.79002 203.332
20.8 29.3329 20.9676 4.7863 215.361
20.9 18.922 13.2439 2.46975 223.085
21 180 10.5825 180 225.746
21.1 161.078 13.2439 177.53 223.085
21.2 150.667 20.9676 175.214 215.361
21.3 147.526 32.9975 173.21 203.332
21.4 148.548 48.156 171.69 188.173
21.5 151.857 64.9594 170.832 171.37
21.6 156.469 81.7628 170.815 154.566
21.7 161.849 96.9213 171.777 139.408
21.8 167.687 108.951 173.757 127.378
21.9 173.785 116.675 176.618 119.654
22 180 119.336 180 116.993
22.1 6.21529 116.675 3.38246 119.654
22.2 12.3129 108.951 6.24315 127.378
22.3 18.1511 96.9213 8.22318 139.408
22.4 23.5315 81.7628 9.1848 154.566
22.5 28.1429 64.9594 9.16756 171.37
22.6 31.4515 48.156 8.31044 188.173
22.7 32.4737 32.9975 6.79002 203.332
22.8 29.3329 20.9676 4.7863 215.361
22.9 18.922 13.2439 2.46975 223.085
23 4.28524e-13 10.5825 5.05859e-14 225.746
23.1 161.078 13.2439 177.53 223.085
23.2 150.667 20.9676 175.214 215.361
23.3 147.526 32.9975 173.21 203.332
23.4 148.548 48.156 171.69 188.173
23.5 151.857 64.9594 170.832 171.37
23.6 156.469 81.7628 170.815 154.566
23.7 161.849 96.9213 171.777 139.408
23.8 167.687 108.951 173.757 127.378
23.9 173.785 116.675 176.618 119.654
24 180 119.336 180 116.993
24.1 6.21529 116.675 3.38246 119.654
24.2 12.3129 108.951 6.24315 127.378
24.3 18.1511 96.9213 8.22318 139.408
24.4 23.5315 81.7628 9.1848 154.566
24.5 28.1429 64.9594 9.16756 171.37
24.6 31.4515 48.156 8.31044 188.173
24.7 32.4737 32.9975 6.79002 203.332
24.8 29.3329 20.9676 4.7863 215.361
24.9 18.922 13.2439 2.46975 223.085
25 180 10.5825 180 225.746
25.1 161.078 13.2439 177.53 223.085
25.2 150.667 20.9676 175.214 215.361
25.3 147.526 32.9975 173.21 203.332
25.4 148.548 48.156 171.69 188.173
25.5 151.857 64.9594 170.832 171.37
25.6 156.469 81.7628 170.815 154.566
25.7 161.849 96.9213 171.777 139.408
25.8 167.687 108.951 173.757 127.378
25.9 173.785 116.675 176.618 119.654
26 7.78151e-14 119.336 4.33858e-14 116.993
26.1 6.21529 116.675 3.38246 119.654
26.2 12.3129 108.951 6.24315 127.378
26.3 18.1511 96.9213 8.22318 139.408
26.4 23.5315 81.7628 9.1848 154.566
26.5 28.1429 64.9594 9.16756 171.37
26.6 31.4515 48.156 8.31044 188.173
26.7 32.4737 32.9975 6.79002 203.332
26.8 29.3329 20.9676 4.7863 215.361
26.9 18.922 13.2439 2.46975 223.085
27 4.61481e-13 10.5825 5.44763e-14 225.746
27.1 161.078 13.2439 177.53 223.085
27.2 150.667 20.9676 175.214 215.361
27.3 147.526 32.9975 173.21 203.332
27.4 148.548 48.156 171.69 188.173
27.5 151.857 64.9594 170.832 171.37
27.6 156.469 81.7628 170.815 154.566
27.7 161.849 96.9213 171.777 139.408
27.8 167.687 108.951 173.757 127.378
27.9 173.785 116.675 176.618 119.654
28 180 119.336 180 116.993
28.1 6.21529 116.675 3.38246 119.654
28.2 12.3129 108.951 6.24315 127.378
28.3 18.1511 96.9213 8.22318 139.408
28.4 23.5315 81.7628 9.1848 154.566
28.5 28.1429 64.9594 9.16756 171.37
28.6 31.4515 48.156 8.31044 188.173
28.7 32.4737 32.9975 6.79002 203.332
28.8 29.3329 20.9676 4.7863 215.361
28.9 18.922 13.2439 2.46975 223.085
29 180 10.5825 180 225.746
29.1 161.078 13.2439 177.53 223.085
29.2 150.667 20.9676 175.214 215.361
29.3 147.526 32.9975 173.21 203.332
29.4 148.548 48.156 171.69 188.173
29.5 151.857 64.9594 170.832 171.37
29.6 156.469 81.7628 170.815 154.566
29.7 161.849 96.9213 171.777 139.408
29.8 167.687 108.951 173.757 127.378
29.9 173.785 116.675 176.618 119.654
30 180 119.336 180 116.993
30.1 6.21529 116.675 3.38246 119.654
30.2 12.3129 108.951 6.24315 127.378
30.3 18.1511 96.9213 8.22318 139.408
30.4 23.5315 81.7628 9.1848 154.566
30.5 28.1429 64.9594 9.16756 171.37
30.6 31.4515 48.156 8.31044 188.173
30.7 32.4737 32.9975 6.79002 203.332
30.8 29.3329 20.9676 4.7863 215.361
30.9 18.922 13.2439 2.46975 223.085
31 4.94438e-13 10.5825 5.83668e-14 225.746
31.1 161.078 13.2439 177.53 223.085
31.2 150.667 20.9676 175.214 215.361
31.3 147.526 32.9975 173.21 203.332
31.4 148.548 48.156 171.69 188.173
31.5 151.857 64.9594 170.832 171.37
31.6 156.469 81.7628 170.815 154.566
31.7 161.849 96.9213 171.777 139.408
31.8 167.687 108.951 173.757 127.378
31.9 173.785 116.675 176.618 119.654
32 180 119.336 180 116.993
32.1 6.21529 116.675 3.38246 119.654
32.2 12.3129 108.951 6.24315 127.378
32.3 18.1511 96.9213 8.22318 139.408
32.4 23.5315 81.7628 9.1848 154.566
32.5 28.1429 64.9594 9.16756 171.37
32.6 31.4515 48.156 8.31044 188.173
32.7 32.4737 32.9975 6.79002 203.332
32.8 29.3329 20.9676 4.7863 215.361
32.9 18.922 13.2439 2.46975 223.085
33 3.28737e-14 10.5825 3.88063e-15 225.746
33.1 161.078 13.2439 177.53 223.085
33.2 150.667 20.9676 175.214 215.361
33.3 147.526 32.9975 173.21 203.332
33.4 148.548 48.156 171.69 188.173
33.5 151.857 64.9594 170.832 171.37
33.6 156.469 81.7628 170.815 154.566
33.7 161.849 96.9213 171.777 139.408
33.8 167.687 108.951 173.757 127.378
33.9 173.785 116.675 176.618 119.654
34 5.83736e-14 119.336 3.25462e-14 116.993
34.1 6.21529 116.675 3.38246 119.654
34.2 12.3129 108.951 6.24315 127.378
34.3 18.1511 96.9213 8.22318 139.408
34.4 23.5315 81.7628 9.1848 154.566
34.5 28.1429 64.9594 9.16756 171.37
34.6 31.4515 48.156 8.31044 188.173
34.7 32.4737 32.9975 6.79002 203.332
34.8 29.3329 20.9676 4.7863 215.361
34.9 18.922 13.2439 2.46975 223.085
35 5.27395e-13 10.5825 6.22573e-14 225.746
35.1 161.078 13.2439 177.53 223.085
35.2 150.667 20.9676 175.214 215.361
35.3 147.526 32.9975 173.21 203.332
35.4 148.548 48.156 171.69 188.173
35.5 151.857 64.9594 170.832 171.37
35.6 156.469 81.7628 170.815 154.566
35.7 161.849 96.9213 171.777 139.408
35.8 167.687 108.951 173.757 127.378
35.9 173.785 116.675 176.618 119.654
36 180 119.336 180 116.993
36.1 6.21529 116.675 3.38246 119.654
36.2 12.3129 108.951 6.24315 127.378
36.3 18.1511 96.9213 8.22318 139.408
36.4 23.5315 81.7628 9.1848 154.566
36.5 28.1429 64.9594 9.16756 171.37
36.6 31.4515 48.156 8.31044 188.173
36.7 32.4737 32.9975 6.79002 203.332
36.8 29.3329 20.9676 4.7863 215.361
36.9 18.922 13.2439 2.46975 223.085
37 6.58307e-14 10.5825 7.7711e-15 225.746
37.1 161.078 13.2439 177.53 223.085
37.2 150.667 20.9676 175.214 215.361
37.3 147.526 32.9975 173.21 203.332
37.4 148.548 48.156 171.69 188.173
37.5 151.857 64.9594 170.832 171.37
37.6 156.469 81.7628 170.815 154.566
37.7 161.849 96.9213 171.777 139.408
37.8 167.687 108.951 173.757 127.378
37.9 173.785 116.675 176.618 119.654
38 180 119.336 180 116.993
38.1 6.21529 116.675 3.38246 119.654
38.2 12.3129 108.951 6.24315 127.378
38.3 18.1511 96.9213 8.22318 139.408
38.4 23.5315 81.7628 9.1848 154.566
38.5 28.1429 64.9594 9.16756 171.37
38.6 31.4515 48.156 8.31044 188.173
38.7 32.4737 32.9975 6.79002 203.332
38.8 29.3329 20.9676 4.7863 215.361
38.9 18.922 13.2439 2.46975 223.085
39 5.60352e-13 10.5825 6.61477e-14 225.746
39.1 161.078 13.2439 177.53 223.085
39.2 150.667 20.9676 175.214 215.361
39.3 147.526 32.9975 173.21 203.332
39.4 148.548 48.156 171.69 188.173
39.5 151.857 64.9594 170.832 171.37
39.6 156.469 81.7628 170.815 154.566
39.7 161.849 96.9213 171.777 139.408
39.8 167.687 108.951 173.757 127.378
39.9 173.785 116.675 176.618 119.654
40 180 119.336 180 116.993
40.1 6.21529 116.675 3.38246 119.654
40.2 12.3129 108.951 6.24315 127.378
40.3 18.1511 96.9213 8.22318 139.408
40.4 23.5315 81.7628 9.1848 154.566
40.5 28.1429 64.9594 9.16756 171.37
40.6 31.4515 48.156 8.31044 188.173
40.7 32.4737 32.9975 6.79002 203.332
40.8 29.3329 20.9676 4.7863 215.361
40.9 18.922 13.2439 2.46975 223.085
41 1.05487e-12 10.5825 1.24524e-13 225.746
41.1 161.078 13.2439 177.53 223.085
41.2 150.667 20.9676 175.214 215.361
41.3 147.526 32.9975 173.21 203.332
41.4 148.548 48.156 171.69 188.173
41.5 151.857 64.9594 170.832 171.37
41.6 156.469 81.7628 170.815 154.566
41.7 161.849 96.9213 171.777 139.408
41.8 167.687 108.951 173.757 127.378
41.9 173.785 116.675 176.618 119.654
42 3.89321e-14 119.336 2.17066e-14 116.993
42.1 6.21529 116.675 3.38246 119.654
42.2 12.3129 108.951 6.24315 127.378
42.3 18.1511 96.9213 8.22318 139.408
42.4 23.5315 81.7628 9.1848 154.566
42.5 28.1429 64.9594 9.16756 171.37
42.6 31.4515 48.156 8.31044 188.173
42.7 32.4737 32.9975 6.79002 203.332
42.8 29.3329 20.9676 4.7863 215.361
42.9 18.922 13.2439 2.46975 223.085
43 5.93309e-13 10.5825 7.00382e-14 225.746
43.1 161.078 13.2439 177.53 223.085
43.2 150.667 20.9676 175.214 215.361
43.3 147.526 32.9975 173.21 203.332
43.4 148.548 48.156 171.69 188.173
43.5 151.857 64.9594 170.832 171.37
43.6 156.469 81.7628 170.815 154.566
43.7 161.849 96.9213 171.777 139.408
43.8 167.687 108.951 173.757 127.378
43.9 173.785 116.675 176.618 119.654
44 180 119.336 180 116.993
44.1 6.21529 116.675 3.38246 119.654
44.2 12.3129 108.951 6.24315 127.378
44.3 18.1511 96.9213 8.22318 139.408
44.4 23.5315 81.7628 9.1848 154.566
44.5 28.1429 64.9594 9.16756 171.37
44.6 31.4515 48.156 8.31044 188.173
44.7 32.4737 32.9975 6.79002 203.332
44.8 29.3329 20.9676 4.7863 215.361
44.9 18.922 13.2439 2.46975 223.085
45 1.31745e-13 10.5825 1.5552e-14 225.746
45.1 161.078 13.2439 177.53 223.085
45.2 150.667 20.9676 175.214 215.361
45.3 147.526 32.9975 173.21 203.332
45.4 148.548 48.156 171.69 188.173
45.5 151.857 64.9594 170.832 171.37
45.6 156.469 81.7628 170.815 154.566
45.7 161.849 96.9213 171.777 139.408
45.8 167.687 108.951 173.757 127.378
45.9 173.785 116.675 176.618 119.654
46 180 119.336 180 116.993
46.1 6.21529 116.675 3.38246 119.654
46.2 12.3129 108.951 6.24315 127.378
46.3 18.1511 96.9213 8.22318 139.408
46.4 23.5315 81.7628 9.1848 154.566
46.5 28.1429 64.9594 9.16756 171.37
46.6 31.4515 48.156 8.31044 188.173
46.7 32.4737 32.9975 6.79002 203.332
46.8 29.3329 20.9676 4.7863 215.361
46.9 18.922 13.2439 2.46975 223.085
47 180 10.5825 180 225.746
47.1 161.078 13.2439 177.53 223.085
47.2 150.667 20.9676 175.214 215.361
47.3 147.526 32.9975 173.21 203.332
47.4 148.548 48.156 171.69 188.173
47.5 151.857 64.9594 170.832 171.37
47.6 156.469 81.7628 170.815 154.566
47.7 161.849 96.9213 171.777 139.408
47.8 167.687 108.951 173.757 127.378
47.9 173.785 116.675 176.618 119.654
48 180 119.336 180 116.993
48.1 6.21529 116.675 3.38246 119.654
48.2 12.3129 108.951 6.24315 127.378
48.3 18.1511 96.9213 8.22318 139.408
48.4 23.5315 81.7628 9.1848 154.566
48.5 28.1429 64.9594 9.16756 171.37
48.6 31.4515 48.156 8.31044 188.173
48.7 32.4737 32.9975 6.79002 203.332
48.8 29.3329 20.9676 4.7863 215.361
48.9 18.922 13.2439 2.46975 223.085
49 1.12079e-12 10.5825 1.32305e-13 225.746
49.1 161.078 13.2439 177.53 223.085
49.2 150.667 20.9676 175.214 215.361
49.3 147.526 32.9975 173.21 203.332
49.4 148.548 48.156 171.69 188.173
49.5 151.857 64.9594 170.832 171.37
49.6 156.469 81.7628 170.815 154.566
49.7 161.849 96.9213 171.777 139.408
49.8 167.687 108.951 173.757 127.378
49.9 173.785 116.675 176.618 119.654
50 1.94906e-14 119.336 1.0867e-14 116.993
50.1 6.21529 116.675 3.38246 119.654
50.2 12.3129 108.951 6.24315 127.378
50.3 18.1511 96.9213 8.22318 139.408
50.4 23.5315 81.7628 9.1848 154.566
50.5 28.1429 64.9594 9.16756 171.37
50.6 31.4515 48.156 8.31044 188.173
50.7 32.4737 32.9975 6.79002 203.332
50.8 29.3329 20.9676 4.7863 215.361
50.9 18.922 13.2439 2.46975 223.085
51 6.59223e-13 10.5825 7.78191e-14 225.746
51.1 161.078 13.2439 177.53 223.085
51.2 150.667 20.9676 175.214 215.361
51.3 147.526 32.9975 173.21 203.332
51.4 148.548 48.156 171.69 188.173
51.5 151.857 64.9594 170.832 171.37
51.6 156.469 81.7628 170.815 154.566
51.7 161.849 96.9213 171.777 139.408
51.8 167.687 108.951 173.757 127.378
51.9 173.785 116.675 176.618 119.654
52 1.5563e-13 119.336 8.67716e-14 116.993
52.1 6.21529 116.675 3.38246 119.654
52.2 12.3129 108.951 6.24315 127.378
52.3 18.1511 96.9213 8.22318 139.408
52.4 23.5315 81.7628 9.1848 154.566
52.5 28.1429 64.9594 9.16756 171.37
52.6 31.4515 48.156 8.31044 188.173
52.7 32.4737 32.9975 6.79002 203.332
52.8 29.3329 20.9676 4.7863 215.361
52.9 18.922 13.2439 2.46975 223.085
53 1.97659e-13 10.5825 2.3333e-14 225.746
53.1 161.078 13.2439 177.53 223.085
53.2 150.667 20.9676 175.214 215.361
53.3 147.526 32.9975 173.21 203.332
53.4 148.548 48.156 171.69 188.173
53.5 151.857 64.9594 170.832 171.37
53.6 156.469 81.7628 170.815 154.566
53.7 161.849 96.9213 171.777 139.408
53.8 167.687 108.951 173.757 127.378
53.9 173.785 116.675 176.618 119.654
54 180 119.336 180 116.993
54.1 6.21529 116.675 3.38246 119.654
54.2 12.3129 108.951 6.24315 127.378
54.3 18.1511 96.9213 8.22318 139.408
54.4 23.5315 81.7628 9.1848 154.566
54.5 28.1429 64.9594 9.16756 171.37
54.6 31.4515 48.156 8.31044 188.173
54.7 32.4737 32.9975 6.79002 203.332
54.8 29.3329 20.9676 4.7863 215.361
54.9 18.922 13.2439 2.46975 223.085
55 180 10.5825 180 225.746
55.1 161.078 13.2439 177.53 223.085
55.2 150.667 20.9676 175.214 215.361
55.3 147.526 32.9975 173.21 203.332
55.4 148.548 48.156 171.69 188.173
55.5 151.857 64.9594 170.832 171.37
55.6 156.469 81.7628 170.815 154.566
55.7 161.849 96.9213 171.777 139.408
55.8 167.687 108.951 173.757 127.378
55.9 173.785 116.675 176.618 119.654
56 180 119.336 180 116.993
56.1 6.21529 116.675 3.38246 119.654
56.2 12.3129 108.951 6.24315 127.378
56.3 18.1511 96.9213 8.22318 139.408
56.4 23.5315 81.7628 9.1848 154.566
56.5 28.1429 64.9594 9.16756 171.37
56.6 31.4515 48.156 8.31044 188.173
56.7 32.4737 32.9975 6.79002 203.332
56.8 29.3329 20.9676 4.7863 215.361
56.9 18.922 13.2439 2.46975 223.085
57 1.1867e-12 10.5825 1.40086e-13 225.746
57.1 161.078 13.2439 177.53 223.085
57.2 150.667 20.9676 175.214 215.361
57.3 147.526 32.9975 173.21 203.332
57.4 148.548 48.156 171.69 188.173
57.5 151.857 64.9594 170.832 171.37
57.6 156.469 81.7628 170.815 154.566
57.7 161.849 96.9213 171.777 139.408
57.8 167.687 108.951 173.757 127.378
57.9 173.785 116.675 176.618 119.654
58 4.91322e-17 119.336 2.73936e-17 116.993
58.1 6.21529 116.675 3.38246 119.654
58.2 12.3129 108.951 6.24315 127.378
58.3 18.1511 96.9213 8.22318 139.408
58.4 23.5315 81.7628 9.1848 154.566
58.5 28.1429 64.9594 9.16756 171.37
58.6 31.4515 48.156 8.31044 188.173
58.7 32.4737 32.9975 6.79002 203.332
58.8 29.3329 20.9676 4.7863 215.361
58.9 18.922 13.2439 2.46975 223.085
59 7.25137e-13 10.5825 8.56001e-14 225.746
59.1 161.078 13.2439 177.53 223.085
59.2 150.667 20.9676 175.214 215.361
59.3 147.526 32.9975 173.21 203.332
59.4 148.548 48.156 171.69 188.173
59.5 151.857 64.9594 170.832 171.37
59.6 156.469 81.7628 170.815 154.566
59.7 161.849 96.9213 171.777 139.408
59.8 167.687 108.951 173.757 127.378
59.9 173.785 116.675 176.618 119.654
60 180 119.336 180 116.993
60.1 6.21529 116.675 3.38246 119.654
60.2 12.3129 108.951 6.24315 127.378
60.3 18.1511 96.9213 8.22318 139.408
60.4 23.5315 81.7628 9.1848 154.566
60.5 28.1429 64.9594 9.16756 171.37
60.6 31.4515 48.156 8.31044 188.173
60.7 32.4737 32.9975 6.79002 203.332
60.8 29.3329 20.9676 4.7863 215.361
60.9 18.922 13.2439 2.46975 223.085
61 2.63573e-13 10.5825 3.11139e-14 225.746
61.1 161.078 13.2439 177.53 223.085
61.2 150.667 20.9676 175.214 215.361
61.3 147.526 32.9975 173.21 203.332
61.4 148.548 48.156 171.69 188.173
61.5 151.857 64.9594 170.832 171.37
61.6 156.469 81.7628 170.815 154.566
61.7 161.849 96.9213 171.777 139.408
61.8 167.687 108.951 173.757 127.378
61.9 173.785 116.675 176.618 119.654
62 180 119.336 180 116.993
62.1 6.21529 116.675 3.38246 119.654
62.2 12.3129 108.951 6.24315 127.378
62.3 18.1511 96.9213 8.22318 139.408
62.4 23.5315 81.7628 9.1848 154.566
62.5 28.1429 64.9594 9.16756 171.37
62.6 31.4515 48.156 8.31044 188.173
62.7 32.4737 32.9975 6.79002 203.332
62.8 29.3329 20.9676 4.7863 215.361
62.9 18.922 13.2439 2.46975 223.085
63 180 10.5825 180 225.746
63.1 161.078 13.2439 177.53 223.085
63.2 150.667 20.9676 175.214 215.361
63.3 147.526 32.9975 173.21 203.332
63.4 148.548 48.156 171.69 188.173
63.5 151.857 64.9594 170.832 171.37
63.6 156.469 81.7628 170.815 154.566
63.7 161.849 96.9213 171.777 139.408
63.8 167.687 108.951 173.757 127.378
63.9 173.785 116.675 176.618 119.654
64 180 119.336 180 116.993
64.1 6.21529 116.675 3.38246 119.654
64.2 12.3129 108.951 6.24315 127.378
64.3 18.1511 96.9213 8.22318 139.408
64.4 23.5315 81.7628 9.1848 154.566
64.5 28.1429 64.9594 9.16756 171.37
64.6 31.4515 48.156 8.31044 188.173
64.7 32.4737 32.9975 6.79002 203.332
64.8 29.3329 20.9676 4.7863 215.361
64.9 18.922 13.2439 2.46975 223.085
65 1.25262e-12 10.5825 1.47867e-13 225.746
65.1 161.078 13.2439 177.53 223.085
65.2 150.667 20.9676 175.214 215.361
65.3 147.526 32.9975 173.21 203.332
65.4 148.548 48.156 171.69 188.173
65.5 151.857 64.9594 170.832 171.37
65.6 156.469 81.7628 170.815 154.566
65.7 161.849 96.9213 171.777 139.408
65.8 167.687 108.951 173.757 127.378
65.9 173.785 116.675 176.618 119.654
66 180 119.336 180 116.993
66.1 6.21529 116.675 3.38246 119.654
66.2 12.3129 108.951 6.24315 127.378
66.3 18.1511 96.9213 8.22318 139.408
66.4 23.5315 81.7628 9.1848 154.566
66.5 28.1429 64.9594 9.16756 171.37
66.6 31.4515 48.156 8.31044 188.173
66.7 32.4737 32.9975 6.79002 203.332
66.8 29.3329 20.9676 4.7863 215.361
66.9 18.922 13.2439 2.46975 223.085
67 7.91051e-13 10.5825 9.3381e-14 225.746
67.1 161.078 13.2439 177.53 223.085
67.2 150.667 20.9676 175.214 215.361
67.3 147.526 32.9975 173.21 203.332
67.4 148.548 48.156 171.69 188.173
67.5 151.857 64.9594 170.832 171.37
67.6 156.469 81.7628 170.815 154.566
67.7 161.849 96.9213 171.777 139.408
67.8 167.687 108.951 173.757 127.378
67.9 173.785 116.675 176.618 119.654
68 1.16747e-13 119.336 6.50924e-14 116.993
68.1 6.21529 116.675 3.38246 119.654
68.2 12.3129 108.951 6.24315 127.378
68.3 18.1511 96.9213 8.22318 139.408
68.4 23.5315 81.7628 9.1848 154.566
68.5 28.1429 64.9594 9.16756 171.37
68.6 31.4515 48.156 8.31044 188.173
68.7 32.4737 32.9975 6.79002 203.332
68.8 29.3329 20.9676 4.7863 215.361
68.9 18.922 13.2439 2.46975 223.085
69 3.29486e-13 10.5825 3.88948e-14 225.746
69.1 161.078 13.2439 177.53 223.085
69.2 150.667 20.9676 175.214 215.361
69.3 147.526 32.9975 173.21 203.332
69.4 148.548 48.156 171.69 188.173
69.5 151.857 64.9594 170.832 171.37
69.6 156.469 81.7628 170.815 154.566
69.7 161.849 96.9213 171.777 139.408
69.8 167.687 108.951 173.757 127.378
69.9 173.785 116.675 176.618 119.654
70 180 119.336 180 116.993
70.1 6.21529 116.675 3.38246 119.654
70.2 12.3129 108.951 6.24315 127.378
70.3 18.1511 96.9213 8.22318 139.408
70.4 23.5315 81.7628 9.1848 154.566
70.5 28.1429 64.9594 9.16756 171.37
70.6 31.4515 48.156 8.31044 188.173
70.7 32.4737 32.9975 6.79002 203.332
70.8 29.3329 20.9676 4.7863 215.361
70.9 18.922 13.2439 2.46975 223.085
71 180 10.5825 180 225.746
71.1 161.078 13.2439 177.53 223.085
71.2 150.667 20.9676 175.214 215.361
71.3 147.526 32.9975 173.21 203.332
71.4 148.548 48.156 171.69 188.173
71.5 151.857 64.9594 170.832 171.37
71.6 156.469 81.7628 170.815 154.566
71.7 161.849 96.9213 171.777 139.408
71.8 167.687 108.951 173.757 127.378
71.9 173.785 116.675 176.618 119.654
72 180 119.336 180 116.993
72.1 6.21529 116.675 3.38246 119.654
72.2 12.3129 108.951 6.24315 127.378
72.3 18.1511 96.9213 8.22318 139.408
72.4 23.5315 81.7628 9.1848 154.566
72.5 28.1429 64.9594 9.16756 171.37
72.6 31.4515 48.156 8.31044 188.173
72.7 32.4737 32.9975 6.79002 203.332
72.8 29.3329 20.9676 4.7863 215.361
72.9 18.922 13.2439 2.46975 223.085
73 1.31853e-12 10.5825 1.55648e-13 225.746
73.1 161.078 13.2439 177.53 223.085
73.2 150.667 20.9676 175.214 215.361
73.3 147.526 32.9975 173.21 203.332
73.4 148.548 48.156 171.69 188.173
73.5 151.857 64.9594 170.832 171.37
73.6 156.469 81.7628 170.815 154.566
73.7 161.849 96.9213 171.777 139.408
73.8 167.687 108.951 173.757 127.378
73.9 173.785 116.675 176.618 119.654
74 180 119.336 180 116.993
74.1 6.21529 116.675 3.38246 119.654
74.2 12.3129 108.951 6.24315 127.378
74.3 18.1511 96.9213 8.22318 139.408
74.4 23.5315 81.7628 9.1848 154.566
74.5 28.1429 64.9594 9.16756 171.37
74.6 31.4515 48.156 8.31044 188.173
74.7 32.4737 32.9975 6.79002 203.332
74.8 29.3329 20.9676 4.7863 215.361
74.9 18.922 13.2439 2.46975 223.085
75 8.56965e-13 10.5825 1.01162e-13 225.746
75.1 161.078 13.2439 177.53 223.085
75.2 150.667 20.9676 175.214 215.361
75.3 147.526 32.9975 173.21 203.332
75.4 148.548 48.156 171.69 188.173
75.5 151.857 64.9594 170.832 171.37
75.6 156.469 81.7628 170.815 154.566
75.7 161.849 96.9213 171.777 139.408
75.8 167.687 108.951 173.757 127.378
75.9 173.785 116.675 176.618 119.654
76 180 119.336 180 116.993
76.1 6.21529 116.675 3.38246 119.654
76.2 12.3129 108.951 6.24315 127.378
76.3 18.1511 96.9213 8.22318 139.408
76.4 23.5315 81.7628 9.1848 154.566
76.5 28.1429 64.9594 9.16756 171.37
76.6 31.4515 48.156 8.31044 188.173
76.7 32.4737 32.9975 6.79002 203.332
76.8 29.3329 20.9676 4.7863 215.361
76.9 18.922 13.2439 2.46975 223.085
77 3.954e-13 10.5825 4.66757e-14 225.746
77.1 161.078 13.2439 177.53 223.085
77.2 150.667 20.9676 175.214 215.361
77.3 147.526 32.9975 173.21 203.332
77.4 148.548 48.156 171.69 188.173
77.5 151.857 64.9594 170.832 171.37
77.6 156.469 81.7628 170.815 154.566
77.7 161.849 96.9213 171.777 139.408
77.8 167.687 108.951 173.757 127.378
77.9 173.785 116.675 176.618 119.654
78 180 119.336 180 116.993
78.1 6.21529 116.675 3.38246 119.654
78.2 12.3129 108.951 6.24315 127.378
78.3 18.1511 96.9213 8.22318 139.408
78.4 23.5315 81.7628 9.1848 154.566
78.5 28.1429 64.9594 9.16756 171.37
78.6 31.4515 48.156 8.31044 188.173
78.7 32.4737 32.9975 6.79002 203.332
78.8 29.3329 20.9676 4.7863 215.361
78.9 18.922 13.2439 2.46975 223.085
79 180 10.5825 180 225.746
79.1 161.078 13.2439 177.53 223.085
79.2 150.667 20.9676 175.214 215.361
79.3 147.526 32.9975 173.21 203.332
79.4 148.548 48.156 171.69 188.173
79.5 151.857 64.9594 170.832 171.37
79.6 156.469 81.7628 170.815 154.566
79.7 161.849 96.9213 171.777 139.408
79.8 167.687 108.951 173.757 127.378
79.9 173.785 116.675 176.618 119.654
80 180 119.336 180 116.993
80.1 6.21529 116.675 3.38246 119.654
80.2 12.3129 108.951 6.24315 127.378
80.3 18.1511 96.9213 8.22318 139.408
80.4 23.5315 81.7628 9.1848 154.566
80.5 28.1429 64.9594 9.16756 171.37
80.6 31.4515 48.156 8.31044 188.173
80.7 32.4737 32.9975 6.79002 203.332
80.8 29.3329 20.9676 4.7863 215.361
80.9 18.922 13.2439 2.46975 223.085
81 1.38444e-12 10.5825 1.63429e-13 225.746
81.1 161.078 13.2439 177.53 223.085
81.2 150.667 20.9676 175.214 215.361
81.3 147.526 32.9975 173.21 203.332
81.4 148.548 48.156 171.69 188.173
81.5 151.857 64.9594 170.832 171.37
81.6 156.469 81.7628 170.815 154.566
81.7 161.849 96.9213 171.777 139.408
81.8 167.687 108.951 173.757 127.378
81.9 173.785 116.675 176.618 119.654
82 180 119.336 180 116.993
82.1 6.21529 116.675 3.38246 119.654
82.2 12.3129 108.951 6.24315 127.378
82.3 18.1511 96.9213 8.22318 139.408
82.4 23.5315 81.7628 9.1848 154.566
82.5 28.1429 64.9594 9.16756 171.37
82.6 31.4515 48.156 8.31044 188.173
82.7 32.4737 32.9975 6.79002 203.332
82.8 29.3329 20.9676 4.7863 215.361
82.9 18.922 13.2439 2.46975 223.085
83 180 10.5825 180 225.746
83.1 161.078 13.2439 177.53 223.085
83.2 150.667 20.9676 175.214 215.361
83.3 147.526 32.9975 173.21 203.332
83.4 148.548 48.156 171.69 188.173
83.5 151.857 64.9594 170.832 171.37
83.6 156.469 81.7628 170.815 154.566
83.7 161.849 96.9213 171.777 139.408
83.8 167.687 108.951 173.757 127.378
83.9 173.785 116.675 176.618 119.654
84 7.78643e-14 119.336 4.34132e-14 116.993
84.1 6.21529 116.675 3.38246 119.654
84.2 12.3129 108.951 6.24315 127.378
84.3 18.1511 96.9213 8.22318 139.408
84.4 23.5315 81.7628 9.1848 154.566
84.5 28.1429 64.9594 9.16756 171.37
84.6 31.4515 48.156 8.31044 188.173
84.7 32.4737 32.9975 6.79002 203.332
84.8 29.3329 20.9676 4.7863 215.361
84.9 18.922 13.2439 2.46975 223.085
85 4.61314e-13 10.5825 5.44567e-14 225.746
85.1 161.078 13.2439 177.53 223.085
85.2 150.667 20.9676 175.214 215.361
85.3 147.526 32.9975 173.21 203.332
85.4 148.548 48.156 171.69 188.173
85.5 151.857 64.9594 170.832 171.37
85.6 156.469 81.7628 170.815 154.566
85.7 161.849 96.9213 171.777 139.408
85.8 167.687 108.951 173.757 127.378
85.9 173.785 116.675 176.618 119.654
86 180 119.336 180 116.993
86.1 6.21529 116.675 3.38246 119.654
86.2 12.3129 108.951 6.24315 127.378
86.3 18.1511 96.9213 8.22318 139.408
86.4 23.5315 81.7628 9.1848 154.566
86.5 28.1429 64.9594 9.16756 171.37
86.6 31.4515 48.156 8.31044 188.173
86.7 32.4737 32.9975 6.79002 203.332
86.8 29.3329 20.9676 4.7863 215.361
86.9 18.922 13.2439 2.46975 223.085
87 1.91192e-12 10.5825 2.25696e-13 225.746
87.1 161.078 13.2439 177.53 223.085
87.2 150.667 20.9676 175.214 215.361
87.3 147.526 32.9975 173.21 203.332
87.4 148.548 48.156 171.69 188.173
87.5 151.857 64.9594 170.832 171.37
87.6 156.469 81.7628 170.815 154.566
87.7 161.849 96.9213 171.777 139.408
87.8 167.687 108.951 173.757 127.378
87.9 173.785 116.675 176.618 119.654
88 180 119.336 180 116.993
88.1 6.21529 116.675 3.38246 119.654
88.2 12.3129 108.951 6.24315 127.378
88.3 18.1511 96.9213 8.22318 139.408
88.4 23.5315 81.7628 9.1848 154.566
88.5 28.1429 64.9594 9.16756 171.37
88.6 31.4515 48.156 8.31044 188.173
88.7 32.4737 32.9975 6.79002 203.332
88.8 29.3329 20.9676 4.7863 215.361
88.9 18.922 13.2439 2.46975 223.085
89 180 10.5825 180 225.746
89.1 161.078 13.2439 177.53 223.085
89.2 150.667 20.9676 175.214 215.361
89.3 147.526 32.9975 173.21 203.332
89.4 148.548 48.156 171.69 188.173
89.5 151.857 64.9594 170.832 171.37
89.6 156.469 81.7628 170.815 154.566
89.7 161.849 96.9213 171.777 139.408
89.8 167.687 108.951 173.757 127.378
89.9 173.785 116.675 176.618 119.654
90 180 119.336 180 116.993
90.1 6.21529 116.675 3.38246 119.654
90.2 12.3129 108.951 6.24315 127.378
90.3 18.1511 96.9213 8.22318 139.408
90.4 23.5315 81.7628 9.1848 154.566
90.5 28.1429 64.9594 9.16756 171.37
90.6 31.4515 48.156 8.31044 188.173
90.7 32.4737 32.9975 6.79002 203.332
90.8 29.3329 20.9676 4.7863 215.361
90.9 18.922 13.2439 2.46975 223.085
91 9.88793e-13 10.5825 1.16724e-13 225.746
91.1 161.078 13.2439 177.53 223.085
91.2 150.667 20.9676 175.214 215.361
91.3 147.526 32.9975 173.21 203.332
91.4 148.548 48.156 171.69 188.173
91.5 151.857 64.9594 170.832 171.37
91.6 156.469 81.7628 170.815 154.566
91.7 161.849 96.9213 171.777 139.408
91.8 167.687 108.951 173.757 127.378
91.9 173.785 116.675 176.618 119.654
92 180 119.336 180 116.993
92.1 6.21529 116.675 3.38246 119.654
92.2 12.3129 108.951 6.24315 127.378
92.3 18.1511 96.9213 8.22318 139.408
92.4 23.5315 81.7628 9.1848 154.566
92.5 28.1429 64.9594 9.16756 171.37
92.6 31.4515 48.156 8.31044 188.173
92.7 32.4737 32.9975 6.79002 203.332
92.8 29.3329 20.9676 4.7863 215.361
92.9 18.922 13.2439 2.46975 223.085
93 2.4394e-12 10.5825 2.87963e-13 225.746
93.1 161.078 13.2439 177.53 223.085
93.2 150.667 20.9676 175.214 215.361
93.3 147.526 32.9975 173.21 203.332
93.4 148.548 48.156 171.69 188.173
93.5 151.857 64.9594 170.832 171.37
93.6 156.469 81.7628 170.815 154.566
93.7 161.849 96.9213 171.777 139.408
93.8 167.687 108.951 173.757 127.378
93.9 173.785 116.675 176.618 119.654
94 1.94562e-13 119.336 1.08478e-13 116.993
94.1 6.21529 116.675 3.38246 119.654
94.2 12.3129 108.951 6.24315 127.378
94.3 18.1511 96.9213 8.22318 139.408
94.4 23.5315 81.7628 9.1848 154.566
94.5 28.1429 64.9594 9.16756 171.37
94.6 31.4515 48.156 8.31044 188.173
94.7 32.4737 32.9975 6.79002 203.332
94.8 29.3329 20.9676 4.7863 215.361
94.9 18.922 13.2439 2.46975 223.085
95 6.56641e-14 10.5825 7.75143e-15 225.746
95.1 161.078 13.2439 177.53 223.085
95.2 150.667 20.9676 175.214 215.361
95.3 147.526 32.9975 173.21 203.332
95.4 148.548 48.156 171.69 188.173
95.5 151.857 64.9594 170.832 171.37
95.6 156.469 81.7628 170.815 154.566
95.7 161.849 96.9213 171.777 139.408
95.8 167.687 108.951 173.757 127.378
95.9 173.785 116.675 176.618 119.654
96 180 119.336 180 116.993
96.1 6.21529 116.675 3.38246 119.654
96.2 12.3129 108.951 6.24315 127.378
96.3 18.1511 96.9213 8.22318 139.408
96.4 23.5315 81.7628 9.1848 154.566
96.5 28.1429 64.9594 9.16756 171.37
96.6 31.4515 48.156 8.31044 188.173
96.7 32.4737 32.9975 6.79002 203.332
96.8 29.3329 20.9676 4.7863 215.361
96.9 18.922 13.2439 2.46975 223.085
97 1.51627e-12 10.5825 1.78991e-13 225.746
97.1 161.078 13.2439 177.53 223.085
97.2 150.667 20.9676 175.214 215.361
97.3 147.526 32.9975 173.21 203.332
97.4 148.548 48.156 171.69 188.173
97.5 151.857 64.9594 170.832 171.37
97.6 156.469 81.7628 170.815 154.566
97.7 161.849 96.9213 171.777 139.408
97.8 167.687 108.951 173.757 127.378
97.9 173.785 116.675 176.618 119.654
98 180 119.336 180 116.993
98.1 6.21529 116.675 3.38246 119.654
98.2 12.3129 108.951 6.24315 127.378
98.3 18.1511 96.9213 8.22318 139.408
98.4 23.5315 81.7628 9.1848 154.566
98.5 28.1429 64.9594 9.16756 171.37
98.6 31.4515 48.156 8.31044 188.173
98.7 32.4737 32.9975 6.79002 203.332
98.8 29.3329 20.9676 4.7863 215.361
98.9 18.922 13.2439 2.46975 223.085
99 180 10.5825 180 225.746
99.1 161.078 13.2439 177.53 223.085
99.2 150.667 20.9676 175.214 215.361
99.3 147.526 32.9975 173.21 203.332
99.4 148.548 48.156 171.69 188.173
99.5 151.857 64.9594 170.832 171.37
99.6 156.469 81.7628 170.815 154.566
99.7 161.849 96.9213 171.777 139.408
99.8 167.687 108.951 173.757 127.378
99.9 173.785 116.675 176.618 119.654
100 3.89813e-14 119.336 2.1734e-14 116.993
100.1 6.21529 116.675 3.38246 119.654
100.2 12.3129 108.951 6.24315 127.378
100.3 18.1511 96.9213 8.22318 139.408
100.4 23.5315 81.7628 9.1848 154.566
100.5 28.1429 64.9594 9.16756 171.37
100.6 31.4515 48.156 8.31044 188.173
100.7 32.4737 32.9975 6.79002 203.332
100.8 29.3329 20.9676 4.7863 215.361
100.9 18.922 13.2439 2.46975 223.085
101 5.93142e-13 10.5825 7.00185e-14 225.746
101.1 161.078 13.2439 177.53 223.085
101.2 150.667 20.9676 175.214 215.361
101.3 147.526 32.9975 173.21 203.332
101.4 148.548 48.156 171.69 188.173
101.5 151.857 64.9594 170.832 171.37
101.6 156.469 81.7628 170.815 154.566
101.7 161.849 96.9213 171.777 139.408
101.8 167.687 108.951 173.757 127.378
101.9 173.785 116.675 176.618 119.654
102 180 119.336 180 116.993
102.1 6.21529 116.675 3.38246 119.654
102.2 12.3129 108.951 6.24315 127.378
102.3 18.1511 96.9213 8.22318 139.408
102.4 23.5315 81.7628 9.1848 154.566
102.5 28.1429 64.9594 9.16756 171.37
102.6 31.4515 48.156 8.31044 188.173
102.7 32.4737 32.9975 6.79002 203.332
102.8 29.3329 20.9676 4.7863 215.361
102.9 18.922 13.2439 2.46975 223.085
103 2.04375e-12 10.5825 2.41258e-13 225.746
103.1 161.078 13.2439 177.53 223.085
103.2 150.667 20.9676 175.214 215.361
103.3 147.526 32.9975 173.21 203.332
103.4 148.548 48.156 171.69 188.173
103.5 151.857 64.9594 170.832 171.37
103.6 156.469 81.7628 170.815 154.566
103.7 161.849 96.9213 171.777 139.408
103.8 167.687 108.951 173.757 127.378
103.9 173.785 116.675 176.618 119.654
104 3.11261e-13 119.336 1.73543e-13 116.993
104.1 6.21529 116.675 3.38246 119.654
104.2 12.3129 108.951 6.24315 127.378
104.3 18.1511 96.9213 8.22318 139.408
104.4 23.5315 81.7628 9.1848 154.566
104.5 28.1429 64.9594 9.16756 171.37
104.6 31.4515 48.156 8.31044 188.173
104.7 32.4737 32.9975 6.79002 203.332
104.8 29.3329 20.9676 4.7863 215.361
104.9 18.922 13.2439 2.46975 223.085
105 180 10.5825 180 225.746
105.1 161.078 13.2439 177.53 223.085
105.2 150.667 20.9676 175.214 215.361
105.3 147.526 32.9975 173.21 203.332
105.4 148.548 48.156 171.69 188.173
105.5 151.857 64.9594 170.832 171.37
105.6 156.469 81.7628 170.815 154.566
105.7 161.849 96.9213 171.777 139.408
105.8 167.687 108.951 173.757 127.378
105.9 173.785 116.675 176.618 119.654
106 180 119.336 180 116.993
106.1 6.21529 116.675 3.38246 119.654
106.2 12.3129 108.951 6.24315 127.378
106.3 18.1511 96.9213 8.22318 139.408
106.4 23.5315 81.7628 9.1848 154.566
106.5 28.1429 64.9594 9.16756 171.37
106.6 31.4515 48.156 8.31044 188.173
106.7 32.4737 32.9975 6.79002 203.332
106.8 29.3329 20.9676 4.7863 215.361
106.9 18.922 13.2439 2.46975 223.085
107 1.12062e-12 10.5825 1.32286e-13 225.746
107.1 161.078 13.2439 177.53 223.085
107.2 150.667 20.9676 175.214 215.361
107.3 147.526 32.9975 173.21 203.332
107.4 148.548 48.156 171.69 188.173
107.5 151.857 64.9594 170.832 171.37
107.6 156.469 81.7628 170.815 154.566
107.7 161.849 96.9213 171.777 139.408
107.8 167.687 108.951 173.757 127.378
107.9 173.785 116.675 176.618 119.654
108 180 119.336 180 116.993
108.1 6.21529 116.675 3.38246 119.654
108.2 12.3129 108.951 6.24315 127.378
108.3 18.1511 96.9213 8.22318 139.408
108.4 23.5315 81.7628 9.1848 154.566
108.5 28.1429 64.9594 9.16756 171.37
108.6 31.4515 48.156 8.31044 188.173
108.7 32.4737 32.9975 6.79002 203.332
108.8 29.3329 20.9676 4.7863 215.361
108.9 18.922 13.2439 2.46975 223.085
109 2.57123e-12 10.5825 3.03525e-13 225.746
109.1 161.078 13.2439 177.53 223.085
109.2 150.667 20.9676 175.214 215.361
109.3 147.526 32.9975 173.21 203.332
109.4 148.548 48.156 171.69 188.173
109.5 151.857 64.9594 170.832 171.37
109.6 156.469 81.7628 170.815 154.566
109.7 161.849 96.9213 171.777 139.408
109.8 167.687 108.951 173.757 127.378
109.9 173.785 116.675 176.618 119.654
110 1.55679e-13 119.336 8.6799e-14 116.993
110.1 6.21529 116.675 3.38246 119.654
110.2 12.3129 108.951 6.24315 127.378
110.3 18.1511 96.9213 8.22318 139.408
110.4 23.5315 81.7628 9.1848 154.566
110.5 28.1429 64.9594 9.16756 171.37
110.6 31.4515 48.156 8.31044 188.173
110.7 32.4737 32.9975 6.79002 203.332
110.8 29.3329 20.9676 4.7863 215.361
110.9 18.922 13.2439 2.46975 223.085
111 1.97492e-13 10.5825 2.33133e-14 225.746
111.1 161.078 13.2439 177.53 223.085
111.2 150.667 20.9676 175.214 215.361
111.3 147.526 32.9975 173.21 203.332
111.4 148.548 48.156 171.69 188.173
111.5 151.857 64.9594 170.832 171.37
111.6 156.469 81.7628 170.815 154.566
111.7 161.849 96.9213 171.777 139.408
111.8 167.687 108.951 173.757 127.378
111.9 173.785 116.675 176.618 119.654
112 180 119.336 180 116.993
112.1 6.21529 116.675 3.38246 119.654
112.2 12.3129 108.951 6.24315 127.378
112.3 18.1511 96.9213 8.22318 139.408
112.4 23.5315 81.7628 9.1848 154.566
112.5 28.1429 64.9594 9.16756 171.37
112.6 31.4515 48.156 8.31044 188.173
112.7 32.4737 32.9975 6.79002 203.332
112.8 29.3329 20.9676 4.7863 215.361
112.9 18.922 13.2439 2.46975 223.085
113 1.6481e-12 10.5825 1.94553e-13 225.746
113.1 161.078 13.2439 177.53 223.085
113.2 150.667 20.9676 175.214 215.361
113.3 147.526 32.9975 173.21 203.332
113.4 148.548 48.156 171.69 188.173
113.5 151.857 64.9594 170.832 171.37
113.6 156.469 81.7628 170.815 154.566
113.7 161.849 96.9213 171.777 139.408
113.8 167.687 108.951 173.757 127.378
113.9 173.785 116.675 176.618 119.654
114 180 119.336 180 116.993
114.1 6.21529 116.675 3.38246 119.654
114.2 12.3129 108.951 6.24315 127.378
114.3 18.1511 96.9213 8.22318 139.408
114.4 23.5315 81.7628 9.1848 154.566
114.5 28.1429 64.9594 9.16756 171.37
114.6 31.4515 48.156 8.31044 188.173
114.7 32.4737 32.9975 6.79002 203.332
114.8 29.3329 20.9676 4.7863 215.361
114.9 18.922 13.2439 2.46975 223.085
115 180 10.5825 180 225.746
115.1 161.078 13.2439 177.53 223.085
115.2 150.667 20.9676 175.214 215.361
115.3 147.526 32.9975 173.21 203.332
115.4 148.548 48.156 171.69 188.173
115.5 151.857 64.9594 170.832 171.37
115.6 156.469 81.7628 170.815 154.566
115.7 161.849 96.9213 171.777 139.408
115.8 167.687 108.951 173.757 127.378
115.9 173.785 116.675 176.618 119.654
116 9.82643e-17 119.336 5.47873e-17 116.993
116.1 6.21529 116.675 3.38246 119.654
116.2 12.3129 108.951 6.24315 127.378
116.3 18.1511 96.9213 8.22318 139.408
116.4 23.5315 81.7628 9.1848 154.566
116.5 28.1429 64.9594 9.16756 171.37
116.6 31.4515 48.156 8.31044 188.173
116.7 32.4737 32.9975 6.79002 203.332
116.8 29.3329 20.9676 4.7863 215.361
116.9 18.922 13.2439 2.46975 223.085
117 7.2497e-13 10.5825 8.55804e-14 225.746
117.1 161.078 13.2439 177.53 223.085
117.2 150.667 20.9676 175.214 215.361
117.3 147.526 32.9975 173.21 203.332
117.4 148.548 48.156 171.69 188.173
117.5 151.857 64.9594 170.832 171.37
117.6 156.469 81.7628 170.815 154.566
117.7 161.849 96.9213 171.777 139.408
117.8 167.687 108.951 173.757 127.378
117.9 173.785 116.675 176.618 119.654
118 180 119.336 180 116.993
118.1 6.21529 116.675 3.38246 119.654
118.2 12.3129 108.951 6.24315 127.378
118.3 18.1511 96.9213 8.22318 139.408
118.4 23.5315 81.7628 9.1848 154.566
118.5 28.1429 64.9594 9.16756 171.37
118.6 31.4515 48.156 8.31044 188.173
118.7 32.4737 32.9975 6.79002 203.332
118.8 29.3329 20.9676 4.7863 215.361
118.9 18.922 13.2439 2.46975 223.085
119 2.17558e-12 10.5825 2.5682e-13 225.746
119.1 161.078 13.2439 177.53 223.085
119.2 150.667 20.9676 175.214 215.361
119.3 147.526 32.9975 173.21 203.332
119.4 148.548 48.156 171.69 188.173
119.5 151.857 64.9594 170.832 171.37
119.6 156.469 81.7628 170.815 154.566
119.7 161.849 96.9213 171.777 139.408
119.8 167.687 108.951 173.757 127.378
119.9 173.785 116.675 176.618 119.654
120 180 119.336 180 116.993
120.1 6.21529 116.675 3.38246 119.654
120.2 12.3129 108.951 6.24315 127.378
120.3 18.1511 96.9213 8.22318 139.408
120.4 23.5315 81.7628 9.1848 154.566
120.5 28.1429 64.9594 9.16756 171.37
120.6 31.4515 48.156 8.31044 188.173
120.7 32.4737 32.9975 6.79002 203.332
120.8 29.3329 20.9676 4.7863 215.361
120.9 18.922 13.2439 2.46975 223.085
121 180 10.5825 180 225.746
121.1 161.078 13.2439 177.53 223.085
121.2 150.667 20.9676 175.214 215.361
121.3 147.526 32.9975 173.21 203.332
121.4 148.548 48.156 171.69 188.173
121.5 151.857 64.9594 170.832 171.37
121.6 156.469 81.7628 170.815 154.566
121.7 161.849 96.9213 171.777 139.408
121.8 167.687 108.951 173.757 127.378
121.9 173.785 116.675 176.618 119.654
122 180 119.336 180 116.993
122.1 6.21529 116.675 3.38246 119.654
122.2 12.3129 108.951 6.24315 127.378
122.3 18.1511 96.9213 8.22318 139.408
122.4 23.5315 81.7628 9.1848 154.566
122.5 28.1429 64.9594 9.16756 171.37
122.6 31.4515 48.156 8.31044 188.173
122.7 32.4737 32.9975 6.79002 203.332
122.8 29.3329 20.9676 4.7863 215.361
122.9 18.922 13.2439 2.46975 223.085
123 1.25245e-12 10.5825 1.47848e-13 225.746
123.1 161.078 13.2439 177.53 223.085
123.2 150.667 20.9676 175.214 215.361
123.3 147.526 32.9975 173.21 203.332
123.4 148.548 48.156 171.69 188.173
123.5 151.857 64.9594 170.832 171.37
123.6 156.469 81.7628 170.815 154.566
123.7 161.849 96.9213 171.777 139.408
123.8 167.687 108.951 173.757 127.378
123.9 173.785 116.675 176.618 119.654
124 180 119.336 180 116.993
124.1 6.21529 116.675 3.38246 119.654
124.2 12.3129 108.951 6.24315 127.378
124.3 18.1511 96.9213 8.22318 139.408
124.4 23.5315 81.7628 9.1848 154.566
124.5 28.1429 64.9594 9.16756 171.37
124.6 31.4515 48.156 8.31044 188.173
124.7 32.4737 32.9975 6.79002 203.332
124.8 29.3329 20.9676 4.7863 215.361
124.9 18.922 13.2439 2.46975 223.085
125 2.70306e-12 10.5825 3.19087e-13 225.746
125.1 161.078 13.2439 177.53 223.085
125.2 150.667 20.9676 175.214 215.361
125.3 147.526 32.9975 173.21 203.332
125.4 148.548 48.156 171.69 188.173
125.5 151.857 64.9594 170.832 171.37
125.6 156.469 81.7628 170.815 154.566
125.7 161.849 96.9213 171.777 139.408
125.8 167.687 108.951 173.757 127.378
125.9 173.785 116.675 176.618 119.654
126 1.16796e-13 119.336 6.51198e-14 116.993
126.1 6.21529 116.675 3.38246 119.654
126.2 12.3129 108.951 6.24315 127.378
126.3 18.1511 96.9213 8.22318 139.408
126.4 23.5315 81.7628 9.1848 154.566
126.5 28.1429 64.9594 9.16756 171.37
126.6 31.4515 48.156 8.31044 188.173
126.7 32.4737 32.9975 6.79002 203.332
126.8 29.3329 20.9676 4.7863 215.361
126.9 18.922 13.2439 2.46975 223.085
127 3.2932e-13 10.5825 3.88752e-14 225.746
127.1 161.078 13.2439 177.53 223.085
127.2 150.667 20.9676 175.214 215.361
127.3 147.526 32.9975 173.21 203.332
127.4 148.548 48.156 171.69 188.173
127.5 151.857 64.9594 170.832 171.37
127.6 156.469 81.7628 170.815 154.566
127.7 161.849 96.9213 171.777 139.408
127.8 167.687 108.951 173.757 127.378
127.9 173.785 116.675 176.618 119.654
128 180 119.336 180 116.993
128.1 6.21529 116.675 3.38246 119.654
128.2 12.3129 108.951 6.24315 127.378
128.3 18.1511 96.9213 8.22318 139.408
128.4 23.5315 81.7628 9.1848 154.566
128.5 28.1429 64.9594 9.16756 171.37
128.6 31.4515 48.156 8.31044 188.173
128.7 32.4737 32.9975 6.79002 203.332
128.8 29.3329 20.9676 4.7863 215.361
128.9 18.922 13.2439 2.46975 223.085
129 1.77993e-12 10.5825 2.10115e-13 225.746
129.1 161.078 13.2439 177.53 223.085
129.2 150.667 20.9676 175.214 215.361
129.3 147.526 32.9975 173.21 203.332
129.4 148.548 48.156 171.69 188.173
129.5 151.857 64.9594 170.832 171.37
129.6 156.469 81.7628 170.815 154.566
129.7 161.849 96.9213 171.777 139.408
129.8 167.687 108.951 173.757 127.378
129.9 173.785 116.675 176.618 119.654
130 180 119.336 180 116.993
130.1 6.21529 116.675 3.38246 119.654
130.2 12.3129 108.951 6.24315 127.378
130.3 18.1511 96.9213 8.22318 139.408
130.4 23.5315 81.7628 9.1848 154.566
130.5 28.1429 64.9594 9.16756 171.37
130.6 31.4515 48.156 8.31044 188.173
130.7 32.4737 32.9975 6.79002 203.332
130.8 29.3329 20.9676 4.7863 215.361
130.9 18.922 13.2439 2.46975 223.085
131 180 10.5825 180 225.746
131.1 161.078 13.2439 177.53 223.085
131.2 150.667 20.9676 175.214 215.361
131.3 147.526 32.9975 173.21 203.332
131.4 148.548 48.156 171.69 188.173
131.5 151.857 64.9594 170.832 171.37
131.6 156.469 81.7628 170.815 154.566
131.7 161.849 96.9213 171.777 139.408
131.8 167.687 108.951 173.757 127.378
131.9 173.785 116.675 176.618 119.654
132 180 119.336 180 116.993
132.1 6.21529 116.675 3.38246 119.654
132.2 12.3129 108.951 6.24315 127.378
132.3 18.1511 96.9213 8.22318 139.408
132.4 23.5315 81.7628 9.1848 154.566
132.5 28.1429 64.9594 9.16756 171.37
132.6 31.4515 48.156 8.31044 188.173
132.7 32.4737 32.9975 6.79002 203.332
132.8 29.3329 20.9676 4.7863 215.361
132.9 18.922 13.2439 2.46975 223.085
133 8.56798e-13 10.5825 1.01142e-13 225.746
133.1 161.078 13.2439 177.53 223.085
133.2 150.667 20.9676 175.214 215.361
133.3 147.526 32.9975 173.21 203.332
133.4 148.548 48.156 171.69 188.173
133.5 151.857 64.9594 170.832 171.37
133.6 156.469 81.7628 170.815 154.566
133.7 161.849 96.9213 171.777 139.408
133.8 167.687 108.951 173.757 127.378
133.9 173.785 116.675 176.618 119.654
134 180 119.336 180 116.993
134.1 6.21529 116.675 3.38246 119.654
134.2 12.3129 108.951 6.24315 127.378
134.3 18.1511 96.9213 8.22318 139.408
134.4 23.5315 81.7628 9.1848 154.566
134.5 28.1429 64.9594 9.16756 171.37
134.6 31.4515 48.156 8.31044 188.173
134.7 32.4737 32.9975 6.79002 203.332
134.8 29.3329 20.9676 4.7863 215.361
134.9 18.922 13.2439 2.46975 223.085
135 2.3074e-12 10.5825 2.72382e-13 225.746
135.1 161.078 13.2439 177.53 223.085
135.2 150.667 20.9676 175.214 215.361
135.3 147.526 32.9975 173.21 203.332
135.4 148.548 48.156 171.69 188.173
135.5 151.857 64.9594 170.832 171.37
135.6 156.469 81.7628 170.815 154.566
135.7 161.849 96.9213 171.777 139.408
135.8 167.687 108.951 173.757 127.378
135.9 173.785 116.675 176.618 119.654
136 2.33495e-13 119.336 1.30185e-13 116.993
136.1 6.21529 116.675 3.38246 119.654
136.2 12.3129 108.951 6.24315 127.378
136.3 18.1511 96.9213 8.22318 139.408
136.4 23.5315 81.7628 9.1848 154.566
136.5 28.1429 64.9594 9.16756 171.37
136.6 31.4515 48.156 8.31044 188.173
136.7 32.4737 32.9975 6.79002 203.332
136.8 29.3329 20.9676 4.7863 215.361
136.9 18.922 13.2439 2.46975 223.085
137 180 10.5825 180 225.746
137.1 161.078 13.2439 177.53 223.085
137.2 150.667 20.9676 175.214 215.361
137.3 147.526 32.9975 173.21 203.332
137.4 148.548 48.156 171.69 188.173
137.5 151.857 64.9594 170.832 171.37
137.6 156.469 81.7628 170.815 154.566
137.7 161.849 96.9213 171.777 139.408
137.8 167.687 108.951 173.757 127.378
137.9 173.785 116.675 176.618 119.654
138 180 119.336 180 116.993
138.1 6.21529 116.675 3.38246 119.654
138.2 12.3129 108.951 6.24315 127.378
138.3 18.1511 96.9213 8.22318 139.408
138.4 23.5315 81.7628 9.1848 154.566
138.5 28.1429 64.9594 9.16756 171.37
138.6 31.4515 48.156 8.31044 188.173
138.7 32.4737 32.9975 6.79002 203.332
138.8 29.3329 20.9676 4.7863 215.361
138.9 18.922 13.2439 2.46975 223.085
139 1.38428e-12 10.5825 1.63409e-13 225.746
139.1 161.078 13.2439 177.53 223.085
139.2 150.667 20.9676 175.214 215.361
139.3 147.526 32.9975 173.21 203.332
139.4 148.548 48.156 171.69 188.173
139.5 151.857 64.9594 170.832 171.37
139.6 156.469 81.7628 170.815 154.566
139.7 161.849 96.9213 171.777 139.408
139.8 167.687 108.951 173.757 127.378
139.9 173.785 116.675 176.618 119.654
140 180 119.336 180 116.993
140.1 6.21529 116.675 3.38246 119.654
140.2 12.3129 108.951 6.24315 127.378
140.3 18.1511 96.9213 8.22318 139.408
140.4 23.5315 81.7628 9.1848 154.566
140.5 28.1429 64.9594 9.16756 171.37
140.6 31.4515 48.156 8.31044 188.173
140.7 32.4737 32.9975 6.79002 203.332
140.8 29.3329 20.9676 4.7863 215.361
140.9 18.922 13.2439 2.46975 223.085
141 2.83488e-12 10.5825 3.34649e-13 225.746
141.1 161.078 13.2439 177.53 223.085
141.2 150.667 20.9676 175.214 215.361
141.3 147.526 32.9975 173.21 203.332
141.4 148.548 48.156 171.69 188.173
141.5 151.857 64.9594 170.832 171.37
141.6 156.469 81.7628 170.815 154.566
141.7 161.849 96.9213 171.777 139.408
141.8 167.687 108.951 173.757 127.378
141.9 173.785 116.675 176.618 119.654
142 7.79134e-14 119.336 4.34406e-14 116.993
142.1 6.21529 116.675 3.38246 119.654
142.2 12.3129 108.951 6.24315 127.378
142.3 18.1511 96.9213 8.22318 139.408
142.4 23.5315 81.7628 9.1848 154.566
142.5 28.1429 64.9594 9.16756 171.37
142.6 31.4515 48.156 8.31044 188.173
142.7 32.4737 32.9975 6.79002 203.332
142.8 29.3329 20.9676 4.7863 215.361
142.9 18.922 13.2439 2.46975 223.085
143 4.61148e-13 10.5825 5.4437e-14 225.746
143.1 161.078 13.2439 177.53 223.085
143.2 150.667 20.9676 175.214 215.361
143.3 147.526 32.9975 173.21 203.332
143.4 148.548 48.156 171.69 188.173
143.5 151.857 64.9594 170.832 171.37
143.6 156.469 81.7628 170.815 154.566
143.7 161.849 96.9213 171.777 139.408
143.8 167.687 108.951 173.757 127.378
143.9 173.785 116.675 176.618 119.654
144 180 119.336 180 116.993
144.1 6.21529 116.675 3.38246 119.654
144.2 12.3129 108.951 6.24315 127.378
144.3 18.1511 96.9213 8.22318 139.408
144.4 23.5315 81.7628 9.1848 154.566
144.5 28.1429 64.9594 9.16756 171.37
144.6 31.4515 48.156 8.31044 188.173
144.7 32.4737 32.9975 6.79002 203.332
144.8 29.3329 20.9676 4.7863 215.361
144.9 18.922 13.2439 2.46975 223.085
145 1.91175e-12 10.5825 2.25676e-13 225.746
145.1 161.078 13.2439 177.53 223.085
145.2 150.667 20.9676 175.214 215.361
145.3 147.526 32.9975 173.21 203.332
145.4 148.548 48.156 171.69 188.173
145.5 151.857 64.9594 170.832 171.37
145.6 156.469 81.7628 170.815 154.566
145.7 161.849 96.9213 171.777 139.408
145.8 167.687 108.951 173.757 127.378
145.9 173.785 116.675 176.618 119.654
146 180 119.336 180 116.993
146.1 6.21529 116.675 3.38246 119.654
146.2 12.3129 108.951 6.24315 127.378
146.3 18.1511 96.9213 8.22318 139.408
146.4 23.5315 81.7628 9.1848 154.566
146.5 28.1429 64.9594 9.16756 171.37
146.6 31.4515 48.156 8.31044 188.173
146.7 32.4737 32.9975 6.79002 203.332
146.8 29.3329 20.9676 4.7863 215.361
146.9 18.922 13.2439 2.46975 223.085
147 180 10.5825 180 225.746
147.1 161.078 13.2439 177.53 223.085
147.2 150.667 20.9676 175.214 215.361
147.3 147.526 32.9975 173.21 203.332
147.4 148.548 48.156 171.69 188.173
147.5 151.857 64.9594 170.832 171.37
147.6 156.469 81.7628 170.815 154.566
147.7 161.849 96.9213 171.777 139.408
147.8 167.687 108.951 173.757 127.378
147.9 173.785 116.675 176.618 119.654
148 180 119.336 180 116.993
148.1 6.21529 116.675 3.38246 119.654
148.2 12.3129 108.951 6.24315 127.378
148.3 18.1511 96.9213 8.22318 139.408
148.4 23.5315 81.7628 9.1848 154.566
148.5 28.1429 64.9594 9.16756 171.37
148.6 31.4515 48.156 8.31044 188.173
148.7 32.4737 32.9975 6.79002 203.332
148.8 29.3329 20.9676 4.7863 215.361
148.9 18.922 13.2439 2.46975 223.085
149 9.88626e-13 10.5825 1.16704e-13 225.746
149.1 161.078 13.2439 177.53 223.085
149.2 150.667 20.9676 175.214 215.361
149.3 147.526 32.9975 173.21 203.332
149.4 148.548 48.156 171.69 188.173
149.5 151.857 64.9594 170.832 171.37
149.6 156.469 81.7628 170.815 154.566
149.7 161.849 96.9213 171.777 139.408
149.8 167.687 108.951 173.757 127.378
149.9 173.785 116.675 176.618 119.654
150 180 119.336 180 116.993
150.1 6.21529 116.675 3.38246 119.654
150.2 12.3129 108.951 6.24315 127.378
150.3 18.1511 96.9213 8.22318 139.408
150.4 23.5315 81.7628 9.1848 154.566
150.5 28.1429 64.9594 9.16756 171.37
150.6 31.4515 48.156 8.31044 188.173
150.7 32.4737 32.9975 6.79002 203.332
150.8 29.3329 20.9676 4.7863 215.361
150.9 18.922 13.2439 2.46975 223.085
151 2.43923e-12 10.5825 2.87944e-13 225.746
151.1 161.078 13.2439 177.53 223.085
151.2 150.667 20.9676 175.214 215.361
151.3 147.526 32.9975 173.21 203.332
151.4 148.548 48.156 171.69 188.173
151.5 151.857 64.9594 170.832 171.37
151.6 156.469 81.7628 170.815 154.566
151.7 161.849 96.9213 171.777 139.408
151.8 167.687 108.951 173.757 127.378
151.9 173.785 116.675 176.618 119.654
152 180 119.336 180 116.993
152.1 6.21529 116.675 3.38246 119.654
152.2 12.3129 108.951 6.24315 127.378
152.3 18.1511 96.9213 8.22318 139.408
152.4 23.5315 81.7628 9.1848 154.566
152.5 28.1429 64.9594 9.16756 171.37
152.6 31.4515 48.156 8.31044 188.173
152.7 32.4737 32.9975 6.79002 203.332
152.8 29.3329 20.9676 4.7863 215.361
152.9 18.922 13.2439 2.46975 223.085
153 6.54975e-14 10.5825 7.73177e-15 225.746
153.1 161.078 13.2439 177.53 223.085
153.2 150.667 20.9676 175.214 215.361
153.3 147.526 32.9975 173.21 203.332
153.4 148.548 48.156 171.69 188.173
153.5 151.857 64.9594 170.832 171.37
153.6 156.469 81.7628 170.815 154.566
153.7 161.849 96.9213 171.777 139.408
153.8 167.687 108.951 173.757 127.378
153.9 173.785 116.675 176.618 119.654
154 180 119.336 180 116.993
154.1 6.21529 116.675 3.38246 119.654
154.2 12.3129 108.951 6.24315 127.378
154.3 18.1511 96.9213 8.22318 139.408
154.4 23.5315 81.7628 9.1848 154.566
154.5 28.1429 64.9594 9.16756 171.37
154.6 31.4515 48.156 8.31044 188.173
154.7 32.4737 32.9975 6.79002 203.332
154.8 29.3329 20.9676 4.7863 215.361
154.9 18.922 13.2439 2.46975 223.085
155 1.5161e-12 10.5825 1.78971e-13 225.746
155.1 161.078 13.2439 177.53 223.085
155.2 150.667 20.9676 175.214 215.361
155.3 147.526 32.9975 173.21 203.332
155.4 148.548 48.156 171.69 188.173
155.5 151.857 64.9594 170.832 171.37
155.6 156.469 81.7628 170.815 154.566
155.7 161.849 96.9213 171.777 139.408
155.8 167.687 108.951 173.757 127.378
155.9 173.785 116.675 176.618 119.654
156 180 119.336 180 116.993
156.1 6.21529 116.675 3.38246 119.654
156.2 12.3129 108.951 6.24315 127.378
156.3 18.1511 96.9213 8.22318 139.408
156.4 23.5315 81.7628 9.1848 154.566
156.5 28.1429 64.9594 9.16756 171.37
156.6 31.4515 48.156 8.31044 188.173
156.7 32.4737 32.9975 6.79002 203.332
156.8 29.3329 20.9676 4.7863 215.361
156.9 18.922 13.2439 2.46975 223.085
157 2.96671e-12 10.5825 3.50211e-13 225.746
157.1 161.078 13.2439 177.53 223.085
157.2 150.667 20.9676 175.214 215.361
157.3 147.526 32.9975 173.21 203.332
157.4 148.548 48.156 171.69 188.173
157.5 151.857 64.9594 170.832 171.37
157.6 156.469 81.7628 170.815 154.566
157.7 161.849 96.9213 171.777 139.408
157.8 167.687 108.951 173.757 127.378
157.9 173.785 116.675 176.618 119.654
158 3.90304e-14 119.336 2.17614e-14 116.993
158.1 6.21529 116.675 3.38246 119.654
158.2 12.3129 108.951 6.24315 127.378
158.3 18.1511 96.9213 8.22318 139.408
158.4 23.5315 81.7628 9.1848 154.566
158.5 28.1429 64.9594 9.16756 171.37
158.6 31.4515 48.156 8.31044 188.173
158.7 32.4737 32.9975 6.79002 203.332
158.8 29.3329 20.9676 4.7863 215.361
158.9 18.922 13.2439 2.46975 223.085
159 5.92976e-13 10.5825 6.99989e-14 225.746
159.1 161.078 13.2439 177.53 223.085
159.2 150.667 20.9676 175.214 215.361
159.3 147.526 32.9975 173.21 203.332
159.4 148.548 48.156 171.69 188.173
159.5 151.857 64.9594 170.832 171.37
159.6 156.469 81.7628 170.815 154.566
159.7 161.849 96.9213 171.777 139.408
159.8 167.687 108.951 173.757 127.378
159.9 173.785 116.675 176.618 119.654
160 180 119.336 180 116.993
160.1 6.21529 116.675 3.38246 119.654
160.2 12.3129 108.951 6.24315 127.378
160.3 18.1511 96.9213 8.22318 139.408
160.4 23.5315 81.7628 9.1848 154.566
160.5 28.1429 64.9594 9.16756 171.37
160.6 31.4515 48.156 8.31044 188.173
160.7 32.4737 32.9975 6.79002 203.332
160.8 29.3329 20.9676 4.7863 215.361
160.9 18.922 13.2439 2.46975 223.085
161 2.04358e-12 10.5825 2.41238e-13 225.746
161.1 161.078 13.2439 177.53 223.085
161.2 150.667 20.9676 175.214 215.361
161.3 147.526 32.9975 173.21 203.332
161.4 148.548 48.156 171.69 188.173
161.5 151.857 64.9594 170.832 171.37
161.6 156.469 81.7628 170.815 154.566
161.7 161.849 96.9213 171.777 139.408
161.8 167.687 108.951 173.757 127.378
161.9 173.785 116.675 176.618 119.654
162 180 119.336 180 116.993
162.1 6.21529 116.675 3.38246 119.654
162.2 12.3129 108.951 6.24315 127.378
162.3 18.1511 96.9213 8.22318 139.408
162.4 23.5315 81.7628 9.1848 154.566
162.5 28.1429 64.9594 9.16756 171.37
162.6 31.4515 48.156 8.31044 188.173
162.7 32.4737 32.9975 6.79002 203.332
162.8 29.3329 20.9676 4.7863 215.361
162.9 18.922 13.2439 2.46975 223.085
163 3.49419e-12 10.5825 4.12478e-13 225.746
163.1 161.078 13.2439 177.53 223.085
163.2 150.667 20.9676 175.214 215.361
163.3 147.526 32.9975 173.21 203.332
163.4 148.548 48.156 171.69 188.173
163.5 151.857 64.9594 170.832 171.37
163.6 156.469 81.7628 170.815 154.566
163.7 161.849 96.9213 171.777 139.408
163.8 167.687 108.951 173.757 127.378
163.9 173.785 116.675 176.618 119.654
164 180 119.336 180 116.993
164.1 6.21529 116.675 3.38246 119.654
164.2 12.3129 108.951 6.24315 127.378
164.3 18.1511 96.9213 8.22318 139.408
164.4 23.5315 81.7628 9.1848 154.566
164.5 28.1429 64.9594 9.16756 171.37
164.6 31.4515 48.156 8.31044 188.173
164.7 32.4737 32.9975 6.79002 203.332
164.8 29.3329 20.9676 4.7863 215.361
164.9 18.922 13.2439 2.46975 223.085
165 4.9448e-12 10.5825 5.83717e-13 225.746
165.1 161.078 13.2439 177.53 223.085
165.2 150.667 20.9676 175.214 215.361
165.3 147.526 32.9975 173.21 203.332
165.4 148.548 48.156 171.69 188.173
165.5 151.857 64.9594 170.832 171.37
165.6 156.469 81.7628 170.815 154.566
165.7 161.849 96.9213 171.777 139.408
165.8 167.687 108.951 173.757 127.378
165.9 173.785 116.675 176.618 119.654
166 5.83589e-13 119.336 3.2538e-13 116.993
166.1 6.21529 116.675 3.38246 119.654
166.2 12.3129 108.951 6.24315 127.378
166.3 18.1511 96.9213 8.22318 139.408
166.4 23.5315 81.7628 9.1848 154.566
166.5 28.1429 64.9594 9.16756 171.37
166.6 31.4515 48.156 8.31044 188.173
166.7 32.4737 32.9975 6.79002 203.332
166.8 29.3329 20.9676 4.7863 215.361
166.9 18.922 13.2439 2.46975 223.085
167 180 10.5825 180 225.746
167.1 161.078 13.2439 177.53 223.085
167.2 150.667 20.9676 175.214 215.361
167.3 147.526 32.9975 173.21 203.332
167.4 148.548 48.156 171.69 188.173
167.5 151.857 64.9594 170.832 171.37
167.6 156.469 81.7628 170.815 154.566
167.7 161.849 96.9213 171.777 139.408
167.8 167.687 108.951 173.757 127.378
167.9 173.785 116.675 176.618 119.654
168 1.55729e-13 119.336 8.68264e-14 116.993
168.1 6.21529 116.675 3.38246 119.654
168.2 12.3129 108.951 6.24315 127.378
168.3 18.1511 96.9213 8.22318 139.408
168.4 23.5315 81.7628 9.1848 154.566
168.5 28.1429 64.9594 9.16756 171.37
168.6 31.4515 48.156 8.31044 188.173
168.7 32.4737 32.9975 6.79002 203.332
168.8 29.3329 20.9676 4.7863 215.361
168.9 18.922 13.2439 2.46975 223.085
169 1.97325e-13 10.5825 2.32936e-14 225.746
169.1 161.078 13.2439 177.53 223.085
169.2 150.667 20.9676 175.214 215.361
169.3 147.526 32.9975 173.21 203.332
169.4 148.548 48.156 171.69 188.173
169.5 151.857 64.9594 170.832 171.37
169.6 156.469 81.7628 170.815 154.566
169.7 161.849 96.9213 171.777 139.408
169.8 167.687 108.951 173.757 127.378
169.9 173.785 116.675 176.618 119.654
170 180 119.336 180 116.993
170.1 6.21529 116.675 3.38246 119.654
170.2 12.3129 108.951 6.24315 127.378
170.3 18.1511 96.9213 8.22318 139.408
170.4 23.5315 81.7628 9.1848 154.566
170.5 28.1429 64.9594 9.16756 171.37
170.6 31.4515 48.156 8.31044 188.173
170.7 32.4737 32.9975 6.79002 203.332
170.8 29.3329 20.9676 4.7863 215.361
170.9 18.922 13.2439 2.46975 223.085
171 1.64793e-12 10.5825 1.94533e-13 225.746
171.1 161.078 13.2439 177.53 223.085
171.2 150.667 20.9676 175.214 215.361
171.3 147.526 32.9975 173.21 203.332
171.4 148.548 48.156 171.69 188.173
171.5 151.857 64.9594 170.832 171.37
171.6 156.469 81.7628 170.815 154.566
171.7 161.849 96.9213 171.777 139.408
171.8 167.687 108.951 173.757 127.378
171.9 173.785 116.675 176.618 119.654
172 180 119.336 180 116.993
172.1 6.21529 116.675 3.38246 119.654
172.2 12.3129 108.951 6.24315 127.378
172.3 18.1511 96.9213 8.22318 139.408
172.4 23.5315 81.7628 9.1848 154.566
172.5 28.1429 64.9594 9.16756 171.37
172.6 31.4515 48.156 8.31044 188.173
172.7 32.4737 32.9975 6.79002 203.332
172.8 29.3329 20.9676 4.7863 215.361
172.9 18.922 13.2439 2.46975 223.085
173 3.09854e-12 10.5825 3.65773e-13 225.746
173.1 161.078 13.2439 177.53 223.085
173.2 150.667 20.9676 175.214 215.361
173.3 147.526 32.9975 173.21 203.332
173.4 148.548 48.156 171.69 188.173
173.5 151.857 64.9594 170.832 171.37
173.6 156.469 81.7628 170.815 154.566
173.7 161.849 96.9213 171.777 139.408
173.8 167.687 108.951 173.757 127.378
173.9 173.785 116.675 176.618 119.654
174 180 119.336 180 116.993
174.1 6.21529 116.675 3.38246 119.654
174.2 12.3129 108.951 6.24315 127.378
174.3 18.1511 96.9213 8.22318 139.408
174.4 23.5315 81.7628 9.1848 154.566
174.5 28.1429 64.9594 9.16756 171.37
174.6 31.4515 48.156 8.31044 188.173
174.7 32.4737 32.9975 6.79002 203.332
174.8 29.3329 20.9676 4.7863 215.361
174.9 18.922 13.2439 2.46975 223.085
175 4.54915e-12 10.5825 5.37012e-13 225.746
175.1 161.078 13.2439 177.53 223.085
175.2 150.667 20.9676 175.214 215.361
175.3 147.526 32.9975 173.21 203.332
175.4 148.548 48.156 171.69 188.173
175.5 151.857 64.9594 170.832 171.37
175.6 156.469 81.7628 170.815 154.566
175.7 161.849 96.9213 171.777 139.408
175.8 167.687 108.951 173.757 127.378
175.9 173.785 116.675 176.618 119.654
176 180 119.336 180 116.993
176.1 6.21529 116.675 3.38246 119.654
176.2 12.3129 108.951 6.24315 127.378
176.3 18.1511 96.9213 8.22318 139.408
176.4 23.5315 81.7628 9.1848 154.566
176.5 28.1429 64.9594 9.16756 171.37
176.6 31.4515 48.156 8.31044 188.173
176.7 32.4737 32.9975 6.79002 203.332
176.8 29.3329 20.9676 4.7863 215.361
176.9 18.922 13.2439 2.46975 223.085
177 180 10.5825 180 225.746
177.1 161.078 13.2439 177.53 223.085
177.2 150.667 20.9676 175.214 215.361
177.3 147.526 32.9975 173.21 203.332
177.4 148.548 48.156 171.69 188.173
177.5 151.857 64.9594 170.832 171.37
177.6 156.469 81.7628 170.815 154.566
177.7 161.849 96.9213 171.777 139.408
177.8 167.687 108.951 173.757 127.378
177.9 173.785 116.675 176.618 119.654
178 2.72427e-13 119.336 1.51891e-13 116.993
178.1 6.21529 116.675 3.38246 119.654
178.2 12.3129 108.951 6.24315 127.378
178.3 18.1511 96.9213 8.22318 139.408
178.4 23.5315 81.7628 9.1848 154.566
178.5 28.1429 64.9594 9.16756 171.37
178.6 31.4515 48.156 8.31044 188.173
178.7 32.4737 32.9975 6.79002 203.332
178.8 29.3329 20.9676 4.7863 215.361
178.9 18.922 13.2439 2.46975 223.085
179 180 10.5825 180 225.746
179.1 161.078 13.2439 177.53 223.085
179.2 150.667 20.9676 175.214 215.361
179.3 147.526 32.9975 173.21 203.332
179.4 148.548 48.156 171.69 188.173
179.5 151.857 64.9594 170.832 171.37
179.6 156.469 81.7628 170.815 154.566
179.7 161.849 96.9213 171.777 139.408
179.8 167.687 108.951 173.757 127.378
179.9 173.785 116.675 176.618 119.654
180 180 119.336 180 116.993
