#theta_cm, theta3_lab, Ek3_lab, theta4_deg, Ek4_lab
0 0 105.572 0 152.376
0.1 10.5446 103.087 2.53514 154.86
0.2 21.1984 95.8762 4.71666 162.071
0.3 32.0868 84.6451 6.28198 173.302
0.4 43.3748 70.4931 7.10241 187.454
0.5 55.3141 54.8054 7.17164 203.142
0.6 68.3486 39.1177 6.56655 218.83
0.7 83.3868 24.9656 5.40803 232.982
0.8 102.6 13.7345 3.83396 244.213
0.9 131.766 6.52368 1.98512 251.424
1 180 4.03899 7.82652e-16 253.908
1.1 48.2344 6.52368 178.015 251.424
1.2 77.4001 13.7345 176.166 244.213
1.3 96.6132 24.9656 174.592 232.982
1.4 111.651 39.1177 173.433 218.83
1.5 124.686 54.8054 172.828 203.142
1.6 136.625 70.4931 172.898 187.454
1.7 147.913 84.6451 173.718 173.302
1.8 158.802 95.8762 175.283 162.071
1.9 169.455 103.087 177.465 154.86
2 180 105.572 180 152.376
2.1 10.5446 103.087 2.53514 154.86
2.2 21.1984 95.8762 4.71666 162.071
2.3 32.0868 84.6451 6.28198 173.302
2.4 43.3748 70.4931 7.10241 187.454
2.5 55.3141 54.8054 7.17164 203.142
2.6 68.3486 39.1177 6.56655 218.83
2.7 83.3868 24.9656 5.40803 232.982
2.8 102.6 13.7345 3.83396 244.213
2.9 131.766 6.52368 1.98512 251.424
3 180 4.03899 2.34796e-15 253.908
3.1 48.2344 6.52368 178.015 251.424
3.2 77.4001 13.7345 176.166 244.213
3.3 96.6132 24.9656 174.592 232.982
3.4 111.651 39.1177 173.433 218.83
3.5 124.686 54.8054 172.828 203.142
3.6 136.625 70.4931 172.898 187.454
3.7 147.913 84.6451 173.718 173.302
3.8 158.802 95.8762 175.283 162.071
3.9 169.455 103.087 177.465 154.86
4 180 105.572 180 152.376
4.1 10.5446 103.087 2.53514 154.86
4.2 21.1984 95.8762 4.71666 162.071
4.3 32.0868 84.6451 6.28198 173.302
4.4 43.3748 70.4931 7.10241 187.454
4.5 55.3141 54.8054 7.17164 203.142
4.6 68.3486 39.1177 6.56655 218.83
4.7 83.3868 24.9656 5.40803 232.982
4.8 102.6 13.7345 3.83396 244.213
4.9 131.766 6.52368 1.98512 251.424
5 180 4.03899 3.91326e-15 253.908
5.1 48.2344 6.52368 178.015 251.424
5.2 77.4001 13.7345 176.166 244.213
5.3 96.6132 24.9656 174.592 232.982
5.4 111.651 39.1177 173.433 218.83
5.5 124.686 54.8054 172.828 203.142
5.6 136.625 70.4931 172.898 187.454
5.7 147.913 84.6451 173.718 173.302
5.8 158.802 95.8762 175.283 162.071
5.9 169.455 103.087 177.465 154.86
6 180 105.572 180 152.376
6.1 10.5446 103.087 2.53514 154.86
6.2 21.1984 95.8762 4.71666 162.071
6.3 32.0868 84.6451 6.28198 173.302
6.4 43.3748 70.4931 7.10241 187.454
6.5 55.3141 54.8054 7.17164 203.142
6.6 68.3486 39.1177 6.56655 218.83
6.7 83.3868 24.9656 5.40803 232.982
6.8 102.6 13.7345 3.83396 244.213
6.9 131.766 6.52368 1.98512 251.424
7 180 4.03899 5.47856e-15 253.908
7.1 48.2344 6.52368 178.015 251.424
7.2 77.4001 13.7345 176.166 244.213
7.3 96.6132 24.9656 174.592 232.982
7.4 111.651 39.1177 173.433 218.83
7.5 124.686 54.8054 172.828 203.142
7.6 136.625 70.4931 172.898 187.454
7.7 147.913 84.6451 173.718 173.302
7.8 158.802 95.8762 175.283 162.071
7.9 169.455 103.087 177.465 154.86
8 180 105.572 180 152.376
8.1 10.5446 103.087 2.53514 154.86
8.2 21.1984 95.8762 4.71666 162.071
8.3 32.0868 84.6451 6.28198 173.302
8.4 43.3748 70.4931 7.10241 187.454
8.5 55.3141 54.8054 7.17164 203.142
8.6 68.3486 39.1177 6.56655 218.83
8.7 83.3868 24.9656 5.40803 232.982
8.8 102.6 13.7345 3.83396 244.213
8.9 131.766 6.52368 1.98512 251.424
9 180 4.03899 7.04387e-15 253.908
9.1 48.2344 6.52368 178.015 251.424
9.2 77.4001 13.7345 176.166 244.213
9.3 96.6132 24.9656 174.592 232.982
9.4 111.651 39.1177 173.433 218.83
9.5 124.686 54.8054 172.828 203.142
9.6 136.625 70.4931 172.898 187.454
9.7 147.913 84.6451 173.718 173.302
9.8 158.802 95.8762 175.283 162.071
9.9 169.455 103.087 177.465 154.86
10 180 105.572 180 152.376
10.1 10.5446 103.087 2.53514 154.86
10.2 21.1984 95.8762 4.71666 162.071
10.3 32.0868 84.6451 6.28198 173.302
10.4 43.3748 70.4931 7.10241 187.454
10.5 55.3141 54.8054 7.17164 203.142
10.6 68.3486 39.1177 6.56655 218.83
10.7 83.3868 24.9656 5.40803 232.982
10.8 102.6 13.7345 3.83396 244.213
10.9 131.766 6.52368 1.98512 251.424
11 180 4.03899 3.1314e-14 253.908
11.1 48.2344 6.52368 178.015 251.424
11.2 77.4001 13.7345 176.166 244.213
11.3 96.6132 24.9656 174.592 232.982
11.4 111.651 39.1177 173.433 218.83
11.5 124.686 54.8054 172.828 203.142
11.6 136.625 70.4931 172.898 187.454
11.7 147.913 84.6451 173.718 173.302
11.8 158.802 95.8762 175.283 162.071
11.9 169.455 103.087 177.465 154.86
12 180 105.572 180 152.376
12.1 10.5446 103.087 2.53514 154.86
12.2 21.1984 95.8762 4.71666 162.071
12.3 32.0868 84.6451 6.28198 173.302
12.4 43.3748 70.4931 7.10241 187.454
12.5 55.3141 54.8054 7.17164 203.142
12.6 68.3486 39.1177 6.56655 218.83
12.7 83.3868 24.9656 5.40803 232.982
12.8 102.6 13.7345 3.83396 244.213
12.9 131.766 6.52368 1.98512 251.424
13 3.69482e-13 4.03899 180 253.908
13.1 48.2344 6.52368 178.015 251.424
13.2 77.4001 13.7345 176.166 244.213
13.3 96.6132 24.9656 174.592 232.982
13.4 111.651 39.1177 173.433 218.83
13.5 124.686 54.8054 172.828 203.142
13.6 136.625 70.4931 172.898 187.454
13.7 147.913 84.6451 173.718 173.302
13.8 158.802 95.8762 175.283 162.071
13.9 169.455 103.087 177.465 154.86
14 180 105.572 180 152.376
14.1 10.5446 103.087 2.53514 154.86
14.2 21.1984 95.8762 4.71666 162.071
14.3 32.0868 84.6451 6.28198 173.302
14.4 43.3748 70.4931 7.10241 187.454
14.5 55.3141 54.8054 7.17164 203.142
14.6 68.3486 39.1177 6.56655 218.83
14.7 83.3868 24.9656 5.40803 232.982
14.8 102.6 13.7345 3.83396 244.213
14.9 131.766 6.52368 1.98512 251.424
15 180 4.03899 3.44446e-14 253.908
15.1 48.2344 6.52368 178.015 251.424
15.2 77.4001 13.7345 176.166 244.213
15.3 96.6132 24.9656 174.592 232.982
15.4 111.651 39.1177 173.433 218.83
15.5 124.686 54.8054 172.828 203.142
15.6 136.625 70.4931 172.898 187.454
15.7 147.913 84.6451 173.718 173.302
15.8 158.802 95.8762 175.283 162.071
15.9 169.455 103.087 177.465 154.86
16 180 105.572 180 152.376
16.1 10.5446 103.087 2.53514 154.86
16.2 21.1984 95.8762 4.71666 162.071
16.3 32.0868 84.6451 6.28198 173.302
16.4 43.3748 70.4931 7.10241 187.454
16.5 55.3141 54.8054 7.17164 203.142
16.6 68.3486 39.1177 6.56655 218.83
16.7 83.3868 24.9656 5.40803 232.982
16.8 102.6 13.7345 3.83396 244.213
16.9 131.766 6.52368 1.98512 251.424
17 2.55795e-13 4.03899 180 253.908
17.1 48.2344 6.52368 178.015 251.424
17.2 77.4001 13.7345 176.166 244.213
17.3 96.6132 24.9656 174.592 232.982
17.4 111.651 39.1177 173.433 218.83
17.5 124.686 54.8054 172.828 203.142
17.6 136.625 70.4931 172.898 187.454
17.7 147.913 84.6451 173.718 173.302
17.8 158.802 95.8762 175.283 162.071
17.9 169.455 103.087 177.465 154.86
18 180 105.572 180 152.376
18.1 10.5446 103.087 2.53514 154.86
18.2 21.1984 95.8762 4.71666 162.071
18.3 32.0868 84.6451 6.28198 173.302
18.4 43.3748 70.4931 7.10241 187.454
18.5 55.3141 54.8054 7.17164 203.142
18.6 68.3486 39.1177 6.56655 218.83
18.7 83.3868 24.9656 5.40803 232.982
18.8 102.6 13.7345 3.83396 244.213
18.9 131.766 6.52368 1.98512 251.424
19 180 4.03899 3.75752e-14 253.908
19.1 48.2344 6.52368 178.015 251.424
19.2 77.4001 13.7345 176.166 244.213
19.3 96.6132 24.9656 174.592 232.982
19.4 111.651 39.1177 173.433 218.83
19.5 124.686 54.8054 172.828 203.142
19.6 136.625 70.4931 172.898 187.454
19.7 147.913 84.6451 173.718 173.302
19.8 158.802 95.8762 175.283 162.071
19.9 169.455 103.087 177.465 154.86
20 180 105.572 180 152.376
20.1 10.5446 103.087 2.53514 154.86
20.2 21.1984 95.8762 4.71666 162.071
20.3 32.0868 84.6451 6.28198 173.302
20.4 43.3748 70.4931 7.10241 187.454
20.5 55.3141 54.8054 7.17164 203.142
20.6 68.3486 39.1177 6.56655 218.83
20.7 83.3868 24.9656 5.40803 232.982
20.8 102.6 13.7345 3.83396 244.213
20.9 131.766 6.52368 1.98512 251.424
21 1.7053e-13 4.03899 180 253.908
21.1 48.2344 6.52368 178.015 251.424
21.2 77.4001 13.7345 176.166 244.213
21.3 96.6132 24.9656 174.592 232.982
21.4 111.651 39.1177 173.433 218.83
21.5 124.686 54.8054 172.828 203.142
21.6 136.625 70.4931 172.898 187.454
21.7 147.913 84.6451 173.718 173.302
21.8 158.802 95.8762 175.283 162.071
21.9 169.455 103.087 177.465 154.86
22 180 105.572 180 152.376
22.1 10.5446 103.087 2.53514 154.86
22.2 21.1984 95.8762 4.71666 162.071
22.3 32.0868 84.6451 6.28198 173.302
22.4 43.3748 70.4931 7.10241 187.454
22.5 55.3141 54.8054 7.17164 203.142
22.6 68.3486 39.1177 6.56655 218.83
22.7 83.3868 24.9656 5.40803 232.982
22.8 102.6 13.7345 3.83396 244.213
22.9 131.766 6.52368 1.98512 251.424
23 180 4.03899 4.07058e-14 253.908
23.1 48.2344 6.52368 178.015 251.424
23.2 77.4001 13.7345 176.166 244.213
23.3 96.6132 24.9656 174.592 232.982
23.4 111.651 39.1177 173.433 218.83
23.5 124.686 54.8054 172.828 203.142
23.6 136.625 70.4931 172.898 187.454
23.7 147.913 84.6451 173.718 173.302
23.8 158.802 95.8762 175.283 162.071
23.9 169.455 103.087 177.465 154.86
24 180 105.572 180 152.376
24.1 10.5446 103.087 2.53514 154.86
24.2 21.1984 95.8762 4.71666 162.071
24.3 32.0868 84.6451 6.28198 173.302
24.4 43.3748 70.4931 7.10241 187.454
24.5 55.3141 54.8054 7.17164 203.142
24.6 68.3486 39.1177 6.56655 218.83
24.7 83.3868 24.9656 5.40803 232.982
24.8 102.6 13.7345 3.83396 244.213
24.9 131.766 6.52368 1.98512 251.424
25 5.68434e-14 4.03899 180 253.908
25.1 48.2344 6.52368 178.015 251.424
25.2 77.4001 13.7345 176.166 244.213
25.3 96.6132 24.9656 174.592 232.982
25.4 111.651 39.1177 173.433 218.83
25.5 124.686 54.8054 172.828 203.142
25.6 136.625 70.4931 172.898 187.454
25.7 147.913 84.6451 173.718 173.302
25.8 158.802 95.8762 175.283 162.071
25.9 169.455 103.087 177.465 154.86
26 1.31396e-13 105.572 3.24227e-14 152.376
26.1 10.5446 103.087 2.53514 154.86
26.2 21.1984 95.8762 4.71666 162.071
26.3 32.0868 84.6451 6.28198 173.302
26.4 43.3748 70.4931 7.10241 187.454
26.5 55.3141 54.8054 7.17164 203.142
26.6 68.3486 39.1177 6.56655 218.83
26.7 83.3868 24.9656 5.40803 232.982
26.8 102.6 13.7345 3.83396 244.213
26.9 131.766 6.52368 1.98512 251.424
27 180 4.03899 4.38364e-14 253.908
27.1 48.2344 6.52368 178.015 251.424
27.2 77.4001 13.7345 176.166 244.213
27.3 96.6132 24.9656 174.592 232.982
27.4 111.651 39.1177 173.433 218.83
27.5 124.686 54.8054 172.828 203.142
27.6 136.625 70.4931 172.898 187.454
27.7 147.913 84.6451 173.718 173.302
27.8 158.802 95.8762 175.283 162.071
27.9 169.455 103.087 177.465 154.86
28 180 105.572 180 152.376
28.1 10.5446 103.087 2.53514 154.86
28.2 21.1984 95.8762 4.71666 162.071
28.3 32.0868 84.6451 6.28198 173.302
28.4 43.3748 70.4931 7.10241 187.454
28.5 55.3141 54.8054 7.17164 203.142
28.6 68.3486 39.1177 6.56655 218.83
28.7 83.3868 24.9656 5.40803 232.982
28.8 102.6 13.7345 3.83396 244.213
28.9 131.766 6.52368 1.98512 251.424
29 0 4.03899 180 253.908
29.1 48.2344 6.52368 178.015 251.424
29.2 77.4001 13.7345 176.166 244.213
29.3 96.6132 24.9656 174.592 232.982
29.4 111.651 39.1177 173.433 218.83
29.5 124.686 54.8054 172.828 203.142
29.6 136.625 70.4931 172.898 187.454
29.7 147.913 84.6451 173.718 173.302
29.8 158.802 95.8762 175.283 162.071
29.9 169.455 103.087 177.465 154.86
30 180 105.572 180 152.376
30.1 10.5446 103.087 2.53514 154.86
30.2 21.1984 95.8762 4.71666 162.071
30.3 32.0868 84.6451 6.28198 173.302
30.4 43.3748 70.4931 7.10241 187.454
30.5 55.3141 54.8054 7.17164 203.142
30.6 68.3486 39.1177 6.56655 218.83
30.7 83.3868 24.9656 5.40803 232.982
30.8 102.6 13.7345 3.83396 244.213
30.9 131.766 6.52368 1.98512 251.424
31 180 4.03899 4.6967e-14 253.908
31.1 48.2344 6.52368 178.015 251.424
31.2 77.4001 13.7345 176.166 244.213
31.3 96.6132 24.9656 174.592 232.982
31.4 111.651 39.1177 173.433 218.83
31.5 124.686 54.8054 172.828 203.142
31.6 136.625 70.4931 172.898 187.454
31.7 147.913 84.6451 173.718 173.302
31.8 158.802 95.8762 175.283 162.071
31.9 169.455 103.087 177.465 154.86
32 180 105.572 180 152.376
32.1 10.5446 103.087 2.53514 154.86
32.2 21.1984 95.8762 4.71666 162.071
32.3 32.0868 84.6451 6.28198 173.302
32.4 43.3748 70.4931 7.10241 187.454
32.5 55.3141 54.8054 7.17164 203.142
32.6 68.3486 39.1177 6.56655 218.83
32.7 83.3868 24.9656 5.40803 232.982
32.8 102.6 13.7345 3.83396 244.213
32.9 131.766 6.52368 1.98512 251.424
33 180 4.03899 3.1227e-15 253.908
33.1 48.2344 6.52368 178.015 251.424
33.2 77.4001 13.7345 176.166 244.213
33.3 96.6132 24.9656 174.592 232.982
33.4 111.651 39.1177 173.433 218.83
33.5 124.686 54.8054 172.828 203.142
33.6 136.625 70.4931 172.898 187.454
33.7 147.913 84.6451 173.718 173.302
33.8 158.802 95.8762 175.283 162.071
33.9 169.455 103.087 177.465 154.86
34 9.8568e-14 105.572 2.43221e-14 152.376
34.1 10.5446 103.087 2.53514 154.86
34.2 21.1984 95.8762 4.71666 162.071
34.3 32.0868 84.6451 6.28198 173.302
34.4 43.3748 70.4931 7.10241 187.454
34.5 55.3141 54.8054 7.17164 203.142
34.6 68.3486 39.1177 6.56655 218.83
34.7 83.3868 24.9656 5.40803 232.982
34.8 102.6 13.7345 3.83396 244.213
34.9 131.766 6.52368 1.98512 251.424
35 180 4.03899 5.00976e-14 253.908
35.1 48.2344 6.52368 178.015 251.424
35.2 77.4001 13.7345 176.166 244.213
35.3 96.6132 24.9656 174.592 232.982
35.4 111.651 39.1177 173.433 218.83
35.5 124.686 54.8054 172.828 203.142
35.6 136.625 70.4931 172.898 187.454
35.7 147.913 84.6451 173.718 173.302
35.8 158.802 95.8762 175.283 162.071
35.9 169.455 103.087 177.465 154.86
36 180 105.572 180 152.376
36.1 10.5446 103.087 2.53514 154.86
36.2 21.1984 95.8762 4.71666 162.071
36.3 32.0868 84.6451 6.28198 173.302
36.4 43.3748 70.4931 7.10241 187.454
36.5 55.3141 54.8054 7.17164 203.142
36.6 68.3486 39.1177 6.56655 218.83
36.7 83.3868 24.9656 5.40803 232.982
36.8 102.6 13.7345 3.83396 244.213
36.9 131.766 6.52368 1.98512 251.424
37 180 4.03899 6.25331e-15 253.908
37.1 48.2344 6.52368 178.015 251.424
37.2 77.4001 13.7345 176.166 244.213
37.3 96.6132 24.9656 174.592 232.982
37.4 111.651 39.1177 173.433 218.83
37.5 124.686 54.8054 172.828 203.142
37.6 136.625 70.4931 172.898 187.454
37.7 147.913 84.6451 173.718 173.302
37.8 158.802 95.8762 175.283 162.071
37.9 169.455 103.087 177.465 154.86
38 180 105.572 180 152.376
38.1 10.5446 103.087 2.53514 154.86
38.2 21.1984 95.8762 4.71666 162.071
38.3 32.0868 84.6451 6.28198 173.302
38.4 43.3748 70.4931 7.10241 187.454
38.5 55.3141 54.8054 7.17164 203.142
38.6 68.3486 39.1177 6.56655 218.83
38.7 83.3868 24.9656 5.40803 232.982
38.8 102.6 13.7345 3.83396 244.213
38.9 131.766 6.52368 1.98512 251.424
39 180 4.03899 5.32283e-14 253.908
39.1 48.2344 6.52368 178.015 251.424
39.2 77.4001 13.7345 176.166 244.213
39.3 96.6132 24.9656 174.592 232.982
39.4 111.651 39.1177 173.433 218.83
39.5 124.686 54.8054 172.828 203.142
39.6 136.625 70.4931 172.898 187.454
39.7 147.913 84.6451 173.718 173.302
39.8 158.802 95.8762 175.283 162.071
39.9 169.455 103.087 177.465 154.86
40 180 105.572 180 152.376
40.1 10.5446 103.087 2.53514 154.86
40.2 21.1984 95.8762 4.71666 162.071
40.3 32.0868 84.6451 6.28198 173.302
40.4 43.3748 70.4931 7.10241 187.454
40.5 55.3141 54.8054 7.17164 203.142
40.6 68.3486 39.1177 6.56655 218.83
40.7 83.3868 24.9656 5.40803 232.982
40.8 102.6 13.7345 3.83396 244.213
40.9 131.766 6.52368 1.98512 251.424
41 180 4.03899 1.00203e-13 253.908
41.1 48.2344 6.52368 178.015 251.424
41.2 77.4001 13.7345 176.166 244.213
41.3 96.6132 24.9656 174.592 232.982
41.4 111.651 39.1177 173.433 218.83
41.5 124.686 54.8054 172.828 203.142
41.6 136.625 70.4931 172.898 187.454
41.7 147.913 84.6451 173.718 173.302
41.8 158.802 95.8762 175.283 162.071
41.9 169.455 103.087 177.465 154.86
42 6.57396e-14 105.572 1.62216e-14 152.376
42.1 10.5446 103.087 2.53514 154.86
42.2 21.1984 95.8762 4.71666 162.071
42.3 32.0868 84.6451 6.28198 173.302
42.4 43.3748 70.4931 7.10241 187.454
42.5 55.3141 54.8054 7.17164 203.142
42.6 68.3486 39.1177 6.56655 218.83
42.7 83.3868 24.9656 5.40803 232.982
42.8 102.6 13.7345 3.83396 244.213
42.9 131.766 6.52368 1.98512 251.424
43 180 4.03899 5.63589e-14 253.908
43.1 48.2344 6.52368 178.015 251.424
43.2 77.4001 13.7345 176.166 244.213
43.3 96.6132 24.9656 174.592 232.982
43.4 111.651 39.1177 173.433 218.83
43.5 124.686 54.8054 172.828 203.142
43.6 136.625 70.4931 172.898 187.454
43.7 147.913 84.6451 173.718 173.302
43.8 158.802 95.8762 175.283 162.071
43.9 169.455 103.087 177.465 154.86
44 180 105.572 180 152.376
44.1 10.5446 103.087 2.53514 154.86
44.2 21.1984 95.8762 4.71666 162.071
44.3 32.0868 84.6451 6.28198 173.302
44.4 43.3748 70.4931 7.10241 187.454
44.5 55.3141 54.8054 7.17164 203.142
44.6 68.3486 39.1177 6.56655 218.83
44.7 83.3868 24.9656 5.40803 232.982
44.8 102.6 13.7345 3.83396 244.213
44.9 131.766 6.52368 1.98512 251.424
45 180 4.03899 1.25145e-14 253.908
45.1 48.2344 6.52368 178.015 251.424
45.2 77.4001 13.7345 176.166 244.213
45.3 96.6132 24.9656 174.592 232.982
45.4 111.651 39.1177 173.433 218.83
45.5 124.686 54.8054 172.828 203.142
45.6 136.625 70.4931 172.898 187.454
45.7 147.913 84.6451 173.718 173.302
45.8 158.802 95.8762 175.283 162.071
45.9 169.455 103.087 177.465 154.86
46 180 105.572 180 152.376
46.1 10.5446 103.087 2.53514 154.86
46.2 21.1984 95.8762 4.71666 162.071
46.3 32.0868 84.6451 6.28198 173.302
46.4 43.3748 70.4931 7.10241 187.454
46.5 55.3141 54.8054 7.17164 203.142
46.6 68.3486 39.1177 6.56655 218.83
46.7 83.3868 24.9656 5.40803 232.982
46.8 102.6 13.7345 3.83396 244.213
46.9 131.766 6.52368 1.98512 251.424
47 8.52651e-13 4.03899 180 253.908
47.1 48.2344 6.52368 178.015 251.424
47.2 77.4001 13.7345 176.166 244.213
47.3 96.6132 24.9656 174.592 232.982
47.4 111.651 39.1177 173.433 218.83
47.5 124.686 54.8054 172.828 203.142
47.6 136.625 70.4931 172.898 187.454
47.7 147.913 84.6451 173.718 173.302
47.8 158.802 95.8762 175.283 162.071
47.9 169.455 103.087 177.465 154.86
48 180 105.572 180 152.376
48.1 10.5446 103.087 2.53514 154.86
48.2 21.1984 95.8762 4.71666 162.071
48.3 32.0868 84.6451 6.28198 173.302
48.4 43.3748 70.4931 7.10241 187.454
48.5 55.3141 54.8054 7.17164 203.142
48.6 68.3486 39.1177 6.56655 218.83
48.7 83.3868 24.9656 5.40803 232.982
48.8 102.6 13.7345 3.83396 244.213
48.9 131.766 6.52368 1.98512 251.424
49 180 4.03899 1.06464e-13 253.908
49.1 48.2344 6.52368 178.015 251.424
49.2 77.4001 13.7345 176.166 244.213
49.3 96.6132 24.9656 174.592 232.982
49.4 111.651 39.1177 173.433 218.83
49.5 124.686 54.8054 172.828 203.142
49.6 136.625 70.4931 172.898 187.454
49.7 147.913 84.6451 173.718 173.302
49.8 158.802 95.8762 175.283 162.071
49.9 169.455 103.087 177.465 154.86
50 3.29113e-14 105.572 8.12103e-15 152.376
50.1 10.5446 103.087 2.53514 154.86
50.2 21.1984 95.8762 4.71666 162.071
50.3 32.0868 84.6451 6.28198 173.302
50.4 43.3748 70.4931 7.10241 187.454
50.5 55.3141 54.8054 7.17164 203.142
50.6 68.3486 39.1177 6.56655 218.83
50.7 83.3868 24.9656 5.40803 232.982
50.8 102.6 13.7345 3.83396 244.213
50.9 131.766 6.52368 1.98512 251.424
51 180 4.03899 6.26201e-14 253.908
51.1 48.2344 6.52368 178.015 251.424
51.2 77.4001 13.7345 176.166 244.213
51.3 96.6132 24.9656 174.592 232.982
51.4 111.651 39.1177 173.433 218.83
51.5 124.686 54.8054 172.828 203.142
51.6 136.625 70.4931 172.898 187.454
51.7 147.913 84.6451 173.718 173.302
51.8 158.802 95.8762 175.283 162.071
51.9 169.455 103.087 177.465 154.86
52 2.62793e-13 105.572 6.48454e-14 152.376
52.1 10.5446 103.087 2.53514 154.86
52.2 21.1984 95.8762 4.71666 162.071
52.3 32.0868 84.6451 6.28198 173.302
52.4 43.3748 70.4931 7.10241 187.454
52.5 55.3141 54.8054 7.17164 203.142
52.6 68.3486 39.1177 6.56655 218.83
52.7 83.3868 24.9656 5.40803 232.982
52.8 102.6 13.7345 3.83396 244.213
52.9 131.766 6.52368 1.98512 251.424
53 180 4.03899 1.87757e-14 253.908
53.1 48.2344 6.52368 178.015 251.424
53.2 77.4001 13.7345 176.166 244.213
53.3 96.6132 24.9656 174.592 232.982
53.4 111.651 39.1177 173.433 218.83
53.5 124.686 54.8054 172.828 203.142
53.6 136.625 70.4931 172.898 187.454
53.7 147.913 84.6451 173.718 173.302
53.8 158.802 95.8762 175.283 162.071
53.9 169.455 103.087 177.465 154.86
54 180 105.572 180 152.376
54.1 10.5446 103.087 2.53514 154.86
54.2 21.1984 95.8762 4.71666 162.071
54.3 32.0868 84.6451 6.28198 173.302
54.4 43.3748 70.4931 7.10241 187.454
54.5 55.3141 54.8054 7.17164 203.142
54.6 68.3486 39.1177 6.56655 218.83
54.7 83.3868 24.9656 5.40803 232.982
54.8 102.6 13.7345 3.83396 244.213
54.9 131.766 6.52368 1.98512 251.424
55 6.82121e-13 4.03899 180 253.908
55.1 48.2344 6.52368 178.015 251.424
55.2 77.4001 13.7345 176.166 244.213
55.3 96.6132 24.9656 174.592 232.982
55.4 111.651 39.1177 173.433 218.83
55.5 124.686 54.8054 172.828 203.142
55.6 136.625 70.4931 172.898 187.454
55.7 147.913 84.6451 173.718 173.302
55.8 158.802 95.8762 175.283 162.071
55.9 169.455 103.087 177.465 154.86
56 180 105.572 180 152.376
56.1 10.5446 103.087 2.53514 154.86
56.2 21.1984 95.8762 4.71666 162.071
56.3 32.0868 84.6451 6.28198 173.302
56.4 43.3748 70.4931 7.10241 187.454
56.5 55.3141 54.8054 7.17164 203.142
56.6 68.3486 39.1177 6.56655 218.83
56.7 83.3868 24.9656 5.40803 232.982
56.8 102.6 13.7345 3.83396 244.213
56.9 131.766 6.52368 1.98512 251.424
57 180 4.03899 1.12726e-13 253.908
57.1 48.2344 6.52368 178.015 251.424
57.2 77.4001 13.7345 176.166 244.213
57.3 96.6132 24.9656 174.592 232.982
57.4 111.651 39.1177 173.433 218.83
57.5 124.686 54.8054 172.828 203.142
57.6 136.625 70.4931 172.898 187.454
57.7 147.913 84.6451 173.718 173.302
57.8 158.802 95.8762 175.283 162.071
57.9 169.455 103.087 177.465 154.86
58 8.29631e-17 105.572 2.04716e-17 152.376
58.1 10.5446 103.087 2.53514 154.86
58.2 21.1984 95.8762 4.71666 162.071
58.3 32.0868 84.6451 6.28198 173.302
58.4 43.3748 70.4931 7.10241 187.454
58.5 55.3141 54.8054 7.17164 203.142
58.6 68.3486 39.1177 6.56655 218.83
58.7 83.3868 24.9656 5.40803 232.982
58.8 102.6 13.7345 3.83396 244.213
58.9 131.766 6.52368 1.98512 251.424
59 180 4.03899 6.88813e-14 253.908
59.1 48.2344 6.52368 178.015 251.424
59.2 77.4001 13.7345 176.166 244.213
59.3 96.6132 24.9656 174.592 232.982
59.4 111.651 39.1177 173.433 218.83
59.5 124.686 54.8054 172.828 203.142
59.6 136.625 70.4931 172.898 187.454
59.7 147.913 84.6451 173.718 173.302
59.8 158.802 95.8762 175.283 162.071
59.9 169.455 103.087 177.465 154.86
60 180 105.572 180 152.376
60.1 10.5446 103.087 2.53514 154.86
60.2 21.1984 95.8762 4.71666 162.071
60.3 32.0868 84.6451 6.28198 173.302
60.4 43.3748 70.4931 7.10241 187.454
60.5 55.3141 54.8054 7.17164 203.142
60.6 68.3486 39.1177 6.56655 218.83
60.7 83.3868 24.9656 5.40803 232.982
60.8 102.6 13.7345 3.83396 244.213
60.9 131.766 6.52368 1.98512 251.424
61 180 4.03899 2.5037e-14 253.908
61.1 48.2344 6.52368 178.015 251.424
61.2 77.4001 13.7345 176.166 244.213
61.3 96.6132 24.9656 174.592 232.982
61.4 111.651 39.1177 173.433 218.83
61.5 124.686 54.8054 172.828 203.142
61.6 136.625 70.4931 172.898 187.454
61.7 147.913 84.6451 173.718 173.302
61.8 158.802 95.8762 175.283 162.071
61.9 169.455 103.087 177.465 154.86
62 180 105.572 180 152.376
62.1 10.5446 103.087 2.53514 154.86
62.2 21.1984 95.8762 4.71666 162.071
62.3 32.0868 84.6451 6.28198 173.302
62.4 43.3748 70.4931 7.10241 187.454
62.5 55.3141 54.8054 7.17164 203.142
62.6 68.3486 39.1177 6.56655 218.83
62.7 83.3868 24.9656 5.40803 232.982
62.8 102.6 13.7345 3.83396 244.213
62.9 131.766 6.52368 1.98512 251.424
63 5.11591e-13 4.03899 180 253.908
63.1 48.2344 6.52368 178.015 251.424
63.2 77.4001 13.7345 176.166 244.213
63.3 96.6132 24.9656 174.592 232.982
63.4 111.651 39.1177 173.433 218.83
63.5 124.686 54.8054 172.828 203.142
63.6 136.625 70.4931 172.898 187.454
63.7 147.913 84.6451 173.718 173.302
63.8 158.802 95.8762 175.283 162.071
63.9 169.455 103.087 177.465 154.86
64 180 105.572 180 152.376
64.1 10.5446 103.087 2.53514 154.86
64.2 21.1984 95.8762 4.71666 162.071
64.3 32.0868 84.6451 6.28198 173.302
64.4 43.3748 70.4931 7.10241 187.454
64.5 55.3141 54.8054 7.17164 203.142
64.6 68.3486 39.1177 6.56655 218.83
64.7 83.3868 24.9656 5.40803 232.982
64.8 102.6 13.7345 3.83396 244.213
64.9 131.766 6.52368 1.98512 251.424
65 180 4.03899 1.18987e-13 253.908
65.1 48.2344 6.52368 178.015 251.424
65.2 77.4001 13.7345 176.166 244.213
65.3 96.6132 24.9656 174.592 232.982
65.4 111.651 39.1177 173.433 218.83
65.5 124.686 54.8054 172.828 203.142
65.6 136.625 70.4931 172.898 187.454
65.7 147.913 84.6451 173.718 173.302
65.8 158.802 95.8762 175.283 162.071
65.9 169.455 103.087 177.465 154.86
66 180 105.572 180 152.376
66.1 10.5446 103.087 2.53514 154.86
66.2 21.1984 95.8762 4.71666 162.071
66.3 32.0868 84.6451 6.28198 173.302
66.4 43.3748 70.4931 7.10241 187.454
66.5 55.3141 54.8054 7.17164 203.142
66.6 68.3486 39.1177 6.56655 218.83
66.7 83.3868 24.9656 5.40803 232.982
66.8 102.6 13.7345 3.83396 244.213
66.9 131.766 6.52368 1.98512 251.424
67 180 4.03899 7.51425e-14 253.908
67.1 48.2344 6.52368 178.015 251.424
67.2 77.4001 13.7345 176.166 244.213
67.3 96.6132 24.9656 174.592 232.982
67.4 111.651 39.1177 173.433 218.83
67.5 124.686 54.8054 172.828 203.142
67.6 136.625 70.4931 172.898 187.454
67.7 147.913 84.6451 173.718 173.302
67.8 158.802 95.8762 175.283 162.071
67.9 169.455 103.087 177.465 154.86
68 1.97136e-13 105.572 4.86443e-14 152.376
68.1 10.5446 103.087 2.53514 154.86
68.2 21.1984 95.8762 4.71666 162.071
68.3 32.0868 84.6451 6.28198 173.302
68.4 43.3748 70.4931 7.10241 187.454
68.5 55.3141 54.8054 7.17164 203.142
68.6 68.3486 39.1177 6.56655 218.83
68.7 83.3868 24.9656 5.40803 232.982
68.8 102.6 13.7345 3.83396 244.213
68.9 131.766 6.52368 1.98512 251.424
69 180 4.03899 3.12982e-14 253.908
69.1 48.2344 6.52368 178.015 251.424
69.2 77.4001 13.7345 176.166 244.213
69.3 96.6132 24.9656 174.592 232.982
69.4 111.651 39.1177 173.433 218.83
69.5 124.686 54.8054 172.828 203.142
69.6 136.625 70.4931 172.898 187.454
69.7 147.913 84.6451 173.718 173.302
69.8 158.802 95.8762 175.283 162.071
69.9 169.455 103.087 177.465 154.86
70 180 105.572 180 152.376
70.1 10.5446 103.087 2.53514 154.86
70.2 21.1984 95.8762 4.71666 162.071
70.3 32.0868 84.6451 6.28198 173.302
70.4 43.3748 70.4931 7.10241 187.454
70.5 55.3141 54.8054 7.17164 203.142
70.6 68.3486 39.1177 6.56655 218.83
70.7 83.3868 24.9656 5.40803 232.982
70.8 102.6 13.7345 3.83396 244.213
70.9 131.766 6.52368 1.98512 251.424
71 3.69482e-13 4.03899 180 253.908
71.1 48.2344 6.52368 178.015 251.424
71.2 77.4001 13.7345 176.166 244.213
71.3 96.6132 24.9656 174.592 232.982
71.4 111.651 39.1177 173.433 218.83
71.5 124.686 54.8054 172.828 203.142
71.6 136.625 70.4931 172.898 187.454
71.7 147.913 84.6451 173.718 173.302
71.8 158.802 95.8762 175.283 162.071
71.9 169.455 103.087 177.465 154.86
72 180 105.572 180 152.376
72.1 10.5446 103.087 2.53514 154.86
72.2 21.1984 95.8762 4.71666 162.071
72.3 32.0868 84.6451 6.28198 173.302
72.4 43.3748 70.4931 7.10241 187.454
72.5 55.3141 54.8054 7.17164 203.142
72.6 68.3486 39.1177 6.56655 218.83
72.7 83.3868 24.9656 5.40803 232.982
72.8 102.6 13.7345 3.83396 244.213
72.9 131.766 6.52368 1.98512 251.424
73 180 4.03899 1.25248e-13 253.908
73.1 48.2344 6.52368 178.015 251.424
73.2 77.4001 13.7345 176.166 244.213
73.3 96.6132 24.9656 174.592 232.982
73.4 111.651 39.1177 173.433 218.83
73.5 124.686 54.8054 172.828 203.142
73.6 136.625 70.4931 172.898 187.454
73.7 147.913 84.6451 173.718 173.302
73.8 158.802 95.8762 175.283 162.071
73.9 169.455 103.087 177.465 154.86
74 180 105.572 180 152.376
74.1 10.5446 103.087 2.53514 154.86
74.2 21.1984 95.8762 4.71666 162.071
74.3 32.0868 84.6451 6.28198 173.302
74.4 43.3748 70.4931 7.10241 187.454
74.5 55.3141 54.8054 7.17164 203.142
74.6 68.3486 39.1177 6.56655 218.83
74.7 83.3868 24.9656 5.40803 232.982
74.8 102.6 13.7345 3.83396 244.213
74.9 131.766 6.52368 1.98512 251.424
75 180 4.03899 8.14037e-14 253.908
75.1 48.2344 6.52368 178.015 251.424
75.2 77.4001 13.7345 176.166 244.213
75.3 96.6132 24.9656 174.592 232.982
75.4 111.651 39.1177 173.433 218.83
75.5 124.686 54.8054 172.828 203.142
75.6 136.625 70.4931 172.898 187.454
75.7 147.913 84.6451 173.718 173.302
75.8 158.802 95.8762 175.283 162.071
75.9 169.455 103.087 177.465 154.86
76 180 105.572 180 152.376
76.1 10.5446 103.087 2.53514 154.86
76.2 21.1984 95.8762 4.71666 162.071
76.3 32.0868 84.6451 6.28198 173.302
76.4 43.3748 70.4931 7.10241 187.454
76.5 55.3141 54.8054 7.17164 203.142
76.6 68.3486 39.1177 6.56655 218.83
76.7 83.3868 24.9656 5.40803 232.982
76.8 102.6 13.7345 3.83396 244.213
76.9 131.766 6.52368 1.98512 251.424
77 180 4.03899 3.75594e-14 253.908
77.1 48.2344 6.52368 178.015 251.424
77.2 77.4001 13.7345 176.166 244.213
77.3 96.6132 24.9656 174.592 232.982
77.4 111.651 39.1177 173.433 218.83
77.5 124.686 54.8054 172.828 203.142
77.6 136.625 70.4931 172.898 187.454
77.7 147.913 84.6451 173.718 173.302
77.8 158.802 95.8762 175.283 162.071
77.9 169.455 103.087 177.465 154.86
78 180 105.572 180 152.376
78.1 10.5446 103.087 2.53514 154.86
78.2 21.1984 95.8762 4.71666 162.071
78.3 32.0868 84.6451 6.28198 173.302
78.4 43.3748 70.4931 7.10241 187.454
78.5 55.3141 54.8054 7.17164 203.142
78.6 68.3486 39.1177 6.56655 218.83
78.7 83.3868 24.9656 5.40803 232.982
78.8 102.6 13.7345 3.83396 244.213
78.9 131.766 6.52368 1.98512 251.424
79 1.7053e-13 4.03899 180 253.908
79.1 48.2344 6.52368 178.015 251.424
79.2 77.4001 13.7345 176.166 244.213
79.3 96.6132 24.9656 174.592 232.982
79.4 111.651 39.1177 173.433 218.83
79.5 124.686 54.8054 172.828 203.142
79.6 136.625 70.4931 172.898 187.454
79.7 147.913 84.6451 173.718 173.302
79.8 158.802 95.8762 175.283 162.071
79.9 169.455 103.087 177.465 154.86
80 180 105.572 180 152.376
80.1 10.5446 103.087 2.53514 154.86
80.2 21.1984 95.8762 4.71666 162.071
80.3 32.0868 84.6451 6.28198 173.302
80.4 43.3748 70.4931 7.10241 187.454
80.5 55.3141 54.8054 7.17164 203.142
80.6 68.3486 39.1177 6.56655 218.83
80.7 83.3868 24.9656 5.40803 232.982
80.8 102.6 13.7345 3.83396 244.213
80.9 131.766 6.52368 1.98512 251.424
81 180 4.03899 1.31509e-13 253.908
81.1 48.2344 6.52368 178.015 251.424
81.2 77.4001 13.7345 176.166 244.213
81.3 96.6132 24.9656 174.592 232.982
81.4 111.651 39.1177 173.433 218.83
81.5 124.686 54.8054 172.828 203.142
81.6 136.625 70.4931 172.898 187.454
81.7 147.913 84.6451 173.718 173.302
81.8 158.802 95.8762 175.283 162.071
81.9 169.455 103.087 177.465 154.86
82 180 105.572 180 152.376
82.1 10.5446 103.087 2.53514 154.86
82.2 21.1984 95.8762 4.71666 162.071
82.3 32.0868 84.6451 6.28198 173.302
82.4 43.3748 70.4931 7.10241 187.454
82.5 55.3141 54.8054 7.17164 203.142
82.6 68.3486 39.1177 6.56655 218.83
82.7 83.3868 24.9656 5.40803 232.982
82.8 102.6 13.7345 3.83396 244.213
82.9 131.766 6.52368 1.98512 251.424
83 2.6148e-12 4.03899 180 253.908
83.1 48.2344 6.52368 178.015 251.424
83.2 77.4001 13.7345 176.166 244.213
83.3 96.6132 24.9656 174.592 232.982
83.4 111.651 39.1177 173.433 218.83
83.5 124.686 54.8054 172.828 203.142
83.6 136.625 70.4931 172.898 187.454
83.7 147.913 84.6451 173.718 173.302
83.8 158.802 95.8762 175.283 162.071
83.9 169.455 103.087 177.465 154.86
84 1.31479e-13 105.572 3.24432e-14 152.376
84.1 10.5446 103.087 2.53514 154.86
84.2 21.1984 95.8762 4.71666 162.071
84.3 32.0868 84.6451 6.28198 173.302
84.4 43.3748 70.4931 7.10241 187.454
84.5 55.3141 54.8054 7.17164 203.142
84.6 68.3486 39.1177 6.56655 218.83
84.7 83.3868 24.9656 5.40803 232.982
84.8 102.6 13.7345 3.83396 244.213
84.9 131.766 6.52368 1.98512 251.424
85 180 4.03899 4.38206e-14 253.908
85.1 48.2344 6.52368 178.015 251.424
85.2 77.4001 13.7345 176.166 244.213
85.3 96.6132 24.9656 174.592 232.982
85.4 111.651 39.1177 173.433 218.83
85.5 124.686 54.8054 172.828 203.142
85.6 136.625 70.4931 172.898 187.454
85.7 147.913 84.6451 173.718 173.302
85.8 158.802 95.8762 175.283 162.071
85.9 169.455 103.087 177.465 154.86
86 180 105.572 180 152.376
86.1 10.5446 103.087 2.53514 154.86
86.2 21.1984 95.8762 4.71666 162.071
86.3 32.0868 84.6451 6.28198 173.302
86.4 43.3748 70.4931 7.10241 187.454
86.5 55.3141 54.8054 7.17164 203.142
86.6 68.3486 39.1177 6.56655 218.83
86.7 83.3868 24.9656 5.40803 232.982
86.8 102.6 13.7345 3.83396 244.213
86.9 131.766 6.52368 1.98512 251.424
87 180 4.03899 1.81615e-13 253.908
87.1 48.2344 6.52368 178.015 251.424
87.2 77.4001 13.7345 176.166 244.213
87.3 96.6132 24.9656 174.592 232.982
87.4 111.651 39.1177 173.433 218.83
87.5 124.686 54.8054 172.828 203.142
87.6 136.625 70.4931 172.898 187.454
87.7 147.913 84.6451 173.718 173.302
87.8 158.802 95.8762 175.283 162.071
87.9 169.455 103.087 177.465 154.86
88 180 105.572 180 152.376
88.1 10.5446 103.087 2.53514 154.86
88.2 21.1984 95.8762 4.71666 162.071
88.3 32.0868 84.6451 6.28198 173.302
88.4 43.3748 70.4931 7.10241 187.454
88.5 55.3141 54.8054 7.17164 203.142
88.6 68.3486 39.1177 6.56655 218.83
88.7 83.3868 24.9656 5.40803 232.982
88.8 102.6 13.7345 3.83396 244.213
88.9 131.766 6.52368 1.98512 251.424
89 1.19371e-12 4.03899 180 253.908
89.1 48.2344 6.52368 178.015 251.424
89.2 77.4001 13.7345 176.166 244.213
89.3 96.6132 24.9656 174.592 232.982
89.4 111.651 39.1177 173.433 218.83
89.5 124.686 54.8054 172.828 203.142
89.6 136.625 70.4931 172.898 187.454
89.7 147.913 84.6451 173.718 173.302
89.8 158.802 95.8762 175.283 162.071
89.9 169.455 103.087 177.465 154.86
90 180 105.572 180 152.376
90.1 10.5446 103.087 2.53514 154.86
90.2 21.1984 95.8762 4.71666 162.071
90.3 32.0868 84.6451 6.28198 173.302
90.4 43.3748 70.4931 7.10241 187.454
90.5 55.3141 54.8054 7.17164 203.142
90.6 68.3486 39.1177 6.56655 218.83
90.7 83.3868 24.9656 5.40803 232.982
90.8 102.6 13.7345 3.83396 244.213
90.9 131.766 6.52368 1.98512 251.424
91 180 4.03899 9.39262e-14 253.908
91.1 48.2344 6.52368 178.015 251.424
91.2 77.4001 13.7345 176.166 244.213
91.3 96.6132 24.9656 174.592 232.982
91.4 111.651 39.1177 173.433 218.83
91.5 124.686 54.8054 172.828 203.142
91.6 136.625 70.4931 172.898 187.454
91.7 147.913 84.6451 173.718 173.302
91.8 158.802 95.8762 175.283 162.071
91.9 169.455 103.087 177.465 154.86
92 180 105.572 180 152.376
92.1 10.5446 103.087 2.53514 154.86
92.2 21.1984 95.8762 4.71666 162.071
92.3 32.0868 84.6451 6.28198 173.302
92.4 43.3748 70.4931 7.10241 187.454
92.5 55.3141 54.8054 7.17164 203.142
92.6 68.3486 39.1177 6.56655 218.83
92.7 83.3868 24.9656 5.40803 232.982
92.8 102.6 13.7345 3.83396 244.213
92.9 131.766 6.52368 1.98512 251.424
93 180 4.03899 2.3172e-13 253.908
93.1 48.2344 6.52368 178.015 251.424
93.2 77.4001 13.7345 176.166 244.213
93.3 96.6132 24.9656 174.592 232.982
93.4 111.651 39.1177 173.433 218.83
93.5 124.686 54.8054 172.828 203.142
93.6 136.625 70.4931 172.898 187.454
93.7 147.913 84.6451 173.718 173.302
93.8 158.802 95.8762 175.283 162.071
93.9 169.455 103.087 177.465 154.86
94 3.28532e-13 105.572 8.1067e-14 152.376
94.1 10.5446 103.087 2.53514 154.86
94.2 21.1984 95.8762 4.71666 162.071
94.3 32.0868 84.6451 6.28198 173.302
94.4 43.3748 70.4931 7.10241 187.454
94.5 55.3141 54.8054 7.17164 203.142
94.6 68.3486 39.1177 6.56655 218.83
94.7 83.3868 24.9656 5.40803 232.982
94.8 102.6 13.7345 3.83396 244.213
94.9 131.766 6.52368 1.98512 251.424
95 180 4.03899 6.23748e-15 253.908
95.1 48.2344 6.52368 178.015 251.424
95.2 77.4001 13.7345 176.166 244.213
95.3 96.6132 24.9656 174.592 232.982
95.4 111.651 39.1177 173.433 218.83
95.5 124.686 54.8054 172.828 203.142
95.6 136.625 70.4931 172.898 187.454
95.7 147.913 84.6451 173.718 173.302
95.8 158.802 95.8762 175.283 162.071
95.9 169.455 103.087 177.465 154.86
96 180 105.572 180 152.376
96.1 10.5446 103.087 2.53514 154.86
96.2 21.1984 95.8762 4.71666 162.071
96.3 32.0868 84.6451 6.28198 173.302
96.4 43.3748 70.4931 7.10241 187.454
96.5 55.3141 54.8054 7.17164 203.142
96.6 68.3486 39.1177 6.56655 218.83
96.7 83.3868 24.9656 5.40803 232.982
96.8 102.6 13.7345 3.83396 244.213
96.9 131.766 6.52368 1.98512 251.424
97 180 4.03899 1.44032e-13 253.908
97.1 48.2344 6.52368 178.015 251.424
97.2 77.4001 13.7345 176.166 244.213
97.3 96.6132 24.9656 174.592 232.982
97.4 111.651 39.1177 173.433 218.83
97.5 124.686 54.8054 172.828 203.142
97.6 136.625 70.4931 172.898 187.454
97.7 147.913 84.6451 173.718 173.302
97.8 158.802 95.8762 175.283 162.071
97.9 169.455 103.087 177.465 154.86
98 180 105.572 180 152.376
98.1 10.5446 103.087 2.53514 154.86
98.2 21.1984 95.8762 4.71666 162.071
98.3 32.0868 84.6451 6.28198 173.302
98.4 43.3748 70.4931 7.10241 187.454
98.5 55.3141 54.8054 7.17164 203.142
98.6 68.3486 39.1177 6.56655 218.83
98.7 83.3868 24.9656 5.40803 232.982
98.8 102.6 13.7345 3.83396 244.213
98.9 131.766 6.52368 1.98512 251.424
99 2.24532e-12 4.03899 180 253.908
99.1 48.2344 6.52368 178.015 251.424
99.2 77.4001 13.7345 176.166 244.213
99.3 96.6132 24.9656 174.592 232.982
99.4 111.651 39.1177 173.433 218.83
99.5 124.686 54.8054 172.828 203.142
99.6 136.625 70.4931 172.898 187.454
99.7 147.913 84.6451 173.718 173.302
99.8 158.802 95.8762 175.283 162.071
99.9 169.455 103.087 177.465 154.86
100 6.58226e-14 105.572 1.62421e-14 152.376
100.1 10.5446 103.087 2.53514 154.86
100.2 21.1984 95.8762 4.71666 162.071
100.3 32.0868 84.6451 6.28198 173.302
100.4 43.3748 70.4931 7.10241 187.454
100.5 55.3141 54.8054 7.17164 203.142
100.6 68.3486 39.1177 6.56655 218.83
100.7 83.3868 24.9656 5.40803 232.982
100.8 102.6 13.7345 3.83396 244.213
100.9 131.766 6.52368 1.98512 251.424
101 180 4.03899 5.6343e-14 253.908
101.1 48.2344 6.52368 178.015 251.424
101.2 77.4001 13.7345 176.166 244.213
101.3 96.6132 24.9656 174.592 232.982
101.4 111.651 39.1177 173.433 218.83
101.5 124.686 54.8054 172.828 203.142
101.6 136.625 70.4931 172.898 187.454
101.7 147.913 84.6451 173.718 173.302
101.8 158.802 95.8762 175.283 162.071
101.9 169.455 103.087 177.465 154.86
102 180 105.572 180 152.376
102.1 10.5446 103.087 2.53514 154.86
102.2 21.1984 95.8762 4.71666 162.071
102.3 32.0868 84.6451 6.28198 173.302
102.4 43.3748 70.4931 7.10241 187.454
102.5 55.3141 54.8054 7.17164 203.142
102.6 68.3486 39.1177 6.56655 218.83
102.7 83.3868 24.9656 5.40803 232.982
102.8 102.6 13.7345 3.83396 244.213
102.9 131.766 6.52368 1.98512 251.424
103 180 4.03899 1.94137e-13 253.908
103.1 48.2344 6.52368 178.015 251.424
103.2 77.4001 13.7345 176.166 244.213
103.3 96.6132 24.9656 174.592 232.982
103.4 111.651 39.1177 173.433 218.83
103.5 124.686 54.8054 172.828 203.142
103.6 136.625 70.4931 172.898 187.454
103.7 147.913 84.6451 173.718 173.302
103.8 158.802 95.8762 175.283 162.071
103.9 169.455 103.087 177.465 154.86
104 5.25585e-13 105.572 1.29691e-13 152.376
104.1 10.5446 103.087 2.53514 154.86
104.2 21.1984 95.8762 4.71666 162.071
104.3 32.0868 84.6451 6.28198 173.302
104.4 43.3748 70.4931 7.10241 187.454
104.5 55.3141 54.8054 7.17164 203.142
104.6 68.3486 39.1177 6.56655 218.83
104.7 83.3868 24.9656 5.40803 232.982
104.8 102.6 13.7345 3.83396 244.213
104.9 131.766 6.52368 1.98512 251.424
105 8.52651e-13 4.03899 180 253.908
105.1 48.2344 6.52368 178.015 251.424
105.2 77.4001 13.7345 176.166 244.213
105.3 96.6132 24.9656 174.592 232.982
105.4 111.651 39.1177 173.433 218.83
105.5 124.686 54.8054 172.828 203.142
105.6 136.625 70.4931 172.898 187.454
105.7 147.913 84.6451 173.718 173.302
105.8 158.802 95.8762 175.283 162.071
105.9 169.455 103.087 177.465 154.86
106 180 105.572 180 152.376
106.1 10.5446 103.087 2.53514 154.86
106.2 21.1984 95.8762 4.71666 162.071
106.3 32.0868 84.6451 6.28198 173.302
106.4 43.3748 70.4931 7.10241 187.454
106.5 55.3141 54.8054 7.17164 203.142
106.6 68.3486 39.1177 6.56655 218.83
106.7 83.3868 24.9656 5.40803 232.982
106.8 102.6 13.7345 3.83396 244.213
106.9 131.766 6.52368 1.98512 251.424
107 180 4.03899 1.06449e-13 253.908
107.1 48.2344 6.52368 178.015 251.424
107.2 77.4001 13.7345 176.166 244.213
107.3 96.6132 24.9656 174.592 232.982
107.4 111.651 39.1177 173.433 218.83
107.5 124.686 54.8054 172.828 203.142
107.6 136.625 70.4931 172.898 187.454
107.7 147.913 84.6451 173.718 173.302
107.8 158.802 95.8762 175.283 162.071
107.9 169.455 103.087 177.465 154.86
108 180 105.572 180 152.376
108.1 10.5446 103.087 2.53514 154.86
108.2 21.1984 95.8762 4.71666 162.071
108.3 32.0868 84.6451 6.28198 173.302
108.4 43.3748 70.4931 7.10241 187.454
108.5 55.3141 54.8054 7.17164 203.142
108.6 68.3486 39.1177 6.56655 218.83
108.7 83.3868 24.9656 5.40803 232.982
108.8 102.6 13.7345 3.83396 244.213
108.9 131.766 6.52368 1.98512 251.424
109 180 4.03899 2.44243e-13 253.908
109.1 48.2344 6.52368 178.015 251.424
109.2 77.4001 13.7345 176.166 244.213
109.3 96.6132 24.9656 174.592 232.982
109.4 111.651 39.1177 173.433 218.83
109.5 124.686 54.8054 172.828 203.142
109.6 136.625 70.4931 172.898 187.454
109.7 147.913 84.6451 173.718 173.302
109.8 158.802 95.8762 175.283 162.071
109.9 169.455 103.087 177.465 154.86
110 2.62876e-13 105.572 6.48659e-14 152.376
110.1 10.5446 103.087 2.53514 154.86
110.2 21.1984 95.8762 4.71666 162.071
110.3 32.0868 84.6451 6.28198 173.302
110.4 43.3748 70.4931 7.10241 187.454
110.5 55.3141 54.8054 7.17164 203.142
110.6 68.3486 39.1177 6.56655 218.83
110.7 83.3868 24.9656 5.40803 232.982
110.8 102.6 13.7345 3.83396 244.213
110.9 131.766 6.52368 1.98512 251.424
111 180 4.03899 1.87599e-14 253.908
111.1 48.2344 6.52368 178.015 251.424
111.2 77.4001 13.7345 176.166 244.213
111.3 96.6132 24.9656 174.592 232.982
111.4 111.651 39.1177 173.433 218.83
111.5 124.686 54.8054 172.828 203.142
111.6 136.625 70.4931 172.898 187.454
111.7 147.913 84.6451 173.718 173.302
111.8 158.802 95.8762 175.283 162.071
111.9 169.455 103.087 177.465 154.86
112 180 105.572 180 152.376
112.1 10.5446 103.087 2.53514 154.86
112.2 21.1984 95.8762 4.71666 162.071
112.3 32.0868 84.6451 6.28198 173.302
112.4 43.3748 70.4931 7.10241 187.454
112.5 55.3141 54.8054 7.17164 203.142
112.6 68.3486 39.1177 6.56655 218.83
112.7 83.3868 24.9656 5.40803 232.982
112.8 102.6 13.7345 3.83396 244.213
112.9 131.766 6.52368 1.98512 251.424
113 180 4.03899 1.56554e-13 253.908
113.1 48.2344 6.52368 178.015 251.424
113.2 77.4001 13.7345 176.166 244.213
113.3 96.6132 24.9656 174.592 232.982
113.4 111.651 39.1177 173.433 218.83
113.5 124.686 54.8054 172.828 203.142
113.6 136.625 70.4931 172.898 187.454
113.7 147.913 84.6451 173.718 173.302
113.8 158.802 95.8762 175.283 162.071
113.9 169.455 103.087 177.465 154.86
114 180 105.572 180 152.376
114.1 10.5446 103.087 2.53514 154.86
114.2 21.1984 95.8762 4.71666 162.071
114.3 32.0868 84.6451 6.28198 173.302
114.4 43.3748 70.4931 7.10241 187.454
114.5 55.3141 54.8054 7.17164 203.142
114.6 68.3486 39.1177 6.56655 218.83
114.7 83.3868 24.9656 5.40803 232.982
114.8 102.6 13.7345 3.83396 244.213
114.9 131.766 6.52368 1.98512 251.424
115 1.90425e-12 4.03899 180 253.908
115.1 48.2344 6.52368 178.015 251.424
115.2 77.4001 13.7345 176.166 244.213
115.3 96.6132 24.9656 174.592 232.982
115.4 111.651 39.1177 173.433 218.83
115.5 124.686 54.8054 172.828 203.142
115.6 136.625 70.4931 172.898 187.454
115.7 147.913 84.6451 173.718 173.302
115.8 158.802 95.8762 175.283 162.071
115.9 169.455 103.087 177.465 154.86
116 1.65926e-16 105.572 4.09431e-17 152.376
116.1 10.5446 103.087 2.53514 154.86
116.2 21.1984 95.8762 4.71666 162.071
116.3 32.0868 84.6451 6.28198 173.302
116.4 43.3748 70.4931 7.10241 187.454
116.5 55.3141 54.8054 7.17164 203.142
116.6 68.3486 39.1177 6.56655 218.83
116.7 83.3868 24.9656 5.40803 232.982
116.8 102.6 13.7345 3.83396 244.213
116.9 131.766 6.52368 1.98512 251.424
117 180 4.03899 6.88655e-14 253.908
117.1 48.2344 6.52368 178.015 251.424
117.2 77.4001 13.7345 176.166 244.213
117.3 96.6132 24.9656 174.592 232.982
117.4 111.651 39.1177 173.433 218.83
117.5 124.686 54.8054 172.828 203.142
117.6 136.625 70.4931 172.898 187.454
117.7 147.913 84.6451 173.718 173.302
117.8 158.802 95.8762 175.283 162.071
117.9 169.455 103.087 177.465 154.86
118 180 105.572 180 152.376
118.1 10.5446 103.087 2.53514 154.86
118.2 21.1984 95.8762 4.71666 162.071
118.3 32.0868 84.6451 6.28198 173.302
118.4 43.3748 70.4931 7.10241 187.454
118.5 55.3141 54.8054 7.17164 203.142
118.6 68.3486 39.1177 6.56655 218.83
118.7 83.3868 24.9656 5.40803 232.982
118.8 102.6 13.7345 3.83396 244.213
118.9 131.766 6.52368 1.98512 251.424
119 180 4.03899 2.0666e-13 253.908
119.1 48.2344 6.52368 178.015 251.424
119.2 77.4001 13.7345 176.166 244.213
119.3 96.6132 24.9656 174.592 232.982
119.4 111.651 39.1177 173.433 218.83
119.5 124.686 54.8054 172.828 203.142
119.6 136.625 70.4931 172.898 187.454
119.7 147.913 84.6451 173.718 173.302
119.8 158.802 95.8762 175.283 162.071
119.9 169.455 103.087 177.465 154.86
120 180 105.572 180 152.376
120.1 10.5446 103.087 2.53514 154.86
120.2 21.1984 95.8762 4.71666 162.071
120.3 32.0868 84.6451 6.28198 173.302
120.4 43.3748 70.4931 7.10241 187.454
120.5 55.3141 54.8054 7.17164 203.142
120.6 68.3486 39.1177 6.56655 218.83
120.7 83.3868 24.9656 5.40803 232.982
120.8 102.6 13.7345 3.83396 244.213
120.9 131.766 6.52368 1.98512 251.424
121 5.11591e-13 4.03899 180 253.908
121.1 48.2344 6.52368 178.015 251.424
121.2 77.4001 13.7345 176.166 244.213
121.3 96.6132 24.9656 174.592 232.982
121.4 111.651 39.1177 173.433 218.83
121.5 124.686 54.8054 172.828 203.142
121.6 136.625 70.4931 172.898 187.454
121.7 147.913 84.6451 173.718 173.302
121.8 158.802 95.8762 175.283 162.071
121.9 169.455 103.087 177.465 154.86
122 180 105.572 180 152.376
122.1 10.5446 103.087 2.53514 154.86
122.2 21.1984 95.8762 4.71666 162.071
122.3 32.0868 84.6451 6.28198 173.302
122.4 43.3748 70.4931 7.10241 187.454
122.5 55.3141 54.8054 7.17164 203.142
122.6 68.3486 39.1177 6.56655 218.83
122.7 83.3868 24.9656 5.40803 232.982
122.8 102.6 13.7345 3.83396 244.213
122.9 131.766 6.52368 1.98512 251.424
123 180 4.03899 1.18971e-13 253.908
123.1 48.2344 6.52368 178.015 251.424
123.2 77.4001 13.7345 176.166 244.213
123.3 96.6132 24.9656 174.592 232.982
123.4 111.651 39.1177 173.433 218.83
123.5 124.686 54.8054 172.828 203.142
123.6 136.625 70.4931 172.898 187.454
123.7 147.913 84.6451 173.718 173.302
123.8 158.802 95.8762 175.283 162.071
123.9 169.455 103.087 177.465 154.86
124 180 105.572 180 152.376
124.1 10.5446 103.087 2.53514 154.86
124.2 21.1984 95.8762 4.71666 162.071
124.3 32.0868 84.6451 6.28198 173.302
124.4 43.3748 70.4931 7.10241 187.454
124.5 55.3141 54.8054 7.17164 203.142
124.6 68.3486 39.1177 6.56655 218.83
124.7 83.3868 24.9656 5.40803 232.982
124.8 102.6 13.7345 3.83396 244.213
124.9 131.766 6.52368 1.98512 251.424
125 180 4.03899 2.56765e-13 253.908
125.1 48.2344 6.52368 178.015 251.424
125.2 77.4001 13.7345 176.166 244.213
125.3 96.6132 24.9656 174.592 232.982
125.4 111.651 39.1177 173.433 218.83
125.5 124.686 54.8054 172.828 203.142
125.6 136.625 70.4931 172.898 187.454
125.7 147.913 84.6451 173.718 173.302
125.8 158.802 95.8762 175.283 162.071
125.9 169.455 103.087 177.465 154.86
126 1.97219e-13 105.572 4.86648e-14 152.376
126.1 10.5446 103.087 2.53514 154.86
126.2 21.1984 95.8762 4.71666 162.071
126.3 32.0868 84.6451 6.28198 173.302
126.4 43.3748 70.4931 7.10241 187.454
126.5 55.3141 54.8054 7.17164 203.142
126.6 68.3486 39.1177 6.56655 218.83
126.7 83.3868 24.9656 5.40803 232.982
126.8 102.6 13.7345 3.83396 244.213
126.9 131.766 6.52368 1.98512 251.424
127 180 4.03899 3.12823e-14 253.908
127.1 48.2344 6.52368 178.015 251.424
127.2 77.4001 13.7345 176.166 244.213
127.3 96.6132 24.9656 174.592 232.982
127.4 111.651 39.1177 173.433 218.83
127.5 124.686 54.8054 172.828 203.142
127.6 136.625 70.4931 172.898 187.454
127.7 147.913 84.6451 173.718 173.302
127.8 158.802 95.8762 175.283 162.071
127.9 169.455 103.087 177.465 154.86
128 180 105.572 180 152.376
128.1 10.5446 103.087 2.53514 154.86
128.2 21.1984 95.8762 4.71666 162.071
128.3 32.0868 84.6451 6.28198 173.302
128.4 43.3748 70.4931 7.10241 187.454
128.5 55.3141 54.8054 7.17164 203.142
128.6 68.3486 39.1177 6.56655 218.83
128.7 83.3868 24.9656 5.40803 232.982
128.8 102.6 13.7345 3.83396 244.213
128.9 131.766 6.52368 1.98512 251.424
129 180 4.03899 1.69077e-13 253.908
129.1 48.2344 6.52368 178.015 251.424
129.2 77.4001 13.7345 176.166 244.213
129.3 96.6132 24.9656 174.592 232.982
129.4 111.651 39.1177 173.433 218.83
129.5 124.686 54.8054 172.828 203.142
129.6 136.625 70.4931 172.898 187.454
129.7 147.913 84.6451 173.718 173.302
129.8 158.802 95.8762 175.283 162.071
129.9 169.455 103.087 177.465 154.86
130 180 105.572 180 152.376
130.1 10.5446 103.087 2.53514 154.86
130.2 21.1984 95.8762 4.71666 162.071
130.3 32.0868 84.6451 6.28198 173.302
130.4 43.3748 70.4931 7.10241 187.454
130.5 55.3141 54.8054 7.17164 203.142
130.6 68.3486 39.1177 6.56655 218.83
130.7 83.3868 24.9656 5.40803 232.982
130.8 102.6 13.7345 3.83396 244.213
130.9 131.766 6.52368 1.98512 251.424
131 1.56319e-12 4.03899 180 253.908
131.1 48.2344 6.52368 178.015 251.424
131.2 77.4001 13.7345 176.166 244.213
131.3 96.6132 24.9656 174.592 232.982
131.4 111.651 39.1177 173.433 218.83
131.5 124.686 54.8054 172.828 203.142
131.6 136.625 70.4931 172.898 187.454
131.7 147.913 84.6451 173.718 173.302
131.8 158.802 95.8762 175.283 162.071
131.9 169.455 103.087 177.465 154.86
132 180 105.572 180 152.376
132.1 10.5446 103.087 2.53514 154.86
132.2 21.1984 95.8762 4.71666 162.071
132.3 32.0868 84.6451 6.28198 173.302
132.4 43.3748 70.4931 7.10241 187.454
132.5 55.3141 54.8054 7.17164 203.142
132.6 68.3486 39.1177 6.56655 218.83
132.7 83.3868 24.9656 5.40803 232.982
132.8 102.6 13.7345 3.83396 244.213
132.9 131.766 6.52368 1.98512 251.424
133 180 4.03899 8.13879e-14 253.908
133.1 48.2344 6.52368 178.015 251.424
133.2 77.4001 13.7345 176.166 244.213
133.3 96.6132 24.9656 174.592 232.982
133.4 111.651 39.1177 173.433 218.83
133.5 124.686 54.8054 172.828 203.142
133.6 136.625 70.4931 172.898 187.454
133.7 147.913 84.6451 173.718 173.302
133.8 158.802 95.8762 175.283 162.071
133.9 169.455 103.087 177.465 154.86
134 180 105.572 180 152.376
134.1 10.5446 103.087 2.53514 154.86
134.2 21.1984 95.8762 4.71666 162.071
134.3 32.0868 84.6451 6.28198 173.302
134.4 43.3748 70.4931 7.10241 187.454
134.5 55.3141 54.8054 7.17164 203.142
134.6 68.3486 39.1177 6.56655 218.83
134.7 83.3868 24.9656 5.40803 232.982
134.8 102.6 13.7345 3.83396 244.213
134.9 131.766 6.52368 1.98512 251.424
135 180 4.03899 2.19182e-13 253.908
135.1 48.2344 6.52368 178.015 251.424
135.2 77.4001 13.7345 176.166 244.213
135.3 96.6132 24.9656 174.592 232.982
135.4 111.651 39.1177 173.433 218.83
135.5 124.686 54.8054 172.828 203.142
135.6 136.625 70.4931 172.898 187.454
135.7 147.913 84.6451 173.718 173.302
135.8 158.802 95.8762 175.283 162.071
135.9 169.455 103.087 177.465 154.86
136 3.94272e-13 105.572 9.72886e-14 152.376
136.1 10.5446 103.087 2.53514 154.86
136.2 21.1984 95.8762 4.71666 162.071
136.3 32.0868 84.6451 6.28198 173.302
136.4 43.3748 70.4931 7.10241 187.454
136.5 55.3141 54.8054 7.17164 203.142
136.6 68.3486 39.1177 6.56655 218.83
136.7 83.3868 24.9656 5.40803 232.982
136.8 102.6 13.7345 3.83396 244.213
136.9 131.766 6.52368 1.98512 251.424
137 1.7053e-13 4.03899 180 253.908
137.1 48.2344 6.52368 178.015 251.424
137.2 77.4001 13.7345 176.166 244.213
137.3 96.6132 24.9656 174.592 232.982
137.4 111.651 39.1177 173.433 218.83
137.5 124.686 54.8054 172.828 203.142
137.6 136.625 70.4931 172.898 187.454
137.7 147.913 84.6451 173.718 173.302
137.8 158.802 95.8762 175.283 162.071
137.9 169.455 103.087 177.465 154.86
138 180 105.572 180 152.376
138.1 10.5446 103.087 2.53514 154.86
138.2 21.1984 95.8762 4.71666 162.071
138.3 32.0868 84.6451 6.28198 173.302
138.4 43.3748 70.4931 7.10241 187.454
138.5 55.3141 54.8054 7.17164 203.142
138.6 68.3486 39.1177 6.56655 218.83
138.7 83.3868 24.9656 5.40803 232.982
138.8 102.6 13.7345 3.83396 244.213
138.9 131.766 6.52368 1.98512 251.424
139 180 4.03899 1.31493e-13 253.908
139.1 48.2344 6.52368 178.015 251.424
139.2 77.4001 13.7345 176.166 244.213
139.3 96.6132 24.9656 174.592 232.982
139.4 111.651 39.1177 173.433 218.83
139.5 124.686 54.8054 172.828 203.142
139.6 136.625 70.4931 172.898 187.454
139.7 147.913 84.6451 173.718 173.302
139.8 158.802 95.8762 175.283 162.071
139.9 169.455 103.087 177.465 154.86
140 180 105.572 180 152.376
140.1 10.5446 103.087 2.53514 154.86
140.2 21.1984 95.8762 4.71666 162.071
140.3 32.0868 84.6451 6.28198 173.302
140.4 43.3748 70.4931 7.10241 187.454
140.5 55.3141 54.8054 7.17164 203.142
140.6 68.3486 39.1177 6.56655 218.83
140.7 83.3868 24.9656 5.40803 232.982
140.8 102.6 13.7345 3.83396 244.213
140.9 131.766 6.52368 1.98512 251.424
141 180 4.03899 2.69288e-13 253.908
141.1 48.2344 6.52368 178.015 251.424
141.2 77.4001 13.7345 176.166 244.213
141.3 96.6132 24.9656 174.592 232.982
141.4 111.651 39.1177 173.433 218.83
141.5 124.686 54.8054 172.828 203.142
141.6 136.625 70.4931 172.898 187.454
141.7 147.913 84.6451 173.718 173.302
141.8 158.802 95.8762 175.283 162.071
141.9 169.455 103.087 177.465 154.86
142 1.31562e-13 105.572 3.24636e-14 152.376
142.1 10.5446 103.087 2.53514 154.86
142.2 21.1984 95.8762 4.71666 162.071
142.3 32.0868 84.6451 6.28198 173.302
142.4 43.3748 70.4931 7.10241 187.454
142.5 55.3141 54.8054 7.17164 203.142
142.6 68.3486 39.1177 6.56655 218.83
142.7 83.3868 24.9656 5.40803 232.982
142.8 102.6 13.7345 3.83396 244.213
142.9 131.766 6.52368 1.98512 251.424
143 180 4.03899 4.38048e-14 253.908
143.1 48.2344 6.52368 178.015 251.424
143.2 77.4001 13.7345 176.166 244.213
143.3 96.6132 24.9656 174.592 232.982
143.4 111.651 39.1177 173.433 218.83
143.5 124.686 54.8054 172.828 203.142
143.6 136.625 70.4931 172.898 187.454
143.7 147.913 84.6451 173.718 173.302
143.8 158.802 95.8762 175.283 162.071
143.9 169.455 103.087 177.465 154.86
144 180 105.572 180 152.376
144.1 10.5446 103.087 2.53514 154.86
144.2 21.1984 95.8762 4.71666 162.071
144.3 32.0868 84.6451 6.28198 173.302
144.4 43.3748 70.4931 7.10241 187.454
144.5 55.3141 54.8054 7.17164 203.142
144.6 68.3486 39.1177 6.56655 218.83
144.7 83.3868 24.9656 5.40803 232.982
144.8 102.6 13.7345 3.83396 244.213
144.9 131.766 6.52368 1.98512 251.424
145 180 4.03899 1.81599e-13 253.908
145.1 48.2344 6.52368 178.015 251.424
145.2 77.4001 13.7345 176.166 244.213
145.3 96.6132 24.9656 174.592 232.982
145.4 111.651 39.1177 173.433 218.83
145.5 124.686 54.8054 172.828 203.142
145.6 136.625 70.4931 172.898 187.454
145.7 147.913 84.6451 173.718 173.302
145.8 158.802 95.8762 175.283 162.071
145.9 169.455 103.087 177.465 154.86
146 180 105.572 180 152.376
146.1 10.5446 103.087 2.53514 154.86
146.2 21.1984 95.8762 4.71666 162.071
146.3 32.0868 84.6451 6.28198 173.302
146.4 43.3748 70.4931 7.10241 187.454
146.5 55.3141 54.8054 7.17164 203.142
146.6 68.3486 39.1177 6.56655 218.83
146.7 83.3868 24.9656 5.40803 232.982
146.8 102.6 13.7345 3.83396 244.213
146.9 131.766 6.52368 1.98512 251.424
147 1.19371e-12 4.03899 180 253.908
147.1 48.2344 6.52368 178.015 251.424
147.2 77.4001 13.7345 176.166 244.213
147.3 96.6132 24.9656 174.592 232.982
147.4 111.651 39.1177 173.433 218.83
147.5 124.686 54.8054 172.828 203.142
147.6 136.625 70.4931 172.898 187.454
147.7 147.913 84.6451 173.718 173.302
147.8 158.802 95.8762 175.283 162.071
147.9 169.455 103.087 177.465 154.86
148 180 105.572 180 152.376
148.1 10.5446 103.087 2.53514 154.86
148.2 21.1984 95.8762 4.71666 162.071
148.3 32.0868 84.6451 6.28198 173.302
148.4 43.3748 70.4931 7.10241 187.454
148.5 55.3141 54.8054 7.17164 203.142
148.6 68.3486 39.1177 6.56655 218.83
148.7 83.3868 24.9656 5.40803 232.982
148.8 102.6 13.7345 3.83396 244.213
148.9 131.766 6.52368 1.98512 251.424
149 180 4.03899 9.39103e-14 253.908
149.1 48.2344 6.52368 178.015 251.424
149.2 77.4001 13.7345 176.166 244.213
149.3 96.6132 24.9656 174.592 232.982
149.4 111.651 39.1177 173.433 218.83
149.5 124.686 54.8054 172.828 203.142
149.6 136.625 70.4931 172.898 187.454
149.7 147.913 84.6451 173.718 173.302
149.8 158.802 95.8762 175.283 162.071
149.9 169.455 103.087 177.465 154.86
150 180 105.572 180 152.376
150.1 10.5446 103.087 2.53514 154.86
150.2 21.1984 95.8762 4.71666 162.071
150.3 32.0868 84.6451 6.28198 173.302
150.4 43.3748 70.4931 7.10241 187.454
150.5 55.3141 54.8054 7.17164 203.142
150.6 68.3486 39.1177 6.56655 218.83
150.7 83.3868 24.9656 5.40803 232.982
150.8 102.6 13.7345 3.83396 244.213
150.9 131.766 6.52368 1.98512 251.424
151 180 4.03899 2.31705e-13 253.908
151.1 48.2344 6.52368 178.015 251.424
151.2 77.4001 13.7345 176.166 244.213
151.3 96.6132 24.9656 174.592 232.982
151.4 111.651 39.1177 173.433 218.83
151.5 124.686 54.8054 172.828 203.142
151.6 136.625 70.4931 172.898 187.454
151.7 147.913 84.6451 173.718 173.302
151.8 158.802 95.8762 175.283 162.071
151.9 169.455 103.087 177.465 154.86
152 180 105.572 180 152.376
152.1 10.5446 103.087 2.53514 154.86
152.2 21.1984 95.8762 4.71666 162.071
152.3 32.0868 84.6451 6.28198 173.302
152.4 43.3748 70.4931 7.10241 187.454
152.5 55.3141 54.8054 7.17164 203.142
152.6 68.3486 39.1177 6.56655 218.83
152.7 83.3868 24.9656 5.40803 232.982
152.8 102.6 13.7345 3.83396 244.213
152.9 131.766 6.52368 1.98512 251.424
153 180 4.03899 6.22166e-15 253.908
153.1 48.2344 6.52368 178.015 251.424
153.2 77.4001 13.7345 176.166 244.213
153.3 96.6132 24.9656 174.592 232.982
153.4 111.651 39.1177 173.433 218.83
153.5 124.686 54.8054 172.828 203.142
153.6 136.625 70.4931 172.898 187.454
153.7 147.913 84.6451 173.718 173.302
153.8 158.802 95.8762 175.283 162.071
153.9 169.455 103.087 177.465 154.86
154 180 105.572 180 152.376
154.1 10.5446 103.087 2.53514 154.86
154.2 21.1984 95.8762 4.71666 162.071
154.3 32.0868 84.6451 6.28198 173.302
154.4 43.3748 70.4931 7.10241 187.454
154.5 55.3141 54.8054 7.17164 203.142
154.6 68.3486 39.1177 6.56655 218.83
154.7 83.3868 24.9656 5.40803 232.982
154.8 102.6 13.7345 3.83396 244.213
154.9 131.766 6.52368 1.98512 251.424
155 180 4.03899 1.44016e-13 253.908
155.1 48.2344 6.52368 178.015 251.424
155.2 77.4001 13.7345 176.166 244.213
155.3 96.6132 24.9656 174.592 232.982
155.4 111.651 39.1177 173.433 218.83
155.5 124.686 54.8054 172.828 203.142
155.6 136.625 70.4931 172.898 187.454
155.7 147.913 84.6451 173.718 173.302
155.8 158.802 95.8762 175.283 162.071
155.9 169.455 103.087 177.465 154.86
156 180 105.572 180 152.376
156.1 10.5446 103.087 2.53514 154.86
156.2 21.1984 95.8762 4.71666 162.071
156.3 32.0868 84.6451 6.28198 173.302
156.4 43.3748 70.4931 7.10241 187.454
156.5 55.3141 54.8054 7.17164 203.142
156.6 68.3486 39.1177 6.56655 218.83
156.7 83.3868 24.9656 5.40803 232.982
156.8 102.6 13.7345 3.83396 244.213
156.9 131.766 6.52368 1.98512 251.424
157 180 4.03899 2.8181e-13 253.908
157.1 48.2344 6.52368 178.015 251.424
157.2 77.4001 13.7345 176.166 244.213
157.3 96.6132 24.9656 174.592 232.982
157.4 111.651 39.1177 173.433 218.83
157.5 124.686 54.8054 172.828 203.142
157.6 136.625 70.4931 172.898 187.454
157.7 147.913 84.6451 173.718 173.302
157.8 158.802 95.8762 175.283 162.071
157.9 169.455 103.087 177.465 154.86
158 6.59055e-14 105.572 1.62625e-14 152.376
158.1 10.5446 103.087 2.53514 154.86
158.2 21.1984 95.8762 4.71666 162.071
158.3 32.0868 84.6451 6.28198 173.302
158.4 43.3748 70.4931 7.10241 187.454
158.5 55.3141 54.8054 7.17164 203.142
158.6 68.3486 39.1177 6.56655 218.83
158.7 83.3868 24.9656 5.40803 232.982
158.8 102.6 13.7345 3.83396 244.213
158.9 131.766 6.52368 1.98512 251.424
159 180 4.03899 5.63272e-14 253.908
159.1 48.2344 6.52368 178.015 251.424
159.2 77.4001 13.7345 176.166 244.213
159.3 96.6132 24.9656 174.592 232.982
159.4 111.651 39.1177 173.433 218.83
159.5 124.686 54.8054 172.828 203.142
159.6 136.625 70.4931 172.898 187.454
159.7 147.913 84.6451 173.718 173.302
159.8 158.802 95.8762 175.283 162.071
159.9 169.455 103.087 177.465 154.86
160 180 105.572 180 152.376
160.1 10.5446 103.087 2.53514 154.86
160.2 21.1984 95.8762 4.71666 162.071
160.3 32.0868 84.6451 6.28198 173.302
160.4 43.3748 70.4931 7.10241 187.454
160.5 55.3141 54.8054 7.17164 203.142
160.6 68.3486 39.1177 6.56655 218.83
160.7 83.3868 24.9656 5.40803 232.982
160.8 102.6 13.7345 3.83396 244.213
160.9 131.766 6.52368 1.98512 251.424
161 180 4.03899 1.94121e-13 253.908
161.1 48.2344 6.52368 178.015 251.424
161.2 77.4001 13.7345 176.166 244.213
161.3 96.6132 24.9656 174.592 232.982
161.4 111.651 39.1177 173.433 218.83
161.5 124.686 54.8054 172.828 203.142
161.6 136.625 70.4931 172.898 187.454
161.7 147.913 84.6451 173.718 173.302
161.8 158.802 95.8762 175.283 162.071
161.9 169.455 103.087 177.465 154.86
162 180 105.572 180 152.376
162.1 10.5446 103.087 2.53514 154.86
162.2 21.1984 95.8762 4.71666 162.071
162.3 32.0868 84.6451 6.28198 173.302
162.4 43.3748 70.4931 7.10241 187.454
162.5 55.3141 54.8054 7.17164 203.142
162.6 68.3486 39.1177 6.56655 218.83
162.7 83.3868 24.9656 5.40803 232.982
162.8 102.6 13.7345 3.83396 244.213
162.9 131.766 6.52368 1.98512 251.424
163 180 4.03899 3.31916e-13 253.908
163.1 48.2344 6.52368 178.015 251.424
163.2 77.4001 13.7345 176.166 244.213
163.3 96.6132 24.9656 174.592 232.982
163.4 111.651 39.1177 173.433 218.83
163.5 124.686 54.8054 172.828 203.142
163.6 136.625 70.4931 172.898 187.454
163.7 147.913 84.6451 173.718 173.302
163.8 158.802 95.8762 175.283 162.071
163.9 169.455 103.087 177.465 154.86
164 180 105.572 180 152.376
164.1 10.5446 103.087 2.53514 154.86
164.2 21.1984 95.8762 4.71666 162.071
164.3 32.0868 84.6451 6.28198 173.302
164.4 43.3748 70.4931 7.10241 187.454
164.5 55.3141 54.8054 7.17164 203.142
164.6 68.3486 39.1177 6.56655 218.83
164.7 83.3868 24.9656 5.40803 232.982
164.8 102.6 13.7345 3.83396 244.213
164.9 131.766 6.52368 1.98512 251.424
165 180 4.03899 4.6971e-13 253.908
165.1 48.2344 6.52368 178.015 251.424
165.2 77.4001 13.7345 176.166 244.213
165.3 96.6132 24.9656 174.592 232.982
165.4 111.651 39.1177 173.433 218.83
165.5 124.686 54.8054 172.828 203.142
165.6 136.625 70.4931 172.898 187.454
165.7 147.913 84.6451 173.718 173.302
165.8 158.802 95.8762 175.283 162.071
165.9 169.455 103.087 177.465 154.86
166 9.85431e-13 105.572 2.4316e-13 152.376
166.1 10.5446 103.087 2.53514 154.86
166.2 21.1984 95.8762 4.71666 162.071
166.3 32.0868 84.6451 6.28198 173.302
166.4 43.3748 70.4931 7.10241 187.454
166.5 55.3141 54.8054 7.17164 203.142
166.6 68.3486 39.1177 6.56655 218.83
166.7 83.3868 24.9656 5.40803 232.982
166.8 102.6 13.7345 3.83396 244.213
166.9 131.766 6.52368 1.98512 251.424
167 3.29692e-12 4.03899 180 253.908
167.1 48.2344 6.52368 178.015 251.424
167.2 77.4001 13.7345 176.166 244.213
167.3 96.6132 24.9656 174.592 232.982
167.4 111.651 39.1177 173.433 218.83
167.5 124.686 54.8054 172.828 203.142
167.6 136.625 70.4931 172.898 187.454
167.7 147.913 84.6451 173.718 173.302
167.8 158.802 95.8762 175.283 162.071
167.9 169.455 103.087 177.465 154.86
168 2.62958e-13 105.572 6.48863e-14 152.376
168.1 10.5446 103.087 2.53514 154.86
168.2 21.1984 95.8762 4.71666 162.071
168.3 32.0868 84.6451 6.28198 173.302
168.4 43.3748 70.4931 7.10241 187.454
168.5 55.3141 54.8054 7.17164 203.142
168.6 68.3486 39.1177 6.56655 218.83
168.7 83.3868 24.9656 5.40803 232.982
168.8 102.6 13.7345 3.83396 244.213
168.9 131.766 6.52368 1.98512 251.424
169 180 4.03899 1.87441e-14 253.908
169.1 48.2344 6.52368 178.015 251.424
169.2 77.4001 13.7345 176.166 244.213
169.3 96.6132 24.9656 174.592 232.982
169.4 111.651 39.1177 173.433 218.83
169.5 124.686 54.8054 172.828 203.142
169.6 136.625 70.4931 172.898 187.454
169.7 147.913 84.6451 173.718 173.302
169.8 158.802 95.8762 175.283 162.071
169.9 169.455 103.087 177.465 154.86
170 180 105.572 180 152.376
170.1 10.5446 103.087 2.53514 154.86
170.2 21.1984 95.8762 4.71666 162.071
170.3 32.0868 84.6451 6.28198 173.302
170.4 43.3748 70.4931 7.10241 187.454
170.5 55.3141 54.8054 7.17164 203.142
170.6 68.3486 39.1177 6.56655 218.83
170.7 83.3868 24.9656 5.40803 232.982
170.8 102.6 13.7345 3.83396 244.213
170.9 131.766 6.52368 1.98512 251.424
171 180 4.03899 1.56538e-13 253.908
171.1 48.2344 6.52368 178.015 251.424
171.2 77.4001 13.7345 176.166 244.213
171.3 96.6132 24.9656 174.592 232.982
171.4 111.651 39.1177 173.433 218.83
171.5 124.686 54.8054 172.828 203.142
171.6 136.625 70.4931 172.898 187.454
171.7 147.913 84.6451 173.718 173.302
171.8 158.802 95.8762 175.283 162.071
171.9 169.455 103.087 177.465 154.86
172 180 105.572 180 152.376
172.1 10.5446 103.087 2.53514 154.86
172.2 21.1984 95.8762 4.71666 162.071
172.3 32.0868 84.6451 6.28198 173.302
172.4 43.3748 70.4931 7.10241 187.454
172.5 55.3141 54.8054 7.17164 203.142
172.6 68.3486 39.1177 6.56655 218.83
172.7 83.3868 24.9656 5.40803 232.982
172.8 102.6 13.7345 3.83396 244.213
172.9 131.766 6.52368 1.98512 251.424
173 180 4.03899 2.94333e-13 253.908
173.1 48.2344 6.52368 178.015 251.424
173.2 77.4001 13.7345 176.166 244.213
173.3 96.6132 24.9656 174.592 232.982
173.4 111.651 39.1177 173.433 218.83
173.5 124.686 54.8054 172.828 203.142
173.6 136.625 70.4931 172.898 187.454
173.7 147.913 84.6451 173.718 173.302
173.8 158.802 95.8762 175.283 162.071
173.9 169.455 103.087 177.465 154.86
174 180 105.572 180 152.376
174.1 10.5446 103.087 2.53514 154.86
174.2 21.1984 95.8762 4.71666 162.071
174.3 32.0868 84.6451 6.28198 173.302
174.4 43.3748 70.4931 7.10241 187.454
174.5 55.3141 54.8054 7.17164 203.142
174.6 68.3486 39.1177 6.56655 218.83
174.7 83.3868 24.9656 5.40803 232.982
174.8 102.6 13.7345 3.83396 244.213
174.9 131.766 6.52368 1.98512 251.424
175 180 4.03899 4.32127e-13 253.908
175.1 48.2344 6.52368 178.015 251.424
175.2 77.4001 13.7345 176.166 244.213
175.3 96.6132 24.9656 174.592 232.982
175.4 111.651 39.1177 173.433 218.83
175.5 124.686 54.8054 172.828 203.142
175.6 136.625 70.4931 172.898 187.454
175.7 147.913 84.6451 173.718 173.302
175.8 158.802 95.8762 175.283 162.071
175.9 169.455 103.087 177.465 154.86
176 180 105.572 180 152.376
176.1 10.5446 103.087 2.53514 154.86
176.2 21.1984 95.8762 4.71666 162.071
176.3 32.0868 84.6451 6.28198 173.302
176.4 43.3748 70.4931 7.10241 187.454
176.5 55.3141 54.8054 7.17164 203.142
176.6 68.3486 39.1177 6.56655 218.83
176.7 83.3868 24.9656 5.40803 232.982
176.8 102.6 13.7345 3.83396 244.213
176.9 131.766 6.52368 1.98512 251.424
177 4.29168e-12 4.03899 180 253.908
177.1 48.2344 6.52368 178.015 251.424
177.2 77.4001 13.7345 176.166 244.213
177.3 96.6132 24.9656 174.592 232.982
177.4 111.651 39.1177 173.433 218.83
177.5 124.686 54.8054 172.828 203.142
177.6 136.625 70.4931 172.898 187.454
177.7 147.913 84.6451 173.718 173.302
177.8 158.802 95.8762 175.283 162.071
177.9 169.455 103.087 177.465 154.86
178 4.60011e-13 105.572 1.1351e-13 152.376
178.1 10.5446 103.087 2.53514 154.86
178.2 21.1984 95.8762 4.71666 162.071
178.3 32.0868 84.6451 6.28198 173.302
178.4 43.3748 70.4931 7.10241 187.454
178.5 55.3141 54.8054 7.17164 203.142
178.6 68.3486 39.1177 6.56655 218.83
178.7 83.3868 24.9656 5.40803 232.982
178.8 102.6 13.7345 3.83396 244.213
178.9 131.766 6.52368 1.98512 251.424
179 5.11591e-13 4.03899 180 253.908
179.1 48.2344 6.52368 178.015 251.424
179.2 77.4001 13.7345 176.166 244.213
179.3 96.6132 24.9656 174.592 232.982
179.4 111.651 39.1177 173.433 218.83
179.5 124.686 54.8054 172.828 203.142
179.6 136.625 70.4931 172.898 187.454
179.7 147.913 84.6451 173.718 173.302
179.8 158.802 95.8762 175.283 162.071
179.9 169.455 103.087 177.465 154.86
180 180 105.572 180 152.376
