#theta_cm, theta3_lab, Ek3_lab, theta4_deg, Ek4_lab
0 0 128.97 0 111.859
0.1 6.65002 126.01 3.84349 114.819
0.2 13.2006 117.417 7.06263 123.412
0.3 19.5305 104.034 9.24656 136.795
0.4 25.4659 87.1695 10.2619 153.66
0.5 30.7259 68.4756 10.1822 172.353
0.6 34.8091 49.7817 9.18427 191.047
0.7 36.7302 32.9176 7.47489 207.911
0.8 34.3824 19.5343 5.25463 221.295
0.9 23.3902 10.9416 2.70699 229.887
1 1.05576e-14 7.98079 1.06547e-15 232.848
1.1 156.61 10.9416 177.293 229.887
1.2 145.618 19.5343 174.745 221.295
1.3 143.27 32.9176 172.525 207.911
1.4 145.191 49.7817 170.816 191.047
1.5 149.274 68.4756 169.818 172.353
1.6 154.534 87.1695 169.738 153.66
1.7 160.469 104.034 170.753 136.795
1.8 166.799 117.417 172.937 123.412
1.9 173.35 126.01 176.157 114.819
2 180 128.97 180 111.859
2.1 6.65002 126.01 3.84349 114.819
2.2 13.2006 117.417 7.06263 123.412
2.3 19.5305 104.034 9.24656 136.795
2.4 25.4659 87.1695 10.2619 153.66
2.5 30.7259 68.4756 10.1822 172.353
2.6 34.8091 49.7817 9.18427 191.047
2.7 36.7302 32.9176 7.47489 207.911
2.8 34.3824 19.5343 5.25463 221.295
2.9 23.3902 10.9416 2.70699 229.887
3 3.16727e-14 7.98079 3.19641e-15 232.848
3.1 156.61 10.9416 177.293 229.887
3.2 145.618 19.5343 174.745 221.295
3.3 143.27 32.9176 172.525 207.911
3.4 145.191 49.7817 170.816 191.047
3.5 149.274 68.4756 169.818 172.353
3.6 154.534 87.1695 169.738 153.66
3.7 160.469 104.034 170.753 136.795
3.8 166.799 117.417 172.937 123.412
3.9 173.35 126.01 176.157 114.819
4 180 128.97 180 111.859
4.1 6.65002 126.01 3.84349 114.819
4.2 13.2006 117.417 7.06263 123.412
4.3 19.5305 104.034 9.24656 136.795
4.4 25.4659 87.1695 10.2619 153.66
4.5 30.7259 68.4756 10.1822 172.353
4.6 34.8091 49.7817 9.18427 191.047
4.7 36.7302 32.9176 7.47489 207.911
4.8 34.3824 19.5343 5.25463 221.295
4.9 23.3902 10.9416 2.70699 229.887
5 5.27879e-14 7.98079 5.32735e-15 232.848
5.1 156.61 10.9416 177.293 229.887
5.2 145.618 19.5343 174.745 221.295
5.3 143.27 32.9176 172.525 207.911
5.4 145.191 49.7817 170.816 191.047
5.5 149.274 68.4756 169.818 172.353
5.6 154.534 87.1695 169.738 153.66
5.7 160.469 104.034 170.753 136.795
5.8 166.799 117.417 172.937 123.412
5.9 173.35 126.01 176.157 114.819
6 180 128.97 180 111.859
6.1 6.65002 126.01 3.84349 114.819
6.2 13.2006 117.417 7.06263 123.412
6.3 19.5305 104.034 9.24656 136.795
6.4 25.4659 87.1695 10.2619 153.66
6.5 30.7259 68.4756 10.1822 172.353
6.6 34.8091 49.7817 9.18427 191.047
6.7 36.7302 32.9176 7.47489 207.911
6.8 34.3824 19.5343 5.25463 221.295
6.9 23.3902 10.9416 2.70699 229.887
7 7.3903e-14 7.98079 7.45829e-15 232.848
7.1 156.61 10.9416 177.293 229.887
7.2 145.618 19.5343 174.745 221.295
7.3 143.27 32.9176 172.525 207.911
7.4 145.191 49.7817 170.816 191.047
7.5 149.274 68.4756 169.818 172.353
7.6 154.534 87.1695 169.738 153.66
7.7 160.469 104.034 170.753 136.795
7.8 166.799 117.417 172.937 123.412
7.9 173.35 126.01 176.157 114.819
8 180 128.97 180 111.859
8.1 6.65002 126.01 3.84349 114.819
8.2 13.2006 117.417 7.06263 123.412
8.3 19.5305 104.034 9.24656 136.795
8.4 25.4659 87.1695 10.2619 153.66
8.5 30.7259 68.4756 10.1822 172.353
8.6 34.8091 49.7817 9.18427 191.047
8.7 36.7302 32.9176 7.47489 207.911
8.8 34.3824 19.5343 5.25463 221.295
8.9 23.3902 10.9416 2.70699 229.887
9 9.50182e-14 7.98079 9.58924e-15 232.848
9.1 156.61 10.9416 177.293 229.887
9.2 145.618 19.5343 174.745 221.295
9.3 143.27 32.9176 172.525 207.911
9.4 145.191 49.7817 170.816 191.047
9.5 149.274 68.4756 169.818 172.353
9.6 154.534 87.1695 169.738 153.66
9.7 160.469 104.034 170.753 136.795
9.8 166.799 117.417 172.937 123.412
9.9 173.35 126.01 176.157 114.819
10 180 128.97 180 111.859
10.1 6.65002 126.01 3.84349 114.819
10.2 13.2006 117.417 7.06263 123.412
10.3 19.5305 104.034 9.24656 136.795
10.4 25.4659 87.1695 10.2619 153.66
10.5 30.7259 68.4756 10.1822 172.353
10.6 34.8091 49.7817 9.18427 191.047
10.7 36.7302 32.9176 7.47489 207.911
10.8 34.3824 19.5343 5.25463 221.295
10.9 23.3902 10.9416 2.70699 229.887
11 4.2241e-13 7.98079 4.26296e-14 232.848
11.1 156.61 10.9416 177.293 229.887
11.2 145.618 19.5343 174.745 221.295
11.3 143.27 32.9176 172.525 207.911
11.4 145.191 49.7817 170.816 191.047
11.5 149.274 68.4756 169.818 172.353
11.6 154.534 87.1695 169.738 153.66
11.7 160.469 104.034 170.753 136.795
11.8 166.799 117.417 172.937 123.412
11.9 173.35 126.01 176.157 114.819
12 180 128.97 180 111.859
12.1 6.65002 126.01 3.84349 114.819
12.2 13.2006 117.417 7.06263 123.412
12.3 19.5305 104.034 9.24656 136.795
12.4 25.4659 87.1695 10.2619 153.66
12.5 30.7259 68.4756 10.1822 172.353
12.6 34.8091 49.7817 9.18427 191.047
12.7 36.7302 32.9176 7.47489 207.911
12.8 34.3824 19.5343 5.25463 221.295
12.9 23.3902 10.9416 2.70699 229.887
13 180 7.98079 180 232.848
13.1 156.61 10.9416 177.293 229.887
13.2 145.618 19.5343 174.745 221.295
13.3 143.27 32.9176 172.525 207.911
13.4 145.191 49.7817 170.816 191.047
13.5 149.274 68.4756 169.818 172.353
13.6 154.534 87.1695 169.738 153.66
13.7 160.469 104.034 170.753 136.795
13.8 166.799 117.417 172.937 123.412
13.9 173.35 126.01 176.157 114.819
14 180 128.97 180 111.859
14.1 6.65002 126.01 3.84349 114.819
14.2 13.2006 117.417 7.06263 123.412
14.3 19.5305 104.034 9.24656 136.795
14.4 25.4659 87.1695 10.2619 153.66
14.5 30.7259 68.4756 10.1822 172.353
14.6 34.8091 49.7817 9.18427 191.047
14.7 36.7302 32.9176 7.47489 207.911
14.8 34.3824 19.5343 5.25463 221.295
14.9 23.3902 10.9416 2.70699 229.887
15 4.6464e-13 7.98079 4.68915e-14 232.848
15.1 156.61 10.9416 177.293 229.887
15.2 145.618 19.5343 174.745 221.295
15.3 143.27 32.9176 172.525 207.911
15.4 145.191 49.7817 170.816 191.047
15.5 149.274 68.4756 169.818 172.353
15.6 154.534 87.1695 169.738 153.66
15.7 160.469 104.034 170.753 136.795
15.8 166.799 117.417 172.937 123.412
15.9 173.35 126.01 176.157 114.819
16 180 128.97 180 111.859
16.1 6.65002 126.01 3.84349 114.819
16.2 13.2006 117.417 7.06263 123.412
16.3 19.5305 104.034 9.24656 136.795
16.4 25.4659 87.1695 10.2619 153.66
16.5 30.7259 68.4756 10.1822 172.353
16.6 34.8091 49.7817 9.18427 191.047
16.7 36.7302 32.9176 7.47489 207.911
16.8 34.3824 19.5343 5.25463 221.295
16.9 23.3902 10.9416 2.70699 229.887
17 180 7.98079 180 232.848
17.1 156.61 10.9416 177.293 229.887
17.2 145.618 19.5343 174.745 221.295
17.3 143.27 32.9176 172.525 207.911
17.4 145.191 49.7817 170.816 191.047
17.5 149.274 68.4756 169.818 172.353
17.6 154.534 87.1695 169.738 153.66
17.7 160.469 104.034 170.753 136.795
17.8 166.799 117.417 172.937 123.412
17.9 173.35 126.01 176.157 114.819
18 180 128.97 180 111.859
18.1 6.65002 126.01 3.84349 114.819
18.2 13.2006 117.417 7.06263 123.412
18.3 19.5305 104.034 9.24656 136.795
18.4 25.4659 87.1695 10.2619 153.66
18.5 30.7259 68.4756 10.1822 172.353
18.6 34.8091 49.7817 9.18427 191.047
18.7 36.7302 32.9176 7.47489 207.911
18.8 34.3824 19.5343 5.25463 221.295
18.9 23.3902 10.9416 2.70699 229.887
19 5.0687e-13 7.98079 5.11534e-14 232.848
19.1 156.61 10.9416 177.293 229.887
19.2 145.618 19.5343 174.745 221.295
19.3 143.27 32.9176 172.525 207.911
19.4 145.191 49.7817 170.816 191.047
19.5 149.274 68.4756 169.818 172.353
19.6 154.534 87.1695 169.738 153.66
19.7 160.469 104.034 170.753 136.795
19.8 166.799 117.417 172.937 123.412
19.9 173.35 126.01 176.157 114.819
20 180 128.97 180 111.859
20.1 6.65002 126.01 3.84349 114.819
20.2 13.2006 117.417 7.06263 123.412
20.3 19.5305 104.034 9.24656 136.795
20.4 25.4659 87.1695 10.2619 153.66
20.5 30.7259 68.4756 10.1822 172.353
20.6 34.8091 49.7817 9.18427 191.047
20.7 36.7302 32.9176 7.47489 207.911
20.8 34.3824 19.5343 5.25463 221.295
20.9 23.3902 10.9416 2.70699 229.887
21 180 7.98079 180 232.848
21.1 156.61 10.9416 177.293 229.887
21.2 145.618 19.5343 174.745 221.295
21.3 143.27 32.9176 172.525 207.911
21.4 145.191 49.7817 170.816 191.047
21.5 149.274 68.4756 169.818 172.353
21.6 154.534 87.1695 169.738 153.66
21.7 160.469 104.034 170.753 136.795
21.8 166.799 117.417 172.937 123.412
21.9 173.35 126.01 176.157 114.819
22 180 128.97 180 111.859
22.1 6.65002 126.01 3.84349 114.819
22.2 13.2006 117.417 7.06263 123.412
22.3 19.5305 104.034 9.24656 136.795
22.4 25.4659 87.1695 10.2619 153.66
22.5 30.7259 68.4756 10.1822 172.353
22.6 34.8091 49.7817 9.18427 191.047
22.7 36.7302 32.9176 7.47489 207.911
22.8 34.3824 19.5343 5.25463 221.295
22.9 23.3902 10.9416 2.70699 229.887
23 5.49101e-13 7.98079 5.54152e-14 232.848
23.1 156.61 10.9416 177.293 229.887
23.2 145.618 19.5343 174.745 221.295
23.3 143.27 32.9176 172.525 207.911
23.4 145.191 49.7817 170.816 191.047
23.5 149.274 68.4756 169.818 172.353
23.6 154.534 87.1695 169.738 153.66
23.7 160.469 104.034 170.753 136.795
23.8 166.799 117.417 172.937 123.412
23.9 173.35 126.01 176.157 114.819
24 180 128.97 180 111.859
24.1 6.65002 126.01 3.84349 114.819
24.2 13.2006 117.417 7.06263 123.412
24.3 19.5305 104.034 9.24656 136.795
24.4 25.4659 87.1695 10.2619 153.66
24.5 30.7259 68.4756 10.1822 172.353
24.6 34.8091 49.7817 9.18427 191.047
24.7 36.7302 32.9176 7.47489 207.911
24.8 34.3824 19.5343 5.25463 221.295
24.9 23.3902 10.9416 2.70699 229.887
25 180 7.98079 180 232.848
25.1 156.61 10.9416 177.293 229.887
25.2 145.618 19.5343 174.745 221.295
25.3 143.27 32.9176 172.525 207.911
25.4 145.191 49.7817 170.816 191.047
25.5 149.274 68.4756 169.818 172.353
25.6 154.534 87.1695 169.738 153.66
25.7 160.469 104.034 170.753 136.795
25.8 166.799 117.417 172.937 123.412
25.9 173.35 126.01 176.157 114.819
26 8.32041e-14 128.97 4.9381e-14 111.859
26.1 6.65002 126.01 3.84349 114.819
26.2 13.2006 117.417 7.06263 123.412
26.3 19.5305 104.034 9.24656 136.795
26.4 25.4659 87.1695 10.2619 153.66
26.5 30.7259 68.4756 10.1822 172.353
26.6 34.8091 49.7817 9.18427 191.047
26.7 36.7302 32.9176 7.47489 207.911
26.8 34.3824 19.5343 5.25463 221.295
26.9 23.3902 10.9416 2.70699 229.887
27 5.91331e-13 7.98079 5.96771e-14 232.848
27.1 156.61 10.9416 177.293 229.887
27.2 145.618 19.5343 174.745 221.295
27.3 143.27 32.9176 172.525 207.911
27.4 145.191 49.7817 170.816 191.047
27.5 149.274 68.4756 169.818 172.353
27.6 154.534 87.1695 169.738 153.66
27.7 160.469 104.034 170.753 136.795
27.8 166.799 117.417 172.937 123.412
27.9 173.35 126.01 176.157 114.819
28 180 128.97 180 111.859
28.1 6.65002 126.01 3.84349 114.819
28.2 13.2006 117.417 7.06263 123.412
28.3 19.5305 104.034 9.24656 136.795
28.4 25.4659 87.1695 10.2619 153.66
28.5 30.7259 68.4756 10.1822 172.353
28.6 34.8091 49.7817 9.18427 191.047
28.7 36.7302 32.9176 7.47489 207.911
28.8 34.3824 19.5343 5.25463 221.295
28.9 23.3902 10.9416 2.70699 229.887
29 180 7.98079 180 232.848
29.1 156.61 10.9416 177.293 229.887
29.2 145.618 19.5343 174.745 221.295
29.3 143.27 32.9176 172.525 207.911
29.4 145.191 49.7817 170.816 191.047
29.5 149.274 68.4756 169.818 172.353
29.6 154.534 87.1695 169.738 153.66
29.7 160.469 104.034 170.753 136.795
29.8 166.799 117.417 172.937 123.412
29.9 173.35 126.01 176.157 114.819
30 180 128.97 180 111.859
30.1 6.65002 126.01 3.84349 114.819
30.2 13.2006 117.417 7.06263 123.412
30.3 19.5305 104.034 9.24656 136.795
30.4 25.4659 87.1695 10.2619 153.66
30.5 30.7259 68.4756 10.1822 172.353
30.6 34.8091 49.7817 9.18427 191.047
30.7 36.7302 32.9176 7.47489 207.911
30.8 34.3824 19.5343 5.25463 221.295
30.9 23.3902 10.9416 2.70699 229.887
31 6.33561e-13 7.98079 6.3939e-14 232.848
31.1 156.61 10.9416 177.293 229.887
31.2 145.618 19.5343 174.745 221.295
31.3 143.27 32.9176 172.525 207.911
31.4 145.191 49.7817 170.816 191.047
31.5 149.274 68.4756 169.818 172.353
31.6 154.534 87.1695 169.738 153.66
31.7 160.469 104.034 170.753 136.795
31.8 166.799 117.417 172.937 123.412
31.9 173.35 126.01 176.157 114.819
32 180 128.97 180 111.859
32.1 6.65002 126.01 3.84349 114.819
32.2 13.2006 117.417 7.06263 123.412
32.3 19.5305 104.034 9.24656 136.795
32.4 25.4659 87.1695 10.2619 153.66
32.5 30.7259 68.4756 10.1822 172.353
32.6 34.8091 49.7817 9.18427 191.047
32.7 36.7302 32.9176 7.47489 207.911
32.8 34.3824 19.5343 5.25463 221.295
32.9 23.3902 10.9416 2.70699 229.887
33 4.21236e-14 7.98079 4.25111e-15 232.848
33.1 156.61 10.9416 177.293 229.887
33.2 145.618 19.5343 174.745 221.295
33.3 143.27 32.9176 172.525 207.911
33.4 145.191 49.7817 170.816 191.047
33.5 149.274 68.4756 169.818 172.353
33.6 154.534 87.1695 169.738 153.66
33.7 160.469 104.034 170.753 136.795
33.8 166.799 117.417 172.937 123.412
33.9 173.35 126.01 176.157 114.819
34 6.24162e-14 128.97 3.70436e-14 111.859
34.1 6.65002 126.01 3.84349 114.819
34.2 13.2006 117.417 7.06263 123.412
34.3 19.5305 104.034 9.24656 136.795
34.4 25.4659 87.1695 10.2619 153.66
34.5 30.7259 68.4756 10.1822 172.353
34.6 34.8091 49.7817 9.18427 191.047
34.7 36.7302 32.9176 7.47489 207.911
34.8 34.3824 19.5343 5.25463 221.295
34.9 23.3902 10.9416 2.70699 229.887
35 6.75792e-13 7.98079 6.82009e-14 232.848
35.1 156.61 10.9416 177.293 229.887
35.2 145.618 19.5343 174.745 221.295
35.3 143.27 32.9176 172.525 207.911
35.4 145.191 49.7817 170.816 191.047
35.5 149.274 68.4756 169.818 172.353
35.6 154.534 87.1695 169.738 153.66
35.7 160.469 104.034 170.753 136.795
35.8 166.799 117.417 172.937 123.412
35.9 173.35 126.01 176.157 114.819
36 180 128.97 180 111.859
36.1 6.65002 126.01 3.84349 114.819
36.2 13.2006 117.417 7.06263 123.412
36.3 19.5305 104.034 9.24656 136.795
36.4 25.4659 87.1695 10.2619 153.66
36.5 30.7259 68.4756 10.1822 172.353
36.6 34.8091 49.7817 9.18427 191.047
36.7 36.7302 32.9176 7.47489 207.911
36.8 34.3824 19.5343 5.25463 221.295
36.9 23.3902 10.9416 2.70699 229.887
37 8.43539e-14 7.98079 8.51299e-15 232.848
37.1 156.61 10.9416 177.293 229.887
37.2 145.618 19.5343 174.745 221.295
37.3 143.27 32.9176 172.525 207.911
37.4 145.191 49.7817 170.816 191.047
37.5 149.274 68.4756 169.818 172.353
37.6 154.534 87.1695 169.738 153.66
37.7 160.469 104.034 170.753 136.795
37.8 166.799 117.417 172.937 123.412
37.9 173.35 126.01 176.157 114.819
38 180 128.97 180 111.859
38.1 6.65002 126.01 3.84349 114.819
38.2 13.2006 117.417 7.06263 123.412
38.3 19.5305 104.034 9.24656 136.795
38.4 25.4659 87.1695 10.2619 153.66
38.5 30.7259 68.4756 10.1822 172.353
38.6 34.8091 49.7817 9.18427 191.047
38.7 36.7302 32.9176 7.47489 207.911
38.8 34.3824 19.5343 5.25463 221.295
38.9 23.3902 10.9416 2.70699 229.887
39 7.18022e-13 7.98079 7.24628e-14 232.848
39.1 156.61 10.9416 177.293 229.887
39.2 145.618 19.5343 174.745 221.295
39.3 143.27 32.9176 172.525 207.911
39.4 145.191 49.7817 170.816 191.047
39.5 149.274 68.4756 169.818 172.353
39.6 154.534 87.1695 169.738 153.66
39.7 160.469 104.034 170.753 136.795
39.8 166.799 117.417 172.937 123.412
39.9 173.35 126.01 176.157 114.819
40 180 128.97 180 111.859
40.1 6.65002 126.01 3.84349 114.819
40.2 13.2006 117.417 7.06263 123.412
40.3 19.5305 104.034 9.24656 136.795
40.4 25.4659 87.1695 10.2619 153.66
40.5 30.7259 68.4756 10.1822 172.353
40.6 34.8091 49.7817 9.18427 191.047
40.7 36.7302 32.9176 7.47489 207.911
40.8 34.3824 19.5343 5.25463 221.295
40.9 23.3902 10.9416 2.70699 229.887
41 1.35169e-12 7.98079 1.36413e-13 232.848
41.1 156.61 10.9416 177.293 229.887
41.2 145.618 19.5343 174.745 221.295
41.3 143.27 32.9176 172.525 207.911
41.4 145.191 49.7817 170.816 191.047
41.5 149.274 68.4756 169.818 172.353
41.6 154.534 87.1695 169.738 153.66
41.7 160.469 104.034 170.753 136.795
41.8 166.799 117.417 172.937 123.412
41.9 173.35 126.01 176.157 114.819
42 4.16283e-14 128.97 2.47061e-14 111.859
42.1 6.65002 126.01 3.84349 114.819
42.2 13.2006 117.417 7.06263 123.412
42.3 19.5305 104.034 9.24656 136.795
42.4 25.4659 87.1695 10.2619 153.66
42.5 30.7259 68.4756 10.1822 172.353
42.6 34.8091 49.7817 9.18427 191.047
42.7 36.7302 32.9176 7.47489 207.911
42.8 34.3824 19.5343 5.25463 221.295
42.9 23.3902 10.9416 2.70699 229.887
43 7.60252e-13 7.98079 7.67247e-14 232.848
43.1 156.61 10.9416 177.293 229.887
43.2 145.618 19.5343 174.745 221.295
43.3 143.27 32.9176 172.525 207.911
43.4 145.191 49.7817 170.816 191.047
43.5 149.274 68.4756 169.818 172.353
43.6 154.534 87.1695 169.738 153.66
43.7 160.469 104.034 170.753 136.795
43.8 166.799 117.417 172.937 123.412
43.9 173.35 126.01 176.157 114.819
44 180 128.97 180 111.859
44.1 6.65002 126.01 3.84349 114.819
44.2 13.2006 117.417 7.06263 123.412
44.3 19.5305 104.034 9.24656 136.795
44.4 25.4659 87.1695 10.2619 153.66
44.5 30.7259 68.4756 10.1822 172.353
44.6 34.8091 49.7817 9.18427 191.047
44.7 36.7302 32.9176 7.47489 207.911
44.8 34.3824 19.5343 5.25463 221.295
44.9 23.3902 10.9416 2.70699 229.887
45 1.68814e-13 7.98079 1.70368e-14 232.848
45.1 156.61 10.9416 177.293 229.887
45.2 145.618 19.5343 174.745 221.295
45.3 143.27 32.9176 172.525 207.911
45.4 145.191 49.7817 170.816 191.047
45.5 149.274 68.4756 169.818 172.353
45.6 154.534 87.1695 169.738 153.66
45.7 160.469 104.034 170.753 136.795
45.8 166.799 117.417 172.937 123.412
45.9 173.35 126.01 176.157 114.819
46 180 128.97 180 111.859
46.1 6.65002 126.01 3.84349 114.819
46.2 13.2006 117.417 7.06263 123.412
46.3 19.5305 104.034 9.24656 136.795
46.4 25.4659 87.1695 10.2619 153.66
46.5 30.7259 68.4756 10.1822 172.353
46.6 34.8091 49.7817 9.18427 191.047
46.7 36.7302 32.9176 7.47489 207.911
46.8 34.3824 19.5343 5.25463 221.295
46.9 23.3902 10.9416 2.70699 229.887
47 180 7.98079 180 232.848
47.1 156.61 10.9416 177.293 229.887
47.2 145.618 19.5343 174.745 221.295
47.3 143.27 32.9176 172.525 207.911
47.4 145.191 49.7817 170.816 191.047
47.5 149.274 68.4756 169.818 172.353
47.6 154.534 87.1695 169.738 153.66
47.7 160.469 104.034 170.753 136.795
47.8 166.799 117.417 172.937 123.412
47.9 173.35 126.01 176.157 114.819
48 180 128.97 180 111.859
48.1 6.65002 126.01 3.84349 114.819
48.2 13.2006 117.417 7.06263 123.412
48.3 19.5305 104.034 9.24656 136.795
48.4 25.4659 87.1695 10.2619 153.66
48.5 30.7259 68.4756 10.1822 172.353
48.6 34.8091 49.7817 9.18427 191.047
48.7 36.7302 32.9176 7.47489 207.911
48.8 34.3824 19.5343 5.25463 221.295
48.9 23.3902 10.9416 2.70699 229.887
49 1.43615e-12 7.98079 1.44936e-13 232.848
49.1 156.61 10.9416 177.293 229.887
49.2 145.618 19.5343 174.745 221.295
49.3 143.27 32.9176 172.525 207.911
49.4 145.191 49.7817 170.816 191.047
49.5 149.274 68.4756 169.818 172.353
49.6 154.534 87.1695 169.738 153.66
49.7 160.469 104.034 170.753 136.795
49.8 166.799 117.417 172.937 123.412
49.9 173.35 126.01 176.157 114.819
50 2.08404e-14 128.97 1.23686e-14 111.859
50.1 6.65002 126.01 3.84349 114.819
50.2 13.2006 117.417 7.06263 123.412
50.3 19.5305 104.034 9.24656 136.795
50.4 25.4659 87.1695 10.2619 153.66
50.5 30.7259 68.4756 10.1822 172.353
50.6 34.8091 49.7817 9.18427 191.047
50.7 36.7302 32.9176 7.47489 207.911
50.8 34.3824 19.5343 5.25463 221.295
50.9 23.3902 10.9416 2.70699 229.887
51 8.44713e-13 7.98079 8.52484e-14 232.848
51.1 156.61 10.9416 177.293 229.887
51.2 145.618 19.5343 174.745 221.295
51.3 143.27 32.9176 172.525 207.911
51.4 145.191 49.7817 170.816 191.047
51.5 149.274 68.4756 169.818 172.353
51.6 154.534 87.1695 169.738 153.66
51.7 160.469 104.034 170.753 136.795
51.8 166.799 117.417 172.937 123.412
51.9 173.35 126.01 176.157 114.819
52 1.66408e-13 128.97 9.8762e-14 111.859
52.1 6.65002 126.01 3.84349 114.819
52.2 13.2006 117.417 7.06263 123.412
52.3 19.5305 104.034 9.24656 136.795
52.4 25.4659 87.1695 10.2619 153.66
52.5 30.7259 68.4756 10.1822 172.353
52.6 34.8091 49.7817 9.18427 191.047
52.7 36.7302 32.9176 7.47489 207.911
52.8 34.3824 19.5343 5.25463 221.295
52.9 23.3902 10.9416 2.70699 229.887
53 2.53275e-13 7.98079 2.55605e-14 232.848
53.1 156.61 10.9416 177.293 229.887
53.2 145.618 19.5343 174.745 221.295
53.3 143.27 32.9176 172.525 207.911
53.4 145.191 49.7817 170.816 191.047
53.5 149.274 68.4756 169.818 172.353
53.6 154.534 87.1695 169.738 153.66
53.7 160.469 104.034 170.753 136.795
53.8 166.799 117.417 172.937 123.412
53.9 173.35 126.01 176.157 114.819
54 180 128.97 180 111.859
54.1 6.65002 126.01 3.84349 114.819
54.2 13.2006 117.417 7.06263 123.412
54.3 19.5305 104.034 9.24656 136.795
54.4 25.4659 87.1695 10.2619 153.66
54.5 30.7259 68.4756 10.1822 172.353
54.6 34.8091 49.7817 9.18427 191.047
54.7 36.7302 32.9176 7.47489 207.911
54.8 34.3824 19.5343 5.25463 221.295
54.9 23.3902 10.9416 2.70699 229.887
55 180 7.98079 180 232.848
55.1 156.61 10.9416 177.293 229.887
55.2 145.618 19.5343 174.745 221.295
55.3 143.27 32.9176 172.525 207.911
55.4 145.191 49.7817 170.816 191.047
55.5 149.274 68.4756 169.818 172.353
55.6 154.534 87.1695 169.738 153.66
55.7 160.469 104.034 170.753 136.795
55.8 166.799 117.417 172.937 123.412
55.9 173.35 126.01 176.157 114.819
56 180 128.97 180 111.859
56.1 6.65002 126.01 3.84349 114.819
56.2 13.2006 117.417 7.06263 123.412
56.3 19.5305 104.034 9.24656 136.795
56.4 25.4659 87.1695 10.2619 153.66
56.5 30.7259 68.4756 10.1822 172.353
56.6 34.8091 49.7817 9.18427 191.047
56.7 36.7302 32.9176 7.47489 207.911
56.8 34.3824 19.5343 5.25463 221.295
56.9 23.3902 10.9416 2.70699 229.887
57 1.52061e-12 7.98079 1.5346e-13 232.848
57.1 156.61 10.9416 177.293 229.887
57.2 145.618 19.5343 174.745 221.295
57.3 143.27 32.9176 172.525 207.911
57.4 145.191 49.7817 170.816 191.047
57.5 149.274 68.4756 169.818 172.353
57.6 154.534 87.1695 169.738 153.66
57.7 160.469 104.034 170.753 136.795
57.8 166.799 117.417 172.937 123.412
57.9 173.35 126.01 176.157 114.819
58 5.25348e-17 128.97 3.1179e-17 111.859
58.1 6.65002 126.01 3.84349 114.819
58.2 13.2006 117.417 7.06263 123.412
58.3 19.5305 104.034 9.24656 136.795
58.4 25.4659 87.1695 10.2619 153.66
58.5 30.7259 68.4756 10.1822 172.353
58.6 34.8091 49.7817 9.18427 191.047
58.7 36.7302 32.9176 7.47489 207.911
58.8 34.3824 19.5343 5.25463 221.295
58.9 23.3902 10.9416 2.70699 229.887
59 9.29173e-13 7.98079 9.37722e-14 232.848
59.1 156.61 10.9416 177.293 229.887
59.2 145.618 19.5343 174.745 221.295
59.3 143.27 32.9176 172.525 207.911
59.4 145.191 49.7817 170.816 191.047
59.5 149.274 68.4756 169.818 172.353
59.6 154.534 87.1695 169.738 153.66
59.7 160.469 104.034 170.753 136.795
59.8 166.799 117.417 172.937 123.412
59.9 173.35 126.01 176.157 114.819
60 180 128.97 180 111.859
60.1 6.65002 126.01 3.84349 114.819
60.2 13.2006 117.417 7.06263 123.412
60.3 19.5305 104.034 9.24656 136.795
60.4 25.4659 87.1695 10.2619 153.66
60.5 30.7259 68.4756 10.1822 172.353
60.6 34.8091 49.7817 9.18427 191.047
60.7 36.7302 32.9176 7.47489 207.911
60.8 34.3824 19.5343 5.25463 221.295
60.9 23.3902 10.9416 2.70699 229.887
61 3.37736e-13 7.98079 3.40843e-14 232.848
61.1 156.61 10.9416 177.293 229.887
61.2 145.618 19.5343 174.745 221.295
61.3 143.27 32.9176 172.525 207.911
61.4 145.191 49.7817 170.816 191.047
61.5 149.274 68.4756 169.818 172.353
61.6 154.534 87.1695 169.738 153.66
61.7 160.469 104.034 170.753 136.795
61.8 166.799 117.417 172.937 123.412
61.9 173.35 126.01 176.157 114.819
62 180 128.97 180 111.859
62.1 6.65002 126.01 3.84349 114.819
62.2 13.2006 117.417 7.06263 123.412
62.3 19.5305 104.034 9.24656 136.795
62.4 25.4659 87.1695 10.2619 153.66
62.5 30.7259 68.4756 10.1822 172.353
62.6 34.8091 49.7817 9.18427 191.047
62.7 36.7302 32.9176 7.47489 207.911
62.8 34.3824 19.5343 5.25463 221.295
62.9 23.3902 10.9416 2.70699 229.887
63 180 7.98079 180 232.848
63.1 156.61 10.9416 177.293 229.887
63.2 145.618 19.5343 174.745 221.295
63.3 143.27 32.9176 172.525 207.911
63.4 145.191 49.7817 170.816 191.047
63.5 149.274 68.4756 169.818 172.353
63.6 154.534 87.1695 169.738 153.66
63.7 160.469 104.034 170.753 136.795
63.8 166.799 117.417 172.937 123.412
63.9 173.35 126.01 176.157 114.819
64 180 128.97 180 111.859
64.1 6.65002 126.01 3.84349 114.819
64.2 13.2006 117.417 7.06263 123.412
64.3 19.5305 104.034 9.24656 136.795
64.4 25.4659 87.1695 10.2619 153.66
64.5 30.7259 68.4756 10.1822 172.353
64.6 34.8091 49.7817 9.18427 191.047
64.7 36.7302 32.9176 7.47489 207.911
64.8 34.3824 19.5343 5.25463 221.295
64.9 23.3902 10.9416 2.70699 229.887
65 1.60507e-12 7.98079 1.61984e-13 232.848
65.1 156.61 10.9416 177.293 229.887
65.2 145.618 19.5343 174.745 221.295
65.3 143.27 32.9176 172.525 207.911
65.4 145.191 49.7817 170.816 191.047
65.5 149.274 68.4756 169.818 172.353
65.6 154.534 87.1695 169.738 153.66
65.7 160.469 104.034 170.753 136.795
65.8 166.799 117.417 172.937 123.412
65.9 173.35 126.01 176.157 114.819
66 180 128.97 180 111.859
66.1 6.65002 126.01 3.84349 114.819
66.2 13.2006 117.417 7.06263 123.412
66.3 19.5305 104.034 9.24656 136.795
66.4 25.4659 87.1695 10.2619 153.66
66.5 30.7259 68.4756 10.1822 172.353
66.6 34.8091 49.7817 9.18427 191.047
66.7 36.7302 32.9176 7.47489 207.911
66.8 34.3824 19.5343 5.25463 221.295
66.9 23.3902 10.9416 2.70699 229.887
67 1.01363e-12 7.98079 1.02296e-13 232.848
67.1 156.61 10.9416 177.293 229.887
67.2 145.618 19.5343 174.745 221.295
67.3 143.27 32.9176 172.525 207.911
67.4 145.191 49.7817 170.816 191.047
67.5 149.274 68.4756 169.818 172.353
67.6 154.534 87.1695 169.738 153.66
67.7 160.469 104.034 170.753 136.795
67.8 166.799 117.417 172.937 123.412
67.9 173.35 126.01 176.157 114.819
68 1.24832e-13 128.97 7.40871e-14 111.859
68.1 6.65002 126.01 3.84349 114.819
68.2 13.2006 117.417 7.06263 123.412
68.3 19.5305 104.034 9.24656 136.795
68.4 25.4659 87.1695 10.2619 153.66
68.5 30.7259 68.4756 10.1822 172.353
68.6 34.8091 49.7817 9.18427 191.047
68.7 36.7302 32.9176 7.47489 207.911
68.8 34.3824 19.5343 5.25463 221.295
68.9 23.3902 10.9416 2.70699 229.887
69 4.22196e-13 7.98079 4.26081e-14 232.848
69.1 156.61 10.9416 177.293 229.887
69.2 145.618 19.5343 174.745 221.295
69.3 143.27 32.9176 172.525 207.911
69.4 145.191 49.7817 170.816 191.047
69.5 149.274 68.4756 169.818 172.353
69.6 154.534 87.1695 169.738 153.66
69.7 160.469 104.034 170.753 136.795
69.8 166.799 117.417 172.937 123.412
69.9 173.35 126.01 176.157 114.819
70 180 128.97 180 111.859
70.1 6.65002 126.01 3.84349 114.819
70.2 13.2006 117.417 7.06263 123.412
70.3 19.5305 104.034 9.24656 136.795
70.4 25.4659 87.1695 10.2619 153.66
70.5 30.7259 68.4756 10.1822 172.353
70.6 34.8091 49.7817 9.18427 191.047
70.7 36.7302 32.9176 7.47489 207.911
70.8 34.3824 19.5343 5.25463 221.295
70.9 23.3902 10.9416 2.70699 229.887
71 180 7.98079 180 232.848
71.1 156.61 10.9416 177.293 229.887
71.2 145.618 19.5343 174.745 221.295
71.3 143.27 32.9176 172.525 207.911
71.4 145.191 49.7817 170.816 191.047
71.5 149.274 68.4756 169.818 172.353
71.6 154.534 87.1695 169.738 153.66
71.7 160.469 104.034 170.753 136.795
71.8 166.799 117.417 172.937 123.412
71.9 173.35 126.01 176.157 114.819
72 180 128.97 180 111.859
72.1 6.65002 126.01 3.84349 114.819
72.2 13.2006 117.417 7.06263 123.412
72.3 19.5305 104.034 9.24656 136.795
72.4 25.4659 87.1695 10.2619 153.66
72.5 30.7259 68.4756 10.1822 172.353
72.6 34.8091 49.7817 9.18427 191.047
72.7 36.7302 32.9176 7.47489 207.911
72.8 34.3824 19.5343 5.25463 221.295
72.9 23.3902 10.9416 2.70699 229.887
73 1.68953e-12 7.98079 1.70508e-13 232.848
73.1 156.61 10.9416 177.293 229.887
73.2 145.618 19.5343 174.745 221.295
73.3 143.27 32.9176 172.525 207.911
73.4 145.191 49.7817 170.816 191.047
73.5 149.274 68.4756 169.818 172.353
73.6 154.534 87.1695 169.738 153.66
73.7 160.469 104.034 170.753 136.795
73.8 166.799 117.417 172.937 123.412
73.9 173.35 126.01 176.157 114.819
74 180 128.97 180 111.859
74.1 6.65002 126.01 3.84349 114.819
74.2 13.2006 117.417 7.06263 123.412
74.3 19.5305 104.034 9.24656 136.795
74.4 25.4659 87.1695 10.2619 153.66
74.5 30.7259 68.4756 10.1822 172.353
74.6 34.8091 49.7817 9.18427 191.047
74.7 36.7302 32.9176 7.47489 207.911
74.8 34.3824 19.5343 5.25463 221.295
74.9 23.3902 10.9416 2.70699 229.887
75 1.09809e-12 7.98079 1.1082e-13 232.848
75.1 156.61 10.9416 177.293 229.887
75.2 145.618 19.5343 174.745 221.295
75.3 143.27 32.9176 172.525 207.911
75.4 145.191 49.7817 170.816 191.047
75.5 149.274 68.4756 169.818 172.353
75.6 154.534 87.1695 169.738 153.66
75.7 160.469 104.034 170.753 136.795
75.8 166.799 117.417 172.937 123.412
75.9 173.35 126.01 176.157 114.819
76 180 128.97 180 111.859
76.1 6.65002 126.01 3.84349 114.819
76.2 13.2006 117.417 7.06263 123.412
76.3 19.5305 104.034 9.24656 136.795
76.4 25.4659 87.1695 10.2619 153.66
76.5 30.7259 68.4756 10.1822 172.353
76.6 34.8091 49.7817 9.18427 191.047
76.7 36.7302 32.9176 7.47489 207.911
76.8 34.3824 19.5343 5.25463 221.295
76.9 23.3902 10.9416 2.70699 229.887
77 5.06657e-13 7.98079 5.11318e-14 232.848
77.1 156.61 10.9416 177.293 229.887
77.2 145.618 19.5343 174.745 221.295
77.3 143.27 32.9176 172.525 207.911
77.4 145.191 49.7817 170.816 191.047
77.5 149.274 68.4756 169.818 172.353
77.6 154.534 87.1695 169.738 153.66
77.7 160.469 104.034 170.753 136.795
77.8 166.799 117.417 172.937 123.412
77.9 173.35 126.01 176.157 114.819
78 180 128.97 180 111.859
78.1 6.65002 126.01 3.84349 114.819
78.2 13.2006 117.417 7.06263 123.412
78.3 19.5305 104.034 9.24656 136.795
78.4 25.4659 87.1695 10.2619 153.66
78.5 30.7259 68.4756 10.1822 172.353
78.6 34.8091 49.7817 9.18427 191.047
78.7 36.7302 32.9176 7.47489 207.911
78.8 34.3824 19.5343 5.25463 221.295
78.9 23.3902 10.9416 2.70699 229.887
79 180 7.98079 180 232.848
79.1 156.61 10.9416 177.293 229.887
79.2 145.618 19.5343 174.745 221.295
79.3 143.27 32.9176 172.525 207.911
79.4 145.191 49.7817 170.816 191.047
79.5 149.274 68.4756 169.818 172.353
79.6 154.534 87.1695 169.738 153.66
79.7 160.469 104.034 170.753 136.795
79.8 166.799 117.417 172.937 123.412
79.9 173.35 126.01 176.157 114.819
80 180 128.97 180 111.859
80.1 6.65002 126.01 3.84349 114.819
80.2 13.2006 117.417 7.06263 123.412
80.3 19.5305 104.034 9.24656 136.795
80.4 25.4659 87.1695 10.2619 153.66
80.5 30.7259 68.4756 10.1822 172.353
80.6 34.8091 49.7817 9.18427 191.047
80.7 36.7302 32.9176 7.47489 207.911
80.8 34.3824 19.5343 5.25463 221.295
80.9 23.3902 10.9416 2.70699 229.887
81 1.77399e-12 7.98079 1.79031e-13 232.848
81.1 156.61 10.9416 177.293 229.887
81.2 145.618 19.5343 174.745 221.295
81.3 143.27 32.9176 172.525 207.911
81.4 145.191 49.7817 170.816 191.047
81.5 149.274 68.4756 169.818 172.353
81.6 154.534 87.1695 169.738 153.66
81.7 160.469 104.034 170.753 136.795
81.8 166.799 117.417 172.937 123.412
81.9 173.35 126.01 176.157 114.819
82 180 128.97 180 111.859
82.1 6.65002 126.01 3.84349 114.819
82.2 13.2006 117.417 7.06263 123.412
82.3 19.5305 104.034 9.24656 136.795
82.4 25.4659 87.1695 10.2619 153.66
82.5 30.7259 68.4756 10.1822 172.353
82.6 34.8091 49.7817 9.18427 191.047
82.7 36.7302 32.9176 7.47489 207.911
82.8 34.3824 19.5343 5.25463 221.295
82.9 23.3902 10.9416 2.70699 229.887
83 180 7.98079 180 232.848
83.1 156.61 10.9416 177.293 229.887
83.2 145.618 19.5343 174.745 221.295
83.3 143.27 32.9176 172.525 207.911
83.4 145.191 49.7817 170.816 191.047
83.5 149.274 68.4756 169.818 172.353
83.6 154.534 87.1695 169.738 153.66
83.7 160.469 104.034 170.753 136.795
83.8 166.799 117.417 172.937 123.412
83.9 173.35 126.01 176.157 114.819
84 8.32567e-14 128.97 4.94122e-14 111.859
84.1 6.65002 126.01 3.84349 114.819
84.2 13.2006 117.417 7.06263 123.412
84.3 19.5305 104.034 9.24656 136.795
84.4 25.4659 87.1695 10.2619 153.66
84.5 30.7259 68.4756 10.1822 172.353
84.6 34.8091 49.7817 9.18427 191.047
84.7 36.7302 32.9176 7.47489 207.911
84.8 34.3824 19.5343 5.25463 221.295
84.9 23.3902 10.9416 2.70699 229.887
85 5.91117e-13 7.98079 5.96556e-14 232.848
85.1 156.61 10.9416 177.293 229.887
85.2 145.618 19.5343 174.745 221.295
85.3 143.27 32.9176 172.525 207.911
85.4 145.191 49.7817 170.816 191.047
85.5 149.274 68.4756 169.818 172.353
85.6 154.534 87.1695 169.738 153.66
85.7 160.469 104.034 170.753 136.795
85.8 166.799 117.417 172.937 123.412
85.9 173.35 126.01 176.157 114.819
86 180 128.97 180 111.859
86.1 6.65002 126.01 3.84349 114.819
86.2 13.2006 117.417 7.06263 123.412
86.3 19.5305 104.034 9.24656 136.795
86.4 25.4659 87.1695 10.2619 153.66
86.5 30.7259 68.4756 10.1822 172.353
86.6 34.8091 49.7817 9.18427 191.047
86.7 36.7302 32.9176 7.47489 207.911
86.8 34.3824 19.5343 5.25463 221.295
86.9 23.3902 10.9416 2.70699 229.887
87 2.44989e-12 7.98079 2.47243e-13 232.848
87.1 156.61 10.9416 177.293 229.887
87.2 145.618 19.5343 174.745 221.295
87.3 143.27 32.9176 172.525 207.911
87.4 145.191 49.7817 170.816 191.047
87.5 149.274 68.4756 169.818 172.353
87.6 154.534 87.1695 169.738 153.66
87.7 160.469 104.034 170.753 136.795
87.8 166.799 117.417 172.937 123.412
87.9 173.35 126.01 176.157 114.819
88 180 128.97 180 111.859
88.1 6.65002 126.01 3.84349 114.819
88.2 13.2006 117.417 7.06263 123.412
88.3 19.5305 104.034 9.24656 136.795
88.4 25.4659 87.1695 10.2619 153.66
88.5 30.7259 68.4756 10.1822 172.353
88.6 34.8091 49.7817 9.18427 191.047
88.7 36.7302 32.9176 7.47489 207.911
88.8 34.3824 19.5343 5.25463 221.295
88.9 23.3902 10.9416 2.70699 229.887
89 180 7.98079 180 232.848
89.1 156.61 10.9416 177.293 229.887
89.2 145.618 19.5343 174.745 221.295
89.3 143.27 32.9176 172.525 207.911
89.4 145.191 49.7817 170.816 191.047
89.5 149.274 68.4756 169.818 172.353
89.6 154.534 87.1695 169.738 153.66
89.7 160.469 104.034 170.753 136.795
89.8 166.799 117.417 172.937 123.412
89.9 173.35 126.01 176.157 114.819
90 180 128.97 180 111.859
90.1 6.65002 126.01 3.84349 114.819
90.2 13.2006 117.417 7.06263 123.412
90.3 19.5305 104.034 9.24656 136.795
90.4 25.4659 87.1695 10.2619 153.66
90.5 30.7259 68.4756 10.1822 172.353
90.6 34.8091 49.7817 9.18427 191.047
90.7 36.7302 32.9176 7.47489 207.911
90.8 34.3824 19.5343 5.25463 221.295
90.9 23.3902 10.9416 2.70699 229.887
91 1.26702e-12 7.98079 1.27867e-13 232.848
91.1 156.61 10.9416 177.293 229.887
91.2 145.618 19.5343 174.745 221.295
91.3 143.27 32.9176 172.525 207.911
91.4 145.191 49.7817 170.816 191.047
91.5 149.274 68.4756 169.818 172.353
91.6 154.534 87.1695 169.738 153.66
91.7 160.469 104.034 170.753 136.795
91.8 166.799 117.417 172.937 123.412
91.9 173.35 126.01 176.157 114.819
92 180 128.97 180 111.859
92.1 6.65002 126.01 3.84349 114.819
92.2 13.2006 117.417 7.06263 123.412
92.3 19.5305 104.034 9.24656 136.795
92.4 25.4659 87.1695 10.2619 153.66
92.5 30.7259 68.4756 10.1822 172.353
92.6 34.8091 49.7817 9.18427 191.047
92.7 36.7302 32.9176 7.47489 207.911
92.8 34.3824 19.5343 5.25463 221.295
92.9 23.3902 10.9416 2.70699 229.887
93 3.12579e-12 7.98079 3.15455e-13 232.848
93.1 156.61 10.9416 177.293 229.887
93.2 145.618 19.5343 174.745 221.295
93.3 143.27 32.9176 172.525 207.911
93.4 145.191 49.7817 170.816 191.047
93.5 149.274 68.4756 169.818 172.353
93.6 154.534 87.1695 169.738 153.66
93.7 160.469 104.034 170.753 136.795
93.8 166.799 117.417 172.937 123.412
93.9 173.35 126.01 176.157 114.819
94 2.08037e-13 128.97 1.23468e-13 111.859
94.1 6.65002 126.01 3.84349 114.819
94.2 13.2006 117.417 7.06263 123.412
94.3 19.5305 104.034 9.24656 136.795
94.4 25.4659 87.1695 10.2619 153.66
94.5 30.7259 68.4756 10.1822 172.353
94.6 34.8091 49.7817 9.18427 191.047
94.7 36.7302 32.9176 7.47489 207.911
94.8 34.3824 19.5343 5.25463 221.295
94.9 23.3902 10.9416 2.70699 229.887
95 8.41404e-14 7.98079 8.49145e-15 232.848
95.1 156.61 10.9416 177.293 229.887
95.2 145.618 19.5343 174.745 221.295
95.3 143.27 32.9176 172.525 207.911
95.4 145.191 49.7817 170.816 191.047
95.5 149.274 68.4756 169.818 172.353
95.6 154.534 87.1695 169.738 153.66
95.7 160.469 104.034 170.753 136.795
95.8 166.799 117.417 172.937 123.412
95.9 173.35 126.01 176.157 114.819
96 180 128.97 180 111.859
96.1 6.65002 126.01 3.84349 114.819
96.2 13.2006 117.417 7.06263 123.412
96.3 19.5305 104.034 9.24656 136.795
96.4 25.4659 87.1695 10.2619 153.66
96.5 30.7259 68.4756 10.1822 172.353
96.6 34.8091 49.7817 9.18427 191.047
96.7 36.7302 32.9176 7.47489 207.911
96.8 34.3824 19.5343 5.25463 221.295
96.9 23.3902 10.9416 2.70699 229.887
97 1.94291e-12 7.98079 1.96079e-13 232.848
97.1 156.61 10.9416 177.293 229.887
97.2 145.618 19.5343 174.745 221.295
97.3 143.27 32.9176 172.525 207.911
97.4 145.191 49.7817 170.816 191.047
97.5 149.274 68.4756 169.818 172.353
97.6 154.534 87.1695 169.738 153.66
97.7 160.469 104.034 170.753 136.795
97.8 166.799 117.417 172.937 123.412
97.9 173.35 126.01 176.157 114.819
98 180 128.97 180 111.859
98.1 6.65002 126.01 3.84349 114.819
98.2 13.2006 117.417 7.06263 123.412
98.3 19.5305 104.034 9.24656 136.795
98.4 25.4659 87.1695 10.2619 153.66
98.5 30.7259 68.4756 10.1822 172.353
98.6 34.8091 49.7817 9.18427 191.047
98.7 36.7302 32.9176 7.47489 207.911
98.8 34.3824 19.5343 5.25463 221.295
98.9 23.3902 10.9416 2.70699 229.887
99 180 7.98079 180 232.848
99.1 156.61 10.9416 177.293 229.887
99.2 145.618 19.5343 174.745 221.295
99.3 143.27 32.9176 172.525 207.911
99.4 145.191 49.7817 170.816 191.047
99.5 149.274 68.4756 169.818 172.353
99.6 154.534 87.1695 169.738 153.66
99.7 160.469 104.034 170.753 136.795
99.8 166.799 117.417 172.937 123.412
99.9 173.35 126.01 176.157 114.819
100 4.16809e-14 128.97 2.47373e-14 111.859
100.1 6.65002 126.01 3.84349 114.819
100.2 13.2006 117.417 7.06263 123.412
100.3 19.5305 104.034 9.24656 136.795
100.4 25.4659 87.1695 10.2619 153.66
100.5 30.7259 68.4756 10.1822 172.353
100.6 34.8091 49.7817 9.18427 191.047
100.7 36.7302 32.9176 7.47489 207.911
100.8 34.3824 19.5343 5.25463 221.295
100.9 23.3902 10.9416 2.70699 229.887
101 7.60039e-13 7.98079 7.67031e-14 232.848
101.1 156.61 10.9416 177.293 229.887
101.2 145.618 19.5343 174.745 221.295
101.3 143.27 32.9176 172.525 207.911
101.4 145.191 49.7817 170.816 191.047
101.5 149.274 68.4756 169.818 172.353
101.6 154.534 87.1695 169.738 153.66
101.7 160.469 104.034 170.753 136.795
101.8 166.799 117.417 172.937 123.412
101.9 173.35 126.01 176.157 114.819
102 180 128.97 180 111.859
102.1 6.65002 126.01 3.84349 114.819
102.2 13.2006 117.417 7.06263 123.412
102.3 19.5305 104.034 9.24656 136.795
102.4 25.4659 87.1695 10.2619 153.66
102.5 30.7259 68.4756 10.1822 172.353
102.6 34.8091 49.7817 9.18427 191.047
102.7 36.7302 32.9176 7.47489 207.911
102.8 34.3824 19.5343 5.25463 221.295
102.9 23.3902 10.9416 2.70699 229.887
103 2.61881e-12 7.98079 2.64291e-13 232.848
103.1 156.61 10.9416 177.293 229.887
103.2 145.618 19.5343 174.745 221.295
103.3 143.27 32.9176 172.525 207.911
103.4 145.191 49.7817 170.816 191.047
103.5 149.274 68.4756 169.818 172.353
103.6 154.534 87.1695 169.738 153.66
103.7 160.469 104.034 170.753 136.795
103.8 166.799 117.417 172.937 123.412
103.9 173.35 126.01 176.157 114.819
104 3.32817e-13 128.97 1.97524e-13 111.859
104.1 6.65002 126.01 3.84349 114.819
104.2 13.2006 117.417 7.06263 123.412
104.3 19.5305 104.034 9.24656 136.795
104.4 25.4659 87.1695 10.2619 153.66
104.5 30.7259 68.4756 10.1822 172.353
104.6 34.8091 49.7817 9.18427 191.047
104.7 36.7302 32.9176 7.47489 207.911
104.8 34.3824 19.5343 5.25463 221.295
104.9 23.3902 10.9416 2.70699 229.887
105 180 7.98079 180 232.848
105.1 156.61 10.9416 177.293 229.887
105.2 145.618 19.5343 174.745 221.295
105.3 143.27 32.9176 172.525 207.911
105.4 145.191 49.7817 170.816 191.047
105.5 149.274 68.4756 169.818 172.353
105.6 154.534 87.1695 169.738 153.66
105.7 160.469 104.034 170.753 136.795
105.8 166.799 117.417 172.937 123.412
105.9 173.35 126.01 176.157 114.819
106 180 128.97 180 111.859
106.1 6.65002 126.01 3.84349 114.819
106.2 13.2006 117.417 7.06263 123.412
106.3 19.5305 104.034 9.24656 136.795
106.4 25.4659 87.1695 10.2619 153.66
106.5 30.7259 68.4756 10.1822 172.353
106.6 34.8091 49.7817 9.18427 191.047
106.7 36.7302 32.9176 7.47489 207.911
106.8 34.3824 19.5343 5.25463 221.295
106.9 23.3902 10.9416 2.70699 229.887
107 1.43594e-12 7.98079 1.44915e-13 232.848
107.1 156.61 10.9416 177.293 229.887
107.2 145.618 19.5343 174.745 221.295
107.3 143.27 32.9176 172.525 207.911
107.4 145.191 49.7817 170.816 191.047
107.5 149.274 68.4756 169.818 172.353
107.6 154.534 87.1695 169.738 153.66
107.7 160.469 104.034 170.753 136.795
107.8 166.799 117.417 172.937 123.412
107.9 173.35 126.01 176.157 114.819
108 180 128.97 180 111.859
108.1 6.65002 126.01 3.84349 114.819
108.2 13.2006 117.417 7.06263 123.412
108.3 19.5305 104.034 9.24656 136.795
108.4 25.4659 87.1695 10.2619 153.66
108.5 30.7259 68.4756 10.1822 172.353
108.6 34.8091 49.7817 9.18427 191.047
108.7 36.7302 32.9176 7.47489 207.911
108.8 34.3824 19.5343 5.25463 221.295
108.9 23.3902 10.9416 2.70699 229.887
109 3.29471e-12 7.98079 3.32502e-13 232.848
109.1 156.61 10.9416 177.293 229.887
109.2 145.618 19.5343 174.745 221.295
109.3 143.27 32.9176 172.525 207.911
109.4 145.191 49.7817 170.816 191.047
109.5 149.274 68.4756 169.818 172.353
109.6 154.534 87.1695 169.738 153.66
109.7 160.469 104.034 170.753 136.795
109.8 166.799 117.417 172.937 123.412
109.9 173.35 126.01 176.157 114.819
110 1.66461e-13 128.97 9.87932e-14 111.859
110.1 6.65002 126.01 3.84349 114.819
110.2 13.2006 117.417 7.06263 123.412
110.3 19.5305 104.034 9.24656 136.795
110.4 25.4659 87.1695 10.2619 153.66
110.5 30.7259 68.4756 10.1822 172.353
110.6 34.8091 49.7817 9.18427 191.047
110.7 36.7302 32.9176 7.47489 207.911
110.8 34.3824 19.5343 5.25463 221.295
110.9 23.3902 10.9416 2.70699 229.887
111 2.53062e-13 7.98079 2.5539e-14 232.848
111.1 156.61 10.9416 177.293 229.887
111.2 145.618 19.5343 174.745 221.295
111.3 143.27 32.9176 172.525 207.911
111.4 145.191 49.7817 170.816 191.047
111.5 149.274 68.4756 169.818 172.353
111.6 154.534 87.1695 169.738 153.66
111.7 160.469 104.034 170.753 136.795
111.8 166.799 117.417 172.937 123.412
111.9 173.35 126.01 176.157 114.819
112 180 128.97 180 111.859
112.1 6.65002 126.01 3.84349 114.819
112.2 13.2006 117.417 7.06263 123.412
112.3 19.5305 104.034 9.24656 136.795
112.4 25.4659 87.1695 10.2619 153.66
112.5 30.7259 68.4756 10.1822 172.353
112.6 34.8091 49.7817 9.18427 191.047
112.7 36.7302 32.9176 7.47489 207.911
112.8 34.3824 19.5343 5.25463 221.295
112.9 23.3902 10.9416 2.70699 229.887
113 2.11184e-12 7.98079 2.13126e-13 232.848
113.1 156.61 10.9416 177.293 229.887
113.2 145.618 19.5343 174.745 221.295
113.3 143.27 32.9176 172.525 207.911
113.4 145.191 49.7817 170.816 191.047
113.5 149.274 68.4756 169.818 172.353
113.6 154.534 87.1695 169.738 153.66
113.7 160.469 104.034 170.753 136.795
113.8 166.799 117.417 172.937 123.412
113.9 173.35 126.01 176.157 114.819
114 180 128.97 180 111.859
114.1 6.65002 126.01 3.84349 114.819
114.2 13.2006 117.417 7.06263 123.412
114.3 19.5305 104.034 9.24656 136.795
114.4 25.4659 87.1695 10.2619 153.66
114.5 30.7259 68.4756 10.1822 172.353
114.6 34.8091 49.7817 9.18427 191.047
114.7 36.7302 32.9176 7.47489 207.911
114.8 34.3824 19.5343 5.25463 221.295
114.9 23.3902 10.9416 2.70699 229.887
115 180 7.98079 180 232.848
115.1 156.61 10.9416 177.293 229.887
115.2 145.618 19.5343 174.745 221.295
115.3 143.27 32.9176 172.525 207.911
115.4 145.191 49.7817 170.816 191.047
115.5 149.274 68.4756 169.818 172.353
115.6 154.534 87.1695 169.738 153.66
115.7 160.469 104.034 170.753 136.795
115.8 166.799 117.417 172.937 123.412
115.9 173.35 126.01 176.157 114.819
116 1.0507e-16 128.97 6.2358e-17 111.859
116.1 6.65002 126.01 3.84349 114.819
116.2 13.2006 117.417 7.06263 123.412
116.3 19.5305 104.034 9.24656 136.795
116.4 25.4659 87.1695 10.2619 153.66
116.5 30.7259 68.4756 10.1822 172.353
116.6 34.8091 49.7817 9.18427 191.047
116.7 36.7302 32.9176 7.47489 207.911
116.8 34.3824 19.5343 5.25463 221.295
116.9 23.3902 10.9416 2.70699 229.887
117 9.2896e-13 7.98079 9.37506e-14 232.848
117.1 156.61 10.9416 177.293 229.887
117.2 145.618 19.5343 174.745 221.295
117.3 143.27 32.9176 172.525 207.911
117.4 145.191 49.7817 170.816 191.047
117.5 149.274 68.4756 169.818 172.353
117.6 154.534 87.1695 169.738 153.66
117.7 160.469 104.034 170.753 136.795
117.8 166.799 117.417 172.937 123.412
117.9 173.35 126.01 176.157 114.819
118 180 128.97 180 111.859
118.1 6.65002 126.01 3.84349 114.819
118.2 13.2006 117.417 7.06263 123.412
118.3 19.5305 104.034 9.24656 136.795
118.4 25.4659 87.1695 10.2619 153.66
118.5 30.7259 68.4756 10.1822 172.353
118.6 34.8091 49.7817 9.18427 191.047
118.7 36.7302 32.9176 7.47489 207.911
118.8 34.3824 19.5343 5.25463 221.295
118.9 23.3902 10.9416 2.70699 229.887
119 2.78773e-12 7.98079 2.81338e-13 232.848
119.1 156.61 10.9416 177.293 229.887
119.2 145.618 19.5343 174.745 221.295
119.3 143.27 32.9176 172.525 207.911
119.4 145.191 49.7817 170.816 191.047
119.5 149.274 68.4756 169.818 172.353
119.6 154.534 87.1695 169.738 153.66
119.7 160.469 104.034 170.753 136.795
119.8 166.799 117.417 172.937 123.412
119.9 173.35 126.01 176.157 114.819
120 180 128.97 180 111.859
120.1 6.65002 126.01 3.84349 114.819
120.2 13.2006 117.417 7.06263 123.412
120.3 19.5305 104.034 9.24656 136.795
120.4 25.4659 87.1695 10.2619 153.66
120.5 30.7259 68.4756 10.1822 172.353
120.6 34.8091 49.7817 9.18427 191.047
120.7 36.7302 32.9176 7.47489 207.911
120.8 34.3824 19.5343 5.25463 221.295
120.9 23.3902 10.9416 2.70699 229.887
121 180 7.98079 180 232.848
121.1 156.61 10.9416 177.293 229.887
121.2 145.618 19.5343 174.745 221.295
121.3 143.27 32.9176 172.525 207.911
121.4 145.191 49.7817 170.816 191.047
121.5 149.274 68.4756 169.818 172.353
121.6 154.534 87.1695 169.738 153.66
121.7 160.469 104.034 170.753 136.795
121.8 166.799 117.417 172.937 123.412
121.9 173.35 126.01 176.157 114.819
122 180 128.97 180 111.859
122.1 6.65002 126.01 3.84349 114.819
122.2 13.2006 117.417 7.06263 123.412
122.3 19.5305 104.034 9.24656 136.795
122.4 25.4659 87.1695 10.2619 153.66
122.5 30.7259 68.4756 10.1822 172.353
122.6 34.8091 49.7817 9.18427 191.047
122.7 36.7302 32.9176 7.47489 207.911
122.8 34.3824 19.5343 5.25463 221.295
122.9 23.3902 10.9416 2.70699 229.887
123 1.60486e-12 7.98079 1.61962e-13 232.848
123.1 156.61 10.9416 177.293 229.887
123.2 145.618 19.5343 174.745 221.295
123.3 143.27 32.9176 172.525 207.911
123.4 145.191 49.7817 170.816 191.047
123.5 149.274 68.4756 169.818 172.353
123.6 154.534 87.1695 169.738 153.66
123.7 160.469 104.034 170.753 136.795
123.8 166.799 117.417 172.937 123.412
123.9 173.35 126.01 176.157 114.819
124 180 128.97 180 111.859
124.1 6.65002 126.01 3.84349 114.819
124.2 13.2006 117.417 7.06263 123.412
124.3 19.5305 104.034 9.24656 136.795
124.4 25.4659 87.1695 10.2619 153.66
124.5 30.7259 68.4756 10.1822 172.353
124.6 34.8091 49.7817 9.18427 191.047
124.7 36.7302 32.9176 7.47489 207.911
124.8 34.3824 19.5343 5.25463 221.295
124.9 23.3902 10.9416 2.70699 229.887
125 3.46363e-12 7.98079 3.4955e-13 232.848
125.1 156.61 10.9416 177.293 229.887
125.2 145.618 19.5343 174.745 221.295
125.3 143.27 32.9176 172.525 207.911
125.4 145.191 49.7817 170.816 191.047
125.5 149.274 68.4756 169.818 172.353
125.6 154.534 87.1695 169.738 153.66
125.7 160.469 104.034 170.753 136.795
125.8 166.799 117.417 172.937 123.412
125.9 173.35 126.01 176.157 114.819
126 1.24885e-13 128.97 7.41183e-14 111.859
126.1 6.65002 126.01 3.84349 114.819
126.2 13.2006 117.417 7.06263 123.412
126.3 19.5305 104.034 9.24656 136.795
126.4 25.4659 87.1695 10.2619 153.66
126.5 30.7259 68.4756 10.1822 172.353
126.6 34.8091 49.7817 9.18427 191.047
126.7 36.7302 32.9176 7.47489 207.911
126.8 34.3824 19.5343 5.25463 221.295
126.9 23.3902 10.9416 2.70699 229.887
127 4.21983e-13 7.98079 4.25865e-14 232.848
127.1 156.61 10.9416 177.293 229.887
127.2 145.618 19.5343 174.745 221.295
127.3 143.27 32.9176 172.525 207.911
127.4 145.191 49.7817 170.816 191.047
127.5 149.274 68.4756 169.818 172.353
127.6 154.534 87.1695 169.738 153.66
127.7 160.469 104.034 170.753 136.795
127.8 166.799 117.417 172.937 123.412
127.9 173.35 126.01 176.157 114.819
128 180 128.97 180 111.859
128.1 6.65002 126.01 3.84349 114.819
128.2 13.2006 117.417 7.06263 123.412
128.3 19.5305 104.034 9.24656 136.795
128.4 25.4659 87.1695 10.2619 153.66
128.5 30.7259 68.4756 10.1822 172.353
128.6 34.8091 49.7817 9.18427 191.047
128.7 36.7302 32.9176 7.47489 207.911
128.8 34.3824 19.5343 5.25463 221.295
128.9 23.3902 10.9416 2.70699 229.887
129 2.28076e-12 7.98079 2.30174e-13 232.848
129.1 156.61 10.9416 177.293 229.887
129.2 145.618 19.5343 174.745 221.295
129.3 143.27 32.9176 172.525 207.911
129.4 145.191 49.7817 170.816 191.047
129.5 149.274 68.4756 169.818 172.353
129.6 154.534 87.1695 169.738 153.66
129.7 160.469 104.034 170.753 136.795
129.8 166.799 117.417 172.937 123.412
129.9 173.35 126.01 176.157 114.819
130 180 128.97 180 111.859
130.1 6.65002 126.01 3.84349 114.819
130.2 13.2006 117.417 7.06263 123.412
130.3 19.5305 104.034 9.24656 136.795
130.4 25.4659 87.1695 10.2619 153.66
130.5 30.7259 68.4756 10.1822 172.353
130.6 34.8091 49.7817 9.18427 191.047
130.7 36.7302 32.9176 7.47489 207.911
130.8 34.3824 19.5343 5.25463 221.295
130.9 23.3902 10.9416 2.70699 229.887
131 180 7.98079 180 232.848
131.1 156.61 10.9416 177.293 229.887
131.2 145.618 19.5343 174.745 221.295
131.3 143.27 32.9176 172.525 207.911
131.4 145.191 49.7817 170.816 191.047
131.5 149.274 68.4756 169.818 172.353
131.6 154.534 87.1695 169.738 153.66
131.7 160.469 104.034 170.753 136.795
131.8 166.799 117.417 172.937 123.412
131.9 173.35 126.01 176.157 114.819
132 180 128.97 180 111.859
132.1 6.65002 126.01 3.84349 114.819
132.2 13.2006 117.417 7.06263 123.412
132.3 19.5305 104.034 9.24656 136.795
132.4 25.4659 87.1695 10.2619 153.66
132.5 30.7259 68.4756 10.1822 172.353
132.6 34.8091 49.7817 9.18427 191.047
132.7 36.7302 32.9176 7.47489 207.911
132.8 34.3824 19.5343 5.25463 221.295
132.9 23.3902 10.9416 2.70699 229.887
133 1.09788e-12 7.98079 1.10798e-13 232.848
133.1 156.61 10.9416 177.293 229.887
133.2 145.618 19.5343 174.745 221.295
133.3 143.27 32.9176 172.525 207.911
133.4 145.191 49.7817 170.816 191.047
133.5 149.274 68.4756 169.818 172.353
133.6 154.534 87.1695 169.738 153.66
133.7 160.469 104.034 170.753 136.795
133.8 166.799 117.417 172.937 123.412
133.9 173.35 126.01 176.157 114.819
134 180 128.97 180 111.859
134.1 6.65002 126.01 3.84349 114.819
134.2 13.2006 117.417 7.06263 123.412
134.3 19.5305 104.034 9.24656 136.795
134.4 25.4659 87.1695 10.2619 153.66
134.5 30.7259 68.4756 10.1822 172.353
134.6 34.8091 49.7817 9.18427 191.047
134.7 36.7302 32.9176 7.47489 207.911
134.8 34.3824 19.5343 5.25463 221.295
134.9 23.3902 10.9416 2.70699 229.887
135 2.95665e-12 7.98079 2.98386e-13 232.848
135.1 156.61 10.9416 177.293 229.887
135.2 145.618 19.5343 174.745 221.295
135.3 143.27 32.9176 172.525 207.911
135.4 145.191 49.7817 170.816 191.047
135.5 149.274 68.4756 169.818 172.353
135.6 154.534 87.1695 169.738 153.66
135.7 160.469 104.034 170.753 136.795
135.8 166.799 117.417 172.937 123.412
135.9 173.35 126.01 176.157 114.819
136 2.49665e-13 128.97 1.48174e-13 111.859
136.1 6.65002 126.01 3.84349 114.819
136.2 13.2006 117.417 7.06263 123.412
136.3 19.5305 104.034 9.24656 136.795
136.4 25.4659 87.1695 10.2619 153.66
136.5 30.7259 68.4756 10.1822 172.353
136.6 34.8091 49.7817 9.18427 191.047
136.7 36.7302 32.9176 7.47489 207.911
136.8 34.3824 19.5343 5.25463 221.295
136.9 23.3902 10.9416 2.70699 229.887
137 180 7.98079 180 232.848
137.1 156.61 10.9416 177.293 229.887
137.2 145.618 19.5343 174.745 221.295
137.3 143.27 32.9176 172.525 207.911
137.4 145.191 49.7817 170.816 191.047
137.5 149.274 68.4756 169.818 172.353
137.6 154.534 87.1695 169.738 153.66
137.7 160.469 104.034 170.753 136.795
137.8 166.799 117.417 172.937 123.412
137.9 173.35 126.01 176.157 114.819
138 180 128.97 180 111.859
138.1 6.65002 126.01 3.84349 114.819
138.2 13.2006 117.417 7.06263 123.412
138.3 19.5305 104.034 9.24656 136.795
138.4 25.4659 87.1695 10.2619 153.66
138.5 30.7259 68.4756 10.1822 172.353
138.6 34.8091 49.7817 9.18427 191.047
138.7 36.7302 32.9176 7.47489 207.911
138.8 34.3824 19.5343 5.25463 221.295
138.9 23.3902 10.9416 2.70699 229.887
139 1.77378e-12 7.98079 1.7901e-13 232.848
139.1 156.61 10.9416 177.293 229.887
139.2 145.618 19.5343 174.745 221.295
139.3 143.27 32.9176 172.525 207.911
139.4 145.191 49.7817 170.816 191.047
139.5 149.274 68.4756 169.818 172.353
139.6 154.534 87.1695 169.738 153.66
139.7 160.469 104.034 170.753 136.795
139.8 166.799 117.417 172.937 123.412
139.9 173.35 126.01 176.157 114.819
140 180 128.97 180 111.859
140.1 6.65002 126.01 3.84349 114.819
140.2 13.2006 117.417 7.06263 123.412
140.3 19.5305 104.034 9.24656 136.795
140.4 25.4659 87.1695 10.2619 153.66
140.5 30.7259 68.4756 10.1822 172.353
140.6 34.8091 49.7817 9.18427 191.047
140.7 36.7302 32.9176 7.47489 207.911
140.8 34.3824 19.5343 5.25463 221.295
140.9 23.3902 10.9416 2.70699 229.887
141 3.63255e-12 7.98079 3.66597e-13 232.848
141.1 156.61 10.9416 177.293 229.887
141.2 145.618 19.5343 174.745 221.295
141.3 143.27 32.9176 172.525 207.911
141.4 145.191 49.7817 170.816 191.047
141.5 149.274 68.4756 169.818 172.353
141.6 154.534 87.1695 169.738 153.66
141.7 160.469 104.034 170.753 136.795
141.8 166.799 117.417 172.937 123.412
141.9 173.35 126.01 176.157 114.819
142 8.33092e-14 128.97 4.94434e-14 111.859
142.1 6.65002 126.01 3.84349 114.819
142.2 13.2006 117.417 7.06263 123.412
142.3 19.5305 104.034 9.24656 136.795
142.4 25.4659 87.1695 10.2619 153.66
142.5 30.7259 68.4756 10.1822 172.353
142.6 34.8091 49.7817 9.18427 191.047
142.7 36.7302 32.9176 7.47489 207.911
142.8 34.3824 19.5343 5.25463 221.295
142.9 23.3902 10.9416 2.70699 229.887
143 5.90904e-13 7.98079 5.9634e-14 232.848
143.1 156.61 10.9416 177.293 229.887
143.2 145.618 19.5343 174.745 221.295
143.3 143.27 32.9176 172.525 207.911
143.4 145.191 49.7817 170.816 191.047
143.5 149.274 68.4756 169.818 172.353
143.6 154.534 87.1695 169.738 153.66
143.7 160.469 104.034 170.753 136.795
143.8 166.799 117.417 172.937 123.412
143.9 173.35 126.01 176.157 114.819
144 180 128.97 180 111.859
144.1 6.65002 126.01 3.84349 114.819
144.2 13.2006 117.417 7.06263 123.412
144.3 19.5305 104.034 9.24656 136.795
144.4 25.4659 87.1695 10.2619 153.66
144.5 30.7259 68.4756 10.1822 172.353
144.6 34.8091 49.7817 9.18427 191.047
144.7 36.7302 32.9176 7.47489 207.911
144.8 34.3824 19.5343 5.25463 221.295
144.9 23.3902 10.9416 2.70699 229.887
145 2.44968e-12 7.98079 2.47221e-13 232.848
145.1 156.61 10.9416 177.293 229.887
145.2 145.618 19.5343 174.745 221.295
145.3 143.27 32.9176 172.525 207.911
145.4 145.191 49.7817 170.816 191.047
145.5 149.274 68.4756 169.818 172.353
145.6 154.534 87.1695 169.738 153.66
145.7 160.469 104.034 170.753 136.795
145.8 166.799 117.417 172.937 123.412
145.9 173.35 126.01 176.157 114.819
146 180 128.97 180 111.859
146.1 6.65002 126.01 3.84349 114.819
146.2 13.2006 117.417 7.06263 123.412
146.3 19.5305 104.034 9.24656 136.795
146.4 25.4659 87.1695 10.2619 153.66
146.5 30.7259 68.4756 10.1822 172.353
146.6 34.8091 49.7817 9.18427 191.047
146.7 36.7302 32.9176 7.47489 207.911
146.8 34.3824 19.5343 5.25463 221.295
146.9 23.3902 10.9416 2.70699 229.887
147 180 7.98079 180 232.848
147.1 156.61 10.9416 177.293 229.887
147.2 145.618 19.5343 174.745 221.295
147.3 143.27 32.9176 172.525 207.911
147.4 145.191 49.7817 170.816 191.047
147.5 149.274 68.4756 169.818 172.353
147.6 154.534 87.1695 169.738 153.66
147.7 160.469 104.034 170.753 136.795
147.8 166.799 117.417 172.937 123.412
147.9 173.35 126.01 176.157 114.819
148 180 128.97 180 111.859
148.1 6.65002 126.01 3.84349 114.819
148.2 13.2006 117.417 7.06263 123.412
148.3 19.5305 104.034 9.24656 136.795
148.4 25.4659 87.1695 10.2619 153.66
148.5 30.7259 68.4756 10.1822 172.353
148.6 34.8091 49.7817 9.18427 191.047
148.7 36.7302 32.9176 7.47489 207.911
148.8 34.3824 19.5343 5.25463 221.295
148.9 23.3902 10.9416 2.70699 229.887
149 1.2668e-12 7.98079 1.27846e-13 232.848
149.1 156.61 10.9416 177.293 229.887
149.2 145.618 19.5343 174.745 221.295
149.3 143.27 32.9176 172.525 207.911
149.4 145.191 49.7817 170.816 191.047
149.5 149.274 68.4756 169.818 172.353
149.6 154.534 87.1695 169.738 153.66
149.7 160.469 104.034 170.753 136.795
149.8 166.799 117.417 172.937 123.412
149.9 173.35 126.01 176.157 114.819
150 180 128.97 180 111.859
150.1 6.65002 126.01 3.84349 114.819
150.2 13.2006 117.417 7.06263 123.412
150.3 19.5305 104.034 9.24656 136.795
150.4 25.4659 87.1695 10.2619 153.66
150.5 30.7259 68.4756 10.1822 172.353
150.6 34.8091 49.7817 9.18427 191.047
150.7 36.7302 32.9176 7.47489 207.911
150.8 34.3824 19.5343 5.25463 221.295
150.9 23.3902 10.9416 2.70699 229.887
151 3.12558e-12 7.98079 3.15433e-13 232.848
151.1 156.61 10.9416 177.293 229.887
151.2 145.618 19.5343 174.745 221.295
151.3 143.27 32.9176 172.525 207.911
151.4 145.191 49.7817 170.816 191.047
151.5 149.274 68.4756 169.818 172.353
151.6 154.534 87.1695 169.738 153.66
151.7 160.469 104.034 170.753 136.795
151.8 166.799 117.417 172.937 123.412
151.9 173.35 126.01 176.157 114.819
152 180 128.97 180 111.859
152.1 6.65002 126.01 3.84349 114.819
152.2 13.2006 117.417 7.06263 123.412
152.3 19.5305 104.034 9.24656 136.795
152.4 25.4659 87.1695 10.2619 153.66
152.5 30.7259 68.4756 10.1822 172.353
152.6 34.8091 49.7817 9.18427 191.047
152.7 36.7302 32.9176 7.47489 207.911
152.8 34.3824 19.5343 5.25463 221.295
152.9 23.3902 10.9416 2.70699 229.887
153 8.3927e-14 7.98079 8.46991e-15 232.848
153.1 156.61 10.9416 177.293 229.887
153.2 145.618 19.5343 174.745 221.295
153.3 143.27 32.9176 172.525 207.911
153.4 145.191 49.7817 170.816 191.047
153.5 149.274 68.4756 169.818 172.353
153.6 154.534 87.1695 169.738 153.66
153.7 160.469 104.034 170.753 136.795
153.8 166.799 117.417 172.937 123.412
153.9 173.35 126.01 176.157 114.819
154 180 128.97 180 111.859
154.1 6.65002 126.01 3.84349 114.819
154.2 13.2006 117.417 7.06263 123.412
154.3 19.5305 104.034 9.24656 136.795
154.4 25.4659 87.1695 10.2619 153.66
154.5 30.7259 68.4756 10.1822 172.353
154.6 34.8091 49.7817 9.18427 191.047
154.7 36.7302 32.9176 7.47489 207.911
154.8 34.3824 19.5343 5.25463 221.295
154.9 23.3902 10.9416 2.70699 229.887
155 1.9427e-12 7.98079 1.96057e-13 232.848
155.1 156.61 10.9416 177.293 229.887
155.2 145.618 19.5343 174.745 221.295
155.3 143.27 32.9176 172.525 207.911
155.4 145.191 49.7817 170.816 191.047
155.5 149.274 68.4756 169.818 172.353
155.6 154.534 87.1695 169.738 153.66
155.7 160.469 104.034 170.753 136.795
155.8 166.799 117.417 172.937 123.412
155.9 173.35 126.01 176.157 114.819
156 180 128.97 180 111.859
156.1 6.65002 126.01 3.84349 114.819
156.2 13.2006 117.417 7.06263 123.412
156.3 19.5305 104.034 9.24656 136.795
156.4 25.4659 87.1695 10.2619 153.66
156.5 30.7259 68.4756 10.1822 172.353
156.6 34.8091 49.7817 9.18427 191.047
156.7 36.7302 32.9176 7.47489 207.911
156.8 34.3824 19.5343 5.25463 221.295
156.9 23.3902 10.9416 2.70699 229.887
157 3.80147e-12 7.98079 3.83645e-13 232.848
157.1 156.61 10.9416 177.293 229.887
157.2 145.618 19.5343 174.745 221.295
157.3 143.27 32.9176 172.525 207.911
157.4 145.191 49.7817 170.816 191.047
157.5 149.274 68.4756 169.818 172.353
157.6 154.534 87.1695 169.738 153.66
157.7 160.469 104.034 170.753 136.795
157.8 166.799 117.417 172.937 123.412
157.9 173.35 126.01 176.157 114.819
158 4.17334e-14 128.97 2.47685e-14 111.859
158.1 6.65002 126.01 3.84349 114.819
158.2 13.2006 117.417 7.06263 123.412
158.3 19.5305 104.034 9.24656 136.795
158.4 25.4659 87.1695 10.2619 153.66
158.5 30.7259 68.4756 10.1822 172.353
158.6 34.8091 49.7817 9.18427 191.047
158.7 36.7302 32.9176 7.47489 207.911
158.8 34.3824 19.5343 5.25463 221.295
158.9 23.3902 10.9416 2.70699 229.887
159 7.59825e-13 7.98079 7.66816e-14 232.848
159.1 156.61 10.9416 177.293 229.887
159.2 145.618 19.5343 174.745 221.295
159.3 143.27 32.9176 172.525 207.911
159.4 145.191 49.7817 170.816 191.047
159.5 149.274 68.4756 169.818 172.353
159.6 154.534 87.1695 169.738 153.66
159.7 160.469 104.034 170.753 136.795
159.8 166.799 117.417 172.937 123.412
159.9 173.35 126.01 176.157 114.819
160 180 128.97 180 111.859
160.1 6.65002 126.01 3.84349 114.819
160.2 13.2006 117.417 7.06263 123.412
160.3 19.5305 104.034 9.24656 136.795
160.4 25.4659 87.1695 10.2619 153.66
160.5 30.7259 68.4756 10.1822 172.353
160.6 34.8091 49.7817 9.18427 191.047
160.7 36.7302 32.9176 7.47489 207.911
160.8 34.3824 19.5343 5.25463 221.295
160.9 23.3902 10.9416 2.70699 229.887
161 2.6186e-12 7.98079 2.64269e-13 232.848
161.1 156.61 10.9416 177.293 229.887
161.2 145.618 19.5343 174.745 221.295
161.3 143.27 32.9176 172.525 207.911
161.4 145.191 49.7817 170.816 191.047
161.5 149.274 68.4756 169.818 172.353
161.6 154.534 87.1695 169.738 153.66
161.7 160.469 104.034 170.753 136.795
161.8 166.799 117.417 172.937 123.412
161.9 173.35 126.01 176.157 114.819
162 180 128.97 180 111.859
162.1 6.65002 126.01 3.84349 114.819
162.2 13.2006 117.417 7.06263 123.412
162.3 19.5305 104.034 9.24656 136.795
162.4 25.4659 87.1695 10.2619 153.66
162.5 30.7259 68.4756 10.1822 172.353
162.6 34.8091 49.7817 9.18427 191.047
162.7 36.7302 32.9176 7.47489 207.911
162.8 34.3824 19.5343 5.25463 221.295
162.9 23.3902 10.9416 2.70699 229.887
163 4.47737e-12 7.98079 4.51856e-13 232.848
163.1 156.61 10.9416 177.293 229.887
163.2 145.618 19.5343 174.745 221.295
163.3 143.27 32.9176 172.525 207.911
163.4 145.191 49.7817 170.816 191.047
163.5 149.274 68.4756 169.818 172.353
163.6 154.534 87.1695 169.738 153.66
163.7 160.469 104.034 170.753 136.795
163.8 166.799 117.417 172.937 123.412
163.9 173.35 126.01 176.157 114.819
164 180 128.97 180 111.859
164.1 6.65002 126.01 3.84349 114.819
164.2 13.2006 117.417 7.06263 123.412
164.3 19.5305 104.034 9.24656 136.795
164.4 25.4659 87.1695 10.2619 153.66
164.5 30.7259 68.4756 10.1822 172.353
164.6 34.8091 49.7817 9.18427 191.047
164.7 36.7302 32.9176 7.47489 207.911
164.8 34.3824 19.5343 5.25463 221.295
164.9 23.3902 10.9416 2.70699 229.887
165 6.33615e-12 7.98079 6.39444e-13 232.848
165.1 156.61 10.9416 177.293 229.887
165.2 145.618 19.5343 174.745 221.295
165.3 143.27 32.9176 172.525 207.911
165.4 145.191 49.7817 170.816 191.047
165.5 149.274 68.4756 169.818 172.353
165.6 154.534 87.1695 169.738 153.66
165.7 160.469 104.034 170.753 136.795
165.8 166.799 117.417 172.937 123.412
165.9 173.35 126.01 176.157 114.819
166 6.24005e-13 128.97 3.70342e-13 111.859
166.1 6.65002 126.01 3.84349 114.819
166.2 13.2006 117.417 7.06263 123.412
166.3 19.5305 104.034 9.24656 136.795
166.4 25.4659 87.1695 10.2619 153.66
166.5 30.7259 68.4756 10.1822 172.353
166.6 34.8091 49.7817 9.18427 191.047
166.7 36.7302 32.9176 7.47489 207.911
166.8 34.3824 19.5343 5.25463 221.295
166.9 23.3902 10.9416 2.70699 229.887
167 180 7.98079 180 232.848
167.1 156.61 10.9416 177.293 229.887
167.2 145.618 19.5343 174.745 221.295
167.3 143.27 32.9176 172.525 207.911
167.4 145.191 49.7817 170.816 191.047
167.5 149.274 68.4756 169.818 172.353
167.6 154.534 87.1695 169.738 153.66
167.7 160.469 104.034 170.753 136.795
167.8 166.799 117.417 172.937 123.412
167.9 173.35 126.01 176.157 114.819
168 1.66513e-13 128.97 9.88244e-14 111.859
168.1 6.65002 126.01 3.84349 114.819
168.2 13.2006 117.417 7.06263 123.412
168.3 19.5305 104.034 9.24656 136.795
168.4 25.4659 87.1695 10.2619 153.66
168.5 30.7259 68.4756 10.1822 172.353
168.6 34.8091 49.7817 9.18427 191.047
168.7 36.7302 32.9176 7.47489 207.911
168.8 34.3824 19.5343 5.25463 221.295
168.9 23.3902 10.9416 2.70699 229.887
169 2.52848e-13 7.98079 2.55174e-14 232.848
169.1 156.61 10.9416 177.293 229.887
169.2 145.618 19.5343 174.745 221.295
169.3 143.27 32.9176 172.525 207.911
169.4 145.191 49.7817 170.816 191.047
169.5 149.274 68.4756 169.818 172.353
169.6 154.534 87.1695 169.738 153.66
169.7 160.469 104.034 170.753 136.795
169.8 166.799 117.417 172.937 123.412
169.9 173.35 126.01 176.157 114.819
170 180 128.97 180 111.859
170.1 6.65002 126.01 3.84349 114.819
170.2 13.2006 117.417 7.06263 123.412
170.3 19.5305 104.034 9.24656 136.795
170.4 25.4659 87.1695 10.2619 153.66
170.5 30.7259 68.4756 10.1822 172.353
170.6 34.8091 49.7817 9.18427 191.047
170.7 36.7302 32.9176 7.47489 207.911
170.8 34.3824 19.5343 5.25463 221.295
170.9 23.3902 10.9416 2.70699 229.887
171 2.11162e-12 7.98079 2.13105e-13 232.848
171.1 156.61 10.9416 177.293 229.887
171.2 145.618 19.5343 174.745 221.295
171.3 143.27 32.9176 172.525 207.911
171.4 145.191 49.7817 170.816 191.047
171.5 149.274 68.4756 169.818 172.353
171.6 154.534 87.1695 169.738 153.66
171.7 160.469 104.034 170.753 136.795
171.8 166.799 117.417 172.937 123.412
171.9 173.35 126.01 176.157 114.819
172 180 128.97 180 111.859
172.1 6.65002 126.01 3.84349 114.819
172.2 13.2006 117.417 7.06263 123.412
172.3 19.5305 104.034 9.24656 136.795
172.4 25.4659 87.1695 10.2619 153.66
172.5 30.7259 68.4756 10.1822 172.353
172.6 34.8091 49.7817 9.18427 191.047
172.7 36.7302 32.9176 7.47489 207.911
172.8 34.3824 19.5343 5.25463 221.295
172.9 23.3902 10.9416 2.70699 229.887
173 3.9704e-12 7.98079 4.00692e-13 232.848
173.1 156.61 10.9416 177.293 229.887
173.2 145.618 19.5343 174.745 221.295
173.3 143.27 32.9176 172.525 207.911
173.4 145.191 49.7817 170.816 191.047
173.5 149.274 68.4756 169.818 172.353
173.6 154.534 87.1695 169.738 153.66
173.7 160.469 104.034 170.753 136.795
173.8 166.799 117.417 172.937 123.412
173.9 173.35 126.01 176.157 114.819
174 180 128.97 180 111.859
174.1 6.65002 126.01 3.84349 114.819
174.2 13.2006 117.417 7.06263 123.412
174.3 19.5305 104.034 9.24656 136.795
174.4 25.4659 87.1695 10.2619 153.66
174.5 30.7259 68.4756 10.1822 172.353
174.6 34.8091 49.7817 9.18427 191.047
174.7 36.7302 32.9176 7.47489 207.911
174.8 34.3824 19.5343 5.25463 221.295
174.9 23.3902 10.9416 2.70699 229.887
175 5.82917e-12 7.98079 5.8828e-13 232.848
175.1 156.61 10.9416 177.293 229.887
175.2 145.618 19.5343 174.745 221.295
175.3 143.27 32.9176 172.525 207.911
175.4 145.191 49.7817 170.816 191.047
175.5 149.274 68.4756 169.818 172.353
175.6 154.534 87.1695 169.738 153.66
175.7 160.469 104.034 170.753 136.795
175.8 166.799 117.417 172.937 123.412
175.9 173.35 126.01 176.157 114.819
176 180 128.97 180 111.859
176.1 6.65002 126.01 3.84349 114.819
176.2 13.2006 117.417 7.06263 123.412
176.3 19.5305 104.034 9.24656 136.795
176.4 25.4659 87.1695 10.2619 153.66
176.5 30.7259 68.4756 10.1822 172.353
176.6 34.8091 49.7817 9.18427 191.047
176.7 36.7302 32.9176 7.47489 207.911
176.8 34.3824 19.5343 5.25463 221.295
176.9 23.3902 10.9416 2.70699 229.887
177 180 7.98079 180 232.848
177.1 156.61 10.9416 177.293 229.887
177.2 145.618 19.5343 174.745 221.295
177.3 143.27 32.9176 172.525 207.911
177.4 145.191 49.7817 170.816 191.047
177.5 149.274 68.4756 169.818 172.353
177.6 154.534 87.1695 169.738 153.66
177.7 160.469 104.034 170.753 136.795
177.8 166.799 117.417 172.937 123.412
177.9 173.35 126.01 176.157 114.819
178 2.91293e-13 128.97 1.7288e-13 111.859
178.1 6.65002 126.01 3.84349 114.819
178.2 13.2006 117.417 7.06263 123.412
178.3 19.5305 104.034 9.24656 136.795
178.4 25.4659 87.1695 10.2619 153.66
178.5 30.7259 68.4756 10.1822 172.353
178.6 34.8091 49.7817 9.18427 191.047
178.7 36.7302 32.9176 7.47489 207.911
178.8 34.3824 19.5343 5.25463 221.295
178.9 23.3902 10.9416 2.70699 229.887
179 180 7.98079 180 232.848
179.1 156.61 10.9416 177.293 229.887
179.2 145.618 19.5343 174.745 221.295
179.3 143.27 32.9176 172.525 207.911
179.4 145.191 49.7817 170.816 191.047
179.5 149.274 68.4756 169.818 172.353
179.6 154.534 87.1695 169.738 153.66
179.7 160.469 104.034 170.753 136.795
179.8 166.799 117.417 172.937 123.412
179.9 173.35 126.01 176.157 114.819
180 180 128.97 180 111.859
