#theta_cm, theta3_lab, Ek3_lab, theta4_deg, Ek4_lab
0 0 144.603 0 130.397
0.1 8.83408 141.064 3.92232 133.936
0.2 17.684 130.794 7.20168 144.206
0.3 26.5641 114.799 9.41839 160.201
0.4 35.4863 94.6436 10.4407 180.356
0.5 44.4582 72.3013 10.3487 202.699
0.6 53.4833 49.959 9.3263 225.041
0.7 62.5593 29.8037 7.58532 245.196
0.8 71.6791 13.8083 5.32969 261.192
0.9 80.8311 3.53868 2.74488 271.461
1 0.611006 0 1.08028e-15 275
1.1 99.1689 3.53868 177.255 271.461
1.2 108.321 13.8083 174.67 261.192
1.3 117.441 29.8037 172.415 245.196
1.4 126.517 49.959 170.674 225.041
1.5 135.542 72.3013 169.651 202.699
1.6 144.514 94.6436 169.559 180.356
1.7 153.436 114.799 170.582 160.201
1.8 162.316 130.794 172.798 144.206
1.9 171.166 141.064 176.078 133.936
2 180 144.603 180 130.397
2.1 8.83408 141.064 3.92232 133.936
2.2 17.684 130.794 7.20168 144.206
2.3 26.5641 114.799 9.41839 160.201
2.4 35.4863 94.6436 10.4407 180.356
2.5 44.4582 72.3013 10.3487 202.699
2.6 53.4833 49.959 9.3263 225.041
2.7 62.5593 29.8037 7.58532 245.196
2.8 71.6791 13.8083 5.32969 261.192
2.9 80.8311 3.53868 2.74488 271.461
3 1.83246 0 3.24084e-15 275
3.1 99.1689 3.53868 177.255 271.461
3.2 108.321 13.8083 174.67 261.192
3.3 117.441 29.8037 172.415 245.196
3.4 126.517 49.959 170.674 225.041
3.5 135.542 72.3013 169.651 202.699
3.6 144.514 94.6436 169.559 180.356
3.7 153.436 114.799 170.582 160.201
3.8 162.316 130.794 172.798 144.206
3.9 171.166 141.064 176.078 133.936
4 180 144.603 180 130.397
4.1 8.83408 141.064 3.92232 133.936
4.2 17.684 130.794 7.20168 144.206
4.3 26.5641 114.799 9.41839 160.201
4.4 35.4863 94.6436 10.4407 180.356
4.5 44.4582 72.3013 10.3487 202.699
4.6 53.4833 49.959 9.3263 225.041
4.7 62.5593 29.8037 7.58532 245.196
4.8 71.6791 13.8083 5.32969 261.192
4.9 80.8311 3.53868 2.74488 271.461
5 3.05225 0 5.40141e-15 275
5.1 99.1689 3.53868 177.255 271.461
5.2 108.321 13.8083 174.67 261.192
5.3 117.441 29.8037 172.415 245.196
5.4 126.517 49.959 170.674 225.041
5.5 135.542 72.3013 169.651 202.699
5.6 144.514 94.6436 169.559 180.356
5.7 153.436 114.799 170.582 160.201
5.8 162.316 130.794 172.798 144.206
5.9 171.166 141.064 176.078 133.936
6 180 144.603 180 130.397
6.1 8.83408 141.064 3.92232 133.936
6.2 17.684 130.794 7.20168 144.206
6.3 26.5641 114.799 9.41839 160.201
6.4 35.4863 94.6436 10.4407 180.356
6.5 44.4582 72.3013 10.3487 202.699
6.6 53.4833 49.959 9.3263 225.041
6.7 62.5593 29.8037 7.58532 245.196
6.8 71.6791 13.8083 5.32969 261.192
6.9 80.8311 3.53868 2.74488 271.461
7 4.26928 0 7.56197e-15 275
7.1 99.1689 3.53868 177.255 271.461
7.2 108.321 13.8083 174.67 261.192
7.3 117.441 29.8037 172.415 245.196
7.4 126.517 49.959 170.674 225.041
7.5 135.542 72.3013 169.651 202.699
7.6 144.514 94.6436 169.559 180.356
7.7 153.436 114.799 170.582 160.201
7.8 162.316 130.794 172.798 144.206
7.9 171.166 141.064 176.078 133.936
8 180 144.603 180 130.397
8.1 8.83408 141.064 3.92232 133.936
8.2 17.684 130.794 7.20168 144.206
8.3 26.5641 114.799 9.41839 160.201
8.4 35.4863 94.6436 10.4407 180.356
8.5 44.4582 72.3013 10.3487 202.699
8.6 53.4833 49.959 9.3263 225.041
8.7 62.5593 29.8037 7.58532 245.196
8.8 71.6791 13.8083 5.32969 261.192
8.9 80.8311 3.53868 2.74488 271.461
9 5.48247 0 9.72253e-15 275
9.1 99.1689 3.53868 177.255 271.461
9.2 108.321 13.8083 174.67 261.192
9.3 117.441 29.8037 172.415 245.196
9.4 126.517 49.959 170.674 225.041
9.5 135.542 72.3013 169.651 202.699
9.6 144.514 94.6436 169.559 180.356
9.7 153.436 114.799 170.582 160.201
9.8 162.316 130.794 172.798 144.206
9.9 171.166 141.064 176.078 133.936
10 180 144.603 180 130.397
10.1 8.83408 141.064 3.92232 133.936
10.2 17.684 130.794 7.20168 144.206
10.3 26.5641 114.799 9.41839 160.201
10.4 35.4863 94.6436 10.4407 180.356
10.5 44.4582 72.3013 10.3487 202.699
10.6 53.4833 49.959 9.3263 225.041
10.7 62.5593 29.8037 7.58532 245.196
10.8 71.6791 13.8083 5.32969 261.192
10.9 80.8311 3.53868 2.74488 271.461
11 23.1073 0 4.32222e-14 275
11.1 99.1689 3.53868 177.255 271.461
11.2 108.321 13.8083 174.67 261.192
11.3 117.441 29.8037 172.415 245.196
11.4 126.517 49.959 170.674 225.041
11.5 135.542 72.3013 169.651 202.699
11.6 144.514 94.6436 169.559 180.356
11.7 153.436 114.799 170.582 160.201
11.8 162.316 130.794 172.798 144.206
11.9 171.166 141.064 176.078 133.936
12 180 144.603 180 130.397
12.1 8.83408 141.064 3.92232 133.936
12.2 17.684 130.794 7.20168 144.206
12.3 26.5641 114.799 9.41839 160.201
12.4 35.4863 94.6436 10.4407 180.356
12.5 44.4582 72.3013 10.3487 202.699
12.6 53.4833 49.959 9.3263 225.041
12.7 62.5593 29.8037 7.58532 245.196
12.8 71.6791 13.8083 5.32969 261.192
12.9 80.8311 3.53868 2.74488 271.461
13 170.311 0 180 275
13.1 99.1689 3.53868 177.255 271.461
13.2 108.321 13.8083 174.67 261.192
13.3 117.441 29.8037 172.415 245.196
13.4 126.517 49.959 170.674 225.041
13.5 135.542 72.3013 169.651 202.699
13.6 144.514 94.6436 169.559 180.356
13.7 153.436 114.799 170.582 160.201
13.8 162.316 130.794 172.798 144.206
13.9 171.166 141.064 176.078 133.936
14 180 144.603 180 130.397
14.1 8.83408 141.064 3.92232 133.936
14.2 17.684 130.794 7.20168 144.206
14.3 26.5641 114.799 9.41839 160.201
14.4 35.4863 94.6436 10.4407 180.356
14.5 44.4582 72.3013 10.3487 202.699
14.6 53.4833 49.959 9.3263 225.041
14.7 62.5593 29.8037 7.58532 245.196
14.8 71.6791 13.8083 5.32969 261.192
14.9 80.8311 3.53868 2.74488 271.461
15 25.1427 0 4.75433e-14 275
15.1 99.1689 3.53868 177.255 271.461
15.2 108.321 13.8083 174.67 261.192
15.3 117.441 29.8037 172.415 245.196
15.4 126.517 49.959 170.674 225.041
15.5 135.542 72.3013 169.651 202.699
15.6 144.514 94.6436 169.559 180.356
15.7 153.436 114.799 170.582 160.201
15.8 162.316 130.794 172.798 144.206
15.9 171.166 141.064 176.078 133.936
16 180 144.603 180 130.397
16.1 8.83408 141.064 3.92232 133.936
16.2 17.684 130.794 7.20168 144.206
16.3 26.5641 114.799 9.41839 160.201
16.4 35.4863 94.6436 10.4407 180.356
16.5 44.4582 72.3013 10.3487 202.699
16.6 53.4833 49.959 9.3263 225.041
16.7 62.5593 29.8037 7.58532 245.196
16.8 71.6791 13.8083 5.32969 261.192
16.9 80.8311 3.53868 2.74488 271.461
17 172.701 0 180 275
17.1 99.1689 3.53868 177.255 271.461
17.2 108.321 13.8083 174.67 261.192
17.3 117.441 29.8037 172.415 245.196
17.4 126.517 49.959 170.674 225.041
17.5 135.542 72.3013 169.651 202.699
17.6 144.514 94.6436 169.559 180.356
17.7 153.436 114.799 170.582 160.201
17.8 162.316 130.794 172.798 144.206
17.9 171.166 141.064 176.078 133.936
18 180 144.603 180 130.397
18.1 8.83408 141.064 3.92232 133.936
18.2 17.684 130.794 7.20168 144.206
18.3 26.5641 114.799 9.41839 160.201
18.4 35.4863 94.6436 10.4407 180.356
18.5 44.4582 72.3013 10.3487 202.699
18.6 53.4833 49.959 9.3263 225.041
18.7 62.5593 29.8037 7.58532 245.196
18.8 71.6791 13.8083 5.32969 261.192
18.9 80.8311 3.53868 2.74488 271.461
19 27.1125 0 5.18644e-14 275
19.1 99.1689 3.53868 177.255 271.461
19.2 108.321 13.8083 174.67 261.192
19.3 117.441 29.8037 172.415 245.196
19.4 126.517 49.959 170.674 225.041
19.5 135.542 72.3013 169.651 202.699
19.6 144.514 94.6436 169.559 180.356
19.7 153.436 114.799 170.582 160.201
19.8 162.316 130.794 172.798 144.206
19.9 171.166 141.064 176.078 133.936
20 180 144.603 180 130.397
20.1 8.83408 141.064 3.92232 133.936
20.2 17.684 130.794 7.20168 144.206
20.3 26.5641 114.799 9.41839 160.201
20.4 35.4863 94.6436 10.4407 180.356
20.5 44.4582 72.3013 10.3487 202.699
20.6 53.4833 49.959 9.3263 225.041
20.7 62.5593 29.8037 7.58532 245.196
20.8 71.6791 13.8083 5.32969 261.192
20.9 80.8311 3.53868 2.74488 271.461
21 175.117 0 180 275
21.1 99.1689 3.53868 177.255 271.461
21.2 108.321 13.8083 174.67 261.192
21.3 117.441 29.8037 172.415 245.196
21.4 126.517 49.959 170.674 225.041
21.5 135.542 72.3013 169.651 202.699
21.6 144.514 94.6436 169.559 180.356
21.7 153.436 114.799 170.582 160.201
21.8 162.316 130.794 172.798 144.206
21.9 171.166 141.064 176.078 133.936
22 180 144.603 180 130.397
22.1 8.83408 141.064 3.92232 133.936
22.2 17.684 130.794 7.20168 144.206
22.3 26.5641 114.799 9.41839 160.201
22.4 35.4863 94.6436 10.4407 180.356
22.5 44.4582 72.3013 10.3487 202.699
22.6 53.4833 49.959 9.3263 225.041
22.7 62.5593 29.8037 7.58532 245.196
22.8 71.6791 13.8083 5.32969 261.192
22.9 80.8311 3.53868 2.74488 271.461
23 29.0154 0 5.61856e-14 275
23.1 99.1689 3.53868 177.255 271.461
23.2 108.321 13.8083 174.67 261.192
23.3 117.441 29.8037 172.415 245.196
23.4 126.517 49.959 170.674 225.041
23.5 135.542 72.3013 169.651 202.699
23.6 144.514 94.6436 169.559 180.356
23.7 153.436 114.799 170.582 160.201
23.8 162.316 130.794 172.798 144.206
23.9 171.166 141.064 176.078 133.936
24 180 144.603 180 130.397
24.1 8.83408 141.064 3.92232 133.936
24.2 17.684 130.794 7.20168 144.206
24.3 26.5641 114.799 9.41839 160.201
24.4 35.4863 94.6436 10.4407 180.356
24.5 44.4582 72.3013 10.3487 202.699
24.6 53.4833 49.959 9.3263 225.041
24.7 62.5593 29.8037 7.58532 245.196
24.8 71.6791 13.8083 5.32969 261.192
24.9 80.8311 3.53868 2.74488 271.461
25 177.551 0 180 275
25.1 99.1689 3.53868 177.255 271.461
25.2 108.321 13.8083 174.67 261.192
25.3 117.441 29.8037 172.415 245.196
25.4 126.517 49.959 170.674 225.041
25.5 135.542 72.3013 169.651 202.699
25.6 144.514 94.6436 169.559 180.356
25.7 153.436 114.799 170.582 160.201
25.8 162.316 130.794 172.798 144.206
25.9 171.166 141.064 176.078 133.936
26 1.10234e-13 144.603 5.0409e-14 130.397
26.1 8.83408 141.064 3.92232 133.936
26.2 17.684 130.794 7.20168 144.206
26.3 26.5641 114.799 9.41839 160.201
26.4 35.4863 94.6436 10.4407 180.356
26.5 44.4582 72.3013 10.3487 202.699
26.6 53.4833 49.959 9.3263 225.041
26.7 62.5593 29.8037 7.58532 245.196
26.8 71.6791 13.8083 5.32969 261.192
26.9 80.8311 3.53868 2.74488 271.461
27 30.8506 0 6.05067e-14 275
27.1 99.1689 3.53868 177.255 271.461
27.2 108.321 13.8083 174.67 261.192
27.3 117.441 29.8037 172.415 245.196
27.4 126.517 49.959 170.674 225.041
27.5 135.542 72.3013 169.651 202.699
27.6 144.514 94.6436 169.559 180.356
27.7 153.436 114.799 170.582 160.201
27.8 162.316 130.794 172.798 144.206
27.9 171.166 141.064 176.078 133.936
28 180 144.603 180 130.397
28.1 8.83408 141.064 3.92232 133.936
28.2 17.684 130.794 7.20168 144.206
28.3 26.5641 114.799 9.41839 160.201
28.4 35.4863 94.6436 10.4407 180.356
28.5 44.4582 72.3013 10.3487 202.699
28.6 53.4833 49.959 9.3263 225.041
28.7 62.5593 29.8037 7.58532 245.196
28.8 71.6791 13.8083 5.32969 261.192
28.9 80.8311 3.53868 2.74488 271.461
29 179.994 0 180 275
29.1 99.1689 3.53868 177.255 271.461
29.2 108.321 13.8083 174.67 261.192
29.3 117.441 29.8037 172.415 245.196
29.4 126.517 49.959 170.674 225.041
29.5 135.542 72.3013 169.651 202.699
29.6 144.514 94.6436 169.559 180.356
29.7 153.436 114.799 170.582 160.201
29.8 162.316 130.794 172.798 144.206
29.9 171.166 141.064 176.078 133.936
30 180 144.603 180 130.397
30.1 8.83408 141.064 3.92232 133.936
30.2 17.684 130.794 7.20168 144.206
30.3 26.5641 114.799 9.41839 160.201
30.4 35.4863 94.6436 10.4407 180.356
30.5 44.4582 72.3013 10.3487 202.699
30.6 53.4833 49.959 9.3263 225.041
30.7 62.5593 29.8037 7.58532 245.196
30.8 71.6791 13.8083 5.32969 261.192
30.9 80.8311 3.53868 2.74488 271.461
31 32.6183 0 6.48278e-14 275
31.1 99.1689 3.53868 177.255 271.461
31.2 108.321 13.8083 174.67 261.192
31.3 117.441 29.8037 172.415 245.196
31.4 126.517 49.959 170.674 225.041
31.5 135.542 72.3013 169.651 202.699
31.6 144.514 94.6436 169.559 180.356
31.7 153.436 114.799 170.582 160.201
31.8 162.316 130.794 172.798 144.206
31.9 171.166 141.064 176.078 133.936
32 180 144.603 180 130.397
32.1 8.83408 141.064 3.92232 133.936
32.2 17.684 130.794 7.20168 144.206
32.3 26.5641 114.799 9.41839 160.201
32.4 35.4863 94.6436 10.4407 180.356
32.5 44.4582 72.3013 10.3487 202.699
32.6 53.4833 49.959 9.3263 225.041
32.7 62.5593 29.8037 7.58532 245.196
32.8 71.6791 13.8083 5.32969 261.192
32.9 80.8311 3.53868 2.74488 271.461
33 2.43647 0 4.31021e-15 275
33.1 99.1689 3.53868 177.255 271.461
33.2 108.321 13.8083 174.67 261.192
33.3 117.441 29.8037 172.415 245.196
33.4 126.517 49.959 170.674 225.041
33.5 135.542 72.3013 169.651 202.699
33.6 144.514 94.6436 169.559 180.356
33.7 153.436 114.799 170.582 160.201
33.8 162.316 130.794 172.798 144.206
33.9 171.166 141.064 176.078 133.936
34 8.26927e-14 144.603 3.78147e-14 130.397
34.1 8.83408 141.064 3.92232 133.936
34.2 17.684 130.794 7.20168 144.206
34.3 26.5641 114.799 9.41839 160.201
34.4 35.4863 94.6436 10.4407 180.356
34.5 44.4582 72.3013 10.3487 202.699
34.6 53.4833 49.959 9.3263 225.041
34.7 62.5593 29.8037 7.58532 245.196
34.8 71.6791 13.8083 5.32969 261.192
34.9 80.8311 3.53868 2.74488 271.461
35 34.3188 0 6.91489e-14 275
35.1 99.1689 3.53868 177.255 271.461
35.2 108.321 13.8083 174.67 261.192
35.3 117.441 29.8037 172.415 245.196
35.4 126.517 49.959 170.674 225.041
35.5 135.542 72.3013 169.651 202.699
35.6 144.514 94.6436 169.559 180.356
35.7 153.436 114.799 170.582 160.201
35.8 162.316 130.794 172.798 144.206
35.9 171.166 141.064 176.078 133.936
36 180 144.603 180 130.397
36.1 8.83408 141.064 3.92232 133.936
36.2 17.684 130.794 7.20168 144.206
36.3 26.5641 114.799 9.41839 160.201
36.4 35.4863 94.6436 10.4407 180.356
36.5 44.4582 72.3013 10.3487 202.699
36.6 53.4833 49.959 9.3263 225.041
36.7 62.5593 29.8037 7.58532 245.196
36.8 71.6791 13.8083 5.32969 261.192
36.9 80.8311 3.53868 2.74488 271.461
37 4.87029 0 8.63133e-15 275
37.1 99.1689 3.53868 177.255 271.461
37.2 108.321 13.8083 174.67 261.192
37.3 117.441 29.8037 172.415 245.196
37.4 126.517 49.959 170.674 225.041
37.5 135.542 72.3013 169.651 202.699
37.6 144.514 94.6436 169.559 180.356
37.7 153.436 114.799 170.582 160.201
37.8 162.316 130.794 172.798 144.206
37.9 171.166 141.064 176.078 133.936
38 180 144.603 180 130.397
38.1 8.83408 141.064 3.92232 133.936
38.2 17.684 130.794 7.20168 144.206
38.3 26.5641 114.799 9.41839 160.201
38.4 35.4863 94.6436 10.4407 180.356
38.5 44.4582 72.3013 10.3487 202.699
38.6 53.4833 49.959 9.3263 225.041
38.7 62.5593 29.8037 7.58532 245.196
38.8 71.6791 13.8083 5.32969 261.192
38.9 80.8311 3.53868 2.74488 271.461
39 35.9531 0 7.34701e-14 275
39.1 99.1689 3.53868 177.255 271.461
39.2 108.321 13.8083 174.67 261.192
39.3 117.441 29.8037 172.415 245.196
39.4 126.517 49.959 170.674 225.041
39.5 135.542 72.3013 169.651 202.699
39.6 144.514 94.6436 169.559 180.356
39.7 153.436 114.799 170.582 160.201
39.8 162.316 130.794 172.798 144.206
39.9 171.166 141.064 176.078 133.936
40 180 144.603 180 130.397
40.1 8.83408 141.064 3.92232 133.936
40.2 17.684 130.794 7.20168 144.206
40.3 26.5641 114.799 9.41839 160.201
40.4 35.4863 94.6436 10.4407 180.356
40.5 44.4582 72.3013 10.3487 202.699
40.6 53.4833 49.959 9.3263 225.041
40.7 62.5593 29.8037 7.58532 245.196
40.8 71.6791 13.8083 5.32969 261.192
40.9 80.8311 3.53868 2.74488 271.461
41 53.781 0 1.38309e-13 275
41.1 99.1689 3.53868 177.255 271.461
41.2 108.321 13.8083 174.67 261.192
41.3 117.441 29.8037 172.415 245.196
41.4 126.517 49.959 170.674 225.041
41.5 135.542 72.3013 169.651 202.699
41.6 144.514 94.6436 169.559 180.356
41.7 153.436 114.799 170.582 160.201
41.8 162.316 130.794 172.798 144.206
41.9 171.166 141.064 176.078 133.936
42 5.51517e-14 144.603 2.52204e-14 130.397
42.1 8.83408 141.064 3.92232 133.936
42.2 17.684 130.794 7.20168 144.206
42.3 26.5641 114.799 9.41839 160.201
42.4 35.4863 94.6436 10.4407 180.356
42.5 44.4582 72.3013 10.3487 202.699
42.6 53.4833 49.959 9.3263 225.041
42.7 62.5593 29.8037 7.58532 245.196
42.8 71.6791 13.8083 5.32969 261.192
42.9 80.8311 3.53868 2.74488 271.461
43 37.5224 0 7.77912e-14 275
43.1 99.1689 3.53868 177.255 271.461
43.2 108.321 13.8083 174.67 261.192
43.3 117.441 29.8037 172.415 245.196
43.4 126.517 49.959 170.674 225.041
43.5 135.542 72.3013 169.651 202.699
43.6 144.514 94.6436 169.559 180.356
43.7 153.436 114.799 170.582 160.201
43.8 162.316 130.794 172.798 144.206
43.9 171.166 141.064 176.078 133.936
44 180 144.603 180 130.397
44.1 8.83408 141.064 3.92232 133.936
44.2 17.684 130.794 7.20168 144.206
44.3 26.5641 114.799 9.41839 160.201
44.4 35.4863 94.6436 10.4407 180.356
44.5 44.4582 72.3013 10.3487 202.699
44.6 53.4833 49.959 9.3263 225.041
44.7 62.5593 29.8037 7.58532 245.196
44.8 71.6791 13.8083 5.32969 261.192
44.9 80.8311 3.53868 2.74488 271.461
45 9.6772 0 1.72736e-14 275
45.1 99.1689 3.53868 177.255 271.461
45.2 108.321 13.8083 174.67 261.192
45.3 117.441 29.8037 172.415 245.196
45.4 126.517 49.959 170.674 225.041
45.5 135.542 72.3013 169.651 202.699
45.6 144.514 94.6436 169.559 180.356
45.7 153.436 114.799 170.582 160.201
45.8 162.316 130.794 172.798 144.206
45.9 171.166 141.064 176.078 133.936
46 180 144.603 180 130.397
46.1 8.83408 141.064 3.92232 133.936
46.2 17.684 130.794 7.20168 144.206
46.3 26.5641 114.799 9.41839 160.201
46.4 35.4863 94.6436 10.4407 180.356
46.5 44.4582 72.3013 10.3487 202.699
46.6 53.4833 49.959 9.3263 225.041
46.7 62.5593 29.8037 7.58532 245.196
46.8 71.6791 13.8083 5.32969 261.192
46.9 80.8311 3.53868 2.74488 271.461
47 156.882 0 180 275
47.1 99.1689 3.53868 177.255 271.461
47.2 108.321 13.8083 174.67 261.192
47.3 117.441 29.8037 172.415 245.196
47.4 126.517 49.959 170.674 225.041
47.5 135.542 72.3013 169.651 202.699
47.6 144.514 94.6436 169.559 180.356
47.7 153.436 114.799 170.582 160.201
47.8 162.316 130.794 172.798 144.206
47.9 171.166 141.064 176.078 133.936
48 180 144.603 180 130.397
48.1 8.83408 141.064 3.92232 133.936
48.2 17.684 130.794 7.20168 144.206
48.3 26.5641 114.799 9.41839 160.201
48.4 35.4863 94.6436 10.4407 180.356
48.5 44.4582 72.3013 10.3487 202.699
48.6 53.4833 49.959 9.3263 225.041
48.7 62.5593 29.8037 7.58532 245.196
48.8 71.6791 13.8083 5.32969 261.192
48.9 80.8311 3.53868 2.74488 271.461
49 55.4205 0 1.46951e-13 275
49.1 99.1689 3.53868 177.255 271.461
49.2 108.321 13.8083 174.67 261.192
49.3 117.441 29.8037 172.415 245.196
49.4 126.517 49.959 170.674 225.041
49.5 135.542 72.3013 169.651 202.699
49.6 144.514 94.6436 169.559 180.356
49.7 153.436 114.799 170.582 160.201
49.8 162.316 130.794 172.798 144.206
49.9 171.166 141.064 176.078 133.936
50 2.76106e-14 144.603 1.26261e-14 130.397
50.1 8.83408 141.064 3.92232 133.936
50.2 17.684 130.794 7.20168 144.206
50.3 26.5641 114.799 9.41839 160.201
50.4 35.4863 94.6436 10.4407 180.356
50.5 44.4582 72.3013 10.3487 202.699
50.6 53.4833 49.959 9.3263 225.041
50.7 62.5593 29.8037 7.58532 245.196
50.8 71.6791 13.8083 5.32969 261.192
50.9 80.8311 3.53868 2.74488 271.461
51 40.473 0 8.64334e-14 275
51.1 99.1689 3.53868 177.255 271.461
51.2 108.321 13.8083 174.67 261.192
51.3 117.441 29.8037 172.415 245.196
51.4 126.517 49.959 170.674 225.041
51.5 135.542 72.3013 169.651 202.699
51.6 144.514 94.6436 169.559 180.356
51.7 153.436 114.799 170.582 160.201
51.8 162.316 130.794 172.798 144.206
51.9 171.166 141.064 176.078 133.936
52 2.20467e-13 144.603 1.00818e-13 130.397
52.1 8.83408 141.064 3.92232 133.936
52.2 17.684 130.794 7.20168 144.206
52.3 26.5641 114.799 9.41839 160.201
52.4 35.4863 94.6436 10.4407 180.356
52.5 44.4582 72.3013 10.3487 202.699
52.6 53.4833 49.959 9.3263 225.041
52.7 62.5593 29.8037 7.58532 245.196
52.8 71.6791 13.8083 5.32969 261.192
52.9 80.8311 3.53868 2.74488 271.461
53 14.3507 0 2.59158e-14 275
53.1 99.1689 3.53868 177.255 271.461
53.2 108.321 13.8083 174.67 261.192
53.3 117.441 29.8037 172.415 245.196
53.4 126.517 49.959 170.674 225.041
53.5 135.542 72.3013 169.651 202.699
53.6 144.514 94.6436 169.559 180.356
53.7 153.436 114.799 170.582 160.201
53.8 162.316 130.794 172.798 144.206
53.9 171.166 141.064 176.078 133.936
54 180 144.603 180 130.397
54.1 8.83408 141.064 3.92232 133.936
54.2 17.684 130.794 7.20168 144.206
54.3 26.5641 114.799 9.41839 160.201
54.4 35.4863 94.6436 10.4407 180.356
54.5 44.4582 72.3013 10.3487 202.699
54.6 53.4833 49.959 9.3263 225.041
54.7 62.5593 29.8037 7.58532 245.196
54.8 71.6791 13.8083 5.32969 261.192
54.9 80.8311 3.53868 2.74488 271.461
55 161.141 0 180 275
55.1 99.1689 3.53868 177.255 271.461
55.2 108.321 13.8083 174.67 261.192
55.3 117.441 29.8037 172.415 245.196
55.4 126.517 49.959 170.674 225.041
55.5 135.542 72.3013 169.651 202.699
55.6 144.514 94.6436 169.559 180.356
55.7 153.436 114.799 170.582 160.201
55.8 162.316 130.794 172.798 144.206
55.9 171.166 141.064 176.078 133.936
56 180 144.603 180 130.397
56.1 8.83408 141.064 3.92232 133.936
56.2 17.684 130.794 7.20168 144.206
56.3 26.5641 114.799 9.41839 160.201
56.4 35.4863 94.6436 10.4407 180.356
56.5 44.4582 72.3013 10.3487 202.699
56.6 53.4833 49.959 9.3263 225.041
56.7 62.5593 29.8037 7.58532 245.196
56.8 71.6791 13.8083 5.32969 261.192
56.9 80.8311 3.53868 2.74488 271.461
57 56.9343 0 1.55593e-13 275
57.1 99.1689 3.53868 177.255 271.461
57.2 108.321 13.8083 174.67 261.192
57.3 117.441 29.8037 172.415 245.196
57.4 126.517 49.959 170.674 225.041
57.5 135.542 72.3013 169.651 202.699
57.6 144.514 94.6436 169.559 180.356
57.7 153.436 114.799 170.582 160.201
57.8 162.316 130.794 172.798 144.206
57.9 171.166 141.064 176.078 133.936
58 6.96011e-17 144.603 3.1828e-17 130.397
58.1 8.83408 141.064 3.92232 133.936
58.2 17.684 130.794 7.20168 144.206
58.3 26.5641 114.799 9.41839 160.201
58.4 35.4863 94.6436 10.4407 180.356
58.5 44.4582 72.3013 10.3487 202.699
58.6 53.4833 49.959 9.3263 225.041
58.7 62.5593 29.8037 7.58532 245.196
58.8 71.6791 13.8083 5.32969 261.192
58.9 80.8311 3.53868 2.74488 271.461
59 43.1853 0 9.50757e-14 275
59.1 99.1689 3.53868 177.255 271.461
59.2 108.321 13.8083 174.67 261.192
59.3 117.441 29.8037 172.415 245.196
59.4 126.517 49.959 170.674 225.041
59.5 135.542 72.3013 169.651 202.699
59.6 144.514 94.6436 169.559 180.356
59.7 153.436 114.799 170.582 160.201
59.8 162.316 130.794 172.798 144.206
59.9 171.166 141.064 176.078 133.936
60 180 144.603 180 130.397
60.1 8.83408 141.064 3.92232 133.936
60.2 17.684 130.794 7.20168 144.206
60.3 26.5641 114.799 9.41839 160.201
60.4 35.4863 94.6436 10.4407 180.356
60.5 44.4582 72.3013 10.3487 202.699
60.6 53.4833 49.959 9.3263 225.041
60.7 62.5593 29.8037 7.58532 245.196
60.8 71.6791 13.8083 5.32969 261.192
60.9 80.8311 3.53868 2.74488 271.461
61 18.8373 0 3.45581e-14 275
61.1 99.1689 3.53868 177.255 271.461
61.2 108.321 13.8083 174.67 261.192
61.3 117.441 29.8037 172.415 245.196
61.4 126.517 49.959 170.674 225.041
61.5 135.542 72.3013 169.651 202.699
61.6 144.514 94.6436 169.559 180.356
61.7 153.436 114.799 170.582 160.201
61.8 162.316 130.794 172.798 144.206
61.9 171.166 141.064 176.078 133.936
62 180 144.603 180 130.397
62.1 8.83408 141.064 3.92232 133.936
62.2 17.684 130.794 7.20168 144.206
62.3 26.5641 114.799 9.41839 160.201
62.4 35.4863 94.6436 10.4407 180.356
62.5 44.4582 72.3013 10.3487 202.699
62.6 53.4833 49.959 9.3263 225.041
62.7 62.5593 29.8037 7.58532 245.196
62.8 71.6791 13.8083 5.32969 261.192
62.9 80.8311 3.53868 2.74488 271.461
63 165.626 0 180 275
63.1 99.1689 3.53868 177.255 271.461
63.2 108.321 13.8083 174.67 261.192
63.3 117.441 29.8037 172.415 245.196
63.4 126.517 49.959 170.674 225.041
63.5 135.542 72.3013 169.651 202.699
63.6 144.514 94.6436 169.559 180.356
63.7 153.436 114.799 170.582 160.201
63.8 162.316 130.794 172.798 144.206
63.9 171.166 141.064 176.078 133.936
64 180 144.603 180 130.397
64.1 8.83408 141.064 3.92232 133.936
64.2 17.684 130.794 7.20168 144.206
64.3 26.5641 114.799 9.41839 160.201
64.4 35.4863 94.6436 10.4407 180.356
64.5 44.4582 72.3013 10.3487 202.699
64.6 53.4833 49.959 9.3263 225.041
64.7 62.5593 29.8037 7.58532 245.196
64.8 71.6791 13.8083 5.32969 261.192
64.9 80.8311 3.53868 2.74488 271.461
65 58.3345 0 1.64236e-13 275
65.1 99.1689 3.53868 177.255 271.461
65.2 108.321 13.8083 174.67 261.192
65.3 117.441 29.8037 172.415 245.196
65.4 126.517 49.959 170.674 225.041
65.5 135.542 72.3013 169.651 202.699
65.6 144.514 94.6436 169.559 180.356
65.7 153.436 114.799 170.582 160.201
65.8 162.316 130.794 172.798 144.206
65.9 171.166 141.064 176.078 133.936
66 180 144.603 180 130.397
66.1 8.83408 141.064 3.92232 133.936
66.2 17.684 130.794 7.20168 144.206
66.3 26.5641 114.799 9.41839 160.201
66.4 35.4863 94.6436 10.4407 180.356
66.5 44.4582 72.3013 10.3487 202.699
66.6 53.4833 49.959 9.3263 225.041
66.7 62.5593 29.8037 7.58532 245.196
66.8 71.6791 13.8083 5.32969 261.192
66.9 80.8311 3.53868 2.74488 271.461
67 45.6765 0 1.03718e-13 275
67.1 99.1689 3.53868 177.255 271.461
67.2 108.321 13.8083 174.67 261.192
67.3 117.441 29.8037 172.415 245.196
67.4 126.517 49.959 170.674 225.041
67.5 135.542 72.3013 169.651 202.699
67.6 144.514 94.6436 169.559 180.356
67.7 153.436 114.799 170.582 160.201
67.8 162.316 130.794 172.798 144.206
67.9 171.166 141.064 176.078 133.936
68 1.65385e-13 144.603 7.56293e-14 130.397
68.1 8.83408 141.064 3.92232 133.936
68.2 17.684 130.794 7.20168 144.206
68.3 26.5641 114.799 9.41839 160.201
68.4 35.4863 94.6436 10.4407 180.356
68.5 44.4582 72.3013 10.3487 202.699
68.6 53.4833 49.959 9.3263 225.041
68.7 62.5593 29.8037 7.58532 245.196
68.8 71.6791 13.8083 5.32969 261.192
68.9 80.8311 3.53868 2.74488 271.461
69 23.0968 0 4.32003e-14 275
69.1 99.1689 3.53868 177.255 271.461
69.2 108.321 13.8083 174.67 261.192
69.3 117.441 29.8037 172.415 245.196
69.4 126.517 49.959 170.674 225.041
69.5 135.542 72.3013 169.651 202.699
69.6 144.514 94.6436 169.559 180.356
69.7 153.436 114.799 170.582 160.201
69.8 162.316 130.794 172.798 144.206
69.9 171.166 141.064 176.078 133.936
70 180 144.603 180 130.397
70.1 8.83408 141.064 3.92232 133.936
70.2 17.684 130.794 7.20168 144.206
70.3 26.5641 114.799 9.41839 160.201
70.4 35.4863 94.6436 10.4407 180.356
70.5 44.4582 72.3013 10.3487 202.699
70.6 53.4833 49.959 9.3263 225.041
70.7 62.5593 29.8037 7.58532 245.196
70.8 71.6791 13.8083 5.32969 261.192
70.9 80.8311 3.53868 2.74488 271.461
71 170.299 0 180 275
71.1 99.1689 3.53868 177.255 271.461
71.2 108.321 13.8083 174.67 261.192
71.3 117.441 29.8037 172.415 245.196
71.4 126.517 49.959 170.674 225.041
71.5 135.542 72.3013 169.651 202.699
71.6 144.514 94.6436 169.559 180.356
71.7 153.436 114.799 170.582 160.201
71.8 162.316 130.794 172.798 144.206
71.9 171.166 141.064 176.078 133.936
72 180 144.603 180 130.397
72.1 8.83408 141.064 3.92232 133.936
72.2 17.684 130.794 7.20168 144.206
72.3 26.5641 114.799 9.41839 160.201
72.4 35.4863 94.6436 10.4407 180.356
72.5 44.4582 72.3013 10.3487 202.699
72.6 53.4833 49.959 9.3263 225.041
72.7 62.5593 29.8037 7.58532 245.196
72.8 71.6791 13.8083 5.32969 261.192
72.9 80.8311 3.53868 2.74488 271.461
73 59.6319 0 1.72878e-13 275
73.1 99.1689 3.53868 177.255 271.461
73.2 108.321 13.8083 174.67 261.192
73.3 117.441 29.8037 172.415 245.196
73.4 126.517 49.959 170.674 225.041
73.5 135.542 72.3013 169.651 202.699
73.6 144.514 94.6436 169.559 180.356
73.7 153.436 114.799 170.582 160.201
73.8 162.316 130.794 172.798 144.206
73.9 171.166 141.064 176.078 133.936
74 180 144.603 180 130.397
74.1 8.83408 141.064 3.92232 133.936
74.2 17.684 130.794 7.20168 144.206
74.3 26.5641 114.799 9.41839 160.201
74.4 35.4863 94.6436 10.4407 180.356
74.5 44.4582 72.3013 10.3487 202.699
74.6 53.4833 49.959 9.3263 225.041
74.7 62.5593 29.8037 7.58532 245.196
74.8 71.6791 13.8083 5.32969 261.192
74.9 80.8311 3.53868 2.74488 271.461
75 47.9641 0 1.1236e-13 275
75.1 99.1689 3.53868 177.255 271.461
75.2 108.321 13.8083 174.67 261.192
75.3 117.441 29.8037 172.415 245.196
75.4 126.517 49.959 170.674 225.041
75.5 135.542 72.3013 169.651 202.699
75.6 144.514 94.6436 169.559 180.356
75.7 153.436 114.799 170.582 160.201
75.8 162.316 130.794 172.798 144.206
75.9 171.166 141.064 176.078 133.936
76 180 144.603 180 130.397
76.1 8.83408 141.064 3.92232 133.936
76.2 17.684 130.794 7.20168 144.206
76.3 26.5641 114.799 9.41839 160.201
76.4 35.4863 94.6436 10.4407 180.356
76.5 44.4582 72.3013 10.3487 202.699
76.6 53.4833 49.959 9.3263 225.041
76.7 62.5593 29.8037 7.58532 245.196
76.8 71.6791 13.8083 5.32969 261.192
76.9 80.8311 3.53868 2.74488 271.461
77 27.1028 0 5.18426e-14 275
77.1 99.1689 3.53868 177.255 271.461
77.2 108.321 13.8083 174.67 261.192
77.3 117.441 29.8037 172.415 245.196
77.4 126.517 49.959 170.674 225.041
77.5 135.542 72.3013 169.651 202.699
77.6 144.514 94.6436 169.559 180.356
77.7 153.436 114.799 170.582 160.201
77.8 162.316 130.794 172.798 144.206
77.9 171.166 141.064 176.078 133.936
78 180 144.603 180 130.397
78.1 8.83408 141.064 3.92232 133.936
78.2 17.684 130.794 7.20168 144.206
78.3 26.5641 114.799 9.41839 160.201
78.4 35.4863 94.6436 10.4407 180.356
78.5 44.4582 72.3013 10.3487 202.699
78.6 53.4833 49.959 9.3263 225.041
78.7 62.5593 29.8037 7.58532 245.196
78.8 71.6791 13.8083 5.32969 261.192
78.9 80.8311 3.53868 2.74488 271.461
79 175.105 0 180 275
79.1 99.1689 3.53868 177.255 271.461
79.2 108.321 13.8083 174.67 261.192
79.3 117.441 29.8037 172.415 245.196
79.4 126.517 49.959 170.674 225.041
79.5 135.542 72.3013 169.651 202.699
79.6 144.514 94.6436 169.559 180.356
79.7 153.436 114.799 170.582 160.201
79.8 162.316 130.794 172.798 144.206
79.9 171.166 141.064 176.078 133.936
80 180 144.603 180 130.397
80.1 8.83408 141.064 3.92232 133.936
80.2 17.684 130.794 7.20168 144.206
80.3 26.5641 114.799 9.41839 160.201
80.4 35.4863 94.6436 10.4407 180.356
80.5 44.4582 72.3013 10.3487 202.699
80.6 53.4833 49.959 9.3263 225.041
80.7 62.5593 29.8037 7.58532 245.196
80.8 71.6791 13.8083 5.32969 261.192
80.9 80.8311 3.53868 2.74488 271.461
81 60.8363 0 1.8152e-13 275
81.1 99.1689 3.53868 177.255 271.461
81.2 108.321 13.8083 174.67 261.192
81.3 117.441 29.8037 172.415 245.196
81.4 126.517 49.959 170.674 225.041
81.5 135.542 72.3013 169.651 202.699
81.6 144.514 94.6436 169.559 180.356
81.7 153.436 114.799 170.582 160.201
81.8 162.316 130.794 172.798 144.206
81.9 171.166 141.064 176.078 133.936
82 180 144.603 180 130.397
82.1 8.83408 141.064 3.92232 133.936
82.2 17.684 130.794 7.20168 144.206
82.3 26.5641 114.799 9.41839 160.201
82.4 35.4863 94.6436 10.4407 180.356
82.5 44.4582 72.3013 10.3487 202.699
82.6 53.4833 49.959 9.3263 225.041
82.7 62.5593 29.8037 7.58532 245.196
82.8 71.6791 13.8083 5.32969 261.192
82.9 80.8311 3.53868 2.74488 271.461
83 127.988 0 180 275
83.1 99.1689 3.53868 177.255 271.461
83.2 108.321 13.8083 174.67 261.192
83.3 117.441 29.8037 172.415 245.196
83.4 126.517 49.959 170.674 225.041
83.5 135.542 72.3013 169.651 202.699
83.6 144.514 94.6436 169.559 180.356
83.7 153.436 114.799 170.582 160.201
83.8 162.316 130.794 172.798 144.206
83.9 171.166 141.064 176.078 133.936
84 1.10303e-13 144.603 5.04408e-14 130.397
84.1 8.83408 141.064 3.92232 133.936
84.2 17.684 130.794 7.20168 144.206
84.3 26.5641 114.799 9.41839 160.201
84.4 35.4863 94.6436 10.4407 180.356
84.5 44.4582 72.3013 10.3487 202.699
84.6 53.4833 49.959 9.3263 225.041
84.7 62.5593 29.8037 7.58532 245.196
84.8 71.6791 13.8083 5.32969 261.192
84.9 80.8311 3.53868 2.74488 271.461
85 30.8415 0 6.04848e-14 275
85.1 99.1689 3.53868 177.255 271.461
85.2 108.321 13.8083 174.67 261.192
85.3 117.441 29.8037 172.415 245.196
85.4 126.517 49.959 170.674 225.041
85.5 135.542 72.3013 169.651 202.699
85.6 144.514 94.6436 169.559 180.356
85.7 153.436 114.799 170.582 160.201
85.8 162.316 130.794 172.798 144.206
85.9 171.166 141.064 176.078 133.936
86 180 144.603 180 130.397
86.1 8.83408 141.064 3.92232 133.936
86.2 17.684 130.794 7.20168 144.206
86.3 26.5641 114.799 9.41839 160.201
86.4 35.4863 94.6436 10.4407 180.356
86.5 44.4582 72.3013 10.3487 202.699
86.6 53.4833 49.959 9.3263 225.041
86.7 62.5593 29.8037 7.58532 245.196
86.8 71.6791 13.8083 5.32969 261.192
86.9 80.8311 3.53868 2.74488 271.461
87 67.9969 0 2.5068e-13 275
87.1 99.1689 3.53868 177.255 271.461
87.2 108.321 13.8083 174.67 261.192
87.3 117.441 29.8037 172.415 245.196
87.4 126.517 49.959 170.674 225.041
87.5 135.542 72.3013 169.651 202.699
87.6 144.514 94.6436 169.559 180.356
87.7 153.436 114.799 170.582 160.201
87.8 162.316 130.794 172.798 144.206
87.9 171.166 141.064 176.078 133.936
88 180 144.603 180 130.397
88.1 8.83408 141.064 3.92232 133.936
88.2 17.684 130.794 7.20168 144.206
88.3 26.5641 114.799 9.41839 160.201
88.4 35.4863 94.6436 10.4407 180.356
88.5 44.4582 72.3013 10.3487 202.699
88.6 53.4833 49.959 9.3263 225.041
88.7 62.5593 29.8037 7.58532 245.196
88.8 71.6791 13.8083 5.32969 261.192
88.9 80.8311 3.53868 2.74488 271.461
89 149.131 0 180 275
89.1 99.1689 3.53868 177.255 271.461
89.2 108.321 13.8083 174.67 261.192
89.3 117.441 29.8037 172.415 245.196
89.4 126.517 49.959 170.674 225.041
89.5 135.542 72.3013 169.651 202.699
89.6 144.514 94.6436 169.559 180.356
89.7 153.436 114.799 170.582 160.201
89.8 162.316 130.794 172.798 144.206
89.9 171.166 141.064 176.078 133.936
90 180 144.603 180 130.397
90.1 8.83408 141.064 3.92232 133.936
90.2 17.684 130.794 7.20168 144.206
90.3 26.5641 114.799 9.41839 160.201
90.4 35.4863 94.6436 10.4407 180.356
90.5 44.4582 72.3013 10.3487 202.699
90.6 53.4833 49.959 9.3263 225.041
90.7 62.5593 29.8037 7.58532 245.196
90.8 71.6791 13.8083 5.32969 261.192
90.9 80.8311 3.53868 2.74488 271.461
91 51.9979 0 1.29645e-13 275
91.1 99.1689 3.53868 177.255 271.461
91.2 108.321 13.8083 174.67 261.192
91.3 117.441 29.8037 172.415 245.196
91.4 126.517 49.959 170.674 225.041
91.5 135.542 72.3013 169.651 202.699
91.6 144.514 94.6436 169.559 180.356
91.7 153.436 114.799 170.582 160.201
91.8 162.316 130.794 172.798 144.206
91.9 171.166 141.064 176.078 133.936
92 180 144.603 180 130.397
92.1 8.83408 141.064 3.92232 133.936
92.2 17.684 130.794 7.20168 144.206
92.3 26.5641 114.799 9.41839 160.201
92.4 35.4863 94.6436 10.4407 180.356
92.5 44.4582 72.3013 10.3487 202.699
92.6 53.4833 49.959 9.3263 225.041
92.7 62.5593 29.8037 7.58532 245.196
92.8 71.6791 13.8083 5.32969 261.192
92.9 80.8311 3.53868 2.74488 271.461
93 72.4263 0 3.1984e-13 275
93.1 99.1689 3.53868 177.255 271.461
93.2 108.321 13.8083 174.67 261.192
93.3 117.441 29.8037 172.415 245.196
93.4 126.517 49.959 170.674 225.041
93.5 135.542 72.3013 169.651 202.699
93.6 144.514 94.6436 169.559 180.356
93.7 153.436 114.799 170.582 160.201
93.8 162.316 130.794 172.798 144.206
93.9 171.166 141.064 176.078 133.936
94 2.75619e-13 144.603 1.26038e-13 130.397
94.1 8.83408 141.064 3.92232 133.936
94.2 17.684 130.794 7.20168 144.206
94.3 26.5641 114.799 9.41839 160.201
94.4 35.4863 94.6436 10.4407 180.356
94.5 44.4582 72.3013 10.3487 202.699
94.6 53.4833 49.959 9.3263 225.041
94.7 62.5593 29.8037 7.58532 245.196
94.8 71.6791 13.8083 5.32969 261.192
94.9 80.8311 3.53868 2.74488 271.461
95 4.85803 0 8.60949e-15 275
95.1 99.1689 3.53868 177.255 271.461
95.2 108.321 13.8083 174.67 261.192
95.3 117.441 29.8037 172.415 245.196
95.4 126.517 49.959 170.674 225.041
95.5 135.542 72.3013 169.651 202.699
95.6 144.514 94.6436 169.559 180.356
95.7 153.436 114.799 170.582 160.201
95.8 162.316 130.794 172.798 144.206
95.9 171.166 141.064 176.078 133.936
96 180 144.603 180 130.397
96.1 8.83408 141.064 3.92232 133.936
96.2 17.684 130.794 7.20168 144.206
96.3 26.5641 114.799 9.41839 160.201
96.4 35.4863 94.6436 10.4407 180.356
96.5 44.4582 72.3013 10.3487 202.699
96.6 53.4833 49.959 9.3263 225.041
96.7 62.5593 29.8037 7.58532 245.196
96.8 71.6791 13.8083 5.32969 261.192
96.9 80.8311 3.53868 2.74488 271.461
97 62.9997 0 1.98805e-13 275
97.1 99.1689 3.53868 177.255 271.461
97.2 108.321 13.8083 174.67 261.192
97.3 117.441 29.8037 172.415 245.196
97.4 126.517 49.959 170.674 225.041
97.5 135.542 72.3013 169.651 202.699
97.6 144.514 94.6436 169.559 180.356
97.7 153.436 114.799 170.582 160.201
97.8 162.316 130.794 172.798 144.206
97.9 171.166 141.064 176.078 133.936
98 180 144.603 180 130.397
98.1 8.83408 141.064 3.92232 133.936
98.2 17.684 130.794 7.20168 144.206
98.3 26.5641 114.799 9.41839 160.201
98.4 35.4863 94.6436 10.4407 180.356
98.5 44.4582 72.3013 10.3487 202.699
98.6 53.4833 49.959 9.3263 225.041
98.7 62.5593 29.8037 7.58532 245.196
98.8 71.6791 13.8083 5.32969 261.192
98.9 80.8311 3.53868 2.74488 271.461
99 132.019 0 180 275
99.1 99.1689 3.53868 177.255 271.461
99.2 108.321 13.8083 174.67 261.192
99.3 117.441 29.8037 172.415 245.196
99.4 126.517 49.959 170.674 225.041
99.5 135.542 72.3013 169.651 202.699
99.6 144.514 94.6436 169.559 180.356
99.7 153.436 114.799 170.582 160.201
99.8 162.316 130.794 172.798 144.206
99.9 171.166 141.064 176.078 133.936
100 5.52213e-14 144.603 2.52522e-14 130.397
100.1 8.83408 141.064 3.92232 133.936
100.2 17.684 130.794 7.20168 144.206
100.3 26.5641 114.799 9.41839 160.201
100.4 35.4863 94.6436 10.4407 180.356
100.5 44.4582 72.3013 10.3487 202.699
100.6 53.4833 49.959 9.3263 225.041
100.7 62.5593 29.8037 7.58532 245.196
100.8 71.6791 13.8083 5.32969 261.192
100.9 80.8311 3.53868 2.74488 271.461
101 37.5147 0 7.77693e-14 275
101.1 99.1689 3.53868 177.255 271.461
101.2 108.321 13.8083 174.67 261.192
101.3 117.441 29.8037 172.415 245.196
101.4 126.517 49.959 170.674 225.041
101.5 135.542 72.3013 169.651 202.699
101.6 144.514 94.6436 169.559 180.356
101.7 153.436 114.799 170.582 160.201
101.8 162.316 130.794 172.798 144.206
101.9 171.166 141.064 176.078 133.936
102 180 144.603 180 130.397
102.1 8.83408 141.064 3.92232 133.936
102.2 17.684 130.794 7.20168 144.206
102.3 26.5641 114.799 9.41839 160.201
102.4 35.4863 94.6436 10.4407 180.356
102.5 44.4582 72.3013 10.3487 202.699
102.6 53.4833 49.959 9.3263 225.041
102.7 62.5593 29.8037 7.58532 245.196
102.8 71.6791 13.8083 5.32969 261.192
102.9 80.8311 3.53868 2.74488 271.461
103 69.2921 0 2.67964e-13 275
103.1 99.1689 3.53868 177.255 271.461
103.2 108.321 13.8083 174.67 261.192
103.3 117.441 29.8037 172.415 245.196
103.4 126.517 49.959 170.674 225.041
103.5 135.542 72.3013 169.651 202.699
103.6 144.514 94.6436 169.559 180.356
103.7 153.436 114.799 170.582 160.201
103.8 162.316 130.794 172.798 144.206
103.9 171.166 141.064 176.078 133.936
104 4.40935e-13 144.603 2.01636e-13 130.397
104.1 8.83408 141.064 3.92232 133.936
104.2 17.684 130.794 7.20168 144.206
104.3 26.5641 114.799 9.41839 160.201
104.4 35.4863 94.6436 10.4407 180.356
104.5 44.4582 72.3013 10.3487 202.699
104.6 53.4833 49.959 9.3263 225.041
104.7 62.5593 29.8037 7.58532 245.196
104.8 71.6791 13.8083 5.32969 261.192
104.9 80.8311 3.53868 2.74488 271.461
105 156.872 0 180 275
105.1 99.1689 3.53868 177.255 271.461
105.2 108.321 13.8083 174.67 261.192
105.3 117.441 29.8037 172.415 245.196
105.4 126.517 49.959 170.674 225.041
105.5 135.542 72.3013 169.651 202.699
105.6 144.514 94.6436 169.559 180.356
105.7 153.436 114.799 170.582 160.201
105.8 162.316 130.794 172.798 144.206
105.9 171.166 141.064 176.078 133.936
106 180 144.603 180 130.397
106.1 8.83408 141.064 3.92232 133.936
106.2 17.684 130.794 7.20168 144.206
106.3 26.5641 114.799 9.41839 160.201
106.4 35.4863 94.6436 10.4407 180.356
106.5 44.4582 72.3013 10.3487 202.699
106.6 53.4833 49.959 9.3263 225.041
106.7 62.5593 29.8037 7.58532 245.196
106.8 71.6791 13.8083 5.32969 261.192
106.9 80.8311 3.53868 2.74488 271.461
107 55.4165 0 1.46929e-13 275
107.1 99.1689 3.53868 177.255 271.461
107.2 108.321 13.8083 174.67 261.192
107.3 117.441 29.8037 172.415 245.196
107.4 126.517 49.959 170.674 225.041
107.5 135.542 72.3013 169.651 202.699
107.6 144.514 94.6436 169.559 180.356
107.7 153.436 114.799 170.582 160.201
107.8 162.316 130.794 172.798 144.206
107.9 171.166 141.064 176.078 133.936
108 180 144.603 180 130.397
108.1 8.83408 141.064 3.92232 133.936
108.2 17.684 130.794 7.20168 144.206
108.3 26.5641 114.799 9.41839 160.201
108.4 35.4863 94.6436 10.4407 180.356
108.5 44.4582 72.3013 10.3487 202.699
108.6 53.4833 49.959 9.3263 225.041
108.7 62.5593 29.8037 7.58532 245.196
108.8 71.6791 13.8083 5.32969 261.192
108.9 80.8311 3.53868 2.74488 271.461
109 73.2758 0 3.37124e-13 275
109.1 99.1689 3.53868 177.255 271.461
109.2 108.321 13.8083 174.67 261.192
109.3 117.441 29.8037 172.415 245.196
109.4 126.517 49.959 170.674 225.041
109.5 135.542 72.3013 169.651 202.699
109.6 144.514 94.6436 169.559 180.356
109.7 153.436 114.799 170.582 160.201
109.8 162.316 130.794 172.798 144.206
109.9 171.166 141.064 176.078 133.936
110 2.20537e-13 144.603 1.0085e-13 130.397
110.1 8.83408 141.064 3.92232 133.936
110.2 17.684 130.794 7.20168 144.206
110.3 26.5641 114.799 9.41839 160.201
110.4 35.4863 94.6436 10.4407 180.356
110.5 44.4582 72.3013 10.3487 202.699
110.6 53.4833 49.959 9.3263 225.041
110.7 62.5593 29.8037 7.58532 245.196
110.8 71.6791 13.8083 5.32969 261.192
110.9 80.8311 3.53868 2.74488 271.461
111 14.3391 0 2.5894e-14 275
111.1 99.1689 3.53868 177.255 271.461
111.2 108.321 13.8083 174.67 261.192
111.3 117.441 29.8037 172.415 245.196
111.4 126.517 49.959 170.674 225.041
111.5 135.542 72.3013 169.651 202.699
111.6 144.514 94.6436 169.559 180.356
111.7 153.436 114.799 170.582 160.201
111.8 162.316 130.794 172.798 144.206
111.9 171.166 141.064 176.078 133.936
112 180 144.603 180 130.397
112.1 8.83408 141.064 3.92232 133.936
112.2 17.684 130.794 7.20168 144.206
112.3 26.5641 114.799 9.41839 160.201
112.4 35.4863 94.6436 10.4407 180.356
112.5 44.4582 72.3013 10.3487 202.699
112.6 53.4833 49.959 9.3263 225.041
112.7 62.5593 29.8037 7.58532 245.196
112.8 71.6791 13.8083 5.32969 261.192
112.9 80.8311 3.53868 2.74488 271.461
113 64.884 0 2.16089e-13 275
113.1 99.1689 3.53868 177.255 271.461
113.2 108.321 13.8083 174.67 261.192
113.3 117.441 29.8037 172.415 245.196
113.4 126.517 49.959 170.674 225.041
113.5 135.542 72.3013 169.651 202.699
113.6 144.514 94.6436 169.559 180.356
113.7 153.436 114.799 170.582 160.201
113.8 162.316 130.794 172.798 144.206
113.9 171.166 141.064 176.078 133.936
114 180 144.603 180 130.397
114.1 8.83408 141.064 3.92232 133.936
114.2 17.684 130.794 7.20168 144.206
114.3 26.5641 114.799 9.41839 160.201
114.4 35.4863 94.6436 10.4407 180.356
114.5 44.4582 72.3013 10.3487 202.699
114.6 53.4833 49.959 9.3263 225.041
114.7 62.5593 29.8037 7.58532 245.196
114.8 71.6791 13.8083 5.32969 261.192
114.9 80.8311 3.53868 2.74488 271.461
115 136.795 0 180 275
115.1 99.1689 3.53868 177.255 271.461
115.2 108.321 13.8083 174.67 261.192
115.3 117.441 29.8037 172.415 245.196
115.4 126.517 49.959 170.674 225.041
115.5 135.542 72.3013 169.651 202.699
115.6 144.514 94.6436 169.559 180.356
115.7 153.436 114.799 170.582 160.201
115.8 162.316 130.794 172.798 144.206
115.9 171.166 141.064 176.078 133.936
116 1.39202e-16 144.603 6.3656e-17 130.397
116.1 8.83408 141.064 3.92232 133.936
116.2 17.684 130.794 7.20168 144.206
116.3 26.5641 114.799 9.41839 160.201
116.4 35.4863 94.6436 10.4407 180.356
116.5 44.4582 72.3013 10.3487 202.699
116.6 53.4833 49.959 9.3263 225.041
116.7 62.5593 29.8037 7.58532 245.196
116.8 71.6791 13.8083 5.32969 261.192
116.9 80.8311 3.53868 2.74488 271.461
117 43.1788 0 9.50539e-14 275
117.1 99.1689 3.53868 177.255 271.461
117.2 108.321 13.8083 174.67 261.192
117.3 117.441 29.8037 172.415 245.196
117.4 126.517 49.959 170.674 225.041
117.5 135.542 72.3013 169.651 202.699
117.6 144.514 94.6436 169.559 180.356
117.7 153.436 114.799 170.582 160.201
117.8 162.316 130.794 172.798 144.206
117.9 171.166 141.064 176.078 133.936
118 180 144.603 180 130.397
118.1 8.83408 141.064 3.92232 133.936
118.2 17.684 130.794 7.20168 144.206
118.3 26.5641 114.799 9.41839 160.201
118.4 35.4863 94.6436 10.4407 180.356
118.5 44.4582 72.3013 10.3487 202.699
118.6 53.4833 49.959 9.3263 225.041
118.7 62.5593 29.8037 7.58532 245.196
118.8 71.6791 13.8083 5.32969 261.192
118.9 80.8311 3.53868 2.74488 271.461
119 70.4491 0 2.85249e-13 275
119.1 99.1689 3.53868 177.255 271.461
119.2 108.321 13.8083 174.67 261.192
119.3 117.441 29.8037 172.415 245.196
119.4 126.517 49.959 170.674 225.041
119.5 135.542 72.3013 169.651 202.699
119.6 144.514 94.6436 169.559 180.356
119.7 153.436 114.799 170.582 160.201
119.8 162.316 130.794 172.798 144.206
119.9 171.166 141.064 176.078 133.936
120 180 144.603 180 130.397
120.1 8.83408 141.064 3.92232 133.936
120.2 17.684 130.794 7.20168 144.206
120.3 26.5641 114.799 9.41839 160.201
120.4 35.4863 94.6436 10.4407 180.356
120.5 44.4582 72.3013 10.3487 202.699
120.6 53.4833 49.959 9.3263 225.041
120.7 62.5593 29.8037 7.58532 245.196
120.8 71.6791 13.8083 5.32969 261.192
120.9 80.8311 3.53868 2.74488 271.461
121 165.615 0 180 275
121.1 99.1689 3.53868 177.255 271.461
121.2 108.321 13.8083 174.67 261.192
121.3 117.441 29.8037 172.415 245.196
121.4 126.517 49.959 170.674 225.041
121.5 135.542 72.3013 169.651 202.699
121.6 144.514 94.6436 169.559 180.356
121.7 153.436 114.799 170.582 160.201
121.8 162.316 130.794 172.798 144.206
121.9 171.166 141.064 176.078 133.936
122 180 144.603 180 130.397
122.1 8.83408 141.064 3.92232 133.936
122.2 17.684 130.794 7.20168 144.206
122.3 26.5641 114.799 9.41839 160.201
122.4 35.4863 94.6436 10.4407 180.356
122.5 44.4582 72.3013 10.3487 202.699
122.6 53.4833 49.959 9.3263 225.041
122.7 62.5593 29.8037 7.58532 245.196
122.8 71.6791 13.8083 5.32969 261.192
122.9 80.8311 3.53868 2.74488 271.461
123 58.3311 0 1.64214e-13 275
123.1 99.1689 3.53868 177.255 271.461
123.2 108.321 13.8083 174.67 261.192
123.3 117.441 29.8037 172.415 245.196
123.4 126.517 49.959 170.674 225.041
123.5 135.542 72.3013 169.651 202.699
123.6 144.514 94.6436 169.559 180.356
123.7 153.436 114.799 170.582 160.201
123.8 162.316 130.794 172.798 144.206
123.9 171.166 141.064 176.078 133.936
124 180 144.603 180 130.397
124.1 8.83408 141.064 3.92232 133.936
124.2 17.684 130.794 7.20168 144.206
124.3 26.5641 114.799 9.41839 160.201
124.4 35.4863 94.6436 10.4407 180.356
124.5 44.4582 72.3013 10.3487 202.699
124.6 53.4833 49.959 9.3263 225.041
124.7 62.5593 29.8037 7.58532 245.196
124.8 71.6791 13.8083 5.32969 261.192
124.9 80.8311 3.53868 2.74488 271.461
125 74.049 0 3.54409e-13 275
125.1 99.1689 3.53868 177.255 271.461
125.2 108.321 13.8083 174.67 261.192
125.3 117.441 29.8037 172.415 245.196
125.4 126.517 49.959 170.674 225.041
125.5 135.542 72.3013 169.651 202.699
125.6 144.514 94.6436 169.559 180.356
125.7 153.436 114.799 170.582 160.201
125.8 162.316 130.794 172.798 144.206
125.9 171.166 141.064 176.078 133.936
126 1.65455e-13 144.603 7.56612e-14 130.397
126.1 8.83408 141.064 3.92232 133.936
126.2 17.684 130.794 7.20168 144.206
126.3 26.5641 114.799 9.41839 160.201
126.4 35.4863 94.6436 10.4407 180.356
126.5 44.4582 72.3013 10.3487 202.699
126.6 53.4833 49.959 9.3263 225.041
126.7 62.5593 29.8037 7.58532 245.196
126.8 71.6791 13.8083 5.32969 261.192
126.9 80.8311 3.53868 2.74488 271.461
127 23.0864 0 4.31785e-14 275
127.1 99.1689 3.53868 177.255 271.461
127.2 108.321 13.8083 174.67 261.192
127.3 117.441 29.8037 172.415 245.196
127.4 126.517 49.959 170.674 225.041
127.5 135.542 72.3013 169.651 202.699
127.6 144.514 94.6436 169.559 180.356
127.7 153.436 114.799 170.582 160.201
127.8 162.316 130.794 172.798 144.206
127.9 171.166 141.064 176.078 133.936
128 180 144.603 180 130.397
128.1 8.83408 141.064 3.92232 133.936
128.2 17.684 130.794 7.20168 144.206
128.3 26.5641 114.799 9.41839 160.201
128.4 35.4863 94.6436 10.4407 180.356
128.5 44.4582 72.3013 10.3487 202.699
128.6 53.4833 49.959 9.3263 225.041
128.7 62.5593 29.8037 7.58532 245.196
128.8 71.6791 13.8083 5.32969 261.192
128.9 80.8311 3.53868 2.74488 271.461
129 66.5364 0 2.33374e-13 275
129.1 99.1689 3.53868 177.255 271.461
129.2 108.321 13.8083 174.67 261.192
129.3 117.441 29.8037 172.415 245.196
129.4 126.517 49.959 170.674 225.041
129.5 135.542 72.3013 169.651 202.699
129.6 144.514 94.6436 169.559 180.356
129.7 153.436 114.799 170.582 160.201
129.8 162.316 130.794 172.798 144.206
129.9 171.166 141.064 176.078 133.936
130 180 144.603 180 130.397
130.1 8.83408 141.064 3.92232 133.936
130.2 17.684 130.794 7.20168 144.206
130.3 26.5641 114.799 9.41839 160.201
130.4 35.4863 94.6436 10.4407 180.356
130.5 44.4582 72.3013 10.3487 202.699
130.6 53.4833 49.959 9.3263 225.041
130.7 62.5593 29.8037 7.58532 245.196
130.8 71.6791 13.8083 5.32969 261.192
130.9 80.8311 3.53868 2.74488 271.461
131 142.454 0 180 275
131.1 99.1689 3.53868 177.255 271.461
131.2 108.321 13.8083 174.67 261.192
131.3 117.441 29.8037 172.415 245.196
131.4 126.517 49.959 170.674 225.041
131.5 135.542 72.3013 169.651 202.699
131.6 144.514 94.6436 169.559 180.356
131.7 153.436 114.799 170.582 160.201
131.8 162.316 130.794 172.798 144.206
131.9 171.166 141.064 176.078 133.936
132 180 144.603 180 130.397
132.1 8.83408 141.064 3.92232 133.936
132.2 17.684 130.794 7.20168 144.206
132.3 26.5641 114.799 9.41839 160.201
132.4 35.4863 94.6436 10.4407 180.356
132.5 44.4582 72.3013 10.3487 202.699
132.6 53.4833 49.959 9.3263 225.041
132.7 62.5593 29.8037 7.58532 245.196
132.8 71.6791 13.8083 5.32969 261.192
132.9 80.8311 3.53868 2.74488 271.461
133 47.9585 0 1.12338e-13 275
133.1 99.1689 3.53868 177.255 271.461
133.2 108.321 13.8083 174.67 261.192
133.3 117.441 29.8037 172.415 245.196
133.4 126.517 49.959 170.674 225.041
133.5 135.542 72.3013 169.651 202.699
133.6 144.514 94.6436 169.559 180.356
133.7 153.436 114.799 170.582 160.201
133.8 162.316 130.794 172.798 144.206
133.9 171.166 141.064 176.078 133.936
134 180 144.603 180 130.397
134.1 8.83408 141.064 3.92232 133.936
134.2 17.684 130.794 7.20168 144.206
134.3 26.5641 114.799 9.41839 160.201
134.4 35.4863 94.6436 10.4407 180.356
134.5 44.4582 72.3013 10.3487 202.699
134.6 53.4833 49.959 9.3263 225.041
134.7 62.5593 29.8037 7.58532 245.196
134.8 71.6791 13.8083 5.32969 261.192
134.9 80.8311 3.53868 2.74488 271.461
135 71.4879 0 3.02533e-13 275
135.1 99.1689 3.53868 177.255 271.461
135.2 108.321 13.8083 174.67 261.192
135.3 117.441 29.8037 172.415 245.196
135.4 126.517 49.959 170.674 225.041
135.5 135.542 72.3013 169.651 202.699
135.6 144.514 94.6436 169.559 180.356
135.7 153.436 114.799 170.582 160.201
135.8 162.316 130.794 172.798 144.206
135.9 171.166 141.064 176.078 133.936
136 3.30771e-13 144.603 1.51259e-13 130.397
136.1 8.83408 141.064 3.92232 133.936
136.2 17.684 130.794 7.20168 144.206
136.3 26.5641 114.799 9.41839 160.201
136.4 35.4863 94.6436 10.4407 180.356
136.5 44.4582 72.3013 10.3487 202.699
136.6 53.4833 49.959 9.3263 225.041
136.7 62.5593 29.8037 7.58532 245.196
136.8 71.6791 13.8083 5.32969 261.192
136.9 80.8311 3.53868 2.74488 271.461
137 175.093 0 180 275
137.1 99.1689 3.53868 177.255 271.461
137.2 108.321 13.8083 174.67 261.192
137.3 117.441 29.8037 172.415 245.196
137.4 126.517 49.959 170.674 225.041
137.5 135.542 72.3013 169.651 202.699
137.6 144.514 94.6436 169.559 180.356
137.7 153.436 114.799 170.582 160.201
137.8 162.316 130.794 172.798 144.206
137.9 171.166 141.064 176.078 133.936
138 180 144.603 180 130.397
138.1 8.83408 141.064 3.92232 133.936
138.2 17.684 130.794 7.20168 144.206
138.3 26.5641 114.799 9.41839 160.201
138.4 35.4863 94.6436 10.4407 180.356
138.5 44.4582 72.3013 10.3487 202.699
138.6 53.4833 49.959 9.3263 225.041
138.7 62.5593 29.8037 7.58532 245.196
138.8 71.6791 13.8083 5.32969 261.192
138.9 80.8311 3.53868 2.74488 271.461
139 60.8334 0 1.81498e-13 275
139.1 99.1689 3.53868 177.255 271.461
139.2 108.321 13.8083 174.67 261.192
139.3 117.441 29.8037 172.415 245.196
139.4 126.517 49.959 170.674 225.041
139.5 135.542 72.3013 169.651 202.699
139.6 144.514 94.6436 169.559 180.356
139.7 153.436 114.799 170.582 160.201
139.8 162.316 130.794 172.798 144.206
139.9 171.166 141.064 176.078 133.936
140 180 144.603 180 130.397
140.1 8.83408 141.064 3.92232 133.936
140.2 17.684 130.794 7.20168 144.206
140.3 26.5641 114.799 9.41839 160.201
140.4 35.4863 94.6436 10.4407 180.356
140.5 44.4582 72.3013 10.3487 202.699
140.6 53.4833 49.959 9.3263 225.041
140.7 62.5593 29.8037 7.58532 245.196
140.8 71.6791 13.8083 5.32969 261.192
140.9 80.8311 3.53868 2.74488 271.461
141 74.7554 0 3.71693e-13 275
141.1 99.1689 3.53868 177.255 271.461
141.2 108.321 13.8083 174.67 261.192
141.3 117.441 29.8037 172.415 245.196
141.4 126.517 49.959 170.674 225.041
141.5 135.542 72.3013 169.651 202.699
141.6 144.514 94.6436 169.559 180.356
141.7 153.436 114.799 170.582 160.201
141.8 162.316 130.794 172.798 144.206
141.9 171.166 141.064 176.078 133.936
142 1.10373e-13 144.603 5.04726e-14 130.397
142.1 8.83408 141.064 3.92232 133.936
142.2 17.684 130.794 7.20168 144.206
142.3 26.5641 114.799 9.41839 160.201
142.4 35.4863 94.6436 10.4407 180.356
142.5 44.4582 72.3013 10.3487 202.699
142.6 53.4833 49.959 9.3263 225.041
142.7 62.5593 29.8037 7.58532 245.196
142.8 71.6791 13.8083 5.32969 261.192
142.9 80.8311 3.53868 2.74488 271.461
143 30.8324 0 6.0463e-14 275
143.1 99.1689 3.53868 177.255 271.461
143.2 108.321 13.8083 174.67 261.192
143.3 117.441 29.8037 172.415 245.196
143.4 126.517 49.959 170.674 225.041
143.5 135.542 72.3013 169.651 202.699
143.6 144.514 94.6436 169.559 180.356
143.7 153.436 114.799 170.582 160.201
143.8 162.316 130.794 172.798 144.206
143.9 171.166 141.064 176.078 133.936
144 180 144.603 180 130.397
144.1 8.83408 141.064 3.92232 133.936
144.2 17.684 130.794 7.20168 144.206
144.3 26.5641 114.799 9.41839 160.201
144.4 35.4863 94.6436 10.4407 180.356
144.5 44.4582 72.3013 10.3487 202.699
144.6 53.4833 49.959 9.3263 225.041
144.7 62.5593 29.8037 7.58532 245.196
144.8 71.6791 13.8083 5.32969 261.192
144.9 80.8311 3.53868 2.74488 271.461
145 67.9951 0 2.50658e-13 275
145.1 99.1689 3.53868 177.255 271.461
145.2 108.321 13.8083 174.67 261.192
145.3 117.441 29.8037 172.415 245.196
145.4 126.517 49.959 170.674 225.041
145.5 135.542 72.3013 169.651 202.699
145.6 144.514 94.6436 169.559 180.356
145.7 153.436 114.799 170.582 160.201
145.8 162.316 130.794 172.798 144.206
145.9 171.166 141.064 176.078 133.936
146 180 144.603 180 130.397
146.1 8.83408 141.064 3.92232 133.936
146.2 17.684 130.794 7.20168 144.206
146.3 26.5641 114.799 9.41839 160.201
146.4 35.4863 94.6436 10.4407 180.356
146.5 44.4582 72.3013 10.3487 202.699
146.6 53.4833 49.959 9.3263 225.041
146.7 62.5593 29.8037 7.58532 245.196
146.8 71.6791 13.8083 5.32969 261.192
146.9 80.8311 3.53868 2.74488 271.461
147 149.122 0 180 275
147.1 99.1689 3.53868 177.255 271.461
147.2 108.321 13.8083 174.67 261.192
147.3 117.441 29.8037 172.415 245.196
147.4 126.517 49.959 170.674 225.041
147.5 135.542 72.3013 169.651 202.699
147.6 144.514 94.6436 169.559 180.356
147.7 153.436 114.799 170.582 160.201
147.8 162.316 130.794 172.798 144.206
147.9 171.166 141.064 176.078 133.936
148 180 144.603 180 130.397
148.1 8.83408 141.064 3.92232 133.936
148.2 17.684 130.794 7.20168 144.206
148.3 26.5641 114.799 9.41839 160.201
148.4 35.4863 94.6436 10.4407 180.356
148.5 44.4582 72.3013 10.3487 202.699
148.6 53.4833 49.959 9.3263 225.041
148.7 62.5593 29.8037 7.58532 245.196
148.8 71.6791 13.8083 5.32969 261.192
148.9 80.8311 3.53868 2.74488 271.461
149 51.9932 0 1.29623e-13 275
149.1 99.1689 3.53868 177.255 271.461
149.2 108.321 13.8083 174.67 261.192
149.3 117.441 29.8037 172.415 245.196
149.4 126.517 49.959 170.674 225.041
149.5 135.542 72.3013 169.651 202.699
149.6 144.514 94.6436 169.559 180.356
149.7 153.436 114.799 170.582 160.201
149.8 162.316 130.794 172.798 144.206
149.9 171.166 141.064 176.078 133.936
150 180 144.603 180 130.397
150.1 8.83408 141.064 3.92232 133.936
150.2 17.684 130.794 7.20168 144.206
150.3 26.5641 114.799 9.41839 160.201
150.4 35.4863 94.6436 10.4407 180.356
150.5 44.4582 72.3013 10.3487 202.699
150.6 53.4833 49.959 9.3263 225.041
150.7 62.5593 29.8037 7.58532 245.196
150.8 71.6791 13.8083 5.32969 261.192
150.9 80.8311 3.53868 2.74488 271.461
151 72.4252 0 3.19818e-13 275
151.1 99.1689 3.53868 177.255 271.461
151.2 108.321 13.8083 174.67 261.192
151.3 117.441 29.8037 172.415 245.196
151.4 126.517 49.959 170.674 225.041
151.5 135.542 72.3013 169.651 202.699
151.6 144.514 94.6436 169.559 180.356
151.7 153.436 114.799 170.582 160.201
151.8 162.316 130.794 172.798 144.206
151.9 171.166 141.064 176.078 133.936
152 180 144.603 180 130.397
152.1 8.83408 141.064 3.92232 133.936
152.2 17.684 130.794 7.20168 144.206
152.3 26.5641 114.799 9.41839 160.201
152.4 35.4863 94.6436 10.4407 180.356
152.5 44.4582 72.3013 10.3487 202.699
152.6 53.4833 49.959 9.3263 225.041
152.7 62.5593 29.8037 7.58532 245.196
152.8 71.6791 13.8083 5.32969 261.192
152.9 80.8311 3.53868 2.74488 271.461
153 4.84576 0 8.58765e-15 275
153.1 99.1689 3.53868 177.255 271.461
153.2 108.321 13.8083 174.67 261.192
153.3 117.441 29.8037 172.415 245.196
153.4 126.517 49.959 170.674 225.041
153.5 135.542 72.3013 169.651 202.699
153.6 144.514 94.6436 169.559 180.356
153.7 153.436 114.799 170.582 160.201
153.8 162.316 130.794 172.798 144.206
153.9 171.166 141.064 176.078 133.936
154 180 144.603 180 130.397
154.1 8.83408 141.064 3.92232 133.936
154.2 17.684 130.794 7.20168 144.206
154.3 26.5641 114.799 9.41839 160.201
154.4 35.4863 94.6436 10.4407 180.356
154.5 44.4582 72.3013 10.3487 202.699
154.6 53.4833 49.959 9.3263 225.041
154.7 62.5593 29.8037 7.58532 245.196
154.8 71.6791 13.8083 5.32969 261.192
154.9 80.8311 3.53868 2.74488 271.461
155 62.9972 0 1.98783e-13 275
155.1 99.1689 3.53868 177.255 271.461
155.2 108.321 13.8083 174.67 261.192
155.3 117.441 29.8037 172.415 245.196
155.4 126.517 49.959 170.674 225.041
155.5 135.542 72.3013 169.651 202.699
155.6 144.514 94.6436 169.559 180.356
155.7 153.436 114.799 170.582 160.201
155.8 162.316 130.794 172.798 144.206
155.9 171.166 141.064 176.078 133.936
156 180 144.603 180 130.397
156.1 8.83408 141.064 3.92232 133.936
156.2 17.684 130.794 7.20168 144.206
156.3 26.5641 114.799 9.41839 160.201
156.4 35.4863 94.6436 10.4407 180.356
156.5 44.4582 72.3013 10.3487 202.699
156.6 53.4833 49.959 9.3263 225.041
156.7 62.5593 29.8037 7.58532 245.196
156.8 71.6791 13.8083 5.32969 261.192
156.9 80.8311 3.53868 2.74488 271.461
157 75.4033 0 3.88978e-13 275
157.1 99.1689 3.53868 177.255 271.461
157.2 108.321 13.8083 174.67 261.192
157.3 117.441 29.8037 172.415 245.196
157.4 126.517 49.959 170.674 225.041
157.5 135.542 72.3013 169.651 202.699
157.6 144.514 94.6436 169.559 180.356
157.7 153.436 114.799 170.582 160.201
157.8 162.316 130.794 172.798 144.206
157.9 171.166 141.064 176.078 133.936
158 5.52909e-14 144.603 2.5284e-14 130.397
158.1 8.83408 141.064 3.92232 133.936
158.2 17.684 130.794 7.20168 144.206
158.3 26.5641 114.799 9.41839 160.201
158.4 35.4863 94.6436 10.4407 180.356
158.5 44.4582 72.3013 10.3487 202.699
158.6 53.4833 49.959 9.3263 225.041
158.7 62.5593 29.8037 7.58532 245.196
158.8 71.6791 13.8083 5.32969 261.192
158.9 80.8311 3.53868 2.74488 271.461
159 37.5069 0 7.77475e-14 275
159.1 99.1689 3.53868 177.255 271.461
159.2 108.321 13.8083 174.67 261.192
159.3 117.441 29.8037 172.415 245.196
159.4 126.517 49.959 170.674 225.041
159.5 135.542 72.3013 169.651 202.699
159.6 144.514 94.6436 169.559 180.356
159.7 153.436 114.799 170.582 160.201
159.8 162.316 130.794 172.798 144.206
159.9 171.166 141.064 176.078 133.936
160 180 144.603 180 130.397
160.1 8.83408 141.064 3.92232 133.936
160.2 17.684 130.794 7.20168 144.206
160.3 26.5641 114.799 9.41839 160.201
160.4 35.4863 94.6436 10.4407 180.356
160.5 44.4582 72.3013 10.3487 202.699
160.6 53.4833 49.959 9.3263 225.041
160.7 62.5593 29.8037 7.58532 245.196
160.8 71.6791 13.8083 5.32969 261.192
160.9 80.8311 3.53868 2.74488 271.461
161 69.2906 0 2.67943e-13 275
161.1 99.1689 3.53868 177.255 271.461
161.2 108.321 13.8083 174.67 261.192
161.3 117.441 29.8037 172.415 245.196
161.4 126.517 49.959 170.674 225.041
161.5 135.542 72.3013 169.651 202.699
161.6 144.514 94.6436 169.559 180.356
161.7 153.436 114.799 170.582 160.201
161.8 162.316 130.794 172.798 144.206
161.9 171.166 141.064 176.078 133.936
162 180 144.603 180 130.397
162.1 8.83408 141.064 3.92232 133.936
162.2 17.684 130.794 7.20168 144.206
162.3 26.5641 114.799 9.41839 160.201
162.4 35.4863 94.6436 10.4407 180.356
162.5 44.4582 72.3013 10.3487 202.699
162.6 53.4833 49.959 9.3263 225.041
162.7 62.5593 29.8037 7.58532 245.196
162.8 71.6791 13.8083 5.32969 261.192
162.9 80.8311 3.53868 2.74488 271.461
163 77.5321 0 4.58138e-13 275
163.1 99.1689 3.53868 177.255 271.461
163.2 108.321 13.8083 174.67 261.192
163.3 117.441 29.8037 172.415 245.196
163.4 126.517 49.959 170.674 225.041
163.5 135.542 72.3013 169.651 202.699
163.6 144.514 94.6436 169.559 180.356
163.7 153.436 114.799 170.582 160.201
163.8 162.316 130.794 172.798 144.206
163.9 171.166 141.064 176.078 133.936
164 180 144.603 180 130.397
164.1 8.83408 141.064 3.92232 133.936
164.2 17.684 130.794 7.20168 144.206
164.3 26.5641 114.799 9.41839 160.201
164.4 35.4863 94.6436 10.4407 180.356
164.5 44.4582 72.3013 10.3487 202.699
164.6 53.4833 49.959 9.3263 225.041
164.7 62.5593 29.8037 7.58532 245.196
164.8 71.6791 13.8083 5.32969 261.192
164.9 80.8311 3.53868 2.74488 271.461
165 81.1197 0 6.48333e-13 275
165.1 99.1689 3.53868 177.255 271.461
165.2 108.321 13.8083 174.67 261.192
165.3 117.441 29.8037 172.415 245.196
165.4 126.517 49.959 170.674 225.041
165.5 135.542 72.3013 169.651 202.699
165.6 144.514 94.6436 169.559 180.356
165.7 153.436 114.799 170.582 160.201
165.8 162.316 130.794 172.798 144.206
165.9 171.166 141.064 176.078 133.936
166 8.26718e-13 144.603 3.78051e-13 130.397
166.1 8.83408 141.064 3.92232 133.936
166.2 17.684 130.794 7.20168 144.206
166.3 26.5641 114.799 9.41839 160.201
166.4 35.4863 94.6436 10.4407 180.356
166.5 44.4582 72.3013 10.3487 202.699
166.6 53.4833 49.959 9.3263 225.041
166.7 62.5593 29.8037 7.58532 245.196
166.8 71.6791 13.8083 5.32969 261.192
166.9 80.8311 3.53868 2.74488 271.461
167 121.652 0 180 275
167.1 99.1689 3.53868 177.255 271.461
167.2 108.321 13.8083 174.67 261.192
167.3 117.441 29.8037 172.415 245.196
167.4 126.517 49.959 170.674 225.041
167.5 135.542 72.3013 169.651 202.699
167.6 144.514 94.6436 169.559 180.356
167.7 153.436 114.799 170.582 160.201
167.8 162.316 130.794 172.798 144.206
167.9 171.166 141.064 176.078 133.936
168 2.20607e-13 144.603 1.00882e-13 130.397
168.1 8.83408 141.064 3.92232 133.936
168.2 17.684 130.794 7.20168 144.206
168.3 26.5641 114.799 9.41839 160.201
168.4 35.4863 94.6436 10.4407 180.356
168.5 44.4582 72.3013 10.3487 202.699
168.6 53.4833 49.959 9.3263 225.041
168.7 62.5593 29.8037 7.58532 245.196
168.8 71.6791 13.8083 5.32969 261.192
168.9 80.8311 3.53868 2.74488 271.461
169 14.3275 0 2.58722e-14 275
169.1 99.1689 3.53868 177.255 271.461
169.2 108.321 13.8083 174.67 261.192
169.3 117.441 29.8037 172.415 245.196
169.4 126.517 49.959 170.674 225.041
169.5 135.542 72.3013 169.651 202.699
169.6 144.514 94.6436 169.559 180.356
169.7 153.436 114.799 170.582 160.201
169.8 162.316 130.794 172.798 144.206
169.9 171.166 141.064 176.078 133.936
170 180 144.603 180 130.397
170.1 8.83408 141.064 3.92232 133.936
170.2 17.684 130.794 7.20168 144.206
170.3 26.5641 114.799 9.41839 160.201
170.4 35.4863 94.6436 10.4407 180.356
170.5 44.4582 72.3013 10.3487 202.699
170.6 53.4833 49.959 9.3263 225.041
170.7 62.5593 29.8037 7.58532 245.196
170.8 71.6791 13.8083 5.32969 261.192
170.9 80.8311 3.53868 2.74488 271.461
171 64.8817 0 2.16067e-13 275
171.1 99.1689 3.53868 177.255 271.461
171.2 108.321 13.8083 174.67 261.192
171.3 117.441 29.8037 172.415 245.196
171.4 126.517 49.959 170.674 225.041
171.5 135.542 72.3013 169.651 202.699
171.6 144.514 94.6436 169.559 180.356
171.7 153.436 114.799 170.582 160.201
171.8 162.316 130.794 172.798 144.206
171.9 171.166 141.064 176.078 133.936
172 180 144.603 180 130.397
172.1 8.83408 141.064 3.92232 133.936
172.2 17.684 130.794 7.20168 144.206
172.3 26.5641 114.799 9.41839 160.201
172.4 35.4863 94.6436 10.4407 180.356
172.5 44.4582 72.3013 10.3487 202.699
172.6 53.4833 49.959 9.3263 225.041
172.7 62.5593 29.8037 7.58532 245.196
172.8 71.6791 13.8083 5.32969 261.192
172.9 80.8311 3.53868 2.74488 271.461
173 75.9994 0 4.06262e-13 275
173.1 99.1689 3.53868 177.255 271.461
173.2 108.321 13.8083 174.67 261.192
173.3 117.441 29.8037 172.415 245.196
173.4 126.517 49.959 170.674 225.041
173.5 135.542 72.3013 169.651 202.699
173.6 144.514 94.6436 169.559 180.356
173.7 153.436 114.799 170.582 160.201
173.8 162.316 130.794 172.798 144.206
173.9 171.166 141.064 176.078 133.936
174 180 144.603 180 130.397
174.1 8.83408 141.064 3.92232 133.936
174.2 17.684 130.794 7.20168 144.206
174.3 26.5641 114.799 9.41839 160.201
174.4 35.4863 94.6436 10.4407 180.356
174.5 44.4582 72.3013 10.3487 202.699
174.6 53.4833 49.959 9.3263 225.041
174.7 62.5593 29.8037 7.58532 245.196
174.8 71.6791 13.8083 5.32969 261.192
174.9 80.8311 3.53868 2.74488 271.461
175 80.3613 0 5.96457e-13 275
175.1 99.1689 3.53868 177.255 271.461
175.2 108.321 13.8083 174.67 261.192
175.3 117.441 29.8037 172.415 245.196
175.4 126.517 49.959 170.674 225.041
175.5 135.542 72.3013 169.651 202.699
175.6 144.514 94.6436 169.559 180.356
175.7 153.436 114.799 170.582 160.201
175.8 162.316 130.794 172.798 144.206
175.9 171.166 141.064 176.078 133.936
176 180 144.603 180 130.397
176.1 8.83408 141.064 3.92232 133.936
176.2 17.684 130.794 7.20168 144.206
176.3 26.5641 114.799 9.41839 160.201
176.4 35.4863 94.6436 10.4407 180.356
176.5 44.4582 72.3013 10.3487 202.699
176.6 53.4833 49.959 9.3263 225.041
176.7 62.5593 29.8037 7.58532 245.196
176.8 71.6791 13.8083 5.32969 261.192
176.9 80.8311 3.53868 2.74488 271.461
177 115.105 0 180 275
177.1 99.1689 3.53868 177.255 271.461
177.2 108.321 13.8083 174.67 261.192
177.3 117.441 29.8037 172.415 245.196
177.4 126.517 49.959 170.674 225.041
177.5 135.542 72.3013 169.651 202.699
177.6 144.514 94.6436 169.559 180.356
177.7 153.436 114.799 170.582 160.201
177.8 162.316 130.794 172.798 144.206
177.9 171.166 141.064 176.078 133.936
178 3.85922e-13 144.603 1.76479e-13 130.397
178.1 8.83408 141.064 3.92232 133.936
178.2 17.684 130.794 7.20168 144.206
178.3 26.5641 114.799 9.41839 160.201
178.4 35.4863 94.6436 10.4407 180.356
178.5 44.4582 72.3013 10.3487 202.699
178.6 53.4833 49.959 9.3263 225.041
178.7 62.5593 29.8037 7.58532 245.196
178.8 71.6791 13.8083 5.32969 261.192
178.9 80.8311 3.53868 2.74488 271.461
179 165.603 0 180 275
179.1 99.1689 3.53868 177.255 271.461
179.2 108.321 13.8083 174.67 261.192
179.3 117.441 29.8037 172.415 245.196
179.4 126.517 49.959 170.674 225.041
179.5 135.542 72.3013 169.651 202.699
179.6 144.514 94.6436 169.559 180.356
179.7 153.436 114.799 170.582 160.201
179.8 162.316 130.794 172.798 144.206
179.9 171.166 141.064 176.078 133.936
180 180 144.603 180 130.397
