    0.000000      7.351963
    8.496590      7.589422
   11.867517      7.826881
   14.359345      8.064340
   16.385334      8.301799
   18.108290      8.539259
   19.613055      8.776718
   20.950796      9.014177
   22.155324      9.251636
   23.250436      9.489095
   24.253665      9.726554
   25.178398      9.964013
   26.035134     10.201472
   26.832301     10.438931
   27.576784     10.676390
   28.274299     10.913849
   28.929652     11.151309
   29.546927     11.388768
   30.129635     11.626227
   30.680814     11.863686
   31.203116     12.101145
   31.698869     12.338604
   32.170133     12.576063
   32.618738     12.813522
   33.046317     13.050981
   33.454336     13.288440
   33.844114     13.525899
   34.216845     13.763359
   34.573612     14.000818
   34.915401     14.238277
   35.243110     14.475736
   35.557563     14.713195
   35.859517     14.950654
   36.149665     15.188113
   36.428650     15.425572
   36.697063     15.663031
   36.955454     15.900490
   37.204330     16.137949
   37.444166     16.375409
   37.675400     16.612868
   37.898444     16.850327
   38.113681     17.087786
   38.321470     17.325245
   38.522145     17.562704
   38.716022     17.800163
   38.903396     18.037622
   39.084546     18.275081
   39.259732     18.512540
   39.429202     18.749999
   39.593187     18.987459
   39.751908     19.224918
   39.905571     19.462377
   40.054372     19.699836
   40.198499     19.937295
   40.338125     20.174754
   40.473420     20.412213
   40.604541     20.649672
   40.731638     20.887131
   40.854856     21.124590
   40.974330     21.362049
   41.090190     21.599509
   41.202560     21.836968
   41.311558     22.074427
   41.417296     22.311886
   41.519882     22.549345
   41.619417     22.786804
   41.716001     23.024263
   41.809727     23.261722
   41.900685     23.499181
   41.988961     23.736640
   42.074637     23.974099
   42.157792     24.211559
   42.238501     24.449018
   42.316838     24.686477
   42.392873     24.923936
   42.466671     25.161395
   42.538297     25.398854
   42.607814     25.636313
   42.675280     25.873772
   42.740753     26.111231
   42.804288     26.348690
   42.865938     26.586149
   42.925754     26.823609
   42.983785     27.061068
   43.040079     27.298527
   43.094681     27.535986
   43.147636     27.773445
   43.198986     28.010904
   43.248772     28.248363
   43.297034     28.485822
   43.343810     28.723281
   43.389138     28.960740
   43.433053     29.198199
   43.475589     29.435659
   43.516781     29.673118
   43.556661     29.910577
   43.595259     30.148036
   43.632607     30.385495
   43.668735     30.622954
   43.703669     30.860413
   43.737438     31.097872
   43.770069     31.335331
   43.801588     31.572790
   43.832020     31.810249
   43.861389     32.047709
   43.889718     32.285168
   43.917032     32.522627
   43.943351     32.760086
   43.968698     32.997545
   43.993094     33.235004
   44.016559     33.472463
   44.039113     33.709922
   44.060776     33.947381
   44.081565     34.184840
   44.101499     34.422299
   44.120597     34.659759
   44.138874     34.897218
   44.156348     35.134677
   44.173035     35.372136
   44.188951     35.609595
   44.204112     35.847054
   44.218532     36.084513
   44.232226     36.321972
   44.245208     36.559431
   44.257492     36.796890
   44.269092     37.034349
   44.280021     37.271809
   44.290291     37.509268
   44.299915     37.746727
   44.308906     37.984186
   44.317275     38.221645
   44.325034     38.459104
   44.332194     38.696563
   44.338766     38.934022
   44.344761     39.171481
   44.350189     39.408940
   44.355062     39.646399
   44.359387     39.883859
   44.363177     40.121318
   44.366439     40.358777
   44.369183     40.596236
   44.371419     40.833695
   44.373155     41.071154
   44.374400     41.308613
   44.375163     41.546072
   44.375451     41.783531
   44.375273     42.020990
   44.374637     42.258449
   44.373550     42.495909
   44.372020     42.733368
   44.370055     42.970827
   44.367661     43.208286
   44.364846     43.445745
   44.361617     43.683204
   44.357980     43.920663
   44.353942     44.158122
   44.349510     44.395581
   44.344690     44.633040
   44.339488     44.870499
   44.333910     45.107959
   44.327962     45.345418
   44.321650     45.582877
   44.314980     45.820336
   44.307957     46.057795
   44.300586     46.295254
   44.292874     46.532713
   44.284826     46.770172
   44.276445     47.007631
   44.267739     47.245090
   44.258710     47.482549
   44.249365     47.720009
   44.239709     47.957468
   44.229744     48.194927
   44.219478     48.432386
   44.208912     48.669845
   44.198053     48.907304
   44.186905     49.144763
   44.175471     49.382222
   44.163756     49.619681
   44.151763     49.857140
   44.139498     50.094599
   44.126963     50.332059
   44.114163     50.569518
   44.101100     50.806977
   44.087780     51.044436
   44.074206     51.281895
   44.060380     51.519354
   44.046308     51.756813
   44.031991     51.994272
   44.017434     52.231731
   44.002639     52.469190
   43.987610     52.706649
   43.972350     52.944109
   43.956863     53.181568
   43.941151     53.419027
   43.925217     53.656486
   43.909064     53.893945
   43.892695     54.131404
   43.876114     54.368863
   43.859322     54.606322
   43.842323     54.843781
   43.825118     55.081240
   43.807712     55.318699
   43.790106     55.556159
   43.772304     55.793618
   43.754307     56.031077
   43.736117     56.268536
   43.717739     56.505995
   43.699173     56.743454
   43.680423     56.980913
   43.661490     57.218372
   43.642376     57.455831
   43.623085     57.693290
   43.603618     57.930749
   43.583978     58.168209
   43.564166     58.405668
   43.544184     58.643127
   43.524036     58.880586
   43.503722     59.118045
   43.483244     59.355504
   43.462606     59.592963
   43.441808     59.830422
   43.420852     60.067881
   43.399740     60.305340
   43.378475     60.542799
   43.357058     60.780259
   43.335490     61.017718
   43.313774     61.255177
   43.291911     61.492636
   43.269903     61.730095
   43.247751     61.967554
   43.225458     62.205013
   43.203024     62.442472
   43.180452     62.679931
   43.157742     62.917390
   43.134898     63.154849
   43.111919     63.392309
   43.088807     63.629768
   43.065565     63.867227
   43.042192     64.104686
   43.018692     64.342145
   42.995065     64.579604
   42.971312     64.817063
   42.947435     65.054522
   42.923436     65.291981
   42.899315     65.529440
   42.875074     65.766899
   42.850714     66.004359
   42.826237     66.241818
   42.801643     66.479277
   42.776934     66.716736
   42.752112     66.954195
   42.727176     67.191654
   42.702129     67.429113
   42.676971     67.666572
   42.651704     67.904031
   42.626329     68.141490
   42.600847     68.378949
   42.575259     68.616409
   42.549566     68.853868
   42.523769     69.091327
   42.497870     69.328786
   42.471868     69.566245
   42.445766     69.803704
   42.419564     70.041163
   42.393263     70.278622
   42.366864     70.516081
   42.340368     70.753540
   42.313776     70.990999
   42.287090     71.228459
   42.260309     71.465918
   42.233434     71.703377
   42.206468     71.940836
   42.179410     72.178295
   42.152261     72.415754
   42.125022     72.653213
   42.097695     72.890672
   42.070279     73.128131
   42.042776     73.365590
   42.015187     73.603049
   41.987512     73.840509
   41.959752     74.077968
   41.931907     74.315427
   41.903980     74.552886
   41.875969     74.790345
   41.847877     75.027804
   41.819703     75.265263
   41.791449     75.502722
   41.763115     75.740181
   41.734702     75.977640
   41.706211     76.215099
   41.677641     76.452559
   41.648995     76.690018
   41.620273     76.927477
   41.591474     77.164936
   41.562601     77.402395
   41.533652     77.639854
   41.504631     77.877313
   41.475535     78.114772
   41.446368     78.352231
   41.417128     78.589690
   41.387816     78.827149
   41.358434     79.064609
   41.328982     79.302068
   41.299460     79.539527
   41.269868     79.776986
   41.240208     80.014445
   41.210480     80.251904
   41.180684     80.489363
   41.150822     80.726822
   41.120892     80.964281
   41.090897     81.201740
   41.060837     81.439199
   41.030711     81.676659
   41.000521     81.914118
   40.970267     82.151577
   40.939950     82.389036
   40.909569     82.626495
   40.879126     82.863954
   40.848621     83.101413
   40.818054     83.338872
   40.787426     83.576331
   40.756737     83.813790
   40.725988     84.051249
   40.695179     84.288709
   40.664310     84.526168
   40.633383     84.763627
   40.602397     85.001086
   40.571352     85.238545
   40.540250     85.476004
   40.509091     85.713463
   40.477874     85.950922
   40.446601     86.188381
   40.415272     86.425840
   40.383887     86.663299
   40.352446     86.900759
   40.320950     87.138218
   40.289399     87.375677
   40.257794     87.613136
   40.226135     87.850595
   40.194423     88.088054
   40.162657     88.325513
   40.130838     88.562972
   40.098966     88.800431
   40.067042     89.037890
   40.035066     89.275349
   40.003038     89.512809
   39.970959     89.750268
   39.938828     89.987727
   39.906647     90.225186
   39.874416     90.462645
   39.842134     90.700104
   39.809803     90.937563
   39.777421     91.175022
   39.744991     91.412481
   39.712512     91.649940
   39.679984     91.887399
   39.647407     92.124859
   39.614782     92.362318
   39.582110     92.599777
   39.549390     92.837236
   39.516622     93.074695
   39.483807     93.312154
   39.450946     93.549613
   39.418038     93.787072
   39.385083     94.024531
   39.352083     94.261990
   39.319036     94.499449
   39.285944     94.736909
   39.252806     94.974368
   39.219624     95.211827
   39.186396     95.449286
   39.153124     95.686745
   39.119807     95.924204
   39.086446     96.161663
   39.053041     96.399122
   39.019592     96.636581
   38.986099     96.874040
   38.952563     97.111499
   38.918983     97.348959
   38.885361     97.586418
   38.851696     97.823877
   38.817988     98.061336
   38.784238     98.298795
   38.750445     98.536254
   38.716611     98.773713
   38.682734     99.011172
   38.648816     99.248631
   38.614856     99.486090
   38.580855     99.723549
   38.546812     99.961008
   38.512729    100.198468
   38.478605    100.435927
   38.444440    100.673386
   38.410235    100.910845
   38.375989    101.148304
   38.341703    101.385763
   38.307377    101.623222
   38.273011    101.860681
   38.238605    102.098140
   38.204160    102.335599
   38.169675    102.573058
   38.135151    102.810518
   38.100588    103.047977
   38.065986    103.285436
   38.031345    103.522895
   37.996665    103.760354
   37.961946    103.997813
   37.927189    104.235272
   37.892394    104.472731
   37.857560    104.710190
   37.822689    104.947649
   37.787779    105.185108
   37.752831    105.422568
   37.717846    105.660027
   37.682823    105.897486
   37.647762    106.134945
   37.612664    106.372404
   37.577529    106.609863
   37.542356    106.847322
   37.507146    107.084781
   37.471900    107.322240
   37.436616    107.559699
   37.401296    107.797158
   37.365939    108.034618
   37.330545    108.272077
   37.295115    108.509536
   37.259648    108.746995
   37.224145    108.984454
   37.188606    109.221913
   37.153030    109.459372
   37.117419    109.696831
   37.081771    109.934290
   37.046088    110.171749
   37.010368    110.409208
   36.974613    110.646668
   36.938822    110.884127
   36.902996    111.121586
   36.867134    111.359045
   36.831237    111.596504
   36.795304    111.833963
   36.759336    112.071422
   36.723333    112.308881
   36.687294    112.546340
   36.651220    112.783799
   36.615111    113.021258
   36.578968    113.258718
   36.542789    113.496177
   36.506575    113.733636
   36.470326    113.971095
   36.434043    114.208554
   36.397725    114.446013
   36.361372    114.683472
   36.324985    114.920931
   36.288563    115.158390
   36.252106    115.395849
   36.215615    115.633308
   36.179089    115.870768
   36.142529    116.108227
   36.105935    116.345686
   36.069306    116.583145
   36.032643    116.820604
   35.995945    117.058063
   35.959213    117.295522
   35.922448    117.532981
   35.885647    117.770440
   35.848813    118.007899
   35.811945    118.245358
   35.775042    118.482818
   35.738106    118.720277
   35.701135    118.957736
   35.664131    119.195195
   35.627092    119.432654
   35.590019    119.670113
   35.552913    119.907572
   35.515772    120.145031
   35.478598    120.382490
   35.441389    120.619949
   35.404147    120.857408
   35.366871    121.094868
   35.329561    121.332327
   35.292217    121.569786
   35.254839    121.807245
   35.217427    122.044704
   35.179982    122.282163
   35.142502    122.519622
   35.104989    122.757081
   35.067442    122.994540
   35.029861    123.231999
   34.992247    123.469458
   34.954598    123.706918
   34.916915    123.944377
   34.879199    124.181836
   34.841449    124.419295
   34.803665    124.656754
   34.765847    124.894213
   34.727995    125.131672
   34.690110    125.369131
   34.652190    125.606590
   34.614237    125.844049
   34.576249    126.081508
   34.538228    126.318968
   34.500173    126.556427
   34.462083    126.793886
   34.423960    127.031345
   34.385803    127.268804
   34.347612    127.506263
   34.309386    127.743722
   34.271127    127.981181
   34.232833    128.218640
   34.194506    128.456099
   34.156144    128.693558
   34.117748    128.931018
   34.079318    129.168477
   34.040853    129.405936
   34.002354    129.643395
   33.963821    129.880854
   33.925254    130.118313
   33.886652    130.355772
   33.848016    130.593231
   33.809345    130.830690
   33.770640    131.068149
   33.731901    131.305608
   33.693127    131.543068
   33.654318    131.780527
   33.615474    132.017986
   33.576596    132.255445
   33.537684    132.492904
   33.498736    132.730363
   33.459753    132.967822
   33.420736    133.205281
   33.381684    133.442740
   33.342597    133.680199
   33.303475    133.917658
   33.264317    134.155118
   33.225125    134.392577
   33.185897    134.630036
   33.146634    134.867495
   33.107336    135.104954
   33.068003    135.342413
   33.028634    135.579872
   32.989229    135.817331
   32.949789    136.054790
   32.910314    136.292249
   32.870803    136.529708
   32.831256    136.767168
   32.791673    137.004627
   32.752054    137.242086
   32.712400    137.479545
   32.672709    137.717004
   32.632983    137.954463
   32.593220    138.191922
   32.553421    138.429381
   32.513586    138.666840
   32.473714    138.904299
   32.433806    139.141758
   32.393862    139.379218
   32.353881    139.616677
   32.313863    139.854136
   32.273808    140.091595
   32.233717    140.329054
   32.193588    140.566513
   32.153423    140.803972
   32.113221    141.041431
   32.072981    141.278890
   32.032704    141.516349
   31.992390    141.753808
   31.952039    141.991268
   31.911649    142.228727
   31.871223    142.466186
   31.830758    142.703645
   31.790256    142.941104
   31.749716    143.178563
   31.709137    143.416022
   31.668521    143.653481
   31.627867    143.890940
   31.587174    144.128399
   31.546443    144.365858
   31.505673    144.603318
   31.464865    144.840777
   31.424018    145.078236
   31.383132    145.315695
   31.342207    145.553154
   31.301243    145.790613
   31.260240    146.028072
   31.219198    146.265531
   31.178116    146.502990
   31.136995    146.740449
   31.095835    146.977908
   31.054634    147.215368
   31.013394    147.452827
   30.972114    147.690286
   30.930794    147.927745
   30.889433    148.165204
   30.848033    148.402663
   30.806591    148.640122
   30.765110    148.877581
   30.723587    149.115040
   30.682024    149.352499
   30.640420    149.589958
   30.598775    149.827418
   30.557088    150.064877
   30.515360    150.302336
   30.473591    150.539795
   30.431780    150.777254
   30.389928    151.014713
   30.348033    151.252172
   30.306097    151.489631
   30.264118    151.727090
   30.222097    151.964549
   30.180034    152.202008
   30.137928    152.439468
   30.095779    152.676927
   30.053587    152.914386
   30.011352    153.151845
   29.969074    153.389304
   29.926753    153.626763
   29.884388    153.864222
   29.841980    154.101681
   29.799528    154.339140
   29.757032    154.576599
   29.714491    154.814058
   29.671907    155.051518
   29.629278    155.288977
   29.586604    155.526436
   29.543886    155.763895
   29.501122    156.001354
   29.458314    156.238813
   29.415460    156.476272
   29.372561    156.713731
   29.329616    156.951190
   29.286626    157.188649
   29.243589    157.426108
   29.200506    157.663568
   29.157377    157.901027
   29.114202    158.138486
   29.070979    158.375945
   29.027710    158.613404
   28.984394    158.850863
   28.941030    159.088322
   28.897619    159.325781
   28.854161    159.563240
   28.810654    159.800699
   28.767100    160.038158
   28.723497    160.275618
   28.679846    160.513077
   28.636146    160.750536
   28.592397    160.987995
   28.548600    161.225454
   28.504753    161.462913
   28.460857    161.700372
   28.416911    161.937831
   28.372915    162.175290
   28.328869    162.412749
   28.284773    162.650208
   28.240626    162.887668
   28.196429    163.125127
   28.152181    163.362586
   28.107881    163.600045
   28.063531    163.837504
   28.019128    164.074963
   27.974674    164.312422
   27.930167    164.549881
   27.885609    164.787340
   27.840997    165.024799
   27.796334    165.262258
   27.751616    165.499718
   27.706846    165.737177
   27.662022    165.974636
   27.617145    166.212095
   27.572214    166.449554
   27.527228    166.687013
   27.482188    166.924472
   27.437093    167.161931
   27.391943    167.399390
   27.346737    167.636849
   27.301477    167.874308
   27.256160    168.111768
   27.210788    168.349227
   27.165359    168.586686
   27.119873    168.824145
   27.074331    169.061604
   27.028732    169.299063
   26.983075    169.536522
   26.937360    169.773981
   26.891588    170.011440
   26.845757    170.248899
   26.799868    170.486358
   26.753920    170.723818
   26.707912    170.961277
   26.661846    171.198736
   26.615719    171.436195
   26.569533    171.673654
   26.523286    171.911113
   26.476979    172.148572
   26.430611    172.386031
   26.384181    172.623490
   26.337690    172.860949
   26.291137    173.098408
   26.244522    173.335868
   26.197844    173.573327
   26.151104    173.810786
   26.104300    174.048245
   26.057433    174.285704
   26.010502    174.523163
   25.963506    174.760622
   25.916447    174.998081
   25.869322    175.235540
   25.822132    175.472999
   25.774877    175.710458
   25.727555    175.947918
   25.680168    176.185377
   25.632714    176.422836
   25.585192    176.660295
   25.537604    176.897754
   25.489947    177.135213
   25.442223    177.372672
   25.394430    177.610131
   25.346568    177.847590
   25.298637    178.085049
   25.250636    178.322508
   25.202566    178.559968
   25.154424    178.797427
   25.106212    179.034886
   25.057929    179.272345
   25.009574    179.509804
   24.961147    179.747263
   24.912647    179.984722
   24.864075    180.222181
   24.815429    180.459640
   24.766710    180.697099
   24.717916    180.934558
   24.669048    181.172018
   24.620104    181.409477
   24.571086    181.646936
   24.521991    181.884395
   24.472819    182.121854
   24.423571    182.359313
   24.374246    182.596772
   24.324843    182.834231
   24.275361    183.071690
   24.225801    183.309149
   24.176161    183.546608
   24.126442    183.784068
   24.076642    184.021527
   24.026762    184.258986
   23.976801    184.496445
   23.926757    184.733904
   23.876632    184.971363
   23.826424    185.208822
   23.776132    185.446281
   23.725757    185.683740
   23.675298    185.921199
   23.624753    186.158658
   23.574123    186.396118
   23.523407    186.633577
   23.472605    186.871036
   23.421715    187.108495
   23.370738    187.345954
   23.319672    187.583413
   23.268518    187.820872
   23.217274    188.058331
   23.165941    188.295790
   23.114516    188.533249
   23.063001    188.770708
   23.011393    189.008168
   22.959693    189.245627
   22.907900    189.483086
   22.856013    189.720545
   22.804032    189.958004
   22.751956    190.195463
   22.699784    190.432922
   22.647516    190.670381
   22.595151    190.907840
   22.542688    191.145299
   22.490127    191.382758
   22.437467    191.620218
   22.384707    191.857677
   22.331846    192.095136
   22.278885    192.332595
   22.225821    192.570054
   22.172655    192.807513
   22.119385    193.044972
   22.066011    193.282431
   22.012532    193.519890
   21.958948    193.757349
   21.905257    193.994808
   21.851459    194.232268
   21.797552    194.469727
   21.743537    194.707186
   21.689413    194.944645
   21.635177    195.182104
   21.580831    195.419563
   21.526372    195.657022
   21.471800    195.894481
   21.417114    196.131940
   21.362313    196.369399
   21.307397    196.606858
   21.252364    196.844318
   21.197213    197.081777
   21.141944    197.319236
   21.086556    197.556695
   21.031047    197.794154
   20.975417    198.031613
   20.919665    198.269072
   20.863789    198.506531
   20.807790    198.743990
   20.751665    198.981449
   20.695413    199.218908
   20.639035    199.456368
   20.582527    199.693827
   20.525891    199.931286
   20.469124    200.168745
   20.412225    200.406204
   20.355194    200.643663
   20.298028    200.881122
   20.240728    201.118581
   20.183292    201.356040
   20.125718    201.593499
   20.068005    201.830958
   20.010153    202.068418
   19.952160    202.305877
   19.894025    202.543336
   19.835746    202.780795
   19.777322    203.018254
   19.718753    203.255713
   19.660036    203.493172
   19.601170    203.730631
   19.542154    203.968090
   19.482987    204.205549
   19.423667    204.443008
   19.364193    204.680468
   19.304563    204.917927
   19.244776    205.155386
   19.184830    205.392845
   19.124725    205.630304
   19.064457    205.867763
   19.004027    206.105222
   18.943432    206.342681
   18.882670    206.580140
   18.821740    206.817599
   18.760641    207.055058
   18.699371    207.292518
   18.637927    207.529977
   18.576309    207.767436
   18.514514    208.004895
   18.452541    208.242354
   18.390388    208.479813
   18.328054    208.717272
   18.265535    208.954731
   18.202830    209.192190
   18.139938    209.429649
   18.076857    209.667108
   18.013583    209.904568
   17.950117    210.142027
   17.886454    210.379486
   17.822593    210.616945
   17.758533    210.854404
   17.694270    211.091863
   17.629803    211.329322
   17.565130    211.566781
   17.500247    211.804240
   17.435153    212.041699
   17.369846    212.279158
   17.304322    212.516618
   17.238579    212.754077
   17.172616    212.991536
   17.106429    213.228995
   17.040015    213.466454
   16.973373    213.703913
   16.906499    213.941372
   16.839390    214.178831
   16.772044    214.416290
   16.704457    214.653749
   16.636628    214.891208
   16.568553    215.128668
   16.500228    215.366127
   16.431651    215.603586
   16.362818    215.841045
   16.293727    216.078504
   16.224373    216.315963
   16.154754    216.553422
   16.084866    216.790881
   16.014705    217.028340
   15.944269    217.265799
   15.873552    217.503258
   15.802552    217.740718
   15.731265    217.978177
   15.659686    218.215636
   15.587812    218.453095
   15.515638    218.690554
   15.443161    218.928013
   15.370375    219.165472
   15.297277    219.402931
   15.223862    219.640390
   15.150126    219.877849
   15.076063    220.115308
   15.001668    220.352768
   14.926938    220.590227
   14.851866    220.827686
   14.776448    221.065145
   14.700678    221.302604
   14.624551    221.540063
   14.548061    221.777522
   14.471202    222.014981
   14.393968    222.252440
   14.316354    222.489899
   14.238352    222.727358
   14.159957    222.964818
   14.081163    223.202277
   14.001961    223.439736
   13.922346    223.677195
   13.842309    223.914654
   13.761845    224.152113
   13.680944    224.389572
   13.599601    224.627031
   13.517805    224.864490
   13.435549    225.101949
   13.352825    225.339408
   13.269624    225.576868
   13.185936    225.814327
   13.101753    226.051786
   13.017065    226.289245
   12.931861    226.526704
   12.846132    226.764163
   12.759866    227.001622
   12.673054    227.239081
   12.585683    227.476540
   12.497742    227.713999
   12.409219    227.951458
   12.320101    228.188918
   12.230374    228.426377
   12.140027    228.663836
   12.049044    228.901295
   11.957411    229.138754
   11.865113    229.376213
   11.772134    229.613672
   11.678458    229.851131
   11.584069    230.088590
   11.488948    230.326049
   11.393076    230.563508
   11.296436    230.800968
   11.199007    231.038427
   11.100768    231.275886
   11.001698    231.513345
   10.901774    231.750804
   10.800971    231.988263
   10.699266    232.225722
   10.596632    232.463181
   10.493042    232.700640
   10.388467    232.938099
   10.282878    233.175558
   10.176242    233.413018
   10.068527    233.650477
    9.959696    233.887936
    9.849714    234.125395
    9.738542    234.362854
    9.626137    234.600313
    9.512457    234.837772
    9.397454    235.075231
    9.281080    235.312690
    9.163283    235.550149
    9.044006    235.787608
    8.923191    236.025068
    8.800774    236.262527
    8.676688    236.499986
    8.550858    236.737445
    8.423208    236.974904
    8.293654    237.212363
    8.162103    237.449822
    8.028459    237.687281
    7.892616    237.924740
    7.754456    238.162199
    7.613855    238.399658
    7.470674    238.637118
    7.324762    238.874577
    7.175952    239.112036
    7.024061    239.349495
    6.868883    239.586954
    6.710191    239.824413
    6.547729    240.061872
    6.381209    240.299331
    6.210304    240.536790
    6.034643    240.774249
    5.853796    241.011708
    5.667268    241.249168
    5.474477    241.486627
    5.274737    241.724086
    5.067226    241.961545
    4.850948    242.199004
    4.624671    242.436463
    4.386848    242.673922
    4.135490    242.911381
    3.867956    243.148840
    3.580624    243.386299
    3.268276    243.623758
    2.922903    243.861218
    2.531020    244.098677
    2.066335    244.336136
    1.460953    244.573595
    0.000000    244.811054
