    0.000000      6.485158
    9.264957      6.728780
   12.918138      6.972402
   15.604770      7.216024
   17.778642      7.459646
   19.618963      7.703268
   21.219308      7.946891
   22.636192      8.190513
   23.907004      8.434135
   25.058072      8.677757
   26.108805      8.921379
   27.074013      9.165001
   27.965315      9.408623
   28.792028      9.652246
   29.561756      9.895868
   30.280808     10.139490
   30.954481     10.383112
   31.587271     10.626734
   32.183036     10.870356
   32.745111     11.113978
   33.276401     11.357600
   33.779456     11.601223
   34.256523     11.844845
   34.709598     12.088467
   35.140458     12.332089
   35.550696     12.575711
   35.941744     12.819333
   36.314893     13.062955
   36.671314     13.306578
   37.012070     13.550200
   37.338129     13.793822
   37.650377     14.037444
   37.949625     14.281066
   38.236617     14.524688
   38.512041     14.768310
   38.776527     15.011932
   39.030661     15.255555
   39.274984     15.499177
   39.509999     15.742799
   39.736173     15.986421
   39.953940     16.230043
   40.163706     16.473665
   40.365850     16.717287
   40.560725     16.960910
   40.748662     17.204532
   40.929974     17.448154
   41.104950     17.691776
   41.273866     17.935398
   41.436980     18.179020
   41.594533     18.422642
   41.746757     18.666264
   41.893866     18.909887
   42.036065     19.153509
   42.173548     19.397131
   42.306496     19.640753
   42.435085     19.884375
   42.559477     20.127997
   42.679829     20.371619
   42.796289     20.615242
   42.908997     20.858864
   43.018087     21.102486
   43.123687     21.346108
   43.225919     21.589730
   43.324897     21.833352
   43.420731     22.076974
   43.513528     22.320596
   43.603388     22.564219
   43.690406     22.807841
   43.774675     23.051463
   43.856281     23.295085
   43.935311     23.538707
   44.011842     23.782329
   44.085954     24.025951
   44.157719     24.269573
   44.227209     24.513196
   44.294492     24.756818
   44.359632     25.000440
   44.422693     25.244062
   44.483734     25.487684
   44.542814     25.731306
   44.599989     25.974928
   44.655311     26.218551
   44.708833     26.462173
   44.760604     26.705795
   44.810672     26.949417
   44.859083     27.193039
   44.905882     27.436661
   44.951110     27.680283
   44.994811     27.923905
   45.037022     28.167528
   45.077783     28.411150
   45.117132     28.654772
   45.155103     28.898394
   45.191732     29.142016
   45.227052     29.385638
   45.261095     29.629260
   45.293894     29.872883
   45.325477     30.116505
   45.355875     30.360127
   45.385116     30.603749
   45.413227     30.847371
   45.440236     31.090993
   45.466167     31.334615
   45.491046     31.578237
   45.514897     31.821860
   45.537743     32.065482
   45.559608     32.309104
   45.580513     32.552726
   45.600480     32.796348
   45.619530     33.039970
   45.637683     33.283592
   45.654958     33.527215
   45.671374     33.770837
   45.686951     34.014459
   45.701706     34.258081
   45.715656     34.501703
   45.728819     34.745325
   45.741210     34.988947
   45.752847     35.232569
   45.763744     35.476192
   45.773917     35.719814
   45.783381     35.963436
   45.792149     36.207058
   45.800237     36.450680
   45.807657     36.694302
   45.814423     36.937924
   45.820547     37.181547
   45.826043     37.425169
   45.830923     37.668791
   45.835198     37.912413
   45.838881     38.156035
   45.841982     38.399657
   45.844512     38.643279
   45.846483     38.886901
   45.847905     39.130524
   45.848788     39.374146
   45.849142     39.617768
   45.848977     39.861390
   45.848302     40.105012
   45.847127     40.348634
   45.845461     40.592256
   45.843313     40.835879
   45.840691     41.079501
   45.837604     41.323123
   45.834059     41.566745
   45.830066     41.810367
   45.825632     42.053989
   45.820764     42.297611
   45.815471     42.541233
   45.809759     42.784856
   45.803636     43.028478
   45.797108     43.272100
   45.790183     43.515722
   45.782867     43.759344
   45.775167     44.002966
   45.767090     44.246588
   45.758640     44.490211
   45.749826     44.733833
   45.740652     44.977455
   45.731124     45.221077
   45.721249     45.464699
   45.711032     45.708321
   45.700478     45.951943
   45.689593     46.195565
   45.678382     46.439188
   45.666850     46.682810
   45.655003     46.926432
   45.642844     47.170054
   45.630380     47.413676
   45.617615     47.657298
   45.604553     47.900920
   45.591200     48.144543
   45.577559     48.388165
   45.563635     48.631787
   45.549432     48.875409
   45.534954     49.119031
   45.520206     49.362653
   45.505192     49.606275
   45.489915     49.849897
   45.474380     50.093520
   45.458590     50.337142
   45.442549     50.580764
   45.426261     50.824386
   45.409729     51.068008
   45.392956     51.311630
   45.375947     51.555252
   45.358705     51.798875
   45.341232     52.042497
   45.323533     52.286119
   45.305611     52.529741
   45.287467     52.773363
   45.269107     53.016985
   45.250532     53.260607
   45.231746     53.504229
   45.212752     53.747852
   45.193552     53.991474
   45.174149     54.235096
   45.154546     54.478718
   45.134746     54.722340
   45.114752     54.965962
   45.094565     55.209584
   45.074189     55.453207
   45.053626     55.696829
   45.032879     55.940451
   45.011950     56.184073
   44.990841     56.427695
   44.969555     56.671317
   44.948094     56.914939
   44.926461     57.158561
   44.904657     57.402184
   44.882685     57.645806
   44.860547     57.889428
   44.838245     58.133050
   44.815781     58.376672
   44.793157     58.620294
   44.770375     58.863916
   44.747438     59.107539
   44.724346     59.351161
   44.701103     59.594783
   44.677710     59.838405
   44.654168     60.082027
   44.630480     60.325649
   44.606647     60.569271
   44.582672     60.812893
   44.558555     61.056516
   44.534298     61.300138
   44.509904     61.543760
   44.485374     61.787382
   44.460709     62.031004
   44.435912     62.274626
   44.410983     62.518248
   44.385924     62.761871
   44.360737     63.005493
   44.335423     63.249115
   44.309983     63.492737
   44.284420     63.736359
   44.258734     63.979981
   44.232927     64.223603
   44.207001     64.467225
   44.180956     64.710848
   44.154794     64.954470
   44.128516     65.198092
   44.102124     65.441714
   44.075619     65.685336
   44.049002     65.928958
   44.022274     66.172580
   43.995437     66.416203
   43.968491     66.659825
   43.941439     66.903447
   43.914280     67.147069
   43.887017     67.390691
   43.859650     67.634313
   43.832181     67.877935
   43.804610     68.121557
   43.776939     68.365180
   43.749168     68.608802
   43.721299     68.852424
   43.693333     69.096046
   43.665271     69.339668
   43.637113     69.583290
   43.608861     69.826912
   43.580516     70.070535
   43.552078     70.314157
   43.523549     70.557779
   43.494930     70.801401
   43.466221     71.045023
   43.437423     71.288645
   43.408538     71.532267
   43.379565     71.775889
   43.350507     72.019512
   43.321363     72.263134
   43.292135     72.506756
   43.262823     72.750378
   43.233429     72.994000
   43.203952     73.237622
   43.174395     73.481244
   43.144757     73.724867
   43.115039     73.968489
   43.085242     74.212111
   43.055368     74.455733
   43.025416     74.699355
   42.995387     74.942977
   42.965282     75.186599
   42.935102     75.430221
   42.904847     75.673844
   42.874518     75.917466
   42.844116     76.161088
   42.813642     76.404710
   42.783095     76.648332
   42.752477     76.891954
   42.721789     77.135576
   42.691030     77.379199
   42.660202     77.622821
   42.629305     77.866443
   42.598340     78.110065
   42.567308     78.353687
   42.536208     78.597309
   42.505042     78.840931
   42.473810     79.084553
   42.442512     79.328176
   42.411150     79.571798
   42.379723     79.815420
   42.348233     80.059042
   42.316679     80.302664
   42.285063     80.546286
   42.253384     80.789908
   42.221644     81.033530
   42.189843     81.277153
   42.157981     81.520775
   42.126058     81.764397
   42.094076     82.008019
   42.062035     82.251641
   42.029935     82.495263
   41.997777     82.738885
   41.965560     82.982508
   41.933287     83.226130
   41.900956     83.469752
   41.868568     83.713374
   41.836125     83.956996
   41.803626     84.200618
   41.771071     84.444240
   41.738462     84.687862
   41.705798     84.931485
   41.673080     85.175107
   41.640308     85.418729
   41.607483     85.662351
   41.574605     85.905973
   41.541674     86.149595
   41.508692     86.393217
   41.475657     86.636840
   41.442571     86.880462
   41.409434     87.124084
   41.376246     87.367706
   41.343007     87.611328
   41.309719     87.854950
   41.276381     88.098572
   41.242993     88.342194
   41.209556     88.585817
   41.176071     88.829439
   41.142537     89.073061
   41.108955     89.316683
   41.075325     89.560305
   41.041648     89.803927
   41.007923     90.047549
   40.974151     90.291172
   40.940333     90.534794
   40.906469     90.778416
   40.872558     91.022038
   40.838602     91.265660
   40.804600     91.509282
   40.770553     91.752904
   40.736461     91.996526
   40.702325     92.240149
   40.668143     92.483771
   40.633918     92.727393
   40.599649     92.971015
   40.565336     93.214637
   40.530980     93.458259
   40.496580     93.701881
   40.462138     93.945504
   40.427653     94.189126
   40.393125     94.432748
   40.358555     94.676370
   40.323943     94.919992
   40.289290     95.163614
   40.254594     95.407236
   40.219858     95.650858
   40.185080     95.894481
   40.150261     96.138103
   40.115401     96.381725
   40.080501     96.625347
   40.045561     96.868969
   40.010581     97.112591
   39.975560     97.356213
   39.940500     97.599836
   39.905400     97.843458
   39.870261     98.087080
   39.835082     98.330702
   39.799865     98.574324
   39.764609     98.817946
   39.729314     99.061568
   39.693981     99.305190
   39.658609     99.548813
   39.623199     99.792435
   39.587751    100.036057
   39.552265    100.279679
   39.516742    100.523301
   39.481181    100.766923
   39.445583    101.010545
   39.409947    101.254168
   39.374275    101.497790
   39.338565    101.741412
   39.302819    101.985034
   39.267036    102.228656
   39.231216    102.472278
   39.195361    102.715900
   39.159469    102.959522
   39.123540    103.203145
   39.087576    103.446767
   39.051576    103.690389
   39.015541    103.934011
   38.979469    104.177633
   38.943363    104.421255
   38.907221    104.664877
   38.871043    104.908500
   38.834831    105.152122
   38.798584    105.395744
   38.762301    105.639366
   38.725984    105.882988
   38.689632    106.126610
   38.653246    106.370232
   38.616825    106.613854
   38.580370    106.857477
   38.543880    107.101099
   38.507357    107.344721
   38.470799    107.588343
   38.434207    107.831965
   38.397581    108.075587
   38.360922    108.319209
   38.324229    108.562832
   38.287502    108.806454
   38.250741    109.050076
   38.213948    109.293698
   38.177120    109.537320
   38.140260    109.780942
   38.103366    110.024564
   38.066439    110.268186
   38.029479    110.511809
   37.992485    110.755431
   37.955459    110.999053
   37.918400    111.242675
   37.881308    111.486297
   37.844184    111.729919
   37.807027    111.973541
   37.769837    112.217164
   37.732614    112.460786
   37.695359    112.704408
   37.658072    112.948030
   37.620752    113.191652
   37.583400    113.435274
   37.546015    113.678896
   37.508598    113.922518
   37.471149    114.166141
   37.433668    114.409763
   37.396155    114.653385
   37.358609    114.897007
   37.321032    115.140629
   37.283423    115.384251
   37.245781    115.627873
   37.208108    115.871496
   37.170403    116.115118
   37.132666    116.358740
   37.094898    116.602362
   37.057097    116.845984
   37.019265    117.089606
   36.981401    117.333228
   36.943506    117.576850
   36.905578    117.820473
   36.867620    118.064095
   36.829629    118.307717
   36.791607    118.551339
   36.753553    118.794961
   36.715468    119.038583
   36.677352    119.282205
   36.639204    119.525828
   36.601024    119.769450
   36.562813    120.013072
   36.524570    120.256694
   36.486296    120.500316
   36.447991    120.743938
   36.409654    120.987560
   36.371286    121.231182
   36.332886    121.474805
   36.294455    121.718427
   36.255993    121.962049
   36.217499    122.205671
   36.178973    122.449293
   36.140417    122.692915
   36.101829    122.936537
   36.063209    123.180160
   36.024558    123.423782
   35.985876    123.667404
   35.947163    123.911026
   35.908418    124.154648
   35.869641    124.398270
   35.830833    124.641892
   35.791994    124.885514
   35.753123    125.129137
   35.714221    125.372759
   35.675287    125.616381
   35.636322    125.860003
   35.597325    126.103625
   35.558297    126.347247
   35.519237    126.590869
   35.480146    126.834492
   35.441023    127.078114
   35.401868    127.321736
   35.362682    127.565358
   35.323465    127.808980
   35.284215    128.052602
   35.244934    128.296224
   35.205621    128.539846
   35.166277    128.783469
   35.126900    129.027091
   35.087492    129.270713
   35.048052    129.514335
   35.008580    129.757957
   34.969076    130.001579
   34.929540    130.245201
   34.889973    130.488824
   34.850373    130.732446
   34.810741    130.976068
   34.771077    131.219690
   34.731381    131.463312
   34.691653    131.706934
   34.651892    131.950556
   34.612099    132.194178
   34.572274    132.437801
   34.532417    132.681423
   34.492527    132.925045
   34.452605    133.168667
   34.412650    133.412289
   34.372663    133.655911
   34.332643    133.899533
   34.292590    134.143156
   34.252505    134.386778
   34.212387    134.630400
   34.172236    134.874022
   34.132053    135.117644
   34.091836    135.361266
   34.051586    135.604888
   34.011304    135.848510
   33.970988    136.092133
   33.930639    136.335755
   33.890257    136.579377
   33.849841    136.822999
   33.809392    137.066621
   33.768910    137.310243
   33.728394    137.553865
   33.687845    137.797488
   33.647262    138.041110
   33.606645    138.284732
   33.565995    138.528354
   33.525310    138.771976
   33.484592    139.015598
   33.443840    139.259220
   33.403054    139.502842
   33.362233    139.746465
   33.321378    139.990087
   33.280489    140.233709
   33.239566    140.477331
   33.198608    140.720953
   33.157616    140.964575
   33.116589    141.208197
   33.075527    141.451819
   33.034430    141.695442
   32.993299    141.939064
   32.952132    142.182686
   32.910931    142.426308
   32.869694    142.669930
   32.828422    142.913552
   32.787115    143.157174
   32.745772    143.400797
   32.704394    143.644419
   32.662980    143.888041
   32.621530    144.131663
   32.580045    144.375285
   32.538524    144.618907
   32.496966    144.862529
   32.455373    145.106151
   32.413743    145.349774
   32.372077    145.593396
   32.330375    145.837018
   32.288636    146.080640
   32.246860    146.324262
   32.205047    146.567884
   32.163198    146.811506
   32.121312    147.055129
   32.079388    147.298751
   32.037428    147.542373
   31.995430    147.785995
   31.953395    148.029617
   31.911322    148.273239
   31.869211    148.516861
   31.827063    148.760483
   31.784877    149.004106
   31.742653    149.247728
   31.700390    149.491350
   31.658090    149.734972
   31.615751    149.978594
   31.573373    150.222216
   31.530957    150.465838
   31.488502    150.709461
   31.446008    150.953083
   31.403475    151.196705
   31.360903    151.440327
   31.318291    151.683949
   31.275641    151.927571
   31.232950    152.171193
   31.190220    152.414815
   31.147450    152.658438
   31.104640    152.902060
   31.061790    153.145682
   31.018900    153.389304
   30.975969    153.632926
   30.932997    153.876548
   30.889985    154.120170
   30.846932    154.363793
   30.803839    154.607415
   30.760703    154.851037
   30.717527    155.094659
   30.674309    155.338281
   30.631050    155.581903
   30.587748    155.825525
   30.544405    156.069147
   30.501020    156.312770
   30.457592    156.556392
   30.414122    156.800014
   30.370610    157.043636
   30.327055    157.287258
   30.283456    157.530880
   30.239815    157.774502
   30.196131    158.018125
   30.152403    158.261747
   30.108631    158.505369
   30.064816    158.748991
   30.020957    158.992613
   29.977053    159.236235
   29.933106    159.479857
   29.889114    159.723479
   29.845077    159.967102
   29.800995    160.210724
   29.756869    160.454346
   29.712697    160.697968
   29.668480    160.941590
   29.624217    161.185212
   29.579909    161.428834
   29.535554    161.672457
   29.491153    161.916079
   29.446706    162.159701
   29.402213    162.403323
   29.357673    162.646945
   29.313085    162.890567
   29.268451    163.134189
   29.223769    163.377811
   29.179040    163.621434
   29.134263    163.865056
   29.089437    164.108678
   29.044564    164.352300
   28.999642    164.595922
   28.954672    164.839544
   28.909653    165.083166
   28.864585    165.326789
   28.819467    165.570411
   28.774300    165.814033
   28.729083    166.057655
   28.683817    166.301277
   28.638500    166.544899
   28.593132    166.788521
   28.547715    167.032143
   28.502246    167.275766
   28.456726    167.519388
   28.411154    167.763010
   28.365532    168.006632
   28.319857    168.250254
   28.274130    168.493876
   28.228351    168.737498
   28.182519    168.981121
   28.136635    169.224743
   28.090697    169.468365
   28.044706    169.711987
   27.998662    169.955609
   27.952563    170.199231
   27.906411    170.442853
   27.860204    170.686475
   27.813942    170.930098
   27.767626    171.173720
   27.721254    171.417342
   27.674827    171.660964
   27.628345    171.904586
   27.581806    172.148208
   27.535211    172.391830
   27.488559    172.635453
   27.441850    172.879075
   27.395085    173.122697
   27.348262    173.366319
   27.301381    173.609941
   27.254442    173.853563
   27.207445    174.097185
   27.160389    174.340807
   27.113274    174.584430
   27.066100    174.828052
   27.018867    175.071674
   26.971574    175.315296
   26.924220    175.558918
   26.876806    175.802540
   26.829331    176.046162
   26.781795    176.289785
   26.734198    176.533407
   26.686539    176.777029
   26.638818    177.020651
   26.591034    177.264273
   26.543187    177.507895
   26.495278    177.751517
   26.447305    177.995139
   26.399268    178.238762
   26.351167    178.482384
   26.303001    178.726006
   26.254771    178.969628
   26.206475    179.213250
   26.158114    179.456872
   26.109686    179.700494
   26.061193    179.944117
   26.012632    180.187739
   25.964005    180.431361
   25.915310    180.674983
   25.866548    180.918605
   25.817717    181.162227
   25.768817    181.405849
   25.719848    181.649471
   25.670810    181.893094
   25.621703    182.136716
   25.572525    182.380338
   25.523276    182.623960
   25.473956    182.867582
   25.424565    183.111204
   25.375102    183.354826
   25.325567    183.598449
   25.275959    183.842071
   25.226277    184.085693
   25.176522    184.329315
   25.126694    184.572937
   25.076790    184.816559
   25.026812    185.060181
   24.976758    185.303803
   24.926628    185.547426
   24.876422    185.791048
   24.826139    186.034670
   24.775779    186.278292
   24.725342    186.521914
   24.674825    186.765536
   24.624231    187.009158
   24.573557    187.252781
   24.522803    187.496403
   24.471969    187.740025
   24.421054    187.983647
   24.370059    188.227269
   24.318981    188.470891
   24.267821    188.714513
   24.216578    188.958135
   24.165252    189.201758
   24.113842    189.445380
   24.062348    189.689002
   24.010769    189.932624
   23.959104    190.176246
   23.907353    190.419868
   23.855515    190.663490
   23.803591    190.907113
   23.751578    191.150735
   23.699477    191.394357
   23.647287    191.637979
   23.595007    191.881601
   23.542637    192.125223
   23.490177    192.368845
   23.437624    192.612467
   23.384980    192.856090
   23.332243    193.099712
   23.279413    193.343334
   23.226489    193.586956
   23.173470    193.830578
   23.120356    194.074200
   23.067146    194.317822
   23.013839    194.561445
   22.960435    194.805067
   22.906933    195.048689
   22.853333    195.292311
   22.799632    195.535933
   22.745832    195.779555
   22.691931    196.023177
   22.637928    196.266799
   22.583823    196.510422
   22.529615    196.754044
   22.475303    196.997666
   22.420887    197.241288
   22.366365    197.484910
   22.311737    197.728532
   22.257002    197.972154
   22.202159    198.215776
   22.147207    198.459399
   22.092147    198.703021
   22.036976    198.946643
   21.981694    199.190265
   21.926300    199.433887
   21.870793    199.677509
   21.815172    199.921131
   21.759438    200.164754
   21.703587    200.408376
   21.647620    200.651998
   21.591536    200.895620
   21.535334    201.139242
   21.479013    201.382864
   21.422572    201.626486
   21.366009    201.870108
   21.309325    202.113731
   21.252517    202.357353
   21.195586    202.600975
   21.138529    202.844597
   21.081347    203.088219
   21.024037    203.331841
   20.966599    203.575463
   20.909032    203.819086
   20.851335    204.062708
   20.793506    204.306330
   20.735545    204.549952
   20.677450    204.793574
   20.619220    205.037196
   20.560854    205.280818
   20.502351    205.524440
   20.443710    205.768063
   20.384929    206.011685
   20.326007    206.255307
   20.266944    206.498929
   20.207737    206.742551
   20.148385    206.986173
   20.088888    207.229795
   20.029243    207.473418
   19.969450    207.717040
   19.909508    207.960662
   19.849413    208.204284
   19.789167    208.447906
   19.728766    208.691528
   19.668210    208.935150
   19.607496    209.178772
   19.546625    209.422395
   19.485593    209.666017
   19.424400    209.909639
   19.363044    210.153261
   19.301524    210.396883
   19.239837    210.640505
   19.177982    210.884127
   19.115958    211.127750
   19.053763    211.371372
   18.991396    211.614994
   18.928853    211.858616
   18.866134    212.102238
   18.803238    212.345860
   18.740161    212.589482
   18.676903    212.833104
   18.613461    213.076727
   18.549833    213.320349
   18.486019    213.563971
   18.422014    213.807593
   18.357819    214.051215
   18.293430    214.294837
   18.228845    214.538459
   18.164063    214.782082
   18.099081    215.025704
   18.033897    215.269326
   17.968509    215.512948
   17.902915    215.756570
   17.837112    216.000192
   17.771097    216.243814
   17.704870    216.487436
   17.638426    216.731059
   17.571765    216.974681
   17.504882    217.218303
   17.437776    217.461925
   17.370444    217.705547
   17.302884    217.949169
   17.235092    218.192791
   17.167066    218.436414
   17.098803    218.680036
   17.030300    218.923658
   16.961554    219.167280
   16.892563    219.410902
   16.823323    219.654524
   16.753831    219.898146
   16.684083    220.141768
   16.614078    220.385391
   16.543811    220.629013
   16.473279    220.872635
   16.402479    221.116257
   16.331407    221.359879
   16.260059    221.603501
   16.188432    221.847123
   16.116522    222.090746
   16.044325    222.334368
   15.971838    222.577990
   15.899056    222.821612
   15.825975    223.065234
   15.752592    223.308856
   15.678901    223.552478
   15.604899    223.796100
   15.530580    224.039723
   15.455941    224.283345
   15.380977    224.526967
   15.305682    224.770589
   15.230052    225.014211
   15.154082    225.257833
   15.077767    225.501455
   15.001102    225.745078
   14.924080    225.988700
   14.846697    226.232322
   14.768946    226.475944
   14.690822    226.719566
   14.612320    226.963188
   14.533431    227.206810
   14.454152    227.450432
   14.374474    227.694055
   14.294391    227.937677
   14.213896    228.181299
   14.132983    228.424921
   14.051644    228.668543
   13.969871    228.912165
   13.887657    229.155787
   13.804993    229.399410
   13.721873    229.643032
   13.638287    229.886654
   13.554226    230.130276
   13.469683    230.373898
   13.384647    230.617520
   13.299109    230.861142
   13.213059    231.104764
   13.126488    231.348387
   13.039384    231.592009
   12.951738    231.835631
   12.863538    232.079253
   12.774772    232.322875
   12.685428    232.566497
   12.595495    232.810119
   12.504959    233.053742
   12.413807    233.297364
   12.322026    233.540986
   12.229602    233.784608
   12.136519    234.028230
   12.042762    234.271852
   11.948316    234.515474
   11.853163    234.759096
   11.757287    235.002719
   11.660670    235.246341
   11.563294    235.489963
   11.465138    235.733585
   11.366182    235.977207
   11.266407    236.220829
   11.165788    236.464451
   11.064305    236.708074
   10.961931    236.951696
   10.858643    237.195318
   10.754413    237.438940
   10.649215    237.682562
   10.543018    237.926184
   10.435794    238.169806
   10.327508    238.413428
   10.218129    238.657051
   10.107619    238.900673
    9.995943    239.144295
    9.883059    239.387917
    9.768926    239.631539
    9.653501    239.875161
    9.536735    240.118783
    9.418579    240.362406
    9.298980    240.606028
    9.177881    240.849650
    9.055223    241.093272
    8.930940    241.336894
    8.804965    241.580516
    8.677223    241.824138
    8.547635    242.067760
    8.416116    242.311383
    8.282573    242.555005
    8.146908    242.798627
    8.009012    243.042249
    7.868768    243.285871
    7.726048    243.529493
    7.580712    243.773115
    7.432606    244.016738
    7.281562    244.260360
    7.127393    244.503982
    6.969891    244.747604
    6.808825    244.991226
    6.643936    245.234848
    6.474931    245.478470
    6.301479    245.722092
    6.123202    245.965715
    5.939667    246.209337
    5.750369    246.452959
    5.554718    246.696581
    5.352020    246.940203
    5.141438    247.183825
    4.921963    247.427447
    4.692346    247.671070
    4.451018    247.914692
    4.195958    248.158314
    3.924490    248.401936
    3.632938    248.645558
    3.316007    248.889180
    2.965572    249.132802
    2.567954    249.376424
    2.096476    249.620047
    1.482255    249.863669
    0.000000    250.107291
