0 2.09399e-14 5.73754 0 629.564
0.1 0.298425 5.73775 0.0122414 629.563
0.2 0.596825 5.73838 0.0244827 629.563
0.3 0.895174 5.73942 0.0367241 629.562
0.4 1.19345 5.74089 0.0489653 629.56
0.5 1.49162 5.74277 0.0612064 629.558
0.6 1.78966 5.74507 0.0734475 629.556
0.7 2.08755 5.74779 0.0856883 629.553
0.8 2.38526 5.75093 0.097929 629.55
0.9 2.68277 5.75449 0.11017 629.547
1 2.98006 5.75847 0.12241 629.543
1.1 3.27708 5.76286 0.13465 629.538
1.2 3.57384 5.76768 0.14689 629.533
1.3 3.87028 5.77291 0.159129 629.528
1.4 4.1664 5.77856 0.171368 629.523
1.5 4.46217 5.78463 0.183607 629.517
1.6 4.75756 5.79111 0.195846 629.51
1.7 5.05256 5.79802 0.208084 629.503
1.8 5.34712 5.80534 0.220321 629.496
1.9 5.64124 5.81308 0.232559 629.488
2 5.93489 5.82124 0.244795 629.48
2.1 6.22804 5.82982 0.257032 629.471
2.2 6.52067 5.83882 0.269267 629.462
2.3 6.81276 5.84824 0.281503 629.453
2.4 7.10429 5.85807 0.293737 629.443
2.5 7.39523 5.86832 0.305971 629.433
2.6 7.68556 5.87899 0.318205 629.422
2.7 7.97526 5.89008 0.330438 629.411
2.8 8.2643 5.90159 0.34267 629.4
2.9 8.55267 5.91351 0.354902 629.388
3 8.84035 5.92585 0.367132 629.375
3.1 9.12731 5.93861 0.379362 629.363
3.2 9.41353 5.95179 0.391592 629.349
3.3 9.69899 5.96539 0.40382 629.336
3.4 9.98368 5.9794 0.416048 629.322
3.5 10.2676 5.99383 0.428275 629.307
3.6 10.5506 6.00868 0.440501 629.292
3.7 10.8329 6.02395 0.452726 629.277
3.8 11.1142 6.03964 0.464951 629.262
3.9 11.3947 6.05574 0.477174 629.245
4 11.6744 6.07226 0.489396 629.229
4.1 11.9531 6.0892 0.501618 629.212
4.2 12.2308 6.10655 0.513838 629.195
4.3 12.5077 6.12433 0.526058 629.177
4.4 12.7835 6.14252 0.538276 629.159
4.5 13.0584 6.16113 0.550494 629.14
4.6 13.3323 6.18015 0.56271 629.121
4.7 13.6052 6.19959 0.574925 629.102
4.8 13.8771 6.21945 0.587139 629.082
4.9 14.1479 6.23973 0.599352 629.061
5 14.4176 6.26042 0.611563 629.041
5.1 14.6863 6.28153 0.623774 629.02
5.2 14.954 6.30306 0.635983 628.998
5.3 15.2205 6.325 0.648191 628.976
5.4 15.4859 6.34737 0.660398 628.954
5.5 15.7501 6.37014 0.672603 628.931
5.6 16.0133 6.39334 0.684807 628.908
5.7 16.2753 6.41695 0.697009 628.884
5.8 16.5361 6.44098 0.709211 628.86
5.9 16.7958 6.46542 0.721411 628.836
6 17.0543 6.49028 0.733609 628.811
6.1 17.3116 6.51556 0.745806 628.786
6.2 17.5676 6.54125 0.758001 628.76
6.3 17.8225 6.56736 0.770195 628.734
6.4 18.0761 6.59388 0.782388 628.707
6.5 18.3286 6.62082 0.794579 628.68
6.6 18.5797 6.64818 0.806768 628.653
6.7 18.8297 6.67595 0.818956 628.625
6.8 19.0783 6.70414 0.831142 628.597
6.9 19.3257 6.73275 0.843326 628.568
7 19.5718 6.76177 0.855509 628.539
7.1 19.8167 6.7912 0.86769 628.51
7.2 20.0602 6.82105 0.879869 628.48
7.3 20.3025 6.85132 0.892047 628.45
7.4 20.5434 6.882 0.904223 628.419
7.5 20.783 6.91309 0.916396 628.388
7.6 21.0214 6.9446 0.928569 628.357
7.7 21.2584 6.97653 0.940739 628.325
7.79999 21.4941 7.00887 0.952907 628.292
7.89999 21.7284 7.04162 0.965074 628.26
7.99999 21.9614 7.07479 0.977239 628.226
8.09999 22.1931 7.10838 0.989401 628.193
8.2 22.4235 7.14238 1.00156 628.159
8.3 22.6525 7.17679 1.01372 628.124
8.4 22.8801 7.21162 1.02588 628.09
8.5 23.1064 7.24686 1.03803 628.054
8.6 23.3314 7.28251 1.05019 628.019
8.7 23.555 7.31858 1.06234 627.983
8.8 23.7772 7.35507 1.07448 627.946
8.9 23.9981 7.39196 1.08663 627.909
9 24.2176 7.42927 1.09877 627.872
9.1 24.4357 7.467 1.11092 627.834
9.2 24.6525 7.50513 1.12306 627.796
9.3 24.8679 7.54368 1.13519 627.757
9.4 25.082 7.58265 1.14733 627.718
9.5 25.2947 7.62202 1.15946 627.679
9.6 25.506 7.66181 1.17159 627.639
9.7 25.7159 7.70201 1.18372 627.599
9.8 25.9245 7.74263 1.19585 627.559
9.9 26.1318 7.78366 1.20797 627.517
10 26.3376 7.82509 1.22009 627.476
10.1 26.5421 7.86695 1.23221 627.434
10.2 26.7452 7.90921 1.24433 627.392
10.3 26.947 7.95188 1.25644 627.349
10.4 27.1474 7.99497 1.26855 627.306
10.5 27.3465 8.03847 1.28066 627.263
10.6 27.5442 8.08238 1.29277 627.219
10.7 27.7405 8.1267 1.30487 627.174
10.8 27.9355 8.17144 1.31697 627.13
10.9 28.1291 8.21658 1.32907 627.085
11 28.3214 8.26214 1.34117 627.039
11.1 28.5124 8.3081 1.35326 626.993
11.2 28.702 8.35448 1.36535 626.947
11.3 28.8902 8.40127 1.37744 626.9
11.4 29.0772 8.44847 1.38952 626.853
11.5 29.2628 8.49607 1.4016 626.805
11.6 29.447 8.54409 1.41368 626.757
11.7 29.63 8.59252 1.42576 626.709
11.8 29.8116 8.64136 1.43783 626.66
11.9 29.9919 8.69061 1.4499 626.611
12 30.1709 8.74027 1.46197 626.561
12.1 30.3486 8.79033 1.47404 626.511
12.2 30.525 8.84081 1.4861 626.46
12.3 30.7 8.89169 1.49816 626.409
12.4 30.8738 8.94299 1.51021 626.358
12.5 31.0463 8.99469 1.52227 626.306
12.6 31.2175 9.0468 1.53432 626.254
12.7 31.3875 9.09933 1.54636 626.202
12.8 31.5561 9.15225 1.55841 626.149
12.9 31.7235 9.20559 1.57045 626.096
13 31.8896 9.25934 1.58249 626.042
13.1 32.0544 9.31349 1.59452 625.988
13.2 32.218 9.36805 1.60655 625.933
13.3 32.3804 9.42302 1.61858 625.878
13.4 32.5415 9.47839 1.63061 625.823
13.5 32.7013 9.53418 1.64263 625.767
13.6 32.8599 9.59037 1.65465 625.711
13.7 33.0173 9.64696 1.66666 625.654
13.8 33.1735 9.70396 1.67867 625.597
13.9 33.3284 9.76137 1.69068 625.54
14 33.4822 9.81919 1.70269 625.482
14.1 33.6347 9.87741 1.71469 625.424
14.2 33.786 9.93604 1.72668 625.365
14.3 33.9362 9.99507 1.73868 625.306
14.4 34.0851 10.0545 1.75067 625.247
14.5 34.2329 10.1144 1.76266 625.187
14.6 34.3794 10.1746 1.77464 625.127
14.7 34.5249 10.2353 1.78662 625.066
14.8 34.6691 10.2963 1.7986 625.005
14.9 34.8122 10.3578 1.81057 624.943
15 34.9541 10.4197 1.82254 624.881
15.1 35.0949 10.4819 1.83451 624.819
15.2 35.2346 10.5446 1.84647 624.757
15.3 35.3731 10.6077 1.85843 624.693
15.4 35.5105 10.6712 1.87038 624.63
15.5 35.6467 10.7351 1.88234 624.566
15.6 35.7819 10.7994 1.89428 624.502
15.7 35.9159 10.8641 1.90623 624.437
15.8 36.0489 10.9292 1.91817 624.372
15.9 36.1807 10.9947 1.9301 624.306
16 36.3115 11.0606 1.94203 624.241
16.1 36.4411 11.1269 1.95396 624.174
16.2 36.5697 11.1936 1.96589 624.108
16.3 36.6973 11.2607 1.97781 624.04
16.4 36.8237 11.3282 1.98972 623.973
16.5 36.9491 11.3961 2.00164 623.905
16.6 37.0735 11.4644 2.01354 623.837
16.7 37.1968 11.5331 2.02545 623.768
16.8 37.319 11.6023 2.03735 623.699
16.9 37.4403 11.6718 2.04924 623.629
17 37.5605 11.7417 2.06114 623.559
17.1 37.6797 11.812 2.07302 623.489
17.2 37.7979 11.8827 2.08491 623.418
17.3 37.915 11.9538 2.09679 623.347
17.4 38.0312 12.0254 2.10866 623.276
17.5 38.1464 12.0973 2.12053 623.204
17.6 38.2605 12.1696 2.1324 623.132
17.7 38.3737 12.2423 2.14426 623.059
17.8 38.486 12.3154 2.15612 622.986
17.9 38.5972 12.3889 2.16797 622.912
18 38.7075 12.4628 2.17982 622.838
18.1 38.8169 12.5372 2.19167 622.764
18.2 38.9253 12.6119 2.20351 622.689
18.3 39.0327 12.687 2.21534 622.614
18.4 39.1392 12.7625 2.22718 622.539
18.5 39.2448 12.8384 2.239 622.463
18.6 39.3494 12.9147 2.25083 622.386
18.7 39.4532 12.9914 2.26264 622.31
18.8 39.556 13.0685 2.27446 622.233
18.9 39.6579 13.1459 2.28627 622.155
19 39.7589 13.2238 2.29807 622.077
19.1 39.859 13.3021 2.30987 621.999
19.2 39.9583 13.3808 2.32167 621.92
19.3 40.0566 13.4598 2.33346 621.841
19.4 40.1541 13.5393 2.34524 621.762
19.5 40.2507 13.6192 2.35702 621.682
19.6 40.3464 13.6994 2.3688 621.602
19.7 40.4413 13.7801 2.38057 621.521
19.8 40.5353 13.8611 2.39234 621.44
19.9 40.6284 13.9425 2.4041 621.359
20 40.7208 14.0244 2.41585 621.277
20.1 40.8123 14.1066 2.42761 621.195
20.2 40.9029 14.1892 2.43935 621.112
20.3 40.9928 14.2722 2.4511 621.029
20.4 41.0818 14.3556 2.46283 620.946
20.5 41.17 14.4394 2.47456 620.862
20.6 41.2574 14.5236 2.48629 620.778
20.7 41.344 14.6082 2.49801 620.693
20.8 41.4298 14.6931 2.50973 620.608
20.9 41.5148 14.7785 2.52144 620.523
21 41.599 14.8642 2.53315 620.437
21.1 41.6825 14.9504 2.54485 620.351
21.2 41.7651 15.0369 2.55655 620.264
21.3 41.847 15.1238 2.56824 620.177
21.4 41.9282 15.2111 2.57993 620.09
21.5 42.0086 15.2988 2.59161 620.002
21.6 42.0882 15.3869 2.60328 619.914
21.7 42.1671 15.4754 2.61495 619.826
21.8 42.2452 15.5643 2.62662 619.737
21.9 42.3226 15.6535 2.63828 619.648
22 42.3993 15.7432 2.64993 619.558
22.1 42.4752 15.8332 2.66158 619.468
22.2 42.5505 15.9236 2.67322 619.377
22.3 42.625 16.0145 2.68486 619.287
22.4 42.6988 16.1057 2.69649 619.195
22.5 42.7719 16.1972 2.70812 619.104
22.6 42.8443 16.2892 2.71974 619.012
22.7001 42.9159 16.3816 2.73136 618.92
22.8001 42.987 16.4743 2.74297 618.827
22.9001 43.0573 16.5674 2.75458 618.734
23.0001 43.1269 16.661 2.76617 618.64
23.1001 43.1959 16.7549 2.77777 618.546
23.2001 43.2642 16.8491 2.78936 618.452
23.3001 43.3318 16.9438 2.80094 618.357
23.4001 43.3987 17.0389 2.81252 618.262
23.5001 43.465 17.1343 2.82409 618.167
23.6001 43.5307 17.2301 2.83565 618.071
23.7001 43.5957 17.3263 2.84721 617.975
23.8001 43.66 17.4229 2.85876 617.878
23.9001 43.7238 17.5199 2.87031 617.781
24.0001 43.7869 17.6172 2.88185 617.684
24.1001 43.8493 17.715 2.89339 617.586
24.2001 43.9111 17.8131 2.90492 617.488
24.3001 43.9723 17.9116 2.91644 617.39
24.4001 44.0329 18.0105 2.92796 617.291
24.5001 44.0929 18.1097 2.93948 617.191
24.6001 44.1523 18.2094 2.95098 617.092
24.7001 44.2111 18.3094 2.96248 616.992
24.8001 44.2692 18.4098 2.97398 616.891
24.9001 44.3268 18.5106 2.98546 616.791
25.0001 44.3838 18.6118 2.99695 616.689
25.1001 44.4402 18.7133 3.00842 616.588
25.2001 44.496 18.8152 3.01989 616.486
25.3001 44.5513 18.9175 3.03136 616.384
25.4001 44.6059 19.0202 3.04281 616.281
25.5001 44.66 19.1233 3.05426 616.178
25.6001 44.7136 19.2267 3.06571 616.074
25.7001 44.7665 19.3305 3.07715 615.971
25.8001 44.819 19.4347 3.08858 615.866
25.9001 44.8708 19.5393 3.10001 615.762
26.0001 44.9221 19.6442 3.11142 615.657
26.1001 44.9729 19.7496 3.12284 615.552
26.2001 45.0231 19.8553 3.13424 615.446
26.3001 45.0728 19.9613 3.14564 615.34
26.4001 45.122 20.0678 3.15704 615.233
26.5001 45.1706 20.1746 3.16843 615.127
26.6001 45.2187 20.2818 3.17981 615.019
26.7001 45.2663 20.3894 3.19118 614.912
26.8001 45.3133 20.4973 3.20255 614.804
26.9001 45.3599 20.6056 3.21391 614.696
27.0001 45.4059 20.7143 3.22526 614.587
27.1001 45.4514 20.8234 3.23661 614.478
27.2001 45.4964 20.9328 3.24795 614.368
27.3001 45.5409 21.0426 3.25929 614.259
27.4001 45.585 21.1528 3.27062 614.148
27.5001 45.6285 21.2634 3.28194 614.038
27.6001 45.6715 21.3743 3.29325 613.927
27.7001 45.7141 21.4856 3.30456 613.816
27.8001 45.7561 21.5973 3.31586 613.704
27.9001 45.7977 21.7093 3.32715 613.592
28.0001 45.8388 21.8217 3.33844 613.479
28.1001 45.8794 21.9345 3.34972 613.367
28.2001 45.9196 22.0476 3.361 613.254
28.3001 45.9593 22.1611 3.37226 613.14
28.4001 45.9985 22.275 3.38352 613.026
28.5001 46.0373 22.3893 3.39477 612.912
28.6001 46.0756 22.5039 3.40602 612.797
28.7001 46.1135 22.6189 3.41726 612.682
28.8001 46.1509 22.7342 3.42849 612.567
28.9001 46.1878 22.8499 3.43971 612.451
29.0001 46.2244 22.966 3.45093 612.335
29.1001 46.2604 23.0825 3.46214 612.219
29.2001 46.2961 23.1993 3.47334 612.102
29.3001 46.3313 23.3165 3.48454 611.985
29.4001 46.3661 23.434 3.49573 611.867
29.5001 46.4004 23.552 3.50691 611.749
29.6001 46.4343 23.6702 3.51808 611.631
29.7001 46.4678 23.7889 3.52925 611.512
29.8001 46.5009 23.9079 3.54041 611.393
29.9001 46.5336 24.0272 3.55156 611.274
30.0001 46.5658 24.147 3.56271 611.154
30.1001 46.5976 24.2671 3.57384 611.034
30.2001 46.6291 24.3875 3.58497 610.914
30.3001 46.6601 24.5083 3.59609 610.793
30.4001 46.6907 24.6295 3.60721 610.672
30.5001 46.7209 24.7511 3.61832 610.55
30.6001 46.7507 24.873 3.62942 610.428
30.7001 46.7801 24.9952 3.64051 610.306
30.8001 46.8092 25.1179 3.65159 610.183
30.9001 46.8378 25.2408 3.66267 610.06
31.0001 46.8661 25.3642 3.67374 609.937
31.1001 46.8939 25.4879 3.6848 609.813
31.2001 46.9214 25.6119 3.69586 609.689
31.3001 46.9485 25.7363 3.7069 609.565
31.4001 46.9753 25.8611 3.71794 609.44
31.5001 47.0016 25.9862 3.72897 609.315
31.6001 47.0276 26.1117 3.74 609.189
31.7001 47.0532 26.2376 3.75101 609.064
31.8001 47.0785 26.3638 3.76202 608.937
31.9001 47.1034 26.4903 3.77302 608.811
32.0001 47.1279 26.6172 3.78401 608.684
32.1001 47.1521 26.7445 3.795 608.557
32.2001 47.1759 26.8721 3.80597 608.429
32.3001 47.1993 27.0001 3.81694 608.301
32.4001 47.2225 27.1284 3.8279 608.173
32.5001 47.2452 27.2571 3.83885 608.044
32.6001 47.2676 27.3861 3.8498 607.915
32.7001 47.2897 27.5155 3.86073 607.786
32.8001 47.3114 27.6453 3.87166 607.656
32.9001 47.3328 27.7753 3.88258 607.526
33.0001 47.3539 27.9058 3.89349 607.395
33.1001 47.3746 28.0366 3.9044 607.265
33.2001 47.3949 28.1677 3.91529 607.133
33.3001 47.415 28.2992 3.92618 607.002
33.4001 47.4347 28.4311 3.93706 606.87
33.5001 47.4541 28.5632 3.94793 606.738
33.6001 47.4732 28.6958 3.95879 606.605
33.7001 47.4919 28.8287 3.96964 606.472
33.8001 47.5104 28.9619 3.98049 606.339
33.9001 47.5285 29.0955 3.99133 606.206
34.0001 47.5463 29.2294 4.00216 606.072
34.1001 47.5637 29.3637 4.01298 605.937
34.2001 47.5809 29.4983 4.02379 605.803
34.3 47.5978 29.6333 4.03459 605.668
34.4 47.6143 29.7686 4.04539 605.533
34.5 47.6306 29.9043 4.05618 605.397
34.6 47.6465 30.0403 4.06695 605.261
34.7 47.6622 30.1766 4.07772 605.124
34.8 47.6775 30.3133 4.08848 604.988
34.9 47.6925 30.4504 4.09924 604.851
35 47.7073 30.5878 4.10998 604.713
35.1 47.7217 30.7255 4.12072 604.576
35.2 47.7359 30.8636 4.13144 604.438
35.3 47.7498 31.002 4.14216 604.299
35.4 47.7634 31.1407 4.15287 604.16
35.5 47.7767 31.2798 4.16357 604.021
35.6 47.7897 31.4193 4.17426 603.882
35.7 47.8024 31.559 4.18494 603.742
35.8 47.8149 31.6992 4.19562 603.602
35.9 47.827 31.8396 4.20628 603.462
36 47.8389 31.9804 4.21694 603.321
36.1 47.8506 32.1215 4.22758 603.18
36.2 47.8619 32.263 4.23822 603.038
36.3 47.873 32.4048 4.24885 602.896
36.4 47.8838 32.547 4.25947 602.754
36.5 47.8943 32.6894 4.27008 602.612
36.6 47.9046 32.8323 4.28069 602.469
36.7 47.9146 32.9754 4.29128 602.326
36.8 47.9243 33.1189 4.30186 602.182
36.9 47.9338 33.2627 4.31244 602.038
37 47.943 33.4069 4.323 601.894
37.1 47.952 33.5514 4.33356 601.75
37.2 47.9607 33.6962 4.34411 601.605
37.3 47.9692 33.8414 4.35464 601.46
37.4 47.9774 33.9869 4.36517 601.314
37.5 47.9853 34.1327 4.37569 601.168
37.6 47.993 34.2789 4.3862 601.022
37.7 48.0005 34.4254 4.3967 600.876
37.8 48.0077 34.5722 4.4072 600.729
37.9 48.0146 34.7193 4.41768 600.582
38 48.0213 34.8668 4.42815 600.434
38.1 48.0278 35.0146 4.43861 600.287
38.2 48.034 35.1628 4.44907 600.138
38.3 48.04 35.3112 4.45951 599.99
38.4 48.0458 35.46 4.46995 599.841
38.5 48.0513 35.6092 4.48037 599.692
38.6 48.0566 35.7586 4.49079 599.543
38.7 48.0616 35.9084 4.50119 599.393
38.8 48.0664 36.0585 4.51159 599.243
38.9 48.071 36.2089 4.52198 599.092
39 48.0754 36.3597 4.53235 598.941
39.1 48.0795 36.5108 4.54272 598.79
39.2 48.0834 36.6622 4.55308 598.639
39.3 48.0871 36.8139 4.56343 598.487
39.4 48.0905 36.966 4.57377 598.335
39.5 48.0938 37.1184 4.5841 598.183
39.6 48.0968 37.2711 4.59441 598.03
39.7 48.0996 37.4241 4.60472 597.877
39.8 48.1022 37.5775 4.61502 597.724
39.9 48.1045 37.7311 4.62531 597.57
40 48.1067 37.8851 4.63559 597.416
40.1 48.1086 38.0394 4.64586 597.262
40.2 48.1103 38.1941 4.65612 597.107
40.3 48.1118 38.349 4.66637 596.952
40.4 48.1131 38.5043 4.67661 596.797
40.5 48.1142 38.6599 4.68684 596.641
40.6 48.1151 38.8158 4.69705 596.485
40.7 48.1157 38.972 4.70726 596.329
40.7999 48.1162 39.1286 4.71746 596.173
40.8999 48.1165 39.2854 4.72765 596.016
40.9999 48.1165 39.4426 4.73783 595.859
41.0999 48.1164 39.6001 4.748 595.701
41.1999 48.116 39.7579 4.75816 595.543
41.2999 48.1155 39.9161 4.7683 595.385
41.3999 48.1148 40.0745 4.77844 595.227
41.4999 48.1138 40.2332 4.78857 595.068
41.5999 48.1127 40.3923 4.79868 594.909
41.6999 48.1114 40.5517 4.80879 594.749
41.7999 48.1098 40.7114 4.81889 594.59
41.8999 48.1081 40.8714 4.82897 594.43
41.9999 48.1062 41.0317 4.83905 594.269
42.0999 48.1041 41.1923 4.84911 594.109
42.1999 48.1019 41.3533 4.85917 593.948
42.2999 48.0994 41.5145 4.86921 593.787
42.3999 48.0967 41.6761 4.87924 593.625
42.4999 48.0939 41.8379 4.88927 593.463
42.5999 48.0909 42.0001 4.89928 593.301
42.6999 48.0877 42.1626 4.90928 593.139
42.7999 48.0843 42.3254 4.91927 592.976
42.8999 48.0807 42.4885 4.92925 592.813
42.9999 48.077 42.6519 4.93922 592.649
43.0999 48.073 42.8156 4.94918 592.486
43.1999 48.0689 42.9796 4.95912 592.322
43.2999 48.0646 43.1439 4.96906 592.157
43.3999 48.0602 43.3086 4.97899 591.993
43.4999 48.0555 43.4735 4.9889 591.828
43.5999 48.0507 43.6387 4.99881 591.662
43.6999 48.0457 43.8043 5.0087 591.497
43.7999 48.0406 43.9701 5.01858 591.331
43.8999 48.0353 44.1362 5.02845 591.165
43.9999 48.0298 44.3027 5.03831 590.998
44.0999 48.0241 44.4694 5.04816 590.832
44.1999 48.0183 44.6365 5.058 590.665
44.2999 48.0123 44.8038 5.06783 590.497
44.3999 48.0061 44.9715 5.07765 590.33
44.4999 47.9998 45.1394 5.08745 590.162
44.5999 47.9933 45.3076 5.09725 589.994
44.6999 47.9867 45.4762 5.10703 589.825
44.7999 47.9798 45.645 5.1168 589.656
44.8999 47.9729 45.8141 5.12656 589.487
44.9999 47.9657 45.9836 5.13631 589.318
45.0999 47.9584 46.1533 5.14605 589.148
45.1999 47.951 46.3233 5.15578 588.978
45.2999 47.9434 46.4936 5.16549 588.808
45.3999 47.9356 46.6643 5.1752 588.637
45.4999 47.9277 46.8352 5.18489 588.466
45.5999 47.9196 47.0064 5.19457 588.295
45.6999 47.9114 47.1779 5.20424 588.123
45.7999 47.903 47.3496 5.2139 587.952
45.8999 47.8944 47.5217 5.22355 587.779
45.9999 47.8857 47.6941 5.23318 587.607
46.0999 47.8769 47.8667 5.24281 587.434
46.1999 47.8679 48.0397 5.25242 587.261
46.2999 47.8588 48.2129 5.26202 587.088
46.3999 47.8495 48.3864 5.27161 586.915
46.4999 47.84 48.5603 5.28119 586.741
46.5999 47.8305 48.7344 5.29076 586.567
46.6999 47.8207 48.9088 5.30031 586.392
46.7999 47.8109 49.0834 5.30985 586.218
46.8999 47.8008 49.2584 5.31938 586.043
46.9999 47.7907 49.4336 5.3289 585.867
47.0999 47.7804 49.6092 5.33841 585.692
47.1999 47.7699 49.785 5.34791 585.516
47.2999 47.7593 49.9611 5.35739 585.34
47.3998 47.7486 50.1375 5.36686 585.164
47.4998 47.7378 50.3142 5.37632 584.987
47.5998 47.7268 50.4911 5.38577 584.81
47.6998 47.7156 50.6684 5.39521 584.633
47.7998 47.7043 50.8459 5.40463 584.455
47.8998 47.6929 51.0237 5.41404 584.277
47.9998 47.6814 51.2018 5.42344 584.099
48.0998 47.6697 51.3801 5.43283 583.921
48.1998 47.6579 51.5588 5.44221 583.742
48.2998 47.6459 51.7377 5.45157 583.563
48.3998 47.6338 51.9169 5.46092 583.384
48.4998 47.6216 52.0964 5.47026 583.205
48.5998 47.6093 52.2761 5.47959 583.025
48.6998 47.5968 52.4561 5.48891 582.845
48.7998 47.5842 52.6364 5.49821 582.665
48.8998 47.5714 52.817 5.5075 582.484
48.9998 47.5586 52.9979 5.51678 582.303
49.0998 47.5456 53.179 5.52605 582.122
49.1998 47.5325 53.3604 5.5353 581.941
49.2998 47.5192 53.5421 5.54454 581.759
49.3998 47.5059 53.7241 5.55377 581.577
49.4998 47.4924 53.9063 5.56299 581.395
49.5998 47.4787 54.0888 5.57219 581.212
49.6998 47.465 54.2715 5.58138 581.03
49.7998 47.4511 54.4546 5.59056 580.847
49.8998 47.4371 54.6379 5.59973 580.663
49.9998 47.423 54.8215 5.60888 580.48
50.0998 47.4088 55.0053 5.61802 580.296
50.1998 47.3944 55.1894 5.62715 580.112
50.2998 47.38 55.3738 5.63627 579.927
50.3998 47.3654 55.5585 5.64537 579.743
50.4998 47.3507 55.7434 5.65446 579.558
50.5998 47.3358 55.9286 5.66354 579.373
50.6998 47.3209 56.114 5.67261 579.187
50.7998 47.3058 56.2997 5.68166 579.001
50.8998 47.2907 56.4857 5.6907 578.815
50.9998 47.2754 56.672 5.69973 578.629
51.0998 47.26 56.8585 5.70874 578.443
51.1998 47.2444 57.0452 5.71774 578.256
51.2998 47.2288 57.2323 5.72673 578.069
51.3998 47.2131 57.4196 5.73571 577.882
51.4998 47.1972 57.6071 5.74467 577.694
51.5998 47.1812 57.7949 5.75362 577.506
51.6998 47.1652 57.983 5.76256 577.318
51.7998 47.149 58.1713 5.77148 577.13
51.8998 47.1327 58.3599 5.78039 576.941
51.9998 47.1162 58.5488 5.78929 576.752
52.0998 47.0997 58.7379 5.79817 576.563
52.1998 47.0831 58.9273 5.80704 576.374
52.2998 47.0664 59.1169 5.8159 576.184
52.3998 47.0495 59.3068 5.82475 575.994
52.4998 47.0326 59.4969 5.83358 575.804
52.5998 47.0155 59.6873 5.8424 575.614
52.6998 46.9983 59.8779 5.8512 575.423
52.7998 46.9811 60.0688 5.85999 575.232
52.8998 46.9637 60.26 5.86877 575.041
52.9998 46.9462 60.4514 5.87754 574.85
53.0998 46.9286 60.643 5.88629 574.658
53.1998 46.911 60.8349 5.89503 574.466
53.2998 46.8932 61.0271 5.90375 574.274
53.3998 46.8753 61.2195 5.91247 574.082
53.4998 46.8573 61.4122 5.92116 573.889
53.5998 46.8392 61.6051 5.92985 573.696
53.6998 46.821 61.7982 5.93852 573.503
53.7998 46.8027 61.9916 5.94718 573.31
53.8997 46.7843 62.1853 5.95582 573.116
53.9997 46.7658 62.3792 5.96445 572.922
54.0997 46.7473 62.5733 5.97307 572.728
54.1997 46.7286 62.7677 5.98167 572.533
54.2997 46.7098 62.9623 5.99026 572.339
54.3997 46.6909 63.1572 5.99883 572.144
54.4997 46.6719 63.3523 6.0074 571.949
54.5997 46.6529 63.5477 6.01594 571.753
54.6997 46.6337 63.7433 6.02448 571.558
54.7997 46.6144 63.9391 6.033 571.362
54.8997 46.5951 64.1352 6.0415 571.166
54.9997 46.5756 64.3316 6.05 570.97
55.0997 46.5561 64.5281 6.05847 570.773
55.1997 46.5365 64.7249 6.06694 570.576
55.2997 46.5167 64.922 6.07539 570.379
55.3997 46.4969 65.1193 6.08383 570.182
55.4997 46.477 65.3168 6.09225 569.984
55.5997 46.457 65.5145 6.10066 569.787
55.6997 46.4369 65.7125 6.10905 569.589
55.7997 46.4167 65.9108 6.11743 569.39
55.8997 46.3964 66.1092 6.1258 569.192
55.9997 46.3761 66.3079 6.13415 568.993
56.0997 46.3556 66.5069 6.14249 568.794
56.1997 46.3351 66.7061 6.15081 568.595
56.2997 46.3145 66.9055 6.15912 568.396
56.3997 46.2937 67.1051 6.16742 568.196
56.4997 46.2729 67.305 6.1757 567.996
56.5997 46.2521 67.5051 6.18396 567.796
56.6997 46.2311 67.7054 6.19222 567.596
56.7997 46.21 67.9059 6.20045 567.395
56.8997 46.1889 68.1067 6.20868 567.194
56.9997 46.1676 68.3077 6.21689 566.993
57.0997 46.1463 68.509 6.22508 566.792
57.1997 46.1249 68.7105 6.23326 566.591
57.2997 46.1034 68.9122 6.24143 566.389
57.3997 46.0819 69.1141 6.24958 566.187
57.4997 46.0602 69.3162 6.25772 565.985
57.5997 46.0385 69.5186 6.26584 565.783
57.6997 46.0167 69.7212 6.27394 565.58
57.7997 45.9948 69.924 6.28204 565.377
57.8997 45.9728 70.1271 6.29012 565.174
57.9997 45.9507 70.3303 6.29818 564.971
58.0997 45.9286 70.5338 6.30623 564.767
58.1997 45.9064 70.7375 6.31426 564.564
58.2997 45.884 70.9415 6.32228 564.36
58.3997 45.8617 71.1456 6.33028 564.156
58.4997 45.8392 71.35 6.33827 563.951
58.5997 45.8167 71.5546 6.34625 563.747
58.6997 45.794 71.7594 6.35421 563.542
58.7997 45.7714 71.9644 6.36215 563.337
58.8997 45.7486 72.1697 6.37008 563.131
58.9997 45.7257 72.3751 6.378 562.926
59.0997 45.7028 72.5808 6.3859 562.72
59.1997 45.6798 72.7867 6.39378 562.514
59.2997 45.6567 72.9928 6.40165 562.308
59.3997 45.6336 73.1991 6.40951 562.102
59.4997 45.6103 73.4056 6.41735 561.896
59.5997 45.587 73.6124 6.42517 561.689
59.6997 45.5636 73.8193 6.43298 561.482
59.7997 45.5402 74.0265 6.44077 561.275
59.8997 45.5167 74.2339 6.44855 561.067
59.9997 45.493 74.4414 6.45632 560.86
60.0997 45.4694 74.6492 6.46407 560.652
60.1997 45.4456 74.8572 6.4718 560.444
60.2997 45.4218 75.0655 6.47952 560.236
60.3997 45.3979 75.2739 6.48722 560.027
60.4996 45.3739 75.4825 6.49491 559.819
60.5996 45.3499 75.6913 6.50258 559.61
60.6996 45.3258 75.9004 6.51023 559.401
60.7996 45.3016 76.1096 6.51788 559.192
60.8996 45.2774 76.3191 6.5255 558.982
60.9996 45.253 76.5287 6.53311 558.772
61.0996 45.2286 76.7386 6.54071 558.563
61.1996 45.2042 76.9486 6.54828 558.353
61.2996 45.1796 77.1589 6.55585 558.142
61.3996 45.155 77.3693 6.56339 557.932
61.4996 45.1304 77.58 6.57093 557.721
61.5996 45.1056 77.7908 6.57844 557.51
61.6996 45.0808 78.0019 6.58594 557.299
61.7996 45.056 78.2132 6.59343 557.088
61.8996 45.031 78.4246 6.6009 556.877
61.9996 45.006 78.6363 6.60835 556.665
62.0996 44.9809 78.8481 6.61579 556.453
62.1996 44.9558 79.0601 6.62321 556.241
62.2996 44.9306 79.2724 6.63062 556.029
62.3996 44.9053 79.4848 6.63801 555.816
62.4996 44.88 79.6974 6.64538 555.604
62.5996 44.8546 79.9103 6.65274 555.391
62.6996 44.8291 80.1233 6.66008 555.178
62.7996 44.8036 80.3365 6.66741 554.965
62.8996 44.778 80.5499 6.67472 554.751
62.9996 44.7523 80.7635 6.68201 554.538
63.0996 44.7266 80.9772 6.68929 554.324
63.1996 44.7008 81.1912 6.69655 554.11
63.2996 44.6749 81.4054 6.7038 553.896
63.3996 44.649 81.6197 6.71103 553.681
63.4996 44.6231 81.8342 6.71824 553.467
63.5996 44.597 82.0489 6.72544 553.252
63.6996 44.5709 82.2638 6.73262 553.037
63.7996 44.5447 82.4789 6.73979 552.822
63.8996 44.5185 82.6942 6.74693 552.607
63.9996 44.4922 82.9097 6.75407 552.391
64.0996 44.4659 83.1253 6.76118 552.176
64.1996 44.4395 83.3411 6.76828 551.96
64.2996 44.413 83.5571 6.77537 551.744
64.3996 44.3865 83.7733 6.78243 551.528
64.4996 44.3599 83.9897 6.78948 551.311
64.5996 44.3332 84.2062 6.79652 551.095
64.6996 44.3065 84.423 6.80353 550.878
64.7996 44.2798 84.6399 6.81054 550.661
64.8996 44.2529 84.857 6.81752 550.444
64.9996 44.2261 85.0742 6.82449 550.227
65.0996 44.1991 85.2917 6.83144 550.009
65.1996 44.1721 85.5093 6.83837 549.792
65.2996 44.145 85.7271 6.84529 549.574
65.3996 44.1179 85.945 6.85219 549.356
65.4996 44.0908 86.1632 6.85908 549.138
65.5996 44.0635 86.3815 6.86594 548.92
65.6996 44.0362 86.6 6.87279 548.701
65.7996 44.0089 86.8186 6.87963 548.483
65.8996 43.9815 87.0375 6.88645 548.264
65.9996 43.954 87.2565 6.89325 548.045
66.0996 43.9265 87.4756 6.90003 547.826
66.1996 43.899 87.695 6.9068 547.606
66.2996 43.8713 87.9145 6.91355 547.387
66.3996 43.8437 88.1342 6.92028 547.167
66.4996 43.8159 88.354 6.927 546.947
66.5996 43.7881 88.574 6.93369 546.727
66.6996 43.7603 88.7942 6.94038 546.507
66.7996 43.7324 89.0145 6.94704 546.287
66.8996 43.7044 89.235 6.95369 546.066
66.9995 43.6764 89.4557 6.96032 545.845
67.0995 43.6484 89.6766 6.96693 545.625
67.1995 43.6203 89.8976 6.97353 545.404
67.2995 43.5921 90.1187 6.98011 545.182
67.3995 43.5639 90.34 6.98667 544.961
67.4995 43.5356 90.5615 6.99321 544.74
67.5995 43.5073 90.7832 6.99974 544.518
67.6995 43.4789 91.005 7.00625 544.296
67.7995 43.4505 91.2269 7.01274 544.074
67.8995 43.422 91.4491 7.01922 543.852
67.9995 43.3935 91.6713 7.02568 543.63
68.0995 43.3649 91.8938 7.03212 543.407
68.1995 43.3363 92.1164 7.03854 543.185
68.2995 43.3076 92.3391 7.04495 542.962
68.3995 43.2789 92.562 7.05133 542.739
68.4995 43.2501 92.7851 7.0577 542.516
68.5995 43.2213 93.0083 7.06406 542.293
68.6995 43.1924 93.2316 7.07039 542.07
68.7995 43.1635 93.4552 7.07671 541.846
68.8995 43.1345 93.6788 7.08301 541.622
68.9995 43.1055 93.9026 7.08929 541.399
69.0995 43.0764 94.1266 7.09556 541.175
69.1995 43.0473 94.3507 7.10181 540.95
69.2995 43.0181 94.575 7.10803 540.726
69.3995 42.9889 94.7994 7.11425 540.502
69.4995 42.9596 95.024 7.12044 540.277
69.5995 42.9303 95.2487 7.12662 540.052
69.6995 42.9009 95.4735 7.13277 539.828
69.7995 42.8715 95.6985 7.13891 539.603
69.8995 42.842 95.9236 7.14504 539.377
69.9995 42.8125 96.1489 7.15114 539.152
70.0995 42.783 96.3744 7.15723 538.927
70.1995 42.7534 96.5999 7.1633 538.701
70.2995 42.7237 96.8256 7.16935 538.476
70.3995 42.694 97.0515 7.17538 538.25
70.4995 42.6643 97.2775 7.18139 538.024
70.5995 42.6345 97.5036 7.18739 537.798
70.6995 42.6047 97.7299 7.19337 537.571
70.7995 42.5748 97.9563 7.19933 537.345
70.8995 42.5448 98.1829 7.20527 537.118
70.9995 42.5149 98.4095 7.2112 536.892
71.0995 42.4849 98.6364 7.2171 536.665
71.1995 42.4548 98.8633 7.22299 536.438
71.2995 42.4247 99.0904 7.22886 536.211
71.3995 42.3946 99.3176 7.23471 535.984
71.4995 42.3644 99.545 7.24054 535.756
71.5995 42.3341 99.7725 7.24635 535.529
71.6995 42.3038 100 7.25215 535.301
71.7995 42.2735 100.228 7.25793 535.073
71.8995 42.2432 100.456 7.26369 534.845
71.9995 42.2127 100.684 7.26943 534.617
72.0995 42.1823 100.912 7.27515 534.389
72.1995 42.1518 101.14 7.28085 534.161
72.2995 42.1213 101.369 7.28654 533.933
72.3995 42.0907 101.597 7.2922 533.704
72.4995 42.06 101.826 7.29785 533.475
72.5995 42.0294 102.055 7.30348 533.247
72.6995 41.9987 102.283 7.30909 533.018
72.7995 41.9679 102.513 7.31468 532.789
72.8995 41.9371 102.742 7.32026 532.559
72.9995 41.9063 102.971 7.32581 532.33
73.0995 41.8754 103.2 7.33135 532.101
73.1995 41.8445 103.43 7.33686 531.871
73.2995 41.8135 103.66 7.34236 531.642
73.3995 41.7825 103.889 7.34784 531.412
73.4995 41.7515 104.119 7.3533 531.182
73.5994 41.7204 104.349 7.35874 530.952
73.6994 41.6893 104.579 7.36417 530.722
73.7994 41.6582 104.81 7.36957 530.492
73.8994 41.627 105.04 7.37495 530.261
73.9994 41.5957 105.27 7.38032 530.031
74.0994 41.5644 105.501 7.38567 529.8
74.1994 41.5331 105.732 7.391 529.569
74.2994 41.5018 105.962 7.3963 529.339
74.3994 41.4704 106.193 7.40159 529.108
74.4994 41.4389 106.424 7.40686 528.877
74.5994 41.4074 106.656 7.41212 528.646
74.6994 41.3759 106.887 7.41735 528.414
74.7994 41.3444 107.118 7.42256 528.183
74.8994 41.3128 107.35 7.42775 527.951
74.9994 41.2812 107.581 7.43293 527.72
75.0994 41.2495 107.813 7.43808 527.488
75.1994 41.2178 108.045 7.44322 527.256
75.2994 41.186 108.277 7.44834 527.024
75.3994 41.1543 108.509 7.45343 526.792
75.4994 41.1224 108.741 7.45851 526.56
75.5994 41.0906 108.973 7.46357 526.328
75.6994 41.0587 109.205 7.46861 526.096
75.7994 41.0268 109.438 7.47363 525.863
75.8994 40.9948 109.67 7.47863 525.631
75.9994 40.9628 109.903 7.48361 525.398
76.0994 40.9307 110.136 7.48857 525.165
76.1994 40.8987 110.369 7.49351 524.932
76.2994 40.8666 110.602 7.49843 524.699
76.3994 40.8344 110.835 7.50334 524.466
76.4994 40.8022 111.068 7.50822 524.233
76.5994 40.77 111.301 7.51308 524
76.6994 40.7377 111.534 7.51793 523.767
76.7994 40.7054 111.768 7.52275 523.533
76.8994 40.6731 112.001 7.52755 523.3
76.9994 40.6408 112.235 7.53234 523.066
77.0994 40.6084 112.469 7.5371 522.832
77.1994 40.5759 112.703 7.54185 522.599
77.2994 40.5435 112.936 7.54657 522.365
77.3994 40.5109 113.17 7.55128 522.131
77.4994 40.4784 113.405 7.55596 521.897
77.5994 40.4458 113.639 7.56063 521.662
77.6994 40.4132 113.873 7.56527 521.428
77.7994 40.3806 114.107 7.5699 521.194
77.8994 40.3479 114.342 7.5745 520.959
77.9994 40.3152 114.576 7.57909 520.725
78.0994 40.2825 114.811 7.58365 520.49
78.1994 40.2497 115.046 7.5882 520.255
78.2994 40.2169 115.28 7.59272 520.021
78.3994 40.184 115.515 7.59722 519.786
78.4994 40.1512 115.75 7.60171 519.551
78.5994 40.1182 115.985 7.60617 519.316
78.6994 40.0853 116.22 7.61062 519.081
78.7994 40.0523 116.456 7.61504 518.845
78.8994 40.0193 116.691 7.61944 518.61
78.9994 39.9863 116.926 7.62383 518.375
79.0994 39.9532 117.162 7.62819 518.139
79.1994 39.9201 117.397 7.63253 517.904
79.2994 39.887 117.633 7.63686 517.668
79.3994 39.8538 117.869 7.64116 517.432
79.4994 39.8206 118.104 7.64544 517.197
79.5994 39.7874 118.34 7.6497 516.961
79.6994 39.7541 118.576 7.65394 516.725
79.7994 39.7208 118.812 7.65816 516.489
79.8994 39.6875 119.048 7.66236 516.253
79.9994 39.6541 119.284 7.66654 516.017
80.0993 39.6207 119.521 7.6707 515.781
80.1993 39.5873 119.757 7.67484 515.544
80.2993 39.5538 119.993 7.67895 515.308
80.3993 39.5204 120.23 7.68305 515.071
80.4993 39.4868 120.466 7.68712 514.835
80.5993 39.4533 120.703 7.69118 514.598
80.6993 39.4197 120.939 7.69521 514.362
80.7993 39.3861 121.176 7.69923 514.125
80.8993 39.3525 121.413 7.70322 513.888
80.9993 39.3188 121.65 7.70719 513.651
81.0993 39.2851 121.887 7.71114 513.415
81.1993 39.2514 122.124 7.71507 513.178
81.2993 39.2176 122.361 7.71898 512.941
81.3993 39.1838 122.598 7.72287 512.703
81.4993 39.15 122.835 7.72674 512.466
81.5993 39.1162 123.072 7.73059 512.229
81.6993 39.0823 123.309 7.73441 511.992
81.7993 39.0484 123.547 7.73822 511.755
81.8993 39.0145 123.784 7.742 511.517
81.9993 38.9805 124.021 7.74576 511.28
82.0993 38.9465 124.259 7.74951 511.042
82.1993 38.9125 124.497 7.75323 510.805
82.2993 38.8784 124.734 7.75693 510.567
82.3993 38.8444 124.972 7.7606 510.329
82.4993 38.8103 125.21 7.76426 510.092
82.5993 38.7761 125.447 7.7679 509.854
82.6993 38.742 125.685 7.77151 509.616
82.7993 38.7078 125.923 7.77511 509.378
82.8993 38.6736 126.161 7.77868 509.14
82.9993 38.6393 126.399 7.78223 508.902
83.0993 38.605 126.637 7.78576 508.664
83.1993 38.5707 126.875 7.78927 508.426
83.2993 38.5364 127.113 7.79275 508.188
83.3993 38.502 127.352 7.79622 507.949
83.4993 38.4677 127.59 7.79966 507.711
83.5993 38.4333 127.828 7.80309 507.473
83.6993 38.3988 128.067 7.80649 507.235
83.7993 38.3643 128.305 7.80987 506.996
83.8993 38.3299 128.543 7.81322 506.758
83.9993 38.2953 128.782 7.81656 506.519
84.0993 38.2608 129.02 7.81988 506.281
84.1993 38.2262 129.259 7.82317 506.042
84.2993 38.1916 129.498 7.82644 505.804
84.3993 38.157 129.736 7.82969 505.565
84.4993 38.1223 129.975 7.83292 505.326
84.5993 38.0877 130.214 7.83613 505.087
84.6993 38.053 130.452 7.83931 504.849
84.7993 38.0182 130.691 7.84247 504.61
84.8993 37.9835 130.93 7.84562 504.371
84.9993 37.9487 131.169 7.84874 504.132
85.0993 37.9139 131.408 7.85183 503.893
85.1993 37.879 131.647 7.85491 503.654
85.2993 37.8442 131.886 7.85796 503.415
85.3993 37.8093 132.125 7.861 503.176
85.4993 37.7744 132.364 7.86401 502.937
85.5993 37.7394 132.603 7.86699 502.698
85.6993 37.7045 132.842 7.86996 502.459
85.7993 37.6695 133.081 7.87291 502.22
85.8993 37.6345 133.321 7.87583 501.981
85.9993 37.5995 133.56 7.87873 501.741
86.0993 37.5644 133.799 7.88161 501.502
86.1993 37.5293 134.038 7.88446 501.263
86.2993 37.4942 134.278 7.8873 501.023
86.3993 37.4591 134.517 7.89011 500.784
86.4993 37.4239 134.756 7.8929 500.545
86.5993 37.3887 134.996 7.89567 500.305
86.6992 37.3535 135.235 7.89841 500.066
86.7992 37.3183 135.475 7.90113 499.827
86.8992 37.283 135.714 7.90384 499.587
86.9992 37.2477 135.954 7.90651 499.348
87.0992 37.2124 136.193 7.90917 499.108
87.1992 37.1771 136.433 7.9118 498.869
87.2992 37.1418 136.672 7.91442 498.629
87.3992 37.1064 136.912 7.91701 498.389
87.4992 37.071 137.151 7.91957 498.15
87.5992 37.0356 137.391 7.92212 497.91
87.6992 37.0001 137.63 7.92464 497.671
87.7992 36.9646 137.87 7.92714 497.431
87.8992 36.9292 138.11 7.92962 497.191
87.9992 36.8936 138.349 7.93207 496.952
88.0992 36.8581 138.589 7.9345 496.712
88.1992 36.8225 138.829 7.93691 496.472
88.2992 36.787 139.069 7.9393 496.233
88.3992 36.7513 139.308 7.94166 495.993
88.4992 36.7157 139.548 7.94401 495.753
88.5992 36.6801 139.788 7.94632 495.513
88.6992 36.6444 140.027 7.94862 495.274
88.7992 36.6087 140.267 7.95089 495.034
88.8992 36.573 140.507 7.95315 494.794
88.9992 36.5372 140.747 7.95537 494.554
89.0992 36.5015 140.987 7.95758 494.315
89.1992 36.4657 141.226 7.95976 494.075
89.2992 36.4299 141.466 7.96192 493.835
89.3992 36.394 141.706 7.96406 493.595
89.4992 36.3582 141.946 7.96617 493.355
89.5992 36.3223 142.186 7.96826 493.116
89.6992 36.2864 142.425 7.97033 492.876
89.7992 36.2505 142.665 7.97238 492.636
89.8992 36.2146 142.905 7.9744 492.396
89.9992 36.1786 143.145 7.9764 492.156
90.0992 36.1426 143.385 7.97838 491.916
90.1992 36.1066 143.624 7.98033 491.677
90.2992 36.0706 143.864 7.98226 491.437
90.3992 36.0345 144.104 7.98417 491.197
90.4992 35.9985 144.344 7.98605 490.957
90.5992 35.9624 144.584 7.98791 490.717
90.6992 35.9263 144.824 7.98975 490.478
90.7992 35.8902 145.063 7.99157 490.238
90.8992 35.854 145.303 7.99336 489.998
90.9992 35.8178 145.543 7.99513 489.758
91.0992 35.7816 145.783 7.99687 489.518
91.1992 35.7454 146.022 7.99859 489.279
91.2992 35.7092 146.262 8.00029 489.039
91.3992 35.6729 146.502 8.00197 488.799
91.4992 35.6367 146.742 8.00362 488.559
91.5992 35.6004 146.981 8.00525 488.32
91.6992 35.5641 147.221 8.00685 488.08
91.7992 35.5277 147.461 8.00844 487.84
91.8992 35.4914 147.701 8.00999 487.601
91.9992 35.455 147.94 8.01153 487.361
92.0992 35.4186 148.18 8.01304 487.121
92.1992 35.3822 148.42 8.01453 486.882
92.2992 35.3458 148.659 8.01599 486.642
92.3992 35.3093 148.899 8.01744 486.402
92.4992 35.2728 149.138 8.01885 486.163
92.5992 35.2363 149.378 8.02025 485.923
92.6992 35.1998 149.618 8.02162 485.684
92.7992 35.1633 149.857 8.02297 485.444
92.8992 35.1268 150.097 8.02429 485.204
92.9992 35.0902 150.336 8.02559 484.965
93.0992 35.0536 150.576 8.02686 484.725
93.1992 35.017 150.815 8.02812 484.486
93.2991 34.9804 151.055 8.02935 484.247
93.3991 34.9437 151.294 8.03055 484.007
93.4991 34.907 151.533 8.03173 483.768
93.5991 34.8704 151.773 8.03289 483.528
93.6991 34.8337 152.012 8.03402 483.289
93.7991 34.7969 152.251 8.03513 483.05
93.8991 34.7602 152.491 8.03622 482.81
93.9991 34.7234 152.73 8.03728 482.571
94.0991 34.6867 152.969 8.03832 482.332
94.1991 34.6499 153.208 8.03933 482.093
94.2991 34.6131 153.447 8.04032 481.854
94.3991 34.5762 153.687 8.04129 481.615
94.4991 34.5394 153.926 8.04223 481.375
94.5991 34.5025 154.165 8.04315 481.136
94.6991 34.4656 154.404 8.04405 480.897
94.7991 34.4287 154.643 8.04492 480.658
94.8991 34.3918 154.882 8.04576 480.419
94.9991 34.3549 155.121 8.04659 480.18
95.0991 34.3179 155.36 8.04738 479.942
95.1991 34.2809 155.598 8.04816 479.703
95.2991 34.2439 155.837 8.04891 479.464
95.3991 34.2069 156.076 8.04963 479.225
95.4991 34.1699 156.315 8.05034 478.986
95.5991 34.1328 156.553 8.05101 478.748
95.6991 34.0958 156.792 8.05167 478.509
95.7991 34.0587 157.031 8.0523 478.27
95.8991 34.0216 157.269 8.0529 478.032
95.9991 33.9845 157.508 8.05348 477.793
96.0991 33.9473 157.746 8.05404 477.555
96.1991 33.9102 157.985 8.05457 477.316
96.2991 33.873 158.223 8.05508 477.078
96.3991 33.8358 158.461 8.05556 476.84
96.4991 33.7986 158.7 8.05602 476.601
96.5991 33.7614 158.938 8.05645 476.363
96.6991 33.7242 159.176 8.05686 476.125
96.7991 33.6869 159.414 8.05725 475.887
96.8991 33.6497 159.653 8.05761 475.649
96.9991 33.6124 159.891 8.05795 475.411
97.0991 33.5751 160.129 8.05826 475.173
97.1991 33.5378 160.367 8.05855 474.935
97.2991 33.5004 160.604 8.05881 474.697
97.3991 33.4631 160.842 8.05905 474.459
97.4991 33.4257 161.08 8.05926 474.221
97.5991 33.3883 161.318 8.05945 473.983
97.6991 33.3509 161.556 8.05962 473.746
97.7991 33.3135 161.793 8.05976 473.508
97.8991 33.2761 162.031 8.05987 473.27
97.9991 33.2386 162.268 8.05996 473.033
98.0991 33.2012 162.506 8.06003 472.795
98.1991 33.1637 162.743 8.06007 472.558
98.2991 33.1262 162.98 8.06009 472.321
98.3991 33.0887 163.218 8.06008 472.083
98.4991 33.0511 163.455 8.06005 471.846
98.5991 33.0136 163.692 8.05999 471.609
98.6991 32.976 163.929 8.05991 471.372
98.7991 32.9385 164.166 8.0598 471.135
98.8991 32.9009 164.403 8.05967 470.898
98.9991 32.8633 164.64 8.05951 470.661
99.0991 32.8256 164.877 8.05933 470.424
99.1991 32.788 165.114 8.05912 470.187
99.2991 32.7503 165.35 8.05889 469.951
99.3991 32.7127 165.587 8.05864 469.714
99.4991 32.675 165.824 8.05835 469.478
99.5991 32.6373 166.06 8.05805 469.241
99.6991 32.5996 166.297 8.05772 469.005
99.799 32.5618 166.533 8.05736 468.768
99.899 32.5241 166.769 8.05698 468.532
99.999 32.4863 167.005 8.05657 468.296
100.099 32.4486 167.242 8.05614 468.06
100.199 32.4108 167.478 8.05569 467.824
100.299 32.373 167.714 8.0552 467.588
100.399 32.3351 167.95 8.0547 467.352
100.499 32.2973 168.185 8.05417 467.116
100.599 32.2595 168.421 8.05361 466.88
100.699 32.2216 168.657 8.05303 466.644
100.799 32.1837 168.892 8.05242 466.409
100.899 32.1458 169.128 8.05179 466.173
100.999 32.1079 169.363 8.05113 465.938
101.099 32.07 169.599 8.05045 465.702
101.199 32.0321 169.834 8.04974 465.467
101.299 31.9941 170.069 8.049 465.232
101.399 31.9562 170.304 8.04825 464.997
101.499 31.9182 170.539 8.04746 464.762
101.599 31.8802 170.774 8.04665 464.527
101.699 31.8422 171.009 8.04582 464.292
101.799 31.8042 171.244 8.04496 464.057
101.899 31.7661 171.479 8.04407 463.822
101.999 31.7281 171.713 8.04316 463.588
102.099 31.69 171.948 8.04222 463.353
102.199 31.6519 172.182 8.04126 463.119
102.299 31.6138 172.417 8.04028 462.884
102.399 31.5757 172.651 8.03926 462.65
102.499 31.5376 172.885 8.03823 462.416
102.599 31.4995 173.119 8.03716 462.182
102.699 31.4613 173.353 8.03607 461.948
102.799 31.4232 173.587 8.03496 461.714
102.899 31.385 173.821 8.03382 461.48
102.999 31.3468 174.055 8.03265 461.246
103.099 31.3086 174.288 8.03146 461.013
103.199 31.2704 174.522 8.03024 460.779
103.299 31.2322 174.755 8.029 460.546
103.399 31.1939 174.989 8.02773 460.312
103.499 31.1557 175.222 8.02644 460.079
103.599 31.1174 175.455 8.02512 459.846
103.699 31.0791 175.688 8.02378 459.613
103.799 31.0409 175.921 8.02241 459.38
103.899 31.0025 176.154 8.02101 459.147
103.999 30.9642 176.387 8.01959 458.914
104.099 30.9259 176.619 8.01814 458.682
104.199 30.8875 176.852 8.01667 458.449
104.299 30.8492 177.084 8.01517 458.217
104.399 30.8108 177.317 8.01364 457.984
104.499 30.7724 177.549 8.01209 457.752
104.599 30.734 177.781 8.01051 457.52
104.699 30.6956 178.013 8.00891 457.288
104.799 30.6572 178.245 8.00728 457.056
104.899 30.6188 178.477 8.00563 456.824
104.999 30.5803 178.709 8.00395 456.593
105.099 30.5419 178.94 8.00224 456.361
105.199 30.5034 179.172 8.00051 456.13
105.299 30.4649 179.403 7.99876 455.898
105.399 30.4264 179.634 7.99697 455.667
105.499 30.3879 179.865 7.99516 455.436
105.599 30.3494 180.096 7.99333 455.205
105.699 30.3108 180.327 7.99147 454.974
105.799 30.2723 180.558 7.98958 454.743
105.899 30.2337 180.789 7.98767 454.512
105.999 30.1952 181.019 7.98573 454.282
106.099 30.1566 181.25 7.98376 454.051
106.199 30.118 181.48 7.98177 453.821
106.299 30.0794 181.711 7.97975 453.591
106.399 30.0408 181.941 7.97771 453.36
106.499 30.0021 182.171 7.97564 453.13
106.599 29.9635 182.401 7.97354 452.901
106.699 29.9248 182.63 7.97142 452.671
106.799 29.8862 182.86 7.96927 452.441
106.899 29.8475 183.09 7.9671 452.212
106.999 29.8088 183.319 7.9649 451.982
107.099 29.7701 183.548 7.96267 451.753
107.199 29.7314 183.777 7.96042 451.524
107.299 29.6927 184.006 7.95814 451.295
107.399 29.6539 184.235 7.95584 451.066
107.499 29.6152 184.464 7.95351 450.837
107.599 29.5764 184.693 7.95115 450.608
107.699 29.5376 184.921 7.94877 450.38
107.799 29.4989 185.15 7.94636 450.151
107.899 29.4601 185.378 7.94392 449.923
107.999 29.4213 185.606 7.94146 449.695
108.099 29.3824 185.834 7.93897 449.467
108.199 29.3436 186.062 7.93646 449.239
108.299 29.3048 186.29 7.93392 449.011
108.399 29.2659 186.517 7.93135 448.784
108.499 29.2271 186.745 7.92876 448.556
108.599 29.1882 186.972 7.92614 448.329
108.699 29.1493 187.199 7.92349 448.102
108.799 29.1104 187.427 7.92082 447.875
108.899 29.0715 187.654 7.91812 447.648
108.999 29.0326 187.88 7.91539 447.421
109.099 28.9937 188.107 7.91264 447.194
109.199 28.9547 188.334 7.90986 446.968
109.299 28.9158 188.56 7.90706 446.741
109.399 28.8768 188.786 7.90423 446.515
109.499 28.8378 189.012 7.90137 446.289
109.599 28.7989 189.238 7.89849 446.063
109.699 28.7599 189.464 7.89558 445.837
109.799 28.7209 189.69 7.89264 445.611
109.899 28.6818 189.916 7.88968 445.386
109.999 28.6428 190.141 7.88669 445.16
110.099 28.6038 190.366 7.88367 444.935
110.199 28.5647 190.591 7.88063 444.71
110.299 28.5257 190.816 7.87756 444.485
110.399 28.4866 191.041 7.87446 444.26
110.499 28.4475 191.266 7.87134 444.035
110.599 28.4084 191.491 7.86819 443.811
110.699 28.3694 191.715 7.86501 443.586
110.799 28.3302 191.939 7.86181 443.362
110.899 28.2911 192.163 7.85858 443.138
110.999 28.252 192.387 7.85533 442.914
111.099 28.2129 192.611 7.85205 442.69
111.199 28.1737 192.835 7.84874 442.466
111.299 28.1345 193.058 7.8454 442.243
111.399 28.0954 193.282 7.84204 442.019
111.499 28.0562 193.505 7.83865 441.796
111.599 28.017 193.728 7.83524 441.573
111.699 27.9778 193.951 7.8318 441.35
111.799 27.9386 194.174 7.82833 441.128
111.899 27.8994 194.396 7.82483 440.905
111.999 27.8601 194.619 7.82131 440.682
112.099 27.8209 194.841 7.81776 440.46
112.199 27.7817 195.063 7.81419 440.238
112.299 27.7424 195.285 7.81059 440.016
112.399 27.7031 195.507 7.80696 439.794
112.499 27.6638 195.728 7.8033 439.573
112.599 27.6246 195.95 7.79962 439.351
112.699 27.5853 196.171 7.79591 439.13
112.799 27.546 196.392 7.79218 438.909
112.899 27.5066 196.613 7.78842 438.688
112.999 27.4673 196.834 7.78463 438.467
113.099 27.428 197.055 7.78081 438.246
113.199 27.3886 197.275 7.77697 438.026
113.299 27.3493 197.496 7.7731 437.805
113.399 27.3099 197.716 7.76921 437.585
113.499 27.2705 197.936 7.76528 437.365
113.599 27.2311 198.156 7.76133 437.145
113.699 27.1917 198.376 7.75736 436.926
113.799 27.1523 198.595 7.75335 436.706
113.899 27.1129 198.814 7.74932 436.487
113.999 27.0735 199.034 7.74527 436.268
114.099 27.0341 199.253 7.74118 436.049
114.199 26.9946 199.471 7.73707 435.83
114.299 26.9552 199.69 7.73294 435.611
114.399 26.9157 199.909 7.72877 435.393
114.499 26.8763 200.127 7.72458 435.174
114.599 26.8368 200.345 7.72036 434.956
114.699 26.7973 200.563 7.71612 434.738
114.799 26.7578 200.781 7.71185 434.52
114.899 26.7183 200.998 7.70755 434.303
114.999 26.6788 201.216 7.70322 434.085
115.099 26.6393 201.433 7.69887 433.868
115.199 26.5997 201.65 7.69449 433.651
115.299 26.5602 201.867 7.69008 433.434
115.399 26.5207 202.084 7.68565 433.217
115.499 26.4811 202.3 7.68119 433.001
115.599 26.4415 202.517 7.6767 432.784
115.699 26.402 202.733 7.67219 432.568
115.799 26.3624 202.949 7.66765 432.352
115.899 26.3228 203.165 7.66308 432.136
115.999 26.2832 203.38 7.65849 431.921
116.099 26.2436 203.596 7.65387 431.705
116.199 26.204 203.811 7.64922 431.49
116.299 26.1643 204.026 7.64454 431.275
116.399 26.1247 204.241 7.63984 431.06
116.499 26.0851 204.456 7.63511 430.845
116.599 26.0454 204.67 7.63035 430.631
116.699 26.0057 204.885 7.62557 430.416
116.799 25.9661 205.099 7.62076 430.202
116.899 25.9264 205.313 7.61592 429.988
116.999 25.8867 205.527 7.61106 429.774
117.099 25.847 205.74 7.60617 429.561
117.199 25.8073 205.954 7.60125 429.347
117.299 25.7676 206.167 7.5963 429.134
117.399 25.7279 206.38 7.59133 428.921
117.499 25.6882 206.593 7.58633 428.708
117.599 25.6484 206.805 7.58131 428.496
117.699 25.6087 207.018 7.57625 428.283
117.799 25.5689 207.23 7.57117 428.071
117.899 25.5292 207.442 7.56607 427.859
117.999 25.4894 207.654 7.56093 427.647
118.099 25.4496 207.866 7.55577 427.436
118.199 25.4099 208.077 7.55058 427.224
118.299 25.3701 208.288 7.54537 427.013
118.399 25.3303 208.499 7.54013 426.802
118.499 25.2905 208.71 7.53486 426.591
118.599 25.2506 208.921 7.52956 426.38
118.699 25.2108 209.131 7.52424 426.17
118.799 25.171 209.342 7.51889 425.96
118.899 25.1311 209.552 7.51351 425.75
118.999 25.0913 209.761 7.50811 425.54
119.099 25.0514 209.971 7.50267 425.33
119.199 25.0116 210.181 7.49722 425.121
119.299 24.9717 210.39 7.49173 424.911
119.399 24.9318 210.599 7.48622 424.702
119.499 24.892 210.808 7.48068 424.493
119.599 24.8521 211.016 7.47511 424.285
119.699 24.8122 211.225 7.46952 424.076
119.799 24.7722 211.433 7.4639 423.868
119.899 24.7323 211.641 7.45825 423.66
119.999 24.6924 211.849 7.45258 423.452
120.099 24.6525 212.056 7.44687 423.245
120.199 24.6125 212.264 7.44115 423.037
120.299 24.5726 212.471 7.43539 422.83
120.399 24.5326 212.678 7.42961 422.623
120.499 24.4927 212.885 7.4238 422.417
120.599 24.4527 213.091 7.41796 422.21
120.699 24.4127 213.297 7.4121 422.004
120.799 24.3728 213.504 7.40621 421.798
120.899 24.3328 213.709 7.40029 421.592
120.999 24.2928 213.915 7.39434 421.386
121.099 24.2528 214.121 7.38837 421.181
121.199 24.2128 214.326 7.38237 420.975
121.299 24.1727 214.531 7.37635 420.77
121.399 24.1327 214.736 7.37029 420.565
121.499 24.0927 214.94 7.36421 420.361
121.599 24.0526 215.145 7.35811 420.156
121.699 24.0126 215.349 7.35197 419.952
121.799 23.9725 215.553 7.34581 419.748
121.899 23.9325 215.756 7.33962 419.545
121.999 23.8924 215.96 7.33341 419.341
122.099 23.8523 216.163 7.32717 419.138
122.199 23.8122 216.366 7.3209 418.935
122.299 23.7722 216.569 7.3146 418.732
122.399 23.7321 216.772 7.30828 418.529
122.499 23.692 216.974 7.30193 418.327
122.599 23.6518 217.176 7.29555 418.125
122.699 23.6117 217.378 7.28915 417.923
122.799 23.5716 217.58 7.28272 417.721
122.899 23.5315 217.781 7.27626 417.52
122.999 23.4913 217.983 7.26978 417.319
123.099 23.4512 218.184 7.26327 417.118
123.199 23.411 218.384 7.25673 416.917
123.299 23.3709 218.585 7.25016 416.716
123.399 23.3307 218.785 7.24357 416.516
123.499 23.2905 218.985 7.23695 416.316
123.599 23.2504 219.185 7.2303 416.116
123.699 23.2102 219.385 7.22363 415.916
123.799 23.17 219.584 7.21693 415.717
123.899 23.1298 219.783 7.2102 415.518
123.999 23.0896 219.982 7.20345 415.319
124.099 23.0494 220.181 7.19667 415.12
124.199 23.0092 220.38 7.18986 414.922
124.299 22.9689 220.578 7.18303 414.723
124.399 22.9287 220.776 7.17616 414.525
124.499 22.8885 220.974 7.16928 414.328
124.599 22.8482 221.171 7.16236 414.13
124.699 22.808 221.368 7.15542 413.933
124.799 22.7677 221.565 7.14845 413.736
124.899 22.7274 221.762 7.14145 413.539
124.999 22.6872 221.959 7.13443 413.342
125.099 22.6469 222.155 7.12738 413.146
125.199 22.6066 222.351 7.1203 412.95
125.299 22.5663 222.547 7.1132 412.754
125.399 22.526 222.743 7.10607 412.558
125.499 22.4857 222.938 7.09891 412.363
125.599 22.4454 223.133 7.09173 412.168
125.699 22.4051 223.328 7.08452 411.973
125.799 22.3648 223.523 7.07728 411.778
125.899 22.3245 223.717 7.07002 411.584
125.999 22.2841 223.911 7.06273 411.39
126.099 22.2438 224.105 7.05541 411.196
126.199 22.2035 224.299 7.04807 411.002
126.299 22.1631 224.492 7.04069 410.809
126.399 22.1227 224.685 7.0333 410.616
126.499 22.0824 224.878 7.02587 410.423
126.599 22.042 225.071 7.01842 410.23
126.699 22.0016 225.263 7.01094 410.038
126.799 21.9613 225.456 7.00344 409.846
126.899 21.9209 225.647 6.99591 409.654
126.999 21.8805 225.839 6.98835 409.462
127.099 21.8401 226.031 6.98076 409.271
127.199 21.7997 226.222 6.97315 409.079
127.299 21.7593 226.413 6.96551 408.889
127.399 21.7189 226.603 6.95785 408.698
127.499 21.6784 226.794 6.95016 408.508
127.599 21.638 226.984 6.94244 408.317
127.699 21.5976 227.174 6.9347 408.128
127.799 21.5571 227.363 6.92692 407.938
127.899 21.5167 227.553 6.91913 407.749
127.999 21.4762 227.742 6.9113 407.559
128.099 21.4358 227.931 6.90345 407.371
128.199 21.3953 228.119 6.89557 407.182
128.299 21.3548 228.308 6.88767 406.994
128.399 21.3144 228.496 6.87974 406.805
128.499 21.2739 228.683 6.87178 406.618
128.599 21.2334 228.871 6.86379 406.43
128.699 21.1929 229.058 6.85578 406.243
128.799 21.1524 229.245 6.84775 406.056
128.899 21.1119 229.432 6.83968 405.869
128.999 21.0714 229.619 6.83159 405.682
129.099 21.0309 229.805 6.82348 405.496
129.199 20.9904 229.991 6.81533 405.31
129.299 20.9498 230.177 6.80716 405.124
129.399 20.9093 230.362 6.79897 404.939
129.499 20.8688 230.547 6.79074 404.754
129.599 20.8282 230.732 6.7825 404.569
129.699 20.7877 230.917 6.77422 404.384
129.799 20.7471 231.101 6.76592 404.2
129.899 20.7066 231.286 6.75759 404.016
129.999 20.666 231.469 6.74924 403.832
130.099 20.6254 231.653 6.74086 403.648
130.199 20.5848 231.836 6.73245 403.465
130.299 20.5443 232.019 6.72402 403.282
130.399 20.5037 232.202 6.71556 403.099
130.499 20.4631 232.385 6.70707 402.916
130.599 20.4225 232.567 6.69856 402.734
130.699 20.3819 232.749 6.69002 402.552
130.799 20.3413 232.931 6.68146 402.371
130.899 20.3007 233.112 6.67287 402.189
130.999 20.2601 233.293 6.66425 402.008
131.099 20.2194 233.474 6.65561 401.827
131.199 20.1788 233.655 6.64694 401.647
131.299 20.1382 233.835 6.63824 401.466
131.399 20.0975 234.015 6.62952 401.286
131.499 20.0569 234.195 6.62077 401.106
131.599 20.0162 234.374 6.612 400.927
131.699 19.9756 234.553 6.6032 400.748
131.799 19.9349 234.732 6.59438 400.569
131.899 19.8943 234.911 6.58552 400.39
131.999 19.8536 235.089 6.57665 400.212
132.099 19.8129 235.268 6.56774 400.034
132.199 19.7723 235.445 6.55881 399.856
132.299 19.7316 235.623 6.54986 399.678
132.399 19.6909 235.8 6.54088 399.501
132.499 19.6502 235.977 6.53187 399.324
132.599 19.6095 236.154 6.52284 399.147
132.699 19.5688 236.33 6.51378 398.971
132.799 19.5281 236.506 6.50469 398.795
132.899 19.4874 236.682 6.49558 398.619
132.999 19.4467 236.858 6.48644 398.443
133.099 19.4059 237.033 6.47728 398.268
133.199 19.3652 237.208 6.46809 398.093
133.299 19.3245 237.383 6.45888 397.918
133.399 19.2837 237.557 6.44964 397.744
133.499 19.243 237.731 6.44037 397.57
133.599 19.2023 237.905 6.43108 397.396
133.699 19.1615 238.079 6.42176 397.223
133.799 19.1208 238.252 6.41242 397.049
133.899 19.08 238.425 6.40305 396.876
133.999 19.0392 238.597 6.39366 396.704
134.099 18.9985 238.77 6.38424 396.531
134.199 18.9577 238.942 6.37479 396.359
134.299 18.9169 239.114 6.36532 396.187
134.399 18.8761 239.285 6.35583 396.016
134.499 18.8353 239.456 6.3463 395.845
134.599 18.7946 239.627 6.33676 395.674
134.699 18.7538 239.798 6.32718 395.503
134.799 18.713 239.968 6.31758 395.333
134.899 18.6722 240.138 6.30796 395.163
134.999 18.6313 240.308 6.29831 394.993
135.099 18.5905 240.478 6.28864 394.824
135.199 18.5497 240.647 6.27894 394.654
135.299 18.5089 240.816 6.26921 394.486
135.399 18.4681 240.984 6.25946 394.317
135.499 18.4272 241.152 6.24968 394.149
135.599 18.3864 241.32 6.23988 393.981
135.699 18.3456 241.488 6.23006 393.813
135.799 18.3047 241.655 6.2202 393.646
135.899 18.2639 241.822 6.21033 393.479
135.999 18.223 241.989 6.20042 393.312
136.099 18.1822 242.156 6.1905 393.145
136.199 18.1413 242.322 6.18054 392.979
136.299 18.1004 242.488 6.17057 392.813
136.399 18.0596 242.653 6.16056 392.648
136.499 18.0187 242.818 6.15054 392.483
136.599 17.9778 242.983 6.14048 392.318
136.699 17.9369 243.148 6.1304 392.153
136.799 17.896 243.312 6.1203 391.989
136.899 17.8551 243.476 6.11017 391.825
136.999 17.8142 243.64 6.10002 391.661
137.099 17.7733 243.804 6.08984 391.498
137.199 17.7324 243.967 6.07964 391.334
137.299 17.6915 244.129 6.06941 391.172
137.399 17.6506 244.292 6.05916 391.009
137.499 17.6097 244.454 6.04888 390.847
137.599 17.5688 244.616 6.03858 390.685
137.699 17.5279 244.778 6.02825 390.524
137.799 17.4869 244.939 6.0179 390.362
137.899 17.446 245.1 6.00752 390.201
137.999 17.4051 245.26 5.99712 390.041
138.099 17.3641 245.421 5.9867 389.88
138.199 17.3232 245.581 5.97625 389.72
138.299 17.2822 245.741 5.96577 389.561
138.399 17.2413 245.9 5.95527 389.401
138.499 17.2003 246.059 5.94475 389.242
138.599 17.1594 246.218 5.9342 389.083
138.699 17.1184 246.376 5.92363 388.925
138.799 17.0774 246.534 5.91303 388.767
138.899 17.0365 246.692 5.90241 388.609
138.999 16.9955 246.85 5.89176 388.451
139.099 16.9545 247.007 5.88109 388.294
139.199 16.9135 247.164 5.87039 388.137
139.299 16.8725 247.32 5.85967 387.981
139.399 16.8315 247.477 5.84893 387.825
139.499 16.7905 247.633 5.83816 387.669
139.599 16.7495 247.788 5.82737 387.513
139.699 16.7085 247.943 5.81655 387.358
139.799 16.6675 248.098 5.80571 387.203
139.899 16.6265 248.253 5.79485 387.048
139.999 16.5855 248.407 5.78396 386.894
140.099 16.5445 248.561 5.77305 386.74
140.199 16.5035 248.715 5.76211 386.586
140.299 16.4624 248.868 5.75115 386.433
140.399 16.4214 249.021 5.74016 386.28
140.499 16.3804 249.174 5.72915 386.127
140.599 16.3393 249.327 5.71812 385.975
140.699 16.2983 249.479 5.70706 385.823
140.799 16.2573 249.63 5.69598 385.671
140.899 16.2162 249.782 5.68488 385.519
140.999 16.1752 249.933 5.67375 385.368
141.099 16.1341 250.084 5.6626 385.217
141.199 16.0931 250.234 5.65142 385.067
141.299 16.052 250.384 5.64022 384.917
141.399 16.0109 250.534 5.629 384.767
141.499 15.9699 250.684 5.61775 384.618
141.599 15.9288 250.833 5.60648 384.468
141.699 15.8877 250.981 5.59519 384.32
141.799 15.8466 251.13 5.58387 384.171
141.899 15.8055 251.278 5.57253 384.023
141.999 15.7645 251.426 5.56116 383.875
142.099 15.7234 251.573 5.54978 383.728
142.199 15.6823 251.721 5.53836 383.581
142.299 15.6412 251.867 5.52693 383.434
142.399 15.6001 252.014 5.51547 383.287
142.499 15.559 252.16 5.50399 383.141
142.6 15.5179 252.306 5.49249 382.995
142.7 15.4768 252.451 5.48096 382.85
142.8 15.4357 252.597 5.46941 382.705
142.9 15.3945 252.741 5.45783 382.56
143 15.3534 252.886 5.44623 382.415
143.1 15.3123 253.03 5.43461 382.271
143.2 15.2712 253.174 5.42297 382.127
143.3 15.23 253.318 5.4113 381.984
143.4 15.1889 253.461 5.39961 381.84
143.5 15.1478 253.604 5.3879 381.698
143.6 15.1066 253.746 5.37617 381.555
143.7 15.0655 253.888 5.36441 381.413
143.8 15.0243 254.03 5.35263 381.271
143.9 14.9832 254.171 5.34082 381.13
144 14.942 254.313 5.329 380.989
144.1 14.9009 254.453 5.31715 380.848
144.2 14.8597 254.594 5.30528 380.707
144.3 14.8186 254.734 5.29338 380.567
144.4 14.7774 254.874 5.28146 380.427
144.5 14.7362 255.013 5.26952 380.288
144.6 14.6951 255.152 5.25756 380.149
144.7 14.6539 255.291 5.24558 380.01
144.8 14.6127 255.43 5.23357 379.872
144.9 14.5715 255.568 5.22154 379.734
145 14.5303 255.705 5.20949 379.596
145.1 14.4892 255.843 5.19741 379.458
145.2 14.448 255.98 5.18532 379.321
145.3 14.4068 256.117 5.1732 379.185
145.4 14.3656 256.253 5.16106 379.048
145.5 14.3244 256.389 5.14889 378.912
145.6 14.2832 256.525 5.13671 378.777
145.7 14.242 256.66 5.1245 378.641
145.8 14.2008 256.795 5.11227 378.506
145.9 14.1595 256.93 5.10002 378.372
146 14.1183 257.064 5.08775 378.237
146.1 14.0771 257.198 5.07545 378.103
146.2 14.0359 257.331 5.06313 377.97
146.3 13.9947 257.465 5.0508 377.837
146.4 13.9534 257.598 5.03843 377.704
146.5 13.9122 257.73 5.02605 377.571
146.6 13.871 257.862 5.01365 377.439
146.7 13.8298 257.994 5.00122 377.307
146.8 13.7885 258.126 4.98877 377.176
146.9 13.7473 258.257 4.9763 377.044
147 13.706 258.388 4.96381 376.914
147.1 13.6648 258.518 4.9513 376.783
147.2 13.6235 258.648 4.93877 376.653
147.3 13.5823 258.778 4.92621 376.523
147.4 13.541 258.907 4.91363 376.394
147.5 13.4998 259.036 4.90104 376.265
147.6 13.4585 259.165 4.88842 376.136
147.7 13.4173 259.293 4.87578 376.008
147.8 13.376 259.421 4.86311 375.88
147.9 13.3347 259.549 4.85043 375.752
148 13.2934 259.676 4.83773 375.625
148.1 13.2522 259.803 4.825 375.498
148.2 13.2109 259.93 4.81226 375.371
148.3 13.1696 260.056 4.79949 375.245
148.4 13.1283 260.182 4.7867 375.119
148.5 13.0871 260.307 4.77389 374.994
148.6 13.0458 260.432 4.76106 374.869
148.7 13.0045 260.557 4.74821 374.744
148.8 12.9632 260.682 4.73534 374.62
148.9 12.9219 260.806 4.72245 374.495
149 12.8806 260.929 4.70953 374.372
149.1 12.8393 261.053 4.6966 374.248
149.2 12.798 261.176 4.68365 374.125
149.3 12.7567 261.298 4.67067 374.003
149.4 12.7154 261.421 4.65768 373.881
149.5 12.6741 261.542 4.64466 373.759
149.6 12.6328 261.664 4.63163 373.637
149.7 12.5914 261.785 4.61857 373.516
149.8 12.5501 261.906 4.60549 373.395
149.9 12.5088 262.027 4.5924 373.275
150 12.4675 262.147 4.57928 373.155
150.1 12.4261 262.266 4.56614 373.035
150.2 12.3848 262.386 4.55299 372.915
150.3 12.3435 262.505 4.53981 372.796
150.4 12.3022 262.623 4.52661 372.678
150.5 12.2608 262.742 4.51339 372.559
150.6 12.2195 262.86 4.50016 372.442
150.7 12.1781 262.977 4.4869 372.324
150.8 12.1368 263.094 4.47362 372.207
150.9 12.0955 263.211 4.46033 372.09
151 12.0541 263.328 4.44701 371.974
151.1 12.0128 263.444 4.43367 371.857
151.2 11.9714 263.559 4.42032 371.742
151.3 11.9301 263.675 4.40694 371.626
151.4 11.8887 263.79 4.39355 371.511
151.5 11.8473 263.904 4.38013 371.397
151.6 11.806 264.019 4.3667 371.282
151.7 11.7646 264.133 4.35325 371.169
151.8 11.7232 264.246 4.33978 371.055
151.9 11.6819 264.359 4.32628 370.942
152 11.6405 264.472 4.31277 370.829
152.1 11.5991 264.584 4.29924 370.717
152.2 11.5578 264.696 4.28569 370.605
152.3 11.5164 264.808 4.27213 370.493
152.4 11.475 264.919 4.25854 370.382
152.5 11.4336 265.03 4.24493 370.271
152.6 11.3922 265.141 4.23131 370.16
152.7 11.3508 265.251 4.21767 370.05
152.8 11.3094 265.361 4.204 369.94
152.9 11.2681 265.47 4.19032 369.831
153 11.2267 265.579 4.17662 369.722
153.1 11.1853 265.688 4.1629 369.613
153.2 11.1439 265.796 4.14917 369.505
153.3 11.1025 265.904 4.13541 369.397
153.4 11.0611 266.012 4.12164 369.289
153.5 11.0197 266.119 4.10784 369.182
153.6 10.9783 266.226 4.09403 369.075
153.7 10.9368 266.332 4.0802 368.969
153.8 10.8954 266.439 4.06635 368.863
153.9 10.854 266.544 4.05249 368.757
154 10.8126 266.65 4.0386 368.652
154.1 10.7712 266.755 4.0247 368.547
154.2 10.7298 266.859 4.01078 368.442
154.3 10.6883 266.963 3.99684 368.338
154.4 10.6469 267.067 3.98289 368.234
154.5 10.6055 267.171 3.96891 368.131
154.6 10.5641 267.274 3.95492 368.028
154.7 10.5226 267.376 3.94091 367.925
154.8 10.4812 267.479 3.92689 367.823
154.9 10.4398 267.581 3.91284 367.721
155 10.3983 267.682 3.89878 367.619
155.1 10.3569 267.783 3.8847 367.518
155.2 10.3155 267.884 3.8706 367.417
155.3 10.274 267.984 3.85649 367.317
155.4 10.2326 268.085 3.84235 367.217
155.5 10.1911 268.184 3.8282 367.117
155.6 10.1497 268.283 3.81404 367.018
155.7 10.1082 268.382 3.79985 366.919
155.8 10.0668 268.481 3.78565 366.82
155.9 10.0253 268.579 3.77143 366.722
156 9.98388 268.677 3.7572 366.624
156.1 9.94242 268.774 3.74294 366.527
156.2 9.90096 268.871 3.72867 366.43
156.3 9.8595 268.968 3.71439 366.334
156.4 9.81804 269.064 3.70008 366.237
156.5 9.77657 269.16 3.68576 366.142
156.6 9.73511 269.255 3.67143 366.046
156.7 9.69364 269.35 3.65707 365.951
156.8 9.65217 269.445 3.6427 365.856
156.9 9.6107 269.539 3.62832 365.762
157 9.56922 269.633 3.61391 365.668
157.1 9.52775 269.727 3.5995 365.575
157.2 9.48627 269.82 3.58506 365.481
157.3 9.44479 269.912 3.57061 365.389
157.4 9.40331 270.005 3.55614 365.296
157.5 9.36183 270.097 3.54166 365.204
157.6 9.32034 270.188 3.52716 365.113
157.7 9.27886 270.28 3.51264 365.022
157.8 9.23737 270.37 3.49811 364.931
157.9 9.19588 270.461 3.48356 364.84
158 9.15439 270.551 3.46899 364.75
158.1 9.1129 270.64 3.45441 364.661
158.2 9.0714 270.73 3.43982 364.571
158.3 9.0299 270.819 3.42521 364.483
158.4 8.98841 270.907 3.41058 364.394
158.5 8.94691 270.995 3.39594 364.306
158.6 8.9054 271.083 3.38128 364.218
158.7 8.8639 271.17 3.3666 364.131
158.8 8.8224 271.257 3.35192 364.044
158.9 8.78089 271.344 3.33721 363.958
159.001 8.73938 271.43 3.32249 363.871
159.101 8.69787 271.516 3.30776 363.786
159.201 8.65636 271.601 3.29301 363.7
159.301 8.61485 271.686 3.27824 363.615
159.401 8.57333 271.77 3.26346 363.531
159.501 8.53182 271.855 3.24867 363.447
159.601 8.4903 271.938 3.23386 363.363
159.701 8.44878 272.022 3.21903 363.279
159.801 8.40726 272.105 3.20419 363.196
159.901 8.36574 272.187 3.18934 363.114
160.001 8.32421 272.27 3.17447 363.031
160.101 8.28269 272.352 3.15959 362.95
160.201 8.24116 272.433 3.14469 362.868
160.301 8.19963 272.514 3.12978 362.787
160.401 8.1581 272.595 3.11485 362.706
160.501 8.11657 272.675 3.09991 362.626
160.601 8.07504 272.755 3.08495 362.546
160.701 8.0335 272.834 3.06998 362.467
160.801 7.99196 272.913 3.055 362.388
160.901 7.95043 272.992 3.04 362.309
161.001 7.90889 273.07 3.02499 362.231
161.101 7.86735 273.148 3.00997 362.153
161.201 7.82581 273.226 2.99493 362.076
161.301 7.78426 273.303 2.97987 361.998
161.401 7.74272 273.379 2.96481 361.922
161.501 7.70117 273.456 2.94973 361.845
161.601 7.65962 273.532 2.93463 361.77
161.701 7.61807 273.607 2.91952 361.694
161.801 7.57652 273.682 2.9044 361.619
161.901 7.53497 273.757 2.88927 361.544
162.001 7.49342 273.831 2.87412 361.47
162.101 7.45186 273.905 2.85896 361.396
162.201 7.41031 273.979 2.84378 361.322
162.301 7.36875 274.052 2.8286 361.249
162.401 7.32719 274.124 2.8134 361.177
162.501 7.28563 274.197 2.79818 361.104
162.601 7.24407 274.269 2.78296 361.032
162.701 7.20251 274.34 2.76772 360.961
162.801 7.16094 274.411 2.75246 360.89
162.901 7.11938 274.482 2.7372 360.819
163.001 7.07781 274.552 2.72192 360.749
163.101 7.03625 274.622 2.70663 360.679
163.201 6.99468 274.692 2.69133 360.609
163.301 6.95311 274.761 2.67601 360.54
163.401 6.91153 274.83 2.66068 360.471
163.501 6.86996 274.898 2.64534 360.403
163.601 6.82839 274.966 2.62999 360.335
163.701 6.78681 275.033 2.61463 360.268
163.801 6.74524 275.101 2.59925 360.201
163.901 6.70366 275.167 2.58386 360.134
164.001 6.66208 275.234 2.56846 360.068
164.101 6.6205 275.299 2.55305 360.002
164.201 6.57892 275.365 2.53762 359.936
164.301 6.53733 275.43 2.52219 359.871
164.401 6.49575 275.495 2.50674 359.806
164.501 6.45417 275.559 2.49128 359.742
164.601 6.41258 275.623 2.47581 359.678
164.701 6.37099 275.686 2.46032 359.615
164.801 6.3294 275.75 2.44483 359.552
164.901 6.28781 275.812 2.42932 359.489
165.001 6.24622 275.874 2.4138 359.427
165.101 6.20463 275.936 2.39828 359.365
165.201 6.16304 275.998 2.38274 359.303
165.301 6.12145 276.059 2.36719 359.242
165.401 6.07985 276.12 2.35162 359.182
165.501 6.03825 276.18 2.33605 359.121
165.601 5.99666 276.24 2.32047 359.062
165.701 5.95506 276.299 2.30487 359.002
165.801 5.91346 276.358 2.28927 358.943
165.901 5.87186 276.417 2.27365 358.884
166.001 5.83026 276.475 2.25802 358.826
166.101 5.78865 276.533 2.24239 358.768
166.201 5.74705 276.59 2.22674 358.711
166.301 5.70545 276.647 2.21108 358.654
166.401 5.66384 276.704 2.19541 358.597
166.501 5.62223 276.76 2.17973 358.541
166.601 5.58063 276.816 2.16405 358.485
166.701 5.53902 276.871 2.14835 358.43
166.801 5.49741 276.926 2.13264 358.375
166.901 5.4558 276.981 2.11692 358.321
167.001 5.41419 277.035 2.10119 358.266
167.101 5.37257 277.089 2.08545 358.213
167.201 5.33096 277.142 2.0697 358.159
167.301 5.28935 277.195 2.05394 358.106
167.401 5.24773 277.247 2.03818 358.054
167.501 5.20611 277.299 2.0224 358.002
167.601 5.1645 277.351 2.00661 357.95
167.701 5.12288 277.402 1.99082 357.899
167.801 5.08126 277.453 1.97501 357.848
167.901 5.03964 277.504 1.9592 357.797
168.001 4.99802 277.554 1.94337 357.747
168.101 4.9564 277.603 1.92754 357.698
168.201 4.91477 277.653 1.9117 357.648
168.301 4.87315 277.702 1.89584 357.6
168.401 4.83153 277.75 1.87998 357.551
168.501 4.7899 277.798 1.86411 357.503
168.601 4.74828 277.846 1.84824 357.456
168.701 4.70665 277.893 1.83235 357.408
168.801 4.66502 277.94 1.81646 357.362
168.901 4.62339 277.986 1.80055 357.315
169.001 4.58176 278.032 1.78464 357.269
169.101 4.54013 278.077 1.76872 357.224
169.201 4.4985 278.123 1.75279 357.179
169.301 4.45687 278.167 1.73685 357.134
169.401 4.41524 278.212 1.72091 357.089
169.501 4.3736 278.256 1.70495 357.046
169.601 4.33197 278.299 1.68899 357.002
169.701 4.29034 278.342 1.67302 356.959
169.801 4.2487 278.385 1.65705 356.916
169.901 4.20706 278.427 1.64106 356.874
170.001 4.16543 278.469 1.62507 356.832
170.101 4.12379 278.51 1.60907 356.791
170.201 4.08215 278.551 1.59306 356.75
170.301 4.04051 278.592 1.57704 356.709
170.401 3.99887 278.632 1.56102 356.669
170.501 3.95723 278.672 1.54499 356.629
170.601 3.91559 278.711 1.52895 356.59
170.701 3.87395 278.75 1.51291 356.551
170.801 3.8323 278.789 1.49686 356.512
170.901 3.79066 278.827 1.4808 356.474
171.001 3.74902 278.865 1.46473 356.436
171.101 3.70737 278.902 1.44866 356.399
171.201 3.66573 278.939 1.43258 356.362
171.301 3.62408 278.975 1.41649 356.326
171.401 3.58243 279.011 1.4004 356.29
171.501 3.54079 279.047 1.3843 356.254
171.601 3.49914 279.082 1.36819 356.219
171.701 3.45749 279.117 1.35208 356.184
171.801 3.41584 279.152 1.33596 356.15
171.901 3.37419 279.186 1.31984 356.116
172.001 3.33254 279.219 1.3037 356.082
172.101 3.29089 279.252 1.28757 356.049
172.201 3.24924 279.285 1.27142 356.016
172.301 3.20759 279.317 1.25527 355.984
172.401 3.16593 279.349 1.23912 355.952
172.501 3.12428 279.381 1.22295 355.92
172.601 3.08263 279.412 1.20679 355.889
172.701 3.04097 279.443 1.19061 355.858
172.801 2.99932 279.473 1.17443 355.828
172.901 2.95766 279.503 1.15825 355.798
173.001 2.91601 279.532 1.14206 355.769
173.101 2.87435 279.561 1.12586 355.74
173.201 2.83269 279.59 1.10966 355.711
173.301 2.79104 279.618 1.09346 355.683
173.401 2.74938 279.646 1.07725 355.655
173.501 2.70772 279.673 1.06103 355.628
173.601 2.66606 279.7 1.04481 355.601
173.701 2.6244 279.727 1.02858 355.575
173.801 2.58274 279.753 1.01235 355.548
173.901 2.54108 279.778 0.996115 355.523
174.001 2.49942 279.804 0.979875 355.498
174.101 2.45776 279.828 0.963629 355.473
174.201 2.4161 279.853 0.947379 355.448
174.301 2.37444 279.877 0.931125 355.424
174.401 2.33278 279.901 0.914866 355.401
174.501 2.29111 279.924 0.898603 355.377
174.601 2.24945 279.947 0.882336 355.355
174.701 2.20779 279.969 0.866064 355.332
174.801 2.16612 279.991 0.849789 355.31
174.901 2.12446 280.012 0.833509 355.289
175.001 2.08279 280.033 0.817225 355.268
175.101 2.04113 280.054 0.800938 355.247
175.201 1.99946 280.074 0.784646 355.227
175.301 1.9578 280.094 0.768351 355.207
175.402 1.91613 280.114 0.752052 355.187
175.502 1.87447 280.133 0.73575 355.168
175.602 1.8328 280.151 0.719444 355.15
175.702 1.79113 280.17 0.703135 355.132
175.802 1.74947 280.187 0.686823 355.114
175.902 1.7078 280.205 0.670507 355.097
176.002 1.66613 280.222 0.654188 355.08
176.102 1.62446 280.238 0.637866 355.063
176.202 1.58279 280.254 0.621541 355.047
176.302 1.54112 280.27 0.605213 355.031
176.402 1.49946 280.285 0.588882 355.016
176.502 1.45779 280.3 0.572548 355.001
176.602 1.41612 280.314 0.556211 354.987
176.702 1.37445 280.328 0.539872 354.973
176.802 1.33278 280.342 0.523531 354.959
176.902 1.29111 280.355 0.507186 354.946
177.002 1.24944 280.368 0.49084 354.933
177.102 1.20777 280.38 0.474491 354.921
177.202 1.1661 280.392 0.45814 354.909
177.302 1.12442 280.404 0.441787 354.897
177.402 1.08275 280.415 0.425431 354.886
177.502 1.04108 280.425 0.409074 354.876
177.602 0.99941 280.436 0.392714 354.865
177.702 0.957738 280.445 0.376353 354.856
177.802 0.916066 280.455 0.35999 354.846
177.902 0.874394 280.464 0.343625 354.837
178.002 0.832722 280.472 0.327259 354.829
178.102 0.79105 280.481 0.310891 354.821
178.202 0.749377 280.488 0.294521 354.813
178.302 0.707704 280.496 0.278151 354.805
178.402 0.666032 280.503 0.261778 354.799
178.502 0.624359 280.509 0.245405 354.792
178.602 0.582686 280.515 0.22903 354.786
178.702 0.541012 280.521 0.212655 354.78
178.802 0.499339 280.526 0.196278 354.775
178.902 0.457666 280.531 0.1799 354.77
179.002 0.415993 280.535 0.163522 354.766
179.102 0.374319 280.539 0.147143 354.762
179.202 0.332646 280.543 0.130763 354.758
179.302 0.290972 280.546 0.114382 354.755
179.402 0.249298 280.549 0.0980012 354.753
179.502 0.207625 280.551 0.0816197 354.75
179.602 0.165951 280.553 0.0652377 354.748
179.702 0.124277 280.554 0.0488554 354.747
179.802 0.0826037 280.555 0.0324729 354.746
179.902 0.0409299 280.556 0.0160903 354.745
