0 3.54846 0 0 642.919
0.1 89.9493 0.000475298 0.040966 642.919
0.2 89.8986 0.00190119 0.081932 642.918
0.3 89.8479 0.00427767 0.122898 642.915
0.4 89.7972 0.00760473 0.163864 642.912
0.5 89.7465 0.0118824 0.20483 642.908
0.6 89.6958 0.0171106 0.245796 642.902
0.7 89.6451 0.0232893 0.286761 642.896
0.8 89.5945 0.0304186 0.327727 642.889
0.9 89.5438 0.0384983 0.368693 642.881
1 89.4931 0.0475286 0.409658 642.872
1.1 89.4424 0.0575093 0.450624 642.862
1.2 89.3917 0.0684404 0.491589 642.851
1.3 89.341 0.0803219 0.532554 642.839
1.4 89.2903 0.0931537 0.573519 642.826
1.5 89.2396 0.106936 0.614484 642.812
1.6 89.1889 0.121668 0.655449 642.798
1.7 89.1382 0.137351 0.696413 642.782
1.8 89.0875 0.153984 0.737377 642.765
1.9 89.0368 0.171567 0.778342 642.748
2 88.9861 0.1901 0.819305 642.729
2.1 88.9354 0.209583 0.860269 642.71
2.2 88.8848 0.230016 0.901232 642.689
2.3 88.8341 0.251399 0.942196 642.668
2.4 88.7834 0.273731 0.983158 642.646
2.5 88.7327 0.297014 1.02412 642.622
2.6 88.682 0.321246 1.06508 642.598
2.7 88.6313 0.346428 1.10605 642.573
2.8 88.5806 0.372559 1.14701 642.547
2.9 88.5299 0.39964 1.18797 642.52
3 88.4792 0.42767 1.22893 642.492
3.1 88.4285 0.456649 1.26989 642.463
3.2 88.3778 0.486578 1.31085 642.433
3.3 88.3271 0.517456 1.35181 642.402
3.4 88.2764 0.549283 1.39277 642.37
3.5 88.2258 0.582058 1.43373 642.337
3.6 88.1751 0.615783 1.47469 642.304
3.7 88.1244 0.650456 1.51565 642.269
3.8 88.0737 0.686078 1.55661 642.233
3.9 88.023 0.722648 1.59756 642.197
4 87.9723 0.760167 1.63852 642.159
4.1 87.9216 0.798634 1.67948 642.121
4.2 87.8709 0.838049 1.72043 642.081
4.3 87.8202 0.878412 1.76139 642.041
4.4 87.7695 0.919724 1.80234 642
4.5 87.7188 0.961982 1.8433 641.957
4.6 87.6682 1.00519 1.88425 641.914
4.7 87.6175 1.04934 1.92521 641.87
4.8 87.5668 1.09444 1.96616 641.825
4.9 87.5161 1.14049 2.00711 641.779
5 87.4654 1.18749 2.04807 641.732
5.1 87.4147 1.23543 2.08902 641.684
5.2 87.364 1.28432 2.12997 641.635
5.3 87.3133 1.33416 2.17092 641.585
5.4 87.2626 1.38494 2.21187 641.534
5.5 87.2119 1.43667 2.25282 641.483
5.6 87.1612 1.48935 2.29377 641.43
5.7 87.1106 1.54297 2.33472 641.376
5.8 87.0599 1.59753 2.37566 641.322
5.9 87.0092 1.65305 2.41661 641.266
6 86.9585 1.70951 2.45756 641.21
6.1 86.9078 1.76691 2.4985 641.152
6.2 86.8571 1.82526 2.53945 641.094
6.3 86.8064 1.88455 2.58039 641.035
6.4 86.7557 1.94479 2.62133 640.975
6.5 86.705 2.00598 2.66228 640.913
6.6 86.6544 2.06811 2.70322 640.851
6.7 86.6037 2.13118 2.74416 640.788
6.8 86.553 2.1952 2.7851 640.724
6.9 86.5023 2.26016 2.82604 640.659
7 86.4516 2.32606 2.86698 640.593
7.1 86.4009 2.39291 2.90792 640.527
7.2 86.3502 2.4607 2.94885 640.459
7.3 86.2995 2.52943 2.98979 640.39
7.4 86.2489 2.59911 3.03073 640.32
7.5 86.1982 2.66973 3.07166 640.25
7.6 86.1475 2.74129 3.11259 640.178
7.7 86.0968 2.8138 3.15353 640.106
7.79999 86.0461 2.88724 3.19446 640.032
7.89999 85.9954 2.96163 3.23539 639.958
7.99999 85.9447 3.03696 3.27632 639.882
8.09999 85.894 3.11323 3.31725 639.806
8.2 85.8434 3.19045 3.35818 639.729
8.3 85.7927 3.2686 3.39911 639.651
8.4 85.742 3.34769 3.44004 639.572
8.5 85.6913 3.42773 3.48096 639.492
8.6 85.6406 3.5087 3.52189 639.411
8.7 85.5899 3.59062 3.56281 639.329
8.8 85.5392 3.67347 3.60373 639.246
8.9 85.4886 3.75727 3.64466 639.162
9 85.4379 3.842 3.68558 639.077
9.1 85.3872 3.92767 3.7265 638.992
9.2 85.3365 4.01428 3.76742 638.905
9.3 85.2858 4.10183 3.80833 638.818
9.4 85.2351 4.19032 3.84925 638.729
9.5 85.1845 4.27974 3.89017 638.64
9.6 85.1338 4.37011 3.93108 638.549
9.7 85.0831 4.46141 3.972 638.458
9.8 85.0324 4.55364 4.01291 638.366
9.9 84.9817 4.64682 4.05382 638.273
10 84.931 4.74093 4.09473 638.178
10.1 84.8804 4.83597 4.13564 638.083
10.2 84.8297 4.93195 4.17655 637.987
10.3 84.779 5.02887 4.21746 637.891
10.4 84.7283 5.12672 4.25836 637.793
10.5 84.6776 5.22551 4.29927 637.694
10.6 84.627 5.32523 4.34017 637.594
10.7 84.5763 5.42589 4.38107 637.494
10.8 84.5256 5.52748 4.42197 637.392
10.9 84.4749 5.63001 4.46287 637.289
11 84.4242 5.73347 4.50377 637.186
11.1 84.3735 5.83786 4.54467 637.082
11.2 84.3229 5.94318 4.58557 636.976
11.3 84.2722 6.04944 4.62646 636.87
11.4 84.2215 6.15663 4.66735 636.763
11.5 84.1708 6.26475 4.70825 636.655
11.6 84.1202 6.3738 4.74914 636.546
11.7 84.0695 6.48378 4.79003 636.436
11.8 84.0188 6.5947 4.83092 636.325
11.9 83.9681 6.70654 4.8718 636.213
12 83.9174 6.81932 4.91269 636.1
12.1 83.8668 6.93302 4.95357 635.986
12.2 83.8161 7.04765 4.99446 635.872
12.3 83.7654 7.16322 5.03534 635.756
12.4 83.7147 7.27971 5.07622 635.64
12.5 83.6641 7.39713 5.1171 635.522
12.6 83.6134 7.51548 5.15797 635.404
12.7 83.5627 7.63476 5.19885 635.285
12.8 83.512 7.75496 5.23972 635.164
12.9 83.4613 7.87609 5.2806 635.043
13 83.4107 7.99815 5.32147 634.921
13.1 83.36 8.12113 5.36234 634.798
13.2 83.3093 8.24504 5.40321 634.674
13.3 83.2586 8.36987 5.44407 634.55
13.4 83.208 8.49563 5.48494 634.424
13.5 83.1573 8.62232 5.5258 634.297
13.6 83.1066 8.74993 5.56666 634.169
13.7 83.056 8.87846 5.60753 634.041
13.8 83.0053 9.00792 5.64838 633.911
13.9 82.9546 9.1383 5.68924 633.781
14 82.9039 9.2696 5.7301 633.65
14.1 82.8533 9.40182 5.77095 633.518
14.2 82.8026 9.53497 5.81181 633.384
14.3 82.7519 9.66904 5.85266 633.25
14.4 82.7012 9.80403 5.89351 633.115
14.5 82.6506 9.93994 5.93435 632.979
14.6 82.5999 10.0768 5.9752 632.843
14.7 82.5492 10.2145 6.01605 632.705
14.8 82.4986 10.3532 6.05689 632.566
14.9 82.4479 10.4928 6.09773 632.427
15 82.3972 10.6333 6.13857 632.286
15.1 82.3466 10.7747 6.17941 632.145
15.2 82.2959 10.9171 6.22024 632.002
15.3 82.2452 11.0603 6.26108 631.859
15.4 82.1946 11.2045 6.30191 631.715
15.5 82.1439 11.3496 6.34274 631.57
15.6 82.0932 11.4956 6.38357 631.424
15.7 82.0425 11.6425 6.4244 631.277
15.8 81.9919 11.7904 6.46522 631.129
15.9 81.9412 11.9391 6.50605 630.98
16 81.8906 12.0888 6.54687 630.831
16.1 81.8399 12.2394 6.58769 630.68
16.2 81.7892 12.3909 6.62851 630.529
16.3 81.7386 12.5433 6.66932 630.376
16.4 81.6879 12.6966 6.71014 630.223
16.5 81.6372 12.8508 6.75095 630.069
16.6 81.5866 13.006 6.79176 629.913
16.7 81.5359 13.162 6.83257 629.757
16.8 81.4852 13.319 6.87338 629.6
16.9 81.4346 13.4769 6.91418 629.443
17 81.3839 13.6357 6.95498 629.284
17.1 81.3332 13.7954 6.99578 629.124
17.2 81.2826 13.956 7.03658 628.963
17.3 81.2319 14.1175 7.07738 628.802
17.4 81.1813 14.2799 7.11817 628.64
17.5 81.1306 14.4432 7.15897 628.476
17.6 81.0799 14.6075 7.19976 628.312
17.7 81.0293 14.7726 7.24055 628.147
17.8 80.9786 14.9387 7.28133 627.981
17.9 80.928 15.1056 7.32212 627.814
18 80.8773 15.2735 7.3629 627.646
18.1 80.8266 15.4422 7.40368 627.477
18.2 80.776 15.6119 7.44446 627.308
18.3 80.7253 15.7824 7.48524 627.137
18.4 80.6747 15.9539 7.52601 626.965
18.5 80.624 16.1263 7.56678 626.793
18.6 80.5734 16.2996 7.60755 626.62
18.7 80.5227 16.4737 7.64832 626.446
18.8 80.472 16.6488 7.68908 626.271
18.9 80.4214 16.8248 7.72985 626.095
19 80.3707 17.0017 7.77061 625.918
19.1 80.3201 17.1794 7.81137 625.74
19.2 80.2694 17.3581 7.85212 625.561
19.3 80.2188 17.5377 7.89288 625.382
19.4 80.1681 17.7181 7.93363 625.201
19.5 80.1175 17.8995 7.97438 625.02
19.6 80.0668 18.0817 8.01513 624.838
19.7 80.0162 18.2649 8.05587 624.655
19.8 79.9655 18.4489 8.09662 624.47
19.9 79.9149 18.6339 8.13736 624.286
20 79.8642 18.8197 8.1781 624.1
20.1 79.8136 19.0065 8.21883 623.913
20.2 79.7629 19.1941 8.25957 623.725
20.3 79.7123 19.3826 8.3003 623.537
20.4 79.6616 19.572 8.34103 623.347
20.5 79.611 19.7623 8.38175 623.157
20.6 79.5603 19.9535 8.42248 622.966
20.7 79.5097 20.1456 8.4632 622.774
20.8 79.459 20.3385 8.50392 622.581
20.9 79.4084 20.5324 8.54463 622.387
21 79.3577 20.7271 8.58535 622.192
21.1 79.3071 20.9227 8.62606 621.997
21.2 79.2564 21.1193 8.66677 621.8
21.3 79.2058 21.3167 8.70748 621.603
21.4 79.1551 21.515 8.74818 621.404
21.5 79.1045 21.7141 8.78888 621.205
21.6 79.0539 21.9142 8.82958 621.005
21.7 79.0032 22.1151 8.87028 620.804
21.8 78.9526 22.317 8.91097 620.602
21.9 78.9019 22.5197 8.95167 620.4
22 78.8513 22.7233 8.99235 620.196
22.1 78.8006 22.9277 9.03304 619.992
22.2 78.75 23.1331 9.07373 619.786
22.3 78.6994 23.3393 9.11441 619.58
22.4 78.6487 23.5464 9.15508 619.373
22.5 78.5981 23.7544 9.19576 619.165
22.6 78.5474 23.9633 9.23643 618.956
22.7001 78.4968 24.173 9.2771 618.746
22.8001 78.4462 24.3837 9.31777 618.536
22.9001 78.3955 24.5952 9.35844 618.324
23.0001 78.3449 24.8075 9.3991 618.112
23.1001 78.2942 25.0208 9.43976 617.899
23.2001 78.2436 25.2349 9.48042 617.685
23.3001 78.193 25.4499 9.52107 617.47
23.4001 78.1423 25.6658 9.56172 617.254
23.5001 78.0917 25.8825 9.60237 617.037
23.6001 78.0411 26.1001 9.64302 616.819
23.7001 77.9904 26.3186 9.68366 616.601
23.8001 77.9398 26.538 9.7243 616.381
23.9001 77.8892 26.7582 9.76494 616.161
24.0001 77.8385 26.9793 9.80557 615.94
24.1001 77.7879 27.2013 9.8462 615.718
24.2001 77.7373 27.4241 9.88683 615.495
24.3001 77.6866 27.6478 9.92746 615.272
24.4001 77.636 27.8724 9.96808 615.047
24.5001 77.5854 28.0978 10.0087 614.822
24.6001 77.5348 28.3241 10.0493 614.595
24.7001 77.4841 28.5513 10.0899 614.368
24.8001 77.4335 28.7793 10.1305 614.14
24.9001 77.3829 29.0082 10.1712 613.911
25.0001 77.3322 29.2379 10.2118 613.681
25.1001 77.2816 29.4685 10.2524 613.451
25.2001 77.231 29.7 10.293 613.219
25.3001 77.1804 29.9323 10.3336 612.987
25.4001 77.1297 30.1655 10.3741 612.754
25.5001 77.0791 30.3996 10.4147 612.52
25.6001 77.0285 30.6345 10.4553 612.285
25.7001 76.9779 30.8703 10.4959 612.049
25.8001 76.9272 31.1069 10.5365 611.813
25.9001 76.8766 31.3444 10.5771 611.575
26.0001 76.826 31.5827 10.6176 611.337
26.1001 76.7754 31.8219 10.6582 611.098
26.2001 76.7248 32.0619 10.6988 610.857
26.3001 76.6741 32.3028 10.7393 610.617
26.4001 76.6235 32.5446 10.7799 610.375
26.5001 76.5729 32.7872 10.8205 610.132
26.6001 76.5223 33.0306 10.861 609.889
26.7001 76.4717 33.2749 10.9016 609.645
26.8001 76.421 33.5201 10.9421 609.399
26.9001 76.3704 33.7661 10.9827 609.153
27.0001 76.3198 34.0129 11.0232 608.907
27.1001 76.2692 34.2606 11.0637 608.659
27.2001 76.2186 34.5091 11.1043 608.41
27.3001 76.168 34.7585 11.1448 608.161
27.4001 76.1173 35.0087 11.1853 607.911
27.5001 76.0667 35.2598 11.2259 607.66
27.6001 76.0161 35.5117 11.2664 607.408
27.7001 75.9655 35.7645 11.3069 607.155
27.8001 75.9149 36.0181 11.3474 606.901
27.9001 75.8643 36.2725 11.3879 606.647
28.0001 75.8137 36.5278 11.4285 606.392
28.1001 75.7631 36.7839 11.469 606.135
28.2001 75.7125 37.0409 11.5095 605.879
28.3001 75.6618 37.2987 11.55 605.621
28.4001 75.6112 37.5573 11.5905 605.362
28.5001 75.5606 37.8168 11.6309 605.103
28.6001 75.51 38.0771 11.6714 604.842
28.7001 75.4594 38.3382 11.7119 604.581
28.8001 75.4088 38.6002 11.7524 604.319
28.9001 75.3582 38.863 11.7929 604.056
29.0001 75.3076 39.1266 11.8333 603.793
29.1001 75.257 39.3911 11.8738 603.528
29.2001 75.2064 39.6564 11.9143 603.263
29.3001 75.1558 39.9225 11.9548 602.997
29.4001 75.1052 40.1895 11.9952 602.73
29.5001 75.0546 40.4573 12.0357 602.462
29.6001 75.004 40.7259 12.0761 602.194
29.7001 74.9534 40.9953 12.1166 601.924
29.8001 74.9028 41.2656 12.157 601.654
29.9001 74.8522 41.5367 12.1975 601.383
30.0001 74.8016 41.8086 12.2379 601.111
30.1001 74.751 42.0813 12.2783 600.838
30.2001 74.7004 42.3549 12.3188 600.565
30.3001 74.6498 42.6293 12.3592 600.29
30.4001 74.5992 42.9045 12.3996 600.015
30.5001 74.5486 43.1805 12.44 599.739
30.6001 74.498 43.4574 12.4804 599.462
30.7001 74.4474 43.735 12.5208 599.184
30.8001 74.3968 44.0135 12.5613 598.906
30.9001 74.3462 44.2928 12.6017 598.627
31.0001 74.2956 44.5729 12.6421 598.347
31.1001 74.245 44.8538 12.6825 598.066
31.2001 74.1944 45.1356 12.7228 597.784
31.3001 74.1438 45.4181 12.7632 597.501
31.4001 74.0933 45.7015 12.8036 597.218
31.5001 74.0427 45.9857 12.844 596.934
31.6001 73.9921 46.2706 12.8844 596.649
31.7001 73.9415 46.5564 12.9247 596.363
31.8001 73.8909 46.843 12.9651 596.076
31.9001 73.8403 47.1305 13.0055 595.789
32.0001 73.7897 47.4187 13.0458 595.501
32.1001 73.7391 47.7077 13.0862 595.212
32.2001 73.6886 47.9975 13.1265 594.922
32.3001 73.638 48.2881 13.1669 594.631
32.4001 73.5874 48.5796 13.2072 594.34
32.5001 73.5368 48.8718 13.2476 594.048
32.6001 73.4862 49.1649 13.2879 593.755
32.7001 73.4356 49.4587 13.3282 593.461
32.8001 73.3851 49.7533 13.3686 593.166
32.9001 73.3345 50.0488 13.4089 592.871
33.0001 73.2839 50.345 13.4492 592.574
33.1001 73.2333 50.642 13.4895 592.277
33.2001 73.1828 50.9399 13.5298 591.98
33.3001 73.1322 51.2385 13.5701 591.681
33.4001 73.0816 51.5379 13.6104 591.382
33.5001 73.031 51.8381 13.6507 591.081
33.6001 72.9805 52.1391 13.691 590.78
33.7001 72.9299 52.4409 13.7313 590.478
33.8001 72.8793 52.7435 13.7716 590.176
33.9001 72.8287 53.0469 13.8119 589.873
34.0001 72.7782 53.3511 13.8522 589.568
34.1001 72.7276 53.656 13.8924 589.263
34.2001 72.677 53.9617 13.9327 588.958
34.3 72.6264 54.2683 13.973 588.651
34.4 72.5759 54.5756 14.0132 588.344
34.5 72.5253 54.8837 14.0535 588.036
34.6 72.4747 55.1926 14.0937 587.727
34.7 72.4242 55.5022 14.134 587.417
34.8 72.3736 55.8127 14.1742 587.107
34.9 72.323 56.1239 14.2144 586.796
35 72.2725 56.4359 14.2547 586.484
35.1 72.2219 56.7487 14.2949 586.171
35.2 72.1713 57.0623 14.3351 585.857
35.3 72.1208 57.3766 14.3753 585.543
35.4 72.0702 57.6917 14.4156 585.228
35.5 72.0197 58.0076 14.4558 584.912
35.6 71.9691 58.3243 14.496 584.595
35.7 71.9185 58.6417 14.5362 584.278
35.8 71.868 58.9599 14.5764 583.96
35.9 71.8174 59.2789 14.6166 583.641
36 71.7669 59.5986 14.6567 583.321
36.1 71.7163 59.9191 14.6969 583
36.2 71.6658 60.2404 14.7371 582.679
36.3 71.6152 60.5625 14.7773 582.357
36.4 71.5646 60.8853 14.8174 582.034
36.5 71.5141 61.2089 14.8576 581.711
36.6 71.4635 61.5332 14.8978 581.386
36.7 71.413 61.8583 14.9379 581.061
36.8 71.3624 62.1842 14.9781 580.735
36.9 71.3119 62.5109 15.0182 580.409
37 71.2613 62.8382 15.0583 580.081
37.1 71.2108 63.1664 15.0985 579.753
37.2 71.1602 63.4953 15.1386 579.424
37.3 71.1097 63.825 15.1787 579.094
37.4 71.0591 64.1554 15.2188 578.764
37.5 71.0086 64.4866 15.259 578.433
37.6 70.958 64.8185 15.2991 578.101
37.7 70.9075 65.1512 15.3392 577.768
37.8 70.8569 65.4846 15.3793 577.435
37.9 70.8064 65.8188 15.4194 577.101
38 70.7559 66.1538 15.4594 576.766
38.1 70.7053 66.4895 15.4995 576.43
38.2 70.6548 66.8259 15.5396 576.094
38.3 70.6042 67.1631 15.5797 575.756
38.4 70.5537 67.501 15.6198 575.418
38.5 70.5032 67.8397 15.6598 575.08
38.6 70.4526 68.1791 15.6999 574.74
38.7 70.4021 68.5193 15.7399 574.4
38.8 70.3515 68.8602 15.78 574.059
38.9 70.301 69.2018 15.82 573.718
39 70.2505 69.5442 15.8601 573.375
39.1 70.1999 69.8873 15.9001 573.032
39.2 70.1494 70.2312 15.9401 572.688
39.3 70.0989 70.5758 15.9801 572.344
39.4 70.0483 70.9211 16.0202 571.998
39.5 69.9978 71.2672 16.0602 571.652
39.6 69.9473 71.614 16.1002 571.305
39.7 69.8967 71.9615 16.1402 570.958
39.8 69.8462 72.3098 16.1802 570.61
39.9 69.7957 72.6588 16.2202 570.261
40 69.7452 73.0085 16.2601 569.911
40.1 69.6946 73.359 16.3001 569.56
40.2 69.6441 73.7102 16.3401 569.209
40.3 69.5936 74.0621 16.3801 568.857
40.4 69.5431 74.4147 16.42 568.505
40.5 69.4925 74.7681 16.46 568.151
40.6 69.442 75.1221 16.4999 567.797
40.7 69.3915 75.4769 16.5399 567.442
40.7999 69.341 75.8324 16.5798 567.087
40.8999 69.2904 76.1887 16.6198 566.731
40.9999 69.2399 76.5456 16.6597 566.374
41.0999 69.1894 76.9033 16.6996 566.016
41.1999 69.1389 77.2617 16.7395 565.658
41.2999 69.0884 77.6208 16.7795 565.299
41.3999 69.0379 77.9806 16.8194 564.939
41.4999 68.9873 78.3412 16.8593 564.578
41.5999 68.9368 78.7024 16.8992 564.217
41.6999 68.8863 79.0644 16.9391 563.855
41.7999 68.8358 79.4271 16.9789 563.492
41.8999 68.7853 79.7904 17.0188 563.129
41.9999 68.7348 80.1545 17.0587 562.765
42.0999 68.6843 80.5193 17.0986 562.4
42.1999 68.6338 80.8848 17.1384 562.035
42.2999 68.5832 81.251 17.1783 561.668
42.3999 68.5327 81.6179 17.2181 561.302
42.4999 68.4822 81.9855 17.258 560.934
42.5999 68.4317 82.3538 17.2978 560.566
42.6999 68.3812 82.7228 17.3376 560.197
42.7999 68.3307 83.0925 17.3775 559.827
42.8999 68.2802 83.4629 17.4173 559.456
42.9999 68.2297 83.834 17.4571 559.085
43.0999 68.1792 84.2058 17.4969 558.714
43.1999 68.1287 84.5783 17.5367 558.341
43.2999 68.0782 84.9515 17.5765 557.968
43.3999 68.0277 85.3253 17.6163 557.594
43.4999 67.9772 85.6999 17.6561 557.22
43.5999 67.9267 86.0752 17.6959 556.844
43.6999 67.8762 86.4511 17.7356 556.468
43.7999 67.8257 86.8277 17.7754 556.092
43.8999 67.7752 87.205 17.8152 555.714
43.9999 67.7247 87.583 17.8549 555.336
44.0999 67.6742 87.9617 17.8947 554.958
44.1999 67.6237 88.3411 17.9344 554.578
44.2999 67.5732 88.7211 17.9742 554.198
44.3999 67.5227 89.1018 18.0139 553.818
44.4999 67.4722 89.4833 18.0536 553.436
44.5999 67.4218 89.8653 18.0933 553.054
44.6999 67.3713 90.2481 18.133 552.671
44.7999 67.3208 90.6315 18.1727 552.288
44.8999 67.2703 91.0156 18.2124 551.904
44.9999 67.2198 91.4004 18.2521 551.519
45.0999 67.1693 91.7859 18.2918 551.134
45.1999 67.1188 92.172 18.3315 550.747
45.2999 67.0684 92.5588 18.3712 550.361
45.3999 67.0179 92.9463 18.4108 549.973
45.4999 66.9674 93.3344 18.4505 549.585
45.5999 66.9169 93.7232 18.4902 549.196
45.6999 66.8664 94.1127 18.5298 548.807
45.7999 66.8159 94.5028 18.5694 548.417
45.8999 66.7655 94.8936 18.6091 548.026
45.9999 66.715 95.285 18.6487 547.634
46.0999 66.6645 95.6771 18.6883 547.242
46.1999 66.614 96.0699 18.7279 546.849
46.2999 66.5636 96.4633 18.7675 546.456
46.3999 66.5131 96.8574 18.8071 546.062
46.4999 66.4626 97.2522 18.8467 545.667
46.5999 66.4121 97.6476 18.8863 545.272
46.6999 66.3617 98.0436 18.9259 544.876
46.7999 66.3112 98.4403 18.9655 544.479
46.8999 66.2607 98.8377 19.0051 544.082
46.9999 66.2103 99.2357 19.0446 543.684
47.0999 66.1598 99.6343 19.0842 543.285
47.1999 66.1093 100.034 19.1237 542.886
47.2999 66.0589 100.434 19.1633 542.486
47.3998 66.0084 100.834 19.2028 542.085
47.4998 65.9579 101.235 19.2423 541.684
47.5998 65.9075 101.637 19.2818 541.282
47.6998 65.857 102.04 19.3213 540.88
47.7998 65.8065 102.443 19.3609 540.476
47.8998 65.7561 102.847 19.4004 540.073
47.9998 65.7056 103.251 19.4398 539.668
48.0998 65.6552 103.656 19.4793 539.263
48.1998 65.6047 104.062 19.5188 538.858
48.2998 65.5543 104.468 19.5583 538.451
48.3998 65.5038 104.875 19.5977 538.044
48.4998 65.4533 105.283 19.6372 537.637
48.5998 65.4029 105.691 19.6766 537.228
48.6998 65.3524 106.1 19.7161 536.82
48.7998 65.302 106.509 19.7555 536.41
48.8998 65.2515 106.919 19.795 536
48.9998 65.2011 107.33 19.8344 535.589
49.0998 65.1506 107.742 19.8738 535.178
49.1998 65.1002 108.154 19.9132 534.766
49.2998 65.0497 108.566 19.9526 534.353
49.3998 64.9993 108.979 19.992 533.94
49.4998 64.9488 109.393 20.0314 533.526
49.5998 64.8984 109.808 20.0707 533.112
49.6998 64.848 110.223 20.1101 532.697
49.7998 64.7975 110.638 20.1495 532.281
49.8998 64.7471 111.055 20.1888 531.865
49.9998 64.6966 111.472 20.2282 531.448
50.0998 64.6462 111.889 20.2675 531.03
50.1998 64.5957 112.307 20.3069 530.612
50.2998 64.5453 112.726 20.3462 530.193
50.3998 64.4949 113.145 20.3855 529.774
50.4998 64.4444 113.565 20.4248 529.354
50.5998 64.394 113.986 20.4641 528.933
50.6998 64.3436 114.407 20.5034 528.512
50.7998 64.2931 114.829 20.5427 528.091
50.8998 64.2427 115.251 20.582 527.668
50.9998 64.1923 115.674 20.6212 527.245
51.0998 64.1418 116.098 20.6605 526.822
51.1998 64.0914 116.522 20.6998 526.398
51.2998 64.041 116.947 20.739 525.973
51.3998 63.9905 117.372 20.7782 525.547
51.4998 63.9401 117.798 20.8175 525.121
51.5998 63.8897 118.224 20.8567 524.695
51.6998 63.8393 118.652 20.8959 524.268
51.7998 63.7888 119.079 20.9351 523.84
51.8998 63.7384 119.508 20.9743 523.412
51.9998 63.688 119.937 21.0135 522.983
52.0998 63.6376 120.366 21.0527 522.553
52.1998 63.5872 120.796 21.0919 522.123
52.2998 63.5367 121.227 21.1311 521.693
52.3998 63.4863 121.658 21.1702 521.261
52.4998 63.4359 122.09 21.2094 520.83
52.5998 63.3855 122.522 21.2485 520.397
52.6998 63.3351 122.955 21.2877 519.964
52.7998 63.2847 123.389 21.3268 519.531
52.8998 63.2342 123.823 21.3659 519.097
52.9998 63.1838 124.257 21.405 518.662
53.0998 63.1334 124.693 21.4441 518.227
53.1998 63.083 125.128 21.4832 517.791
53.2998 63.0326 125.565 21.5223 517.355
53.3998 62.9822 126.002 21.5614 516.918
53.4998 62.9318 126.439 21.6005 516.48
53.5998 62.8814 126.877 21.6395 516.042
53.6998 62.831 127.316 21.6786 515.603
53.7998 62.7806 127.755 21.7176 515.164
53.8997 62.7302 128.195 21.7567 514.724
53.9997 62.6798 128.635 21.7957 514.284
54.0997 62.6294 129.076 21.8347 513.843
54.1997 62.579 129.518 21.8737 513.402
54.2997 62.5286 129.96 21.9127 512.96
54.3997 62.4782 130.402 21.9517 512.517
54.4997 62.4278 130.846 21.9907 512.074
54.5997 62.3774 131.289 22.0297 511.63
54.6997 62.327 131.733 22.0686 511.186
54.7997 62.2766 132.178 22.1076 510.741
54.8997 62.2262 132.624 22.1466 510.296
54.9997 62.1758 133.069 22.1855 509.85
55.0997 62.1254 133.516 22.2244 509.404
55.1997 62.075 133.963 22.2634 508.957
55.2997 62.0246 134.41 22.3023 508.509
55.3997 61.9742 134.858 22.3412 508.061
55.4997 61.9238 135.307 22.3801 507.612
55.5997 61.8734 135.756 22.419 507.163
55.6997 61.8231 136.206 22.4579 506.714
55.7997 61.7727 136.656 22.4967 506.263
55.8997 61.7223 137.107 22.5356 505.813
55.9997 61.6719 137.558 22.5744 505.362
56.0997 61.6215 138.01 22.6133 504.91
56.1997 61.5711 138.462 22.6521 504.457
56.2997 61.5208 138.915 22.691 504.005
56.3997 61.4704 139.368 22.7298 503.551
56.4997 61.42 139.822 22.7686 503.097
56.5997 61.3696 140.277 22.8074 502.643
56.6997 61.3193 140.732 22.8462 502.188
56.7997 61.2689 141.187 22.885 501.732
56.8997 61.2185 141.643 22.9237 501.276
56.9997 61.1681 142.1 22.9625 500.82
57.0997 61.1178 142.557 23.0012 500.363
57.1997 61.0674 143.014 23.04 499.905
57.2997 61.017 143.472 23.0787 499.447
57.3997 60.9667 143.931 23.1175 498.989
57.4997 60.9163 144.39 23.1562 498.53
57.5997 60.8659 144.849 23.1949 498.07
57.6997 60.8156 145.31 23.2336 497.61
57.7997 60.7652 145.77 23.2723 497.149
57.8997 60.7148 146.231 23.3109 496.688
57.9997 60.6645 146.693 23.3496 496.226
58.0997 60.6141 147.155 23.3883 495.764
58.1997 60.5637 147.618 23.4269 495.302
58.2997 60.5134 148.081 23.4656 494.839
58.3997 60.463 148.544 23.5042 494.375
58.4997 60.4127 149.009 23.5428 493.911
58.5997 60.3623 149.473 23.5814 493.446
58.6997 60.312 149.938 23.62 492.981
58.7997 60.2616 150.404 23.6586 492.515
58.8997 60.2112 150.87 23.6972 492.049
58.9997 60.1609 151.337 23.7358 491.583
59.0997 60.1105 151.804 23.7743 491.116
59.1997 60.0602 152.271 23.8129 490.648
59.2997 60.0098 152.739 23.8514 490.18
59.3997 59.9595 153.208 23.8899 489.711
59.4997 59.9092 153.677 23.9285 489.242
59.5997 59.8588 154.147 23.967 488.773
59.6997 59.8085 154.617 24.0055 488.303
59.7997 59.7581 155.087 24.044 487.832
59.8997 59.7078 155.558 24.0825 487.361
59.9997 59.6574 156.029 24.1209 486.89
60.0997 59.6071 156.501 24.1594 486.418
60.1997 59.5568 156.974 24.1978 485.946
60.2997 59.5064 157.447 24.2363 485.473
60.3997 59.4561 157.92 24.2747 485
60.4996 59.4057 158.394 24.3131 484.526
60.5996 59.3554 158.868 24.3515 484.051
60.6996 59.3051 159.343 24.3899 483.577
60.7996 59.2547 159.818 24.4283 483.102
60.8996 59.2044 160.294 24.4667 482.626
60.9996 59.1541 160.77 24.5051 482.15
61.0996 59.1037 161.246 24.5434 481.673
61.1996 59.0534 161.723 24.5818 481.196
61.2996 59.0031 162.201 24.6201 480.719
61.3996 58.9528 162.679 24.6584 480.241
61.4996 58.9024 163.157 24.6967 479.762
61.5996 58.8521 163.636 24.7351 479.283
61.6996 58.8018 164.115 24.7733 478.804
61.7996 58.7515 164.595 24.8116 478.324
61.8996 58.7011 165.075 24.8499 477.844
61.9996 58.6508 165.556 24.8882 477.363
62.0996 58.6005 166.037 24.9264 476.882
62.1996 58.5502 166.519 24.9646 476.401
62.2996 58.4999 167.001 25.0029 475.919
62.3996 58.4496 167.483 25.0411 475.436
62.4996 58.3992 167.966 25.0793 474.953
62.5996 58.3489 168.449 25.1175 474.47
62.6996 58.2986 168.933 25.1557 473.986
62.7996 58.2483 169.417 25.1939 473.502
62.8996 58.198 169.902 25.232 473.018
62.9996 58.1477 170.387 25.2702 472.532
63.0996 58.0974 170.872 25.3083 472.047
63.1996 58.0471 171.358 25.3464 471.561
63.2996 57.9968 171.845 25.3846 471.075
63.3996 57.9465 172.332 25.4227 470.588
63.4996 57.8961 172.819 25.4608 470.101
63.5996 57.8458 173.306 25.4988 469.613
63.6996 57.7955 173.794 25.5369 469.125
63.7996 57.7452 174.283 25.575 468.637
63.8996 57.6949 174.772 25.613 468.148
63.9996 57.6446 175.261 25.6511 467.658
64.0996 57.5943 175.751 25.6891 467.169
64.1996 57.5441 176.241 25.7271 466.678
64.2996 57.4938 176.732 25.7651 466.188
64.3996 57.4435 177.222 25.8031 465.697
64.4996 57.3932 177.714 25.8411 465.206
64.5996 57.3429 178.206 25.879 464.714
64.6996 57.2926 178.698 25.917 464.222
64.7996 57.2423 179.19 25.9549 463.729
64.8996 57.192 179.683 25.9929 463.236
64.9996 57.1417 180.177 26.0308 462.743
65.0996 57.0914 180.671 26.0687 462.249
65.1996 57.0411 181.165 26.1066 461.755
65.2996 56.9909 181.66 26.1445 461.26
65.3996 56.9406 182.155 26.1823 460.765
65.4996 56.8903 182.65 26.2202 460.269
65.5996 56.84 183.146 26.2581 459.774
65.6996 56.7897 183.642 26.2959 459.277
65.7996 56.7395 184.139 26.3337 458.781
65.8996 56.6892 184.635 26.3715 458.284
65.9996 56.6389 185.133 26.4093 457.787
66.0996 56.5886 185.631 26.4471 457.289
66.1996 56.5384 186.129 26.4849 456.791
66.2996 56.4881 186.627 26.5226 456.292
66.3996 56.4378 187.126 26.5604 455.793
66.4996 56.3875 187.625 26.5981 455.294
66.5996 56.3373 188.125 26.6359 454.794
66.6996 56.287 188.625 26.6736 454.294
66.7996 56.2367 189.126 26.7113 453.794
66.8996 56.1865 189.626 26.749 453.293
66.9995 56.1362 190.127 26.7866 452.792
67.0995 56.0859 190.629 26.8243 452.29
67.1995 56.0357 191.131 26.8619 451.789
67.2995 55.9854 191.633 26.8996 451.286
67.3995 55.9351 192.136 26.9372 450.784
67.4995 55.8849 192.639 26.9748 450.281
67.5995 55.8346 193.142 27.0124 449.777
67.6995 55.7844 193.646 27.05 449.274
67.7995 55.7341 194.15 27.0876 448.769
67.8995 55.6839 194.654 27.1251 448.265
67.9995 55.6336 195.159 27.1627 447.76
68.0995 55.5834 195.664 27.2002 447.255
68.1995 55.5331 196.17 27.2377 446.75
68.2995 55.4829 196.676 27.2752 446.244
68.3995 55.4326 197.182 27.3127 445.737
68.4995 55.3824 197.689 27.3502 445.231
68.5995 55.3321 198.195 27.3877 444.724
68.6995 55.2819 198.703 27.4251 444.217
68.7995 55.2316 199.21 27.4626 443.709
68.8995 55.1814 199.718 27.5 443.201
68.9995 55.1311 200.227 27.5374 442.693
69.0995 55.0809 200.735 27.5748 442.184
69.1995 55.0306 201.244 27.6122 441.675
69.2995 54.9804 201.754 27.6496 441.166
69.3995 54.9302 202.263 27.6869 440.656
69.4995 54.8799 202.773 27.7243 440.146
69.5995 54.8297 203.283 27.7616 439.636
69.6995 54.7795 203.794 27.7989 439.125
69.7995 54.7292 204.305 27.8362 438.614
69.8995 54.679 204.816 27.8735 438.103
69.9995 54.6288 205.328 27.9108 437.591
70.0995 54.5785 205.84 27.9481 437.079
70.1995 54.5283 206.352 27.9853 436.567
70.2995 54.4781 206.865 28.0226 436.055
70.3995 54.4278 207.378 28.0598 435.542
70.4995 54.3776 207.891 28.097 435.028
70.5995 54.3274 208.405 28.1342 434.515
70.6995 54.2772 208.918 28.1714 434.001
70.7995 54.2269 209.433 28.2085 433.487
70.8995 54.1767 209.947 28.2457 432.972
70.9995 54.1265 210.462 28.2828 432.457
71.0995 54.0763 210.977 28.3199 431.942
71.1995 54.0261 211.493 28.3571 431.427
71.2995 53.9759 212.008 28.3941 430.911
71.3995 53.9256 212.524 28.4312 430.395
71.4995 53.8754 213.041 28.4683 429.879
71.5995 53.8252 213.557 28.5053 429.362
71.6995 53.775 214.074 28.5424 428.845
71.7995 53.7248 214.591 28.5794 428.328
71.8995 53.6746 215.109 28.6164 427.81
71.9995 53.6244 215.627 28.6534 427.293
72.0995 53.5742 216.145 28.6904 426.774
72.1995 53.524 216.663 28.7273 426.256
72.2995 53.4737 217.182 28.7643 425.737
72.3995 53.4235 217.701 28.8012 425.218
72.4995 53.3733 218.22 28.8381 424.699
72.5995 53.3231 218.74 28.875 424.179
72.6995 53.2729 219.26 28.9119 423.66
72.7995 53.2227 219.78 28.9488 423.139
72.8995 53.1725 220.3 28.9856 422.619
72.9995 53.1223 220.821 29.0225 422.098
73.0995 53.0721 221.342 29.0593 421.577
73.1995 53.022 221.863 29.0961 421.056
73.2995 52.9718 222.385 29.1329 420.535
73.3995 52.9216 222.907 29.1697 420.013
73.4995 52.8714 223.429 29.2065 419.491
73.5994 52.8212 223.951 29.2432 418.968
73.6994 52.771 224.474 29.2799 418.446
73.7994 52.7208 224.997 29.3167 417.923
73.8994 52.6706 225.52 29.3534 417.4
73.9994 52.6204 226.043 29.39 416.876
74.0994 52.5703 226.567 29.4267 416.353
74.1994 52.5201 227.091 29.4634 415.829
74.2994 52.4699 227.615 29.5 415.304
74.3994 52.4197 228.139 29.5366 414.78
74.4994 52.3695 228.664 29.5732 414.255
74.5994 52.3193 229.189 29.6098 413.73
74.6994 52.2692 229.714 29.6464 413.205
74.7994 52.219 230.24 29.683 412.68
74.8994 52.1688 230.766 29.7195 412.154
74.9994 52.1186 231.291 29.756 411.628
75.0994 52.0685 231.818 29.7925 411.102
75.1994 52.0183 232.344 29.829 410.575
75.2994 51.9681 232.871 29.8655 410.049
75.3994 51.918 233.398 29.902 409.522
75.4994 51.8678 233.925 29.9384 408.994
75.5994 51.8176 234.452 29.9749 408.467
75.6994 51.7675 234.98 30.0113 407.939
75.7994 51.7173 235.508 30.0477 407.412
75.8994 51.6671 236.036 30.084 406.883
75.9994 51.617 236.564 30.1204 406.355
76.0994 51.5668 237.093 30.1567 405.827
76.1994 51.5167 237.622 30.1931 405.298
76.2994 51.4665 238.151 30.2294 404.769
76.3994 51.4163 238.68 30.2657 404.239
76.4994 51.3662 239.209 30.302 403.71
76.5994 51.316 239.739 30.3382 403.18
76.6994 51.2659 240.269 30.3745 402.65
76.7994 51.2157 240.799 30.4107 402.12
76.8994 51.1656 241.33 30.4469 401.59
76.9994 51.1154 241.86 30.4831 401.059
77.0994 51.0653 242.391 30.5193 400.528
77.1994 51.0151 242.922 30.5554 399.997
77.2994 50.965 243.453 30.5916 399.466
77.3994 50.9148 243.985 30.6277 398.935
77.4994 50.8647 244.516 30.6638 398.403
77.5994 50.8145 245.048 30.6999 397.871
77.6994 50.7644 245.58 30.7359 397.339
77.7994 50.7143 246.112 30.772 396.807
77.8994 50.6641 246.645 30.808 396.275
77.9994 50.614 247.177 30.844 395.742
78.0994 50.5638 247.71 30.88 395.209
78.1994 50.5137 248.243 30.916 394.676
78.2994 50.4636 248.777 30.952 394.143
78.3994 50.4134 249.31 30.9879 393.609
78.4994 50.3633 249.844 31.0239 393.076
78.5994 50.3132 250.377 31.0598 392.542
78.6994 50.263 250.911 31.0957 392.008
78.7994 50.2129 251.446 31.1315 391.474
78.8994 50.1628 251.98 31.1674 390.94
78.9994 50.1127 252.514 31.2032 390.405
79.0994 50.0625 253.049 31.239 389.87
79.1994 50.0124 253.584 31.2748 389.335
79.2994 49.9623 254.119 31.3106 388.8
79.3994 49.9122 254.654 31.3464 388.265
79.4994 49.862 255.19 31.3821 387.73
79.5994 49.8119 255.725 31.4178 387.194
79.6994 49.7618 256.261 31.4535 386.658
79.7994 49.7117 256.797 31.4892 386.122
79.8994 49.6616 257.333 31.5249 385.586
79.9994 49.6115 257.87 31.5605 385.05
80.0993 49.5613 258.406 31.5962 384.513
80.1993 49.5112 258.943 31.6318 383.977
80.2993 49.4611 259.479 31.6674 383.44
80.3993 49.411 260.016 31.7029 382.903
80.4993 49.3609 260.553 31.7385 382.366
80.5993 49.3108 261.091 31.774 381.829
80.6993 49.2607 261.628 31.8095 381.291
80.7993 49.2106 262.166 31.845 380.754
80.8993 49.1605 262.703 31.8805 380.216
80.9993 49.1104 263.241 31.916 379.678
81.0993 49.0603 263.779 31.9514 379.14
81.1993 49.0102 264.317 31.9868 378.602
81.2993 48.9601 264.856 32.0222 378.064
81.3993 48.91 265.394 32.0576 377.525
81.4993 48.8599 265.933 32.0929 376.987
81.5993 48.8098 266.471 32.1283 376.448
81.6993 48.7597 267.01 32.1636 375.909
81.7993 48.7096 267.549 32.1989 375.37
81.8993 48.6595 268.088 32.2342 374.831
81.9993 48.6094 268.628 32.2694 374.292
82.0993 48.5593 269.167 32.3046 373.752
82.1993 48.5092 269.707 32.3399 373.213
82.2993 48.4591 270.246 32.3751 372.673
82.3993 48.4091 270.786 32.4102 372.133
82.4993 48.359 271.326 32.4454 371.593
82.5993 48.3089 271.866 32.4805 371.053
82.6993 48.2588 272.406 32.5156 370.513
82.7993 48.2087 272.947 32.5507 369.973
82.8993 48.1586 273.487 32.5858 369.432
82.9993 48.1086 274.028 32.6208 368.892
83.0993 48.0585 274.568 32.6559 368.351
83.1993 48.0084 275.109 32.6909 367.81
83.2993 47.9583 275.65 32.7259 367.27
83.3993 47.9083 276.191 32.7608 366.729
83.4993 47.8582 276.732 32.7958 366.188
83.5993 47.8081 277.273 32.8307 365.646
83.6993 47.758 277.814 32.8656 365.105
83.7993 47.708 278.356 32.9005 364.564
83.8993 47.6579 278.897 32.9353 364.022
83.9993 47.6078 279.439 32.9702 363.481
84.0993 47.5578 279.981 33.005 362.939
84.1993 47.5077 280.522 33.0398 362.397
84.2993 47.4576 281.064 33.0745 361.855
84.3993 47.4076 281.606 33.1093 361.313
84.4993 47.3575 282.148 33.144 360.771
84.5993 47.3075 282.691 33.1787 360.229
84.6993 47.2574 283.233 33.2134 359.687
84.7993 47.2073 283.775 33.2481 359.144
84.8993 47.1573 284.318 33.2827 358.602
84.9993 47.1072 284.86 33.3173 358.059
85.0993 47.0572 285.403 33.3519 357.517
85.1993 47.0071 285.945 33.3865 356.974
85.2993 46.9571 286.488 33.421 356.431
85.3993 46.907 287.031 33.4555 355.888
85.4993 46.857 287.574 33.49 355.345
85.5993 46.8069 288.117 33.5245 354.802
85.6993 46.7569 288.66 33.559 354.259
85.7993 46.7068 289.203 33.5934 353.716
85.8993 46.6568 289.746 33.6278 353.173
85.9993 46.6067 290.29 33.6622 352.63
86.0993 46.5567 290.833 33.6966 352.086
86.1993 46.5067 291.376 33.7309 351.543
86.2993 46.4566 291.92 33.7652 350.999
86.3993 46.4066 292.463 33.7995 350.456
86.4993 46.3565 293.007 33.8338 349.912
86.5993 46.3065 293.551 33.8681 349.369
86.6992 46.2565 294.094 33.9023 348.825
86.7992 46.2064 294.638 33.9365 348.281
86.8992 46.1564 295.182 33.9707 347.737
86.9992 46.1064 295.726 34.0048 347.194
87.0992 46.0563 296.27 34.0389 346.65
87.1992 46.0063 296.814 34.073 346.106
87.2992 45.9563 297.358 34.1071 345.562
87.3992 45.9063 297.902 34.1412 345.018
87.4992 45.8562 298.446 34.1752 344.473
87.5992 45.8062 298.99 34.2092 343.929
87.6992 45.7562 299.534 34.2432 343.385
87.7992 45.7062 300.079 34.2772 342.841
87.8992 45.6562 300.623 34.3111 342.297
87.9992 45.6061 301.167 34.345 341.752
88.0992 45.5561 301.711 34.3789 341.208
88.1992 45.5061 302.256 34.4128 340.664
88.2992 45.4561 302.8 34.4466 340.119
88.3992 45.4061 303.345 34.4804 339.575
88.4992 45.3561 303.889 34.5142 339.03
88.5992 45.306 304.433 34.5479 338.486
88.6992 45.256 304.978 34.5817 337.941
88.7992 45.206 305.522 34.6154 337.397
88.8992 45.156 306.067 34.6491 336.852
88.9992 45.106 306.612 34.6827 336.308
89.0992 45.056 307.156 34.7164 335.763
89.1992 45.006 307.701 34.75 335.219
89.2992 44.956 308.245 34.7835 334.674
89.3992 44.906 308.79 34.8171 334.129
89.4992 44.856 309.335 34.8506 333.585
89.5992 44.806 309.879 34.8841 333.04
89.6992 44.756 310.424 34.9176 332.496
89.7992 44.706 310.968 34.9511 331.951
89.8992 44.656 311.513 34.9845 331.406
89.9992 44.606 312.058 35.0179 330.862
90.0992 44.556 312.602 35.0513 330.317
90.1992 44.506 313.147 35.0846 329.772
90.2992 44.456 313.692 35.1179 329.228
90.3992 44.406 314.236 35.1512 328.683
90.4992 44.356 314.781 35.1845 328.139
90.5992 44.3061 315.326 35.2177 327.594
90.6992 44.2561 315.87 35.2509 327.049
90.7992 44.2061 316.415 35.2841 326.505
90.8992 44.1561 316.959 35.3173 325.96
90.9992 44.1061 317.504 35.3504 325.416
91.0992 44.0561 318.048 35.3835 324.871
91.1992 44.0062 318.593 35.4166 324.326
91.2992 43.9562 319.137 35.4496 323.782
91.3992 43.9062 319.682 35.4826 323.237
91.4992 43.8562 320.226 35.5156 322.693
91.5992 43.8062 320.771 35.5486 322.149
91.6992 43.7563 321.315 35.5815 321.604
91.7992 43.7063 321.86 35.6144 321.06
91.8992 43.6563 322.404 35.6473 320.515
91.9992 43.6064 322.948 35.6802 319.971
92.0992 43.5564 323.493 35.713 319.427
92.1992 43.5064 324.037 35.7458 318.882
92.2992 43.4564 324.581 35.7785 318.338
92.3992 43.4065 325.125 35.8113 317.794
92.4992 43.3565 325.669 35.844 317.25
92.5992 43.3066 326.214 35.8767 316.706
92.6992 43.2566 326.758 35.9093 316.162
92.7992 43.2066 327.302 35.9419 315.618
92.8992 43.1567 327.846 35.9745 315.074
92.9992 43.1067 328.39 36.0071 314.53
93.0992 43.0567 328.933 36.0396 313.986
93.1992 43.0068 329.477 36.0721 313.442
93.2991 42.9568 330.021 36.1046 312.898
93.3991 42.9069 330.565 36.1371 312.355
93.4991 42.8569 331.108 36.1695 311.811
93.5991 42.807 331.652 36.2019 311.267
93.6991 42.757 332.196 36.2342 310.724
93.7991 42.7071 332.739 36.2665 310.18
93.8991 42.6571 333.282 36.2988 309.637
93.9991 42.6072 333.826 36.3311 309.094
94.0991 42.5572 334.369 36.3633 308.55
94.1991 42.5073 334.912 36.3955 308.007
94.2991 42.4573 335.455 36.4277 307.464
94.3991 42.4074 335.998 36.4598 306.921
94.4991 42.3575 336.541 36.492 306.378
94.5991 42.3075 337.084 36.524 305.835
94.6991 42.2576 337.627 36.5561 305.292
94.7991 42.2076 338.17 36.5881 304.749
94.8991 42.1577 338.713 36.6201 304.207
94.9991 42.1078 339.255 36.652 303.664
95.0991 42.0578 339.798 36.684 303.122
95.1991 42.0079 340.34 36.7159 302.579
95.2991 41.958 340.883 36.7477 302.037
95.3991 41.908 341.425 36.7795 301.494
95.4991 41.8581 341.967 36.8113 300.952
95.5991 41.8082 342.509 36.8431 300.41
95.6991 41.7583 343.051 36.8748 299.868
95.7991 41.7083 343.593 36.9065 299.326
95.8991 41.6584 344.135 36.9382 298.785
95.9991 41.6085 344.677 36.9698 298.243
96.0991 41.5586 345.218 37.0014 297.701
96.1991 41.5086 345.76 37.033 297.16
96.2991 41.4587 346.301 37.0646 296.618
96.3991 41.4088 346.842 37.0961 296.077
96.4991 41.3589 347.384 37.1275 295.536
96.5991 41.309 347.925 37.159 294.995
96.6991 41.2591 348.466 37.1904 294.454
96.7991 41.2091 349.007 37.2217 293.913
96.8991 41.1592 349.547 37.2531 293.372
96.9991 41.1093 350.088 37.2844 292.831
97.0991 41.0594 350.628 37.3157 292.291
97.1991 41.0095 351.169 37.3469 291.751
97.2991 40.9596 351.709 37.3781 291.21
97.3991 40.9097 352.249 37.4093 290.67
97.4991 40.8598 352.789 37.4404 290.13
97.5991 40.8099 353.329 37.4715 289.59
97.6991 40.76 353.869 37.5026 289.05
97.7991 40.7101 354.409 37.5336 288.511
97.8991 40.6602 354.948 37.5646 287.971
97.9991 40.6103 355.488 37.5955 287.432
98.0991 40.5604 356.027 37.6265 286.892
98.1991 40.5105 356.566 37.6574 286.353
98.2991 40.4606 357.105 37.6882 285.814
98.3991 40.4107 357.644 37.719 285.275
98.4991 40.3608 358.183 37.7498 284.737
98.5991 40.3109 358.721 37.7806 284.198
98.6991 40.261 359.26 37.8113 283.66
98.7991 40.2111 359.798 37.842 283.121
98.8991 40.1612 360.336 37.8726 282.583
98.9991 40.1113 360.874 37.9032 282.045
99.0991 40.0615 361.412 37.9338 281.507
99.1991 40.0116 361.95 37.9643 280.97
99.2991 39.9617 362.487 37.9948 280.432
99.3991 39.9118 363.025 38.0253 279.895
99.4991 39.8619 363.562 38.0557 279.357
99.5991 39.812 364.099 38.0861 278.82
99.6991 39.7622 364.636 38.1164 278.283
99.799 39.7123 365.173 38.1467 277.747
99.899 39.6624 365.71 38.177 277.21
99.999 39.6125 366.246 38.2072 276.673
100.099 39.5627 366.782 38.2374 276.137
100.199 39.5128 367.318 38.2676 275.601
100.299 39.4629 367.854 38.2977 275.065
100.399 39.413 368.39 38.3278 274.529
100.499 39.3632 368.926 38.3578 273.994
100.599 39.3133 369.461 38.3878 273.458
100.699 39.2634 369.996 38.4178 272.923
100.799 39.2136 370.532 38.4477 272.388
100.899 39.1637 371.066 38.4776 271.853
100.999 39.1138 371.601 38.5075 271.318
101.099 39.064 372.136 38.5373 270.784
101.199 39.0141 372.67 38.5671 270.249
101.299 38.9643 373.204 38.5968 269.715
101.399 38.9144 373.738 38.6265 269.181
101.499 38.8645 374.272 38.6561 268.647
101.599 38.8147 374.806 38.6858 268.114
101.699 38.7648 375.339 38.7153 267.58
101.799 38.715 375.872 38.7449 267.047
101.899 38.6651 376.405 38.7744 266.514
101.999 38.6153 376.938 38.8038 265.981
102.099 38.5654 377.471 38.8332 265.449
102.199 38.5156 378.003 38.8626 264.916
102.299 38.4657 378.536 38.8919 264.384
102.399 38.4159 379.068 38.9212 263.852
102.499 38.366 379.599 38.9505 263.32
102.599 38.3162 380.131 38.9797 262.788
102.699 38.2663 380.662 39.0089 262.257
102.799 38.2165 381.194 39.038 261.726
102.899 38.1666 381.725 39.0671 261.195
102.999 38.1168 382.255 39.0961 260.664
103.099 38.067 382.786 39.1251 260.133
103.199 38.0171 383.316 39.1541 259.603
103.299 37.9673 383.847 39.183 259.073
103.399 37.9175 384.376 39.2119 258.543
103.499 37.8676 384.906 39.2407 258.013
103.599 37.8178 385.436 39.2695 257.484
103.699 37.7679 385.965 39.2982 256.954
103.799 37.7181 386.494 39.3269 256.425
103.899 37.6683 387.023 39.3556 255.897
103.999 37.6185 387.551 39.3842 255.368
104.099 37.5686 388.08 39.4128 254.84
104.199 37.5188 388.608 39.4413 254.312
104.299 37.469 389.136 39.4698 253.784
104.399 37.4192 389.663 39.4982 253.256
104.499 37.3693 390.191 39.5266 252.729
104.599 37.3195 390.718 39.555 252.201
104.699 37.2697 391.245 39.5833 251.674
104.799 37.2199 391.772 39.6115 251.148
104.899 37.17 392.298 39.6397 250.621
104.999 37.1202 392.824 39.6679 250.095
105.099 37.0704 393.35 39.696 249.569
105.199 37.0206 393.876 39.7241 249.043
105.299 36.9708 394.401 39.7521 248.518
105.399 36.921 394.927 39.7801 247.993
105.499 36.8712 395.452 39.8081 247.468
105.599 36.8213 395.976 39.836 246.943
105.699 36.7715 396.501 39.8638 246.419
105.799 36.7217 397.025 39.8916 245.894
105.899 36.6719 397.549 39.9194 245.371
105.999 36.6221 398.073 39.9471 244.847
106.099 36.5723 398.596 39.9747 244.323
106.199 36.5225 399.119 40.0023 243.8
106.299 36.4727 399.642 40.0299 243.277
106.399 36.4229 400.165 40.0574 242.755
106.499 36.3731 400.687 40.0849 242.232
106.599 36.3233 401.209 40.1123 241.71
106.699 36.2735 401.731 40.1397 241.189
106.799 36.2237 402.252 40.167 240.667
106.899 36.1739 402.774 40.1943 240.146
106.999 36.1241 403.295 40.2215 239.625
107.099 36.0743 403.815 40.2487 239.104
107.199 36.0245 404.336 40.2758 238.584
107.299 35.9747 404.856 40.3029 238.063
107.399 35.925 405.376 40.3299 237.544
107.499 35.8752 405.895 40.3569 237.024
107.599 35.8254 406.415 40.3838 236.505
107.699 35.7756 406.934 40.4107 235.986
107.799 35.7258 407.452 40.4376 235.467
107.899 35.676 407.971 40.4643 234.949
107.999 35.6262 408.489 40.4911 234.43
108.099 35.5765 409.007 40.5177 233.913
108.199 35.5267 409.524 40.5444 233.395
108.299 35.4769 410.042 40.5709 232.878
108.399 35.4271 410.559 40.5975 232.361
108.499 35.3773 411.075 40.6239 231.844
108.599 35.3276 411.592 40.6504 231.328
108.699 35.2778 412.108 40.6767 230.812
108.799 35.228 412.623 40.703 230.296
108.899 35.1782 413.139 40.7293 229.781
108.999 35.1285 413.654 40.7555 229.265
109.099 35.0787 414.169 40.7817 228.751
109.199 35.0289 414.683 40.8078 228.236
109.299 34.9792 415.197 40.8338 227.722
109.399 34.9294 415.711 40.8598 227.208
109.499 34.8796 416.225 40.8858 226.695
109.599 34.8299 416.738 40.9116 226.181
109.699 34.7801 417.251 40.9375 225.668
109.799 34.7303 417.764 40.9633 225.156
109.899 34.6806 418.276 40.989 224.643
109.999 34.6308 418.788 41.0147 224.131
110.099 34.581 419.3 41.0403 223.62
110.199 34.5313 419.811 41.0658 223.109
110.299 34.4815 420.322 41.0913 222.598
110.399 34.4318 420.833 41.1168 222.087
110.499 34.382 421.343 41.1422 221.577
110.599 34.3323 421.853 41.1675 221.067
110.699 34.2825 422.362 41.1928 220.557
110.799 34.2328 422.872 41.218 220.048
110.899 34.183 423.381 41.2432 219.539
110.999 34.1333 423.889 41.2683 219.03
111.099 34.0835 424.398 41.2933 218.522
111.199 34.0338 424.906 41.3183 218.014
111.299 33.984 425.413 41.3432 217.506
111.399 33.9343 425.921 41.3681 216.999
111.499 33.8845 426.427 41.3929 216.492
111.599 33.8348 426.934 41.4177 215.985
111.699 33.785 427.44 41.4424 215.479
111.799 33.7353 427.946 41.467 214.973
111.899 33.6856 428.452 41.4916 214.468
111.999 33.6358 428.957 41.5161 213.963
112.099 33.5861 429.462 41.5406 213.458
112.199 33.5364 429.966 41.565 212.953
112.299 33.4866 430.47 41.5894 212.449
112.399 33.4369 430.974 41.6136 211.945
112.499 33.3871 431.477 41.6379 211.442
112.599 33.3374 431.98 41.662 210.939
112.699 33.2877 432.483 41.6861 210.436
112.799 33.238 432.985 41.7101 209.934
112.899 33.1882 433.487 41.7341 209.432
112.999 33.1385 433.989 41.758 208.931
113.099 33.0888 434.49 41.7819 208.43
113.199 33.039 434.991 41.8057 207.929
113.299 32.9893 435.491 41.8294 207.428
113.399 32.9396 435.991 41.8531 206.928
113.499 32.8899 436.491 41.8767 206.429
113.599 32.8402 436.99 41.9002 205.929
113.699 32.7904 437.489 41.9237 205.43
113.799 32.7407 437.987 41.9471 204.932
113.899 32.691 438.486 41.9704 204.434
113.999 32.6413 438.983 41.9937 203.936
114.099 32.5916 439.481 42.0169 203.439
114.199 32.5419 439.978 42.04 202.942
114.299 32.4921 440.474 42.0631 202.445
114.399 32.4424 440.97 42.0861 201.949
114.499 32.3927 441.466 42.1091 201.453
114.599 32.343 441.962 42.132 200.958
114.699 32.2933 442.457 42.1548 200.463
114.799 32.2436 442.951 42.1775 199.968
114.899 32.1939 443.446 42.2002 199.474
114.999 32.1442 443.939 42.2228 198.98
115.099 32.0945 444.433 42.2454 198.487
115.199 32.0448 444.926 42.2679 197.994
115.299 31.9951 445.418 42.2903 197.501
115.399 31.9454 445.911 42.3126 197.009
115.499 31.8957 446.402 42.3349 196.517
115.599 31.846 446.894 42.3571 196.026
115.699 31.7963 447.385 42.3792 195.535
115.799 31.7466 447.875 42.4013 195.044
115.899 31.6969 448.365 42.4233 194.554
115.999 31.6472 448.855 42.4452 194.064
116.099 31.5975 449.345 42.4671 193.575
116.199 31.5478 449.833 42.4889 193.086
116.299 31.4981 450.322 42.5106 192.597
116.399 31.4484 450.81 42.5322 192.109
116.499 31.3987 451.298 42.5538 191.622
116.599 31.349 451.785 42.5753 191.135
116.699 31.2993 452.272 42.5967 190.648
116.799 31.2497 452.758 42.6181 190.161
116.899 31.2 453.244 42.6393 189.675
116.999 31.1503 453.729 42.6605 189.19
117.099 31.1006 454.214 42.6817 188.705
117.199 31.0509 454.699 42.7027 188.22
117.299 31.0012 455.183 42.7237 187.736
117.399 30.9516 455.667 42.7446 187.252
117.499 30.9019 456.15 42.7654 186.769
117.599 30.8522 456.633 42.7862 186.286
117.699 30.8025 457.116 42.8069 185.804
117.799 30.7528 457.598 42.8275 185.322
117.899 30.7032 458.079 42.848 184.84
117.999 30.6535 458.56 42.8685 184.359
118.099 30.6038 459.041 42.8888 183.878
118.199 30.5542 459.521 42.9091 183.398
118.299 30.5045 460.001 42.9294 182.918
118.399 30.4548 460.48 42.9495 182.439
118.499 30.4051 460.959 42.9696 181.96
118.599 30.3555 461.438 42.9896 181.482
118.699 30.3058 461.916 43.0095 181.004
118.799 30.2561 462.393 43.0293 180.526
118.899 30.2065 462.87 43.049 180.049
118.999 30.1568 463.347 43.0687 179.573
119.099 30.1072 463.823 43.0883 179.096
119.199 30.0575 464.299 43.1078 178.621
119.299 30.0078 464.774 43.1272 178.146
119.399 29.9582 465.249 43.1466 177.671
119.499 29.9085 465.723 43.1658 177.197
119.599 29.8589 466.197 43.185 176.723
119.699 29.8092 466.67 43.2041 176.249
119.799 29.7595 467.143 43.2231 175.777
119.899 29.7099 467.615 43.242 175.304
119.999 29.6602 468.087 43.2609 174.832
120.099 29.6106 468.559 43.2797 174.361
120.199 29.5609 469.03 43.2983 173.89
120.299 29.5113 469.5 43.3169 173.419
120.399 29.4616 469.97 43.3354 172.949
120.499 29.412 470.44 43.3539 172.48
120.599 29.3623 470.909 43.3722 172.011
120.699 29.3127 471.377 43.3904 171.542
120.799 29.263 471.845 43.4086 171.074
120.899 29.2134 472.313 43.4267 170.607
120.999 29.1638 472.78 43.4447 170.139
121.099 29.1141 473.247 43.4626 169.673
121.199 29.0645 473.713 43.4804 169.207
121.299 29.0148 474.178 43.4981 168.741
121.399 28.9652 474.643 43.5157 168.276
121.499 28.9156 475.108 43.5333 167.811
121.599 28.8659 475.572 43.5507 167.347
121.699 28.8163 476.036 43.5681 166.884
121.799 28.7667 476.499 43.5854 166.42
121.899 28.717 476.962 43.6026 165.958
121.999 28.6674 477.424 43.6197 165.496
122.099 28.6178 477.885 43.6367 165.034
122.199 28.5681 478.347 43.6536 164.573
122.299 28.5185 478.807 43.6704 164.112
122.399 28.4689 479.267 43.6871 163.652
122.499 28.4192 479.727 43.7037 163.192
122.599 28.3696 480.186 43.7203 162.733
122.699 28.32 480.645 43.7367 162.275
122.799 28.2704 481.103 43.753 161.817
122.899 28.2207 481.56 43.7693 161.359
122.999 28.1711 482.017 43.7854 160.902
123.099 28.1215 482.474 43.8015 160.446
123.199 28.0719 482.93 43.8175 159.99
123.299 28.0222 483.385 43.8333 159.534
123.399 27.9726 483.84 43.8491 159.079
123.499 27.923 484.295 43.8648 158.625
123.599 27.8734 484.749 43.8803 158.171
123.699 27.8238 485.202 43.8958 157.717
123.799 27.7742 485.655 43.9112 157.265
123.899 27.7245 486.107 43.9264 156.812
123.999 27.6749 486.559 43.9416 156.36
124.099 27.6253 487.01 43.9567 155.909
124.199 27.5757 487.461 43.9716 155.458
124.299 27.5261 487.911 43.9865 155.008
124.399 27.4765 488.361 44.0013 154.559
124.499 27.4269 488.81 44.0159 154.109
124.599 27.3773 489.259 44.0305 153.661
124.699 27.3277 489.707 44.0449 153.213
124.799 27.2781 490.154 44.0593 152.765
124.899 27.2285 490.601 44.0735 152.318
124.999 27.1789 491.048 44.0877 151.872
125.099 27.1293 491.493 44.1017 151.426
125.199 27.0797 491.939 44.1156 150.981
125.299 27.0301 492.384 44.1295 150.536
125.399 26.9805 492.828 44.1432 150.092
125.499 26.9309 493.271 44.1568 149.648
125.599 26.8813 493.715 44.1703 149.205
125.699 26.8317 494.157 44.1837 148.762
125.799 26.7821 494.599 44.197 148.32
125.899 26.7325 495.041 44.2101 147.879
125.999 26.6829 495.482 44.2232 147.438
126.099 26.6333 495.922 44.2361 146.997
126.199 26.5837 496.362 44.249 146.558
126.299 26.5341 496.801 44.2617 146.118
126.399 26.4845 497.24 44.2743 145.68
126.499 26.4349 497.678 44.2868 145.242
126.599 26.3853 498.115 44.2992 144.804
126.699 26.3357 498.552 44.3115 144.367
126.799 26.2862 498.989 44.3237 143.931
126.899 26.2366 499.425 44.3357 143.495
126.999 26.187 499.86 44.3476 143.06
127.099 26.1374 500.294 44.3595 142.625
127.199 26.0878 500.729 44.3712 142.191
127.299 26.0382 501.162 44.3827 141.757
127.399 25.9887 501.595 44.3942 141.324
127.499 25.9391 502.028 44.4055 140.892
127.599 25.8895 502.459 44.4168 140.46
127.699 25.8399 502.891 44.4279 140.029
127.799 25.7904 503.321 44.4389 139.598
127.899 25.7408 503.751 44.4497 139.168
127.999 25.6912 504.181 44.4605 138.739
128.099 25.6416 504.61 44.4711 138.31
128.199 25.5921 505.038 44.4816 137.881
128.299 25.5425 505.466 44.492 137.454
128.399 25.4929 505.893 44.5022 137.026
128.499 25.4433 506.32 44.5123 136.6
128.599 25.3938 506.745 44.5224 136.174
128.699 25.3442 507.171 44.5322 135.749
128.799 25.2946 507.596 44.542 135.324
128.899 25.245 508.02 44.5516 134.9
128.999 25.1955 508.443 44.5611 134.476
129.099 25.1459 508.866 44.5705 134.053
129.199 25.0963 509.289 44.5797 133.631
129.299 25.0468 509.711 44.5888 133.209
129.399 24.9972 510.132 44.5978 132.787
129.499 24.9476 510.553 44.6067 132.367
129.599 24.8981 510.973 44.6154 131.947
129.699 24.8485 511.392 44.624 131.527
129.799 24.799 511.811 44.6324 131.109
129.899 24.7494 512.229 44.6408 130.691
129.999 24.6998 512.646 44.6489 130.273
130.099 24.6503 513.063 44.657 129.856
130.199 24.6007 513.48 44.6649 129.44
130.299 24.5512 513.895 44.6727 129.024
130.399 24.5016 514.311 44.6804 128.609
130.499 24.452 514.725 44.6879 128.194
130.599 24.4025 515.139 44.6952 127.78
130.699 24.3529 515.552 44.7025 127.367
130.799 24.3034 515.965 44.7096 126.955
130.899 24.2538 516.377 44.7165 126.543
130.999 24.2043 516.788 44.7233 126.131
131.099 24.1547 517.199 44.73 125.72
131.199 24.1052 517.609 44.7365 125.31
131.299 24.0556 518.019 44.7429 124.901
131.399 24.0061 518.428 44.7492 124.492
131.499 23.9565 518.836 44.7553 124.084
131.599 23.907 519.244 44.7612 123.676
131.699 23.8574 519.651 44.767 123.269
131.799 23.8079 520.057 44.7727 122.863
131.899 23.7584 520.463 44.7782 122.457
131.999 23.7088 520.868 44.7836 122.052
132.099 23.6593 521.272 44.7888 121.647
132.199 23.6097 521.676 44.7939 121.243
132.299 23.5602 522.079 44.7988 120.84
132.399 23.5107 522.482 44.8036 120.438
132.499 23.4611 522.884 44.8082 120.036
132.599 23.4116 523.285 44.8126 119.634
132.699 23.362 523.686 44.8169 119.234
132.799 23.3125 524.086 44.8211 118.834
132.899 23.263 524.485 44.8251 118.435
132.999 23.2134 524.884 44.8289 118.036
133.099 23.1639 525.282 44.8326 117.638
133.199 23.1144 525.679 44.8362 117.24
133.299 23.0648 526.076 44.8395 116.844
133.399 23.0153 526.472 44.8428 116.448
133.499 22.9658 526.867 44.8458 116.052
133.599 22.9163 527.262 44.8487 115.657
133.699 22.8667 527.656 44.8514 115.263
133.799 22.8172 528.05 44.854 114.87
133.899 22.7677 528.442 44.8564 114.477
133.999 22.7181 528.835 44.8587 114.085
134.099 22.6686 529.226 44.8607 113.693
134.199 22.6191 529.617 44.8627 113.302
134.299 22.5696 530.007 44.8644 112.912
134.399 22.5201 530.397 44.866 112.523
134.499 22.4705 530.785 44.8674 112.134
134.599 22.421 531.174 44.8686 111.746
134.699 22.3715 531.561 44.8697 111.358
134.799 22.322 531.948 44.8706 110.971
134.899 22.2725 532.334 44.8713 110.585
134.999 22.2229 532.72 44.8719 110.2
135.099 22.1734 533.104 44.8723 109.815
135.199 22.1239 533.489 44.8725 109.431
135.299 22.0744 533.872 44.8725 109.047
135.399 22.0249 534.255 44.8724 108.665
135.499 21.9754 534.637 44.872 108.282
135.599 21.9259 535.018 44.8715 107.901
135.699 21.8763 535.399 44.8709 107.52
135.799 21.8268 535.779 44.87 107.14
135.899 21.7773 536.159 44.869 106.761
135.999 21.7278 536.537 44.8677 106.382
136.099 21.6783 536.915 44.8663 106.004
136.199 21.6288 537.293 44.8647 105.627
136.299 21.5793 537.669 44.863 105.25
136.399 21.5298 538.045 44.861 104.874
136.499 21.4803 538.421 44.8588 104.499
136.599 21.4308 538.795 44.8565 104.124
136.699 21.3813 539.169 44.854 103.75
136.799 21.3318 539.542 44.8513 103.377
136.899 21.2823 539.915 44.8484 103.005
136.999 21.2328 540.287 44.8453 102.633
137.099 21.1833 540.658 44.842 102.262
137.199 21.1338 541.028 44.8385 101.891
137.299 21.0843 541.398 44.8348 101.521
137.399 21.0348 541.767 44.8309 101.152
137.499 20.9853 542.135 44.8268 100.784
137.599 20.9358 542.503 44.8226 100.416
137.699 20.8863 542.87 44.8181 100.049
137.799 20.8368 543.236 44.8134 99.6832
137.899 20.7873 543.602 44.8085 99.3177
137.999 20.7378 543.967 44.8034 98.9528
138.099 20.6883 544.331 44.7982 98.5887
138.199 20.6388 544.694 44.7927 98.2253
138.299 20.5893 545.057 44.787 97.8626
138.399 20.5399 545.419 44.7811 97.5006
138.499 20.4904 545.78 44.775 97.1393
138.599 20.4409 546.141 44.7686 96.7788
138.699 20.3914 546.5 44.7621 96.4189
138.799 20.3419 546.86 44.7554 96.0598
138.899 20.2924 547.218 44.7484 95.7014
138.999 20.2429 547.576 44.7412 95.3437
139.099 20.1935 547.933 44.7338 94.9867
139.199 20.144 548.289 44.7262 94.6304
139.299 20.0945 548.645 44.7184 94.2748
139.399 20.045 548.999 44.7104 93.92
139.499 19.9955 549.354 44.7021 93.5659
139.599 19.946 549.707 44.6936 93.2125
139.699 19.8966 550.06 44.6849 92.8598
139.799 19.8471 550.412 44.676 92.5079
139.899 19.7976 550.763 44.6668 92.1567
139.999 19.7481 551.113 44.6574 91.8062
140.099 19.6987 551.463 44.6478 91.4564
140.199 19.6492 551.812 44.638 91.1074
140.299 19.5997 552.16 44.6279 90.7591
140.399 19.5502 552.508 44.6176 90.4116
140.499 19.5008 552.855 44.6071 90.0647
140.599 19.4513 553.201 44.5963 89.7186
140.699 19.4018 553.546 44.5853 89.3733
140.799 19.3523 553.891 44.5741 89.0286
140.899 19.3029 554.235 44.5626 88.6847
140.999 19.2534 554.578 44.5509 88.3416
141.099 19.2039 554.92 44.5389 87.9992
141.199 19.1545 555.262 44.5267 87.6575
141.299 19.105 555.603 44.5143 87.3166
141.399 19.0555 555.943 44.5016 86.9764
141.499 19.0061 556.282 44.4887 86.6369
141.599 18.9566 556.621 44.4755 86.2982
141.699 18.9071 556.959 44.462 85.9602
141.799 18.8577 557.296 44.4484 85.623
141.899 18.8082 557.633 44.4344 85.2866
141.999 18.7588 557.969 44.4202 84.9508
142.099 18.7093 558.304 44.4058 84.6159
142.199 18.6598 558.638 44.3911 84.2817
142.299 18.6104 558.971 44.3761 83.9482
142.399 18.5609 559.304 44.3609 83.6155
142.499 18.5115 559.636 44.3454 83.2835
142.6 18.462 559.967 44.3297 82.9523
142.7 18.4125 560.298 44.3137 82.6218
142.8 18.3631 560.627 44.2974 82.2921
142.9 18.3136 560.956 44.2809 81.9632
143 18.2642 561.284 44.2641 81.635
143.1 18.2147 561.612 44.247 81.3076
143.2 18.1653 561.938 44.2297 80.9809
143.3 18.1158 562.264 44.212 80.655
143.4 18.0664 562.59 44.1941 80.3299
143.5 18.0169 562.914 44.176 80.0055
143.6 17.9675 563.238 44.1575 79.6819
143.7 17.918 563.56 44.1388 79.3591
143.8 17.8686 563.882 44.1198 79.037
143.9 17.8191 564.204 44.1005 78.7157
144 17.7697 564.524 44.0809 78.3951
144.1 17.7202 564.844 44.0611 78.0753
144.2 17.6708 565.163 44.0409 77.7563
144.3 17.6213 565.481 44.0205 77.4381
144.4 17.5719 565.799 43.9998 77.1206
144.5 17.5224 566.115 43.9787 76.804
144.6 17.473 566.431 43.9574 76.488
144.7 17.4235 566.747 43.9358 76.1729
144.8 17.3741 567.061 43.9139 75.8585
144.9 17.3247 567.374 43.8917 75.5449
145 17.2752 567.687 43.8692 75.2321
145.1 17.2258 567.999 43.8464 74.9201
145.2 17.1763 568.311 43.8233 74.6089
145.3 17.1269 568.621 43.7998 74.2984
145.4 17.0775 568.931 43.7761 73.9887
145.5 17.028 569.24 43.7521 73.6798
145.6 16.9786 569.548 43.7277 73.3717
145.7 16.9292 569.855 43.7031 73.0643
145.8 16.8797 570.162 43.6781 72.7578
145.9 16.8303 570.467 43.6528 72.452
146 16.7808 570.772 43.6272 72.147
146.1 16.7314 571.077 43.6012 71.8428
146.2 16.682 571.38 43.575 71.5394
146.3 16.6325 571.683 43.5484 71.2368
146.4 16.5831 571.984 43.5214 70.935
146.5 16.5337 572.285 43.4942 70.634
146.6 16.4843 572.586 43.4666 70.3337
146.7 16.4348 572.885 43.4387 70.0343
146.8 16.3854 573.184 43.4105 69.7356
146.9 16.336 573.482 43.3819 69.4378
147 16.2865 573.779 43.353 69.1407
147.1 16.2371 574.075 43.3237 68.8445
147.2 16.1877 574.37 43.2941 68.549
147.3 16.1383 574.665 43.2642 68.2543
147.4 16.0888 574.959 43.2339 67.9605
147.5 16.0394 575.252 43.2033 67.6674
147.6 15.99 575.544 43.1723 67.3752
147.7 15.9406 575.836 43.1409 67.0837
147.8 15.8911 576.126 43.1092 66.7931
147.9 15.8417 576.416 43.0772 66.5032
148 15.7923 576.705 43.0447 66.2142
148.1 15.7429 576.993 43.012 65.9259
148.2 15.6935 577.281 42.9788 65.6385
148.3 15.644 577.568 42.9453 65.3519
148.4 15.5946 577.853 42.9114 65.0661
148.5 15.5452 578.138 42.8772 64.7811
148.6 15.4958 578.423 42.8426 64.4969
148.7 15.4464 578.706 42.8076 64.2135
148.8 15.3969 578.988 42.7722 63.9309
148.9 15.3475 579.27 42.7365 63.6492
149 15.2981 579.551 42.7004 63.3682
149.1 15.2487 579.831 42.6638 63.0881
149.2 15.1993 580.111 42.6269 62.8088
149.3 15.1499 580.389 42.5897 62.5303
149.4 15.1005 580.667 42.552 62.2526
149.5 15.051 580.944 42.5139 61.9758
149.6 15.0016 581.22 42.4754 61.6997
149.7 14.9522 581.495 42.4366 61.4245
149.8 14.9028 581.769 42.3973 61.1501
149.9 14.8534 582.043 42.3577 60.8765
150 14.804 582.316 42.3176 60.6038
150.1 14.7546 582.588 42.2771 60.3318
150.2 14.7052 582.859 42.2362 60.0607
150.3 14.6558 583.129 42.1949 59.7904
150.4 14.6064 583.398 42.1532 59.521
150.5 14.557 583.667 42.1111 59.2524
150.6 14.5075 583.935 42.0685 58.9846
150.7 14.4581 584.202 42.0256 58.7176
150.8 14.4087 584.468 41.9822 58.4514
150.9 14.3593 584.733 41.9384 58.1861
151 14.3099 584.998 41.8941 57.9216
151.1 14.2605 585.261 41.8494 57.658
151.2 14.2111 585.524 41.8043 57.3952
151.3 14.1617 585.786 41.7587 57.1332
151.4 14.1123 586.047 41.7127 56.872
151.5 14.0629 586.308 41.6663 56.6117
151.6 14.0135 586.567 41.6194 56.3522
151.7 13.9641 586.826 41.5721 56.0936
151.8 13.9147 587.084 41.5243 55.8358
151.9 13.8653 587.341 41.4761 55.5788
152 13.8159 587.597 41.4274 55.3227
152.1 13.7665 587.852 41.3782 55.0674
152.2 13.7171 588.106 41.3286 54.8129
152.3 13.6677 588.36 41.2785 54.5593
152.4 13.6183 588.613 41.228 54.3065
152.5 13.5689 588.865 41.177 54.0546
152.6 13.5195 589.116 41.1255 53.8035
152.7 13.4701 589.366 41.0735 53.5533
152.8 13.4208 589.616 41.0211 53.3039
152.9 13.3714 589.864 40.9682 53.0553
153 13.322 590.112 40.9148 52.8076
153.1 13.2726 590.359 40.8609 52.5608
153.2 13.2232 590.605 40.8065 52.3148
153.3 13.1738 590.85 40.7516 52.0696
153.4 13.1244 591.094 40.6962 51.8253
153.5 13.075 591.338 40.6404 51.5818
153.6 13.0256 591.58 40.584 51.3392
153.7 12.9762 591.822 40.5271 51.0975
153.8 12.9268 592.063 40.4697 50.8566
153.9 12.8775 592.303 40.4118 50.6165
154 12.8281 592.542 40.3534 50.3773
154.1 12.7787 592.78 40.2945 50.139
154.2 12.7293 593.018 40.235 49.9015
154.3 12.6799 593.255 40.1751 49.6648
154.4 12.6305 593.49 40.1146 49.4291
154.5 12.5811 593.725 40.0536 49.1942
154.6 12.5318 593.959 39.992 48.9601
154.7 12.4824 594.193 39.9299 48.7269
154.8 12.433 594.425 39.8673 48.4945
154.9 12.3836 594.656 39.8041 48.2631
155 12.3342 594.887 39.7404 48.0324
155.1 12.2848 595.117 39.6761 47.8027
155.2 12.2355 595.346 39.6113 47.5738
155.3 12.1861 595.574 39.5459 47.3457
155.4 12.1367 595.801 39.48 47.1186
155.5 12.0873 596.027 39.4135 46.8923
155.6 12.0379 596.253 39.3465 46.6668
155.7 11.9886 596.477 39.2789 46.4422
155.8 11.9392 596.701 39.2107 46.2185
155.9 11.8898 596.924 39.1419 45.9957
156 11.8404 597.146 39.0726 45.7737
156.1 11.791 597.367 39.0026 45.5526
156.2 11.7417 597.587 38.9321 45.3324
156.3 11.6923 597.806 38.861 45.113
156.4 11.6429 598.025 38.7893 44.8945
156.5 11.5935 598.243 38.7171 44.6769
156.6 11.5442 598.459 38.6442 44.4601
156.7 11.4948 598.675 38.5707 44.2443
156.8 11.4454 598.89 38.4966 44.0293
156.9 11.396 599.104 38.4219 43.8151
157 11.3467 599.318 38.3466 43.6019
157.1 11.2973 599.53 38.2707 43.3895
157.2 11.2479 599.741 38.1942 43.178
157.3 11.1986 599.952 38.117 42.9673
157.4 11.1492 600.162 38.0392 42.7576
157.5 11.0998 600.371 37.9608 42.5487
157.6 11.0504 600.579 37.8817 42.3407
157.7 11.0011 600.786 37.8021 42.1336
157.8 10.9517 600.992 37.7217 41.9273
157.9 10.9023 601.197 37.6408 41.722
158 10.853 601.402 37.5592 41.5175
158.1 10.8036 601.606 37.4769 41.3139
158.2 10.7542 601.808 37.394 41.1112
158.3 10.7049 602.01 37.3104 40.9094
158.4 10.6555 602.211 37.2262 40.7084
158.5 10.6061 602.411 37.1413 40.5083
158.6 10.5568 602.61 37.0557 40.3092
158.7 10.5074 602.809 36.9695 40.1109
158.8 10.458 603.006 36.8825 39.9135
158.9 10.4087 603.202 36.795 39.7169
159.001 10.3593 603.398 36.7067 39.5213
159.101 10.3099 603.593 36.6177 39.3265
159.201 10.2606 603.787 36.5281 39.1327
159.301 10.2112 603.98 36.4377 38.9397
159.401 10.1619 604.172 36.3467 38.7476
159.501 10.1125 604.363 36.2549 38.5564
159.601 10.0631 604.553 36.1625 38.3661
159.701 10.0138 604.743 36.0693 38.1767
159.801 9.96441 604.931 35.9754 37.9882
159.901 9.91505 605.119 35.8808 37.8006
160.001 9.86569 605.306 35.7855 37.6138
160.101 9.81633 605.491 35.6895 37.428
160.201 9.76698 605.676 35.5927 37.2431
160.301 9.71762 605.86 35.4952 37.059
160.401 9.66826 606.044 35.397 36.8758
160.501 9.6189 606.226 35.298 36.6936
160.601 9.56954 606.407 35.1983 36.5122
160.701 9.52019 606.588 35.0979 36.3317
160.801 9.47083 606.767 34.9967 36.1522
160.901 9.42147 606.946 34.8947 35.9735
161.001 9.37212 607.124 34.792 35.7957
161.101 9.32276 607.301 34.6885 35.6188
161.201 9.27341 607.477 34.5843 35.4429
161.301 9.22405 607.652 34.4793 35.2678
161.401 9.1747 607.826 34.3735 35.0936
161.501 9.12534 607.999 34.267 34.9203
161.601 9.07599 608.171 34.1597 34.748
161.701 9.02663 608.343 34.0515 34.5765
161.801 8.97728 608.513 33.9426 34.4059
161.901 8.92793 608.683 33.833 34.2363
162.001 8.87858 608.852 33.7225 34.0675
162.101 8.82922 609.02 33.6112 33.8996
162.201 8.77987 609.187 33.4991 33.7327
162.301 8.73052 609.353 33.3862 33.5666
162.401 8.68117 609.518 33.2726 33.4015
162.501 8.63182 609.682 33.1581 33.2373
162.601 8.58247 609.845 33.0427 33.0739
162.701 8.53312 610.008 32.9266 32.9115
162.801 8.48377 610.169 32.8097 32.75
162.901 8.43442 610.33 32.6919 32.5894
163.001 8.38507 610.49 32.5733 32.4297
163.101 8.33572 610.649 32.4538 32.2709
163.201 8.28638 610.806 32.3336 32.113
163.301 8.23703 610.963 32.2124 31.9561
163.401 8.18768 611.119 32.0905 31.8
163.501 8.13833 611.275 31.9677 31.6448
163.601 8.08899 611.429 31.844 31.4906
163.701 8.03964 611.582 31.7195 31.3373
163.801 7.99029 611.735 31.5942 31.1849
163.901 7.94095 611.886 31.468 31.0334
164.001 7.8916 612.037 31.3409 30.8828
164.101 7.84226 612.186 31.2129 30.7331
164.201 7.79291 612.335 31.0841 30.5844
164.301 7.74357 612.483 30.9544 30.4365
164.401 7.69422 612.63 30.8239 30.2896
164.501 7.64488 612.776 30.6924 30.1436
164.601 7.59554 612.921 30.5601 29.9985
164.701 7.54619 613.065 30.4269 29.8543
164.801 7.49685 613.208 30.2928 29.7111
164.901 7.44751 613.351 30.1579 29.5687
165.001 7.39817 613.492 30.022 29.4273
165.101 7.34882 613.633 29.8852 29.2868
165.201 7.29948 613.772 29.7476 29.1472
165.301 7.25014 613.911 29.609 29.0085
165.401 7.2008 614.049 29.4696 28.8708
165.501 7.15146 614.185 29.3292 28.7339
165.601 7.10212 614.321 29.1879 28.598
165.701 7.05278 614.456 29.0458 28.463
165.801 7.00344 614.59 28.9027 28.329
165.901 6.9541 614.724 28.7586 28.1958
166.001 6.90476 614.856 28.6137 28.0636
166.101 6.85542 614.987 28.4679 27.9323
166.201 6.80608 615.117 28.3211 27.8019
166.301 6.75674 615.247 28.1734 27.6725
166.401 6.7074 615.375 28.0248 27.5439
166.501 6.65807 615.503 27.8753 27.4163
166.601 6.60873 615.63 27.7248 27.2896
166.701 6.55939 615.756 27.5734 27.1639
166.801 6.51005 615.88 27.421 27.0391
166.901 6.46072 616.004 27.2678 26.9151
167.001 6.41138 616.127 27.1135 26.7922
167.101 6.36204 616.249 26.9584 26.6701
167.201 6.31271 616.37 26.8023 26.549
167.301 6.26337 616.491 26.6453 26.4288
167.401 6.21404 616.61 26.4873 26.3095
167.501 6.1647 616.728 26.3284 26.1912
167.601 6.11537 616.846 26.1685 26.0737
167.701 6.06603 616.962 26.0077 25.9573
167.801 6.0167 617.078 25.846 25.8417
167.901 5.96736 617.192 25.6833 25.7271
168.001 5.91803 617.306 25.5196 25.6134
168.101 5.86869 617.419 25.355 25.5006
168.201 5.81936 617.531 25.1895 25.3887
168.301 5.77003 617.642 25.023 25.2778
168.401 5.72069 617.752 24.8556 25.1679
168.501 5.67136 617.861 24.6872 25.0588
168.601 5.62203 617.969 24.5178 24.9507
168.701 5.5727 618.076 24.3475 24.8435
168.801 5.52336 618.182 24.1763 24.7373
168.901 5.47403 618.287 24.0041 24.6319
169.001 5.4247 618.392 23.831 24.5276
169.101 5.37537 618.495 23.6569 24.4241
169.201 5.32604 618.598 23.4818 24.3216
169.301 5.27671 618.699 23.3058 24.22
169.401 5.22737 618.8 23.1289 24.1193
169.501 5.17804 618.9 22.951 24.0196
169.601 5.12871 618.999 22.7722 23.9208
169.701 5.07938 619.096 22.5924 23.823
169.801 5.03005 619.193 22.4117 23.7261
169.901 4.98072 619.289 22.23 23.6301
170.001 4.93139 619.384 22.0475 23.5351
170.101 4.88206 619.478 21.8639 23.441
170.201 4.83274 619.572 21.6794 23.3478
170.301 4.78341 619.664 21.494 23.2556
170.401 4.73408 619.755 21.3077 23.1643
170.501 4.68475 619.846 21.1204 23.0739
170.601 4.63542 619.935 20.9322 22.9845
170.701 4.58609 620.023 20.7431 22.896
170.801 4.53676 620.111 20.5531 22.8085
170.901 4.48744 620.198 20.3621 22.7219
171.001 4.43811 620.283 20.1702 22.6362
171.101 4.38878 620.368 19.9774 22.5515
171.201 4.33945 620.452 19.7837 22.4677
171.301 4.29013 620.535 19.5891 22.3848
171.401 4.2408 620.616 19.3936 22.3029
171.501 4.19147 620.697 19.1972 22.222
171.601 4.14215 620.777 18.9999 22.1419
171.701 4.09282 620.857 18.8017 22.0628
171.801 4.04349 620.935 18.6026 21.9847
171.901 3.99417 621.012 18.4026 21.9075
172.001 3.94484 621.088 18.2017 21.8312
172.101 3.89552 621.163 18 21.7559
172.201 3.84619 621.238 17.7974 21.6815
172.301 3.79686 621.311 17.5939 21.6081
172.401 3.74754 621.384 17.3896 21.5356
172.501 3.69821 621.455 17.1845 21.464
172.601 3.64889 621.526 16.9784 21.3934
172.701 3.59956 621.596 16.7716 21.3238
172.801 3.55024 621.664 16.5639 21.255
172.901 3.50091 621.732 16.3553 21.1873
173.001 3.45159 621.799 16.146 21.1204
173.101 3.40227 621.865 15.9358 21.0545
173.201 3.35294 621.93 15.7248 20.9896
173.301 3.30362 621.994 15.513 20.9256
173.401 3.25429 622.057 15.3005 20.8625
173.501 3.20497 622.119 15.0871 20.8004
173.601 3.15565 622.18 14.8729 20.7392
173.701 3.10632 622.24 14.658 20.679
173.801 3.057 622.3 14.4423 20.6197
173.901 3.00768 622.358 14.2258 20.5613
174.001 2.95835 622.415 14.0086 20.5039
174.101 2.90903 622.472 13.7906 20.4475
174.201 2.85971 622.527 13.572 20.392
174.301 2.81039 622.582 13.3525 20.3374
174.401 2.76106 622.636 13.1324 20.2838
174.501 2.71174 622.688 12.9115 20.2312
174.601 2.66242 622.74 12.69 20.1794
174.701 2.6131 622.791 12.4677 20.1287
174.801 2.56377 622.841 12.2448 20.0788
174.901 2.51445 622.889 12.0212 20.03
175.001 2.46513 622.937 11.797 19.982
175.101 2.41581 622.984 11.572 19.9351
175.201 2.36649 623.03 11.3465 19.889
175.301 2.31716 623.075 11.1203 19.8439
175.402 2.26784 623.12 10.8935 19.7998
175.502 2.21852 623.163 10.6661 19.7566
175.602 2.1692 623.205 10.438 19.7143
175.702 2.11988 623.246 10.2094 19.673
175.802 2.07056 623.287 9.98022 19.6327
175.902 2.02124 623.326 9.75046 19.5933
176.002 1.97192 623.365 9.52013 19.5548
176.102 1.92259 623.402 9.28926 19.5173
176.202 1.87327 623.439 9.05786 19.4808
176.302 1.82395 623.474 8.82594 19.4452
176.402 1.77463 623.509 8.5935 19.4105
176.502 1.72531 623.543 8.36056 19.3768
176.602 1.67599 623.575 8.12714 19.344
176.702 1.62667 623.607 7.89325 19.3122
176.802 1.57735 623.638 7.65889 19.2813
176.902 1.52803 623.668 7.42408 19.2514
177.002 1.47871 623.697 7.18884 19.2225
177.102 1.42939 623.725 6.95317 19.1944
177.202 1.38007 623.752 6.71709 19.1674
177.302 1.33075 623.778 6.48062 19.1413
177.402 1.28143 623.803 6.24375 19.1161
177.502 1.23211 623.828 6.00652 19.0919
177.602 1.18279 623.851 5.76893 19.0686
177.702 1.13347 623.873 5.531 19.0463
177.802 1.08415 623.894 5.29273 19.0249
177.902 1.03483 623.915 5.05415 19.0045
178.002 0.985509 623.934 4.81526 18.985
178.102 0.93619 623.953 4.57609 18.9665
178.202 0.88687 623.97 4.33664 18.9489
178.302 0.83755 623.987 4.09692 18.9323
178.402 0.788231 624.003 3.85696 18.9167
178.502 0.738911 624.017 3.61677 18.9019
178.602 0.689591 624.031 3.37635 18.8882
178.702 0.640272 624.044 3.13574 18.8754
178.802 0.590952 624.056 2.89493 18.8635
178.902 0.541633 624.067 2.65394 18.8526
179.002 0.492313 624.077 2.4128 18.8426
179.102 0.442994 624.086 2.17151 18.8336
179.202 0.393675 624.094 1.93008 18.8255
179.302 0.344355 624.101 1.68854 18.8184
179.402 0.295036 624.107 1.44689 18.8123
179.502 0.245716 624.112 1.20516 18.807
179.602 0.196397 624.117 0.963352 18.8028
179.702 0.147078 624.12 0.721486 18.7995
179.802 0.0977584 624.122 0.479575 18.7971
179.902 0.048439 624.124 0.237635 18.7957
