0 180 1.14104 0 172.039
0.1 179.588 1.14108 0.00929376 172.039
0.2 179.176 1.14121 0.0185875 172.039
0.3 178.765 1.14144 0.0278812 172.039
0.4 178.353 1.14175 0.0371748 172.038
0.5 177.942 1.14215 0.0464684 172.038
0.6 177.53 1.14264 0.0557618 172.038
0.7 177.119 1.14321 0.0650551 172.037
0.8 176.708 1.14388 0.0743483 172.036
0.9 176.297 1.14463 0.0836413 172.036
1 175.887 1.14548 0.0929341 172.035
1.1 175.477 1.14641 0.102227 172.034
1.2 175.067 1.14743 0.111519 172.033
1.3 174.657 1.14854 0.120811 172.032
1.4 174.248 1.14974 0.130103 172.03
1.5 173.839 1.15103 0.139395 172.029
1.6 173.43 1.15241 0.148686 172.028
1.7 173.022 1.15388 0.157977 172.026
1.8 172.615 1.15543 0.167267 172.025
1.9 172.208 1.15707 0.176558 172.023
2 171.801 1.15881 0.185847 172.021
2.1 171.395 1.16063 0.195137 172.02
2.2 170.99 1.16254 0.204426 172.018
2.3 170.585 1.16454 0.213714 172.016
2.4 170.181 1.16663 0.223002 172.014
2.5 169.777 1.1688 0.23229 172.011
2.6 169.375 1.17107 0.241577 172.009
2.7 168.972 1.17342 0.250863 172.007
2.8 168.571 1.17586 0.260149 172.004
2.9 168.17 1.1784 0.269434 172.002
3 167.77 1.18102 0.278719 171.999
3.1 167.371 1.18373 0.288003 171.997
3.2 166.973 1.18652 0.297287 171.994
3.3 166.575 1.18941 0.306569 171.991
3.4 166.178 1.19239 0.315851 171.988
3.5 165.783 1.19545 0.325133 171.985
3.6 165.388 1.1986 0.334413 171.982
3.7 164.994 1.20184 0.343693 171.978
3.8 164.601 1.20517 0.352972 171.975
3.9 164.209 1.20859 0.362251 171.972
4 163.818 1.2121 0.371528 171.968
4.1 163.427 1.2157 0.380805 171.965
4.2 163.038 1.21938 0.390081 171.961
4.3 162.65 1.22315 0.399356 171.957
4.4 162.263 1.22702 0.40863 171.953
4.5 161.877 1.23097 0.417903 171.949
4.6 161.492 1.23501 0.427175 171.945
4.7 161.109 1.23913 0.436446 171.941
4.8 160.726 1.24335 0.445717 171.937
4.9 160.344 1.24765 0.454986 171.933
5 159.964 1.25205 0.464254 171.928
5.1 159.585 1.25653 0.473521 171.924
5.2 159.207 1.2611 0.482787 171.919
5.3 158.83 1.26576 0.492053 171.914
5.4 158.455 1.27051 0.501316 171.91
5.5 158.08 1.27534 0.510579 171.905
5.6 157.707 1.28027 0.519841 171.9
5.7 157.335 1.28528 0.529102 171.895
5.8 156.964 1.29038 0.538361 171.89
5.9 156.595 1.29557 0.547619 171.885
6 156.227 1.30085 0.556876 171.879
6.1 155.86 1.30621 0.566132 171.874
6.2 155.495 1.31167 0.575386 171.869
6.3 155.131 1.31721 0.584639 171.863
6.4 154.768 1.32284 0.593891 171.857
6.5 154.406 1.32856 0.603141 171.852
6.6 154.046 1.33437 0.61239 171.846
6.7 153.687 1.34027 0.621638 171.84
6.8 153.33 1.34625 0.630884 171.834
6.9 152.974 1.35232 0.640129 171.828
7 152.619 1.35849 0.649373 171.822
7.1 152.266 1.36474 0.658615 171.816
7.2 151.914 1.37107 0.667855 171.809
7.3 151.563 1.3775 0.677094 171.803
7.4 151.214 1.38401 0.686332 171.796
7.5 150.867 1.39061 0.695568 171.79
7.6 150.52 1.3973 0.704802 171.783
7.7 150.175 1.40408 0.714035 171.776
7.79999 149.832 1.41095 0.723266 171.769
7.89999 149.49 1.4179 0.732496 171.762
7.99999 149.149 1.42494 0.741724 171.755
8.09999 148.81 1.43207 0.75095 171.748
8.2 148.473 1.43929 0.760175 171.741
8.3 148.136 1.4466 0.769398 171.734
8.4 147.802 1.45399 0.778619 171.726
8.5 147.468 1.46147 0.787839 171.719
8.6 147.136 1.46904 0.797056 171.711
8.7 146.806 1.4767 0.806272 171.704
8.8 146.477 1.48445 0.815486 171.696
8.9 146.149 1.49228 0.824699 171.688
9 145.823 1.5002 0.833909 171.68
9.1 145.499 1.50821 0.843118 171.672
9.2 145.175 1.51631 0.852324 171.664
9.3 144.854 1.52449 0.861529 171.656
9.4 144.534 1.53276 0.870732 171.647
9.5 144.215 1.54112 0.879933 171.639
9.6 143.897 1.54957 0.889132 171.631
9.7 143.582 1.55811 0.898329 171.622
9.8 143.267 1.56673 0.907523 171.614
9.9 142.954 1.57544 0.916716 171.605
10 142.643 1.58424 0.925907 171.596
10.1 142.333 1.59312 0.935096 171.587
10.2 142.024 1.6021 0.944282 171.578
10.3 141.717 1.61116 0.953467 171.569
10.4 141.411 1.6203 0.962649 171.56
10.5 141.107 1.62954 0.971829 171.551
10.6 140.804 1.63886 0.981007 171.541
10.7 140.503 1.64827 0.990183 171.532
10.8 140.203 1.65777 0.999356 171.522
10.9 139.904 1.66735 1.00853 171.513
11 139.607 1.67702 1.0177 171.503
11.1 139.311 1.68678 1.02686 171.493
11.2 139.017 1.69663 1.03603 171.484
11.3 138.724 1.70656 1.04519 171.474
11.4 138.433 1.71658 1.05435 171.464
11.5 138.143 1.72669 1.06351 171.454
11.6 137.854 1.73689 1.07266 171.443
11.7 137.567 1.74717 1.08181 171.433
11.8 137.281 1.75754 1.09096 171.423
11.9 136.997 1.76799 1.10011 171.412
12 136.714 1.77853 1.10926 171.402
12.1 136.432 1.78916 1.1184 171.391
12.2 136.152 1.79988 1.12754 171.38
12.3 135.873 1.81068 1.13668 171.37
12.4 135.595 1.82157 1.14581 171.359
12.5 135.319 1.83255 1.15495 171.348
12.6 135.044 1.84361 1.16407 171.337
12.7 134.77 1.85477 1.1732 171.325
12.8 134.498 1.866 1.18233 171.314
12.9 134.227 1.87733 1.19145 171.303
13 133.958 1.88874 1.20057 171.292
13.1 133.69 1.90023 1.20968 171.28
13.2 133.423 1.91182 1.2188 171.268
13.3 133.157 1.92349 1.22791 171.257
13.4 132.893 1.93524 1.23702 171.245
13.5 132.63 1.94709 1.24612 171.233
13.6 132.368 1.95902 1.25523 171.221
13.7 132.108 1.97103 1.26433 171.209
13.8 131.849 1.98313 1.27342 171.197
13.9 131.591 1.99532 1.28252 171.185
14 131.335 2.0076 1.29161 171.173
14.1 131.079 2.01996 1.3007 171.16
14.2 130.825 2.03241 1.30978 171.148
14.3 130.572 2.04494 1.31886 171.135
14.4 130.321 2.05756 1.32794 171.123
14.5 130.07 2.07026 1.33702 171.11
14.6 129.821 2.08305 1.34609 171.097
14.7 129.573 2.09593 1.35516 171.084
14.8 129.327 2.1089 1.36423 171.071
14.9 129.081 2.12195 1.3733 171.058
15 128.837 2.13508 1.38236 171.045
15.1 128.594 2.1483 1.39141 171.032
15.2 128.352 2.16161 1.40047 171.019
15.3 128.111 2.175 1.40952 171.005
15.4 127.872 2.18848 1.41857 170.992
15.5 127.633 2.20204 1.42762 170.978
15.6 127.396 2.21569 1.43666 170.965
15.7 127.16 2.22943 1.4457 170.951
15.8 126.925 2.24325 1.45473 170.937
15.9 126.691 2.25716 1.46376 170.923
16 126.459 2.27115 1.47279 170.909
16.1 126.227 2.28522 1.48182 170.895
16.2 125.997 2.29939 1.49084 170.881
16.3 125.767 2.31364 1.49986 170.867
16.4 125.539 2.32797 1.50888 170.852
16.5 125.312 2.34239 1.51789 170.838
16.6 125.086 2.35689 1.5269 170.823
16.7 124.861 2.37148 1.5359 170.809
16.8 124.637 2.38615 1.5449 170.794
16.9 124.414 2.40091 1.5539 170.779
17 124.192 2.41576 1.5629 170.764
17.1 123.972 2.43069 1.57189 170.75
17.2 123.752 2.4457 1.58088 170.735
17.3 123.533 2.4608 1.58986 170.719
17.4 123.316 2.47598 1.59884 170.704
17.5 123.099 2.49125 1.60782 170.689
17.6 122.883 2.5066 1.61679 170.674
17.7 122.669 2.52204 1.62576 170.658
17.8 122.455 2.53756 1.63473 170.643
17.9 122.243 2.55317 1.64369 170.627
18 122.031 2.56886 1.65265 170.611
18.1 121.821 2.58464 1.6616 170.596
18.2 121.611 2.6005 1.67055 170.58
18.3 121.402 2.61645 1.6795 170.564
18.4 121.195 2.63248 1.68844 170.548
18.5 120.988 2.64859 1.69738 170.532
18.6 120.782 2.66479 1.70632 170.515
18.7 120.577 2.68107 1.71525 170.499
18.8 120.373 2.69744 1.72418 170.483
18.9 120.17 2.71389 1.7331 170.466
19 119.968 2.73042 1.74202 170.45
19.1 119.767 2.74704 1.75094 170.433
19.2 119.567 2.76374 1.75985 170.416
19.3 119.368 2.78053 1.76876 170.4
19.4 119.169 2.7974 1.77766 170.383
19.5 118.972 2.81436 1.78656 170.366
19.6 118.775 2.83139 1.79546 170.349
19.7 118.579 2.84852 1.80435 170.332
19.8 118.384 2.86572 1.81324 170.315
19.9 118.19 2.88301 1.82212 170.297
20 117.997 2.90038 1.831 170.28
20.1 117.805 2.91784 1.83987 170.262
20.2 117.613 2.93538 1.84875 170.245
20.3 117.423 2.953 1.85761 170.227
20.4 117.233 2.97071 1.86648 170.21
20.5 117.044 2.9885 1.87533 170.192
20.6 116.856 3.00637 1.88419 170.174
20.7 116.668 3.02433 1.89304 170.156
20.8 116.482 3.04237 1.90188 170.138
20.9 116.296 3.06049 1.91072 170.12
21 116.111 3.07869 1.91956 170.102
21.1 115.927 3.09698 1.92839 170.083
21.2 115.744 3.11535 1.93722 170.065
21.3 115.561 3.13381 1.94605 170.046
21.4 115.379 3.15235 1.95487 170.028
21.5 115.198 3.17096 1.96368 170.009
21.6 115.018 3.18967 1.97249 169.991
21.7 114.839 3.20845 1.9813 169.972
21.8 114.66 3.22732 1.9901 169.953
21.9 114.482 3.24627 1.99889 169.934
22 114.305 3.2653 2.00769 169.915
22.1 114.128 3.28442 2.01647 169.896
22.2 113.952 3.30361 2.02526 169.877
22.3 113.777 3.32289 2.03404 169.857
22.4 113.603 3.34226 2.04281 169.838
22.5 113.429 3.3617 2.05158 169.819
22.6 113.257 3.38123 2.06034 169.799
22.7001 113.084 3.40083 2.0691 169.779
22.8001 112.913 3.42052 2.07786 169.76
22.9001 112.742 3.4403 2.08661 169.74
23.0001 112.572 3.46015 2.09535 169.72
23.1001 112.403 3.48008 2.1041 169.7
23.2001 112.234 3.5001 2.11283 169.68
23.3001 112.066 3.5202 2.12156 169.66
23.4001 111.898 3.54038 2.13029 169.64
23.5001 111.732 3.56064 2.13901 169.62
23.6001 111.566 3.58099 2.14773 169.599
23.7001 111.4 3.60141 2.15644 169.579
23.8001 111.235 3.62192 2.16514 169.558
23.9001 111.071 3.64251 2.17385 169.538
24.0001 110.908 3.66318 2.18254 169.517
24.1001 110.745 3.68393 2.19123 169.496
24.2001 110.583 3.70476 2.19992 169.475
24.3001 110.421 3.72567 2.2086 169.455
24.4001 110.26 3.74666 2.21728 169.434
24.5001 110.1 3.76774 2.22595 169.413
24.6001 109.94 3.78889 2.23462 169.391
24.7001 109.781 3.81013 2.24328 169.37
24.8001 109.622 3.83145 2.25193 169.349
24.9001 109.465 3.85284 2.26059 169.327
25.0001 109.307 3.87432 2.26923 169.306
25.1001 109.151 3.89588 2.27787 169.284
25.2001 108.994 3.91752 2.28651 169.263
25.3001 108.839 3.93924 2.29514 169.241
25.4001 108.684 3.96104 2.30376 169.219
25.5001 108.529 3.98292 2.31238 169.197
25.6001 108.376 4.00488 2.321 169.175
25.7001 108.222 4.02692 2.3296 169.153
25.8001 108.07 4.04904 2.33821 169.131
25.9001 107.917 4.07124 2.34681 169.109
26.0001 107.766 4.09352 2.3554 169.087
26.1001 107.615 4.11588 2.36399 169.064
26.2001 107.464 4.13832 2.37257 169.042
26.3001 107.314 4.16084 2.38114 169.019
26.4001 107.165 4.18344 2.38972 168.997
26.5001 107.016 4.20612 2.39828 168.974
26.6001 106.868 4.22888 2.40684 168.951
26.7001 106.72 4.25172 2.4154 168.929
26.8001 106.573 4.27463 2.42394 168.906
26.9001 106.426 4.29763 2.43249 168.883
27.0001 106.279 4.32071 2.44103 168.86
27.1001 106.134 4.34386 2.44956 168.836
27.2001 105.988 4.3671 2.45808 168.813
27.3001 105.844 4.39041 2.4666 168.79
27.4001 105.699 4.4138 2.47512 168.766
27.5001 105.556 4.43727 2.48363 168.743
27.6001 105.412 4.46082 2.49213 168.719
27.7001 105.27 4.48445 2.50063 168.696
27.8001 105.127 4.50816 2.50912 168.672
27.9001 104.985 4.53194 2.51761 168.648
28.0001 104.844 4.55581 2.52609 168.624
28.1001 104.703 4.57975 2.53456 168.6
28.2001 104.563 4.60377 2.54303 168.576
28.3001 104.423 4.62787 2.5515 168.552
28.4001 104.283 4.65205 2.55995 168.528
28.5001 104.144 4.67631 2.56841 168.504
28.6001 104.006 4.70064 2.57685 168.48
28.7001 103.868 4.72505 2.58529 168.455
28.8001 103.73 4.74954 2.59372 168.431
28.9001 103.593 4.77411 2.60215 168.406
29.0001 103.456 4.79876 2.61057 168.381
29.1001 103.32 4.82348 2.61899 168.357
29.2001 103.184 4.84828 2.6274 168.332
29.3001 103.049 4.87316 2.6358 168.307
29.4001 102.914 4.89812 2.6442 168.282
29.5001 102.779 4.92315 2.65259 168.257
29.6001 102.645 4.94826 2.66097 168.232
29.7001 102.511 4.97345 2.66935 168.207
29.8001 102.378 4.99872 2.67772 168.182
29.9001 102.245 5.02406 2.68609 168.156
30.0001 102.113 5.04948 2.69445 168.131
30.1001 101.981 5.07498 2.7028 168.105
30.2001 101.849 5.10055 2.71115 168.08
30.3001 101.718 5.1262 2.71949 168.054
30.4001 101.587 5.15193 2.72783 168.028
30.5001 101.457 5.17773 2.73616 168.003
30.6001 101.327 5.20361 2.74448 167.977
30.7001 101.197 5.22957 2.75279 167.951
30.8001 101.068 5.2556 2.7611 167.925
30.9001 100.939 5.28171 2.76941 167.899
31.0001 100.81 5.3079 2.7777 167.872
31.1001 100.682 5.33416 2.78599 167.846
31.2001 100.555 5.3605 2.79428 167.82
31.3001 100.427 5.38691 2.80255 167.793
31.4001 100.3 5.4134 2.81082 167.767
31.5001 100.174 5.43997 2.81909 167.74
31.6001 100.048 5.46661 2.82735 167.714
31.7001 99.9218 5.49333 2.8356 167.687
31.8001 99.7964 5.52012 2.84384 167.66
31.9001 99.6713 5.54699 2.85208 167.633
32.0001 99.5466 5.57393 2.86031 167.606
32.1001 99.4222 5.60095 2.86853 167.579
32.2001 99.2982 5.62805 2.87675 167.552
32.3001 99.1745 5.65522 2.88496 167.525
32.4001 99.0512 5.68246 2.89317 167.498
32.5001 98.9282 5.70978 2.90136 167.47
32.6001 98.8056 5.73717 2.90956 167.443
32.7001 98.6833 5.76464 2.91774 167.416
32.8001 98.5614 5.79219 2.92592 167.388
32.9001 98.4398 5.81981 2.93409 167.36
33.0001 98.3186 5.8475 2.94225 167.333
33.1001 98.1976 5.87527 2.95041 167.305
33.2001 98.077 5.90311 2.95856 167.277
33.3001 97.9568 5.93103 2.9667 167.249
33.4001 97.8369 5.95902 2.97483 167.221
33.5001 97.7172 5.98708 2.98296 167.193
33.6001 97.598 6.01522 2.99109 167.165
33.7001 97.479 6.04344 2.9992 167.137
33.8001 97.3604 6.07172 3.00731 167.109
33.9001 97.242 6.10008 3.01541 167.08
34.0001 97.124 6.12852 3.0235 167.052
34.1001 97.0063 6.15703 3.03159 167.023
34.2001 96.889 6.18561 3.03967 166.995
34.3 96.7719 6.21426 3.04774 166.966
34.4 96.6551 6.24299 3.05581 166.937
34.5 96.5387 6.2718 3.06387 166.908
34.6 96.4225 6.30067 3.07192 166.88
34.7 96.3066 6.32962 3.07996 166.851
34.8 96.1911 6.35864 3.088 166.822
34.9 96.0758 6.38774 3.09603 166.793
35 95.9608 6.4169 3.10405 166.763
35.1 95.8462 6.44614 3.11206 166.734
35.2 95.7318 6.47546 3.12007 166.705
35.3 95.6177 6.50484 3.12807 166.675
35.4 95.5039 6.5343 3.13606 166.646
35.5 95.3904 6.56383 3.14405 166.616
35.6 95.2771 6.59343 3.15203 166.587
35.7 95.1642 6.62311 3.16 166.557
35.8 95.0515 6.65286 3.16796 166.527
35.9 94.9391 6.68268 3.17592 166.498
36 94.827 6.71257 3.18387 166.468
36.1 94.7151 6.74253 3.19181 166.438
36.2 94.6035 6.77257 3.19974 166.408
36.3 94.4922 6.80267 3.20767 166.378
36.4 94.3812 6.83285 3.21558 166.347
36.5 94.2704 6.8631 3.22349 166.317
36.6 94.1599 6.89342 3.2314 166.287
36.7 94.0497 6.92382 3.23929 166.256
36.8 93.9397 6.95428 3.24718 166.226
36.9 93.83 6.98482 3.25506 166.195
37 93.7205 7.01542 3.26293 166.165
37.1 93.6113 7.0461 3.2708 166.134
37.2 93.5024 7.07685 3.27866 166.103
37.3 93.3937 7.10767 3.28651 166.073
37.4 93.2852 7.13856 3.29435 166.042
37.5 93.1771 7.16952 3.30218 166.011
37.6 93.0691 7.20055 3.31001 165.98
37.7 92.9614 7.23165 3.31782 165.949
37.8 92.854 7.26282 3.32564 165.917
37.9 92.7468 7.29406 3.33344 165.886
38 92.6398 7.32537 3.34123 165.855
38.1 92.5331 7.35675 3.34902 165.823
38.2 92.4266 7.3882 3.3568 165.792
38.3 92.3204 7.41973 3.36457 165.761
38.4 92.2144 7.45132 3.37233 165.729
38.5 92.1086 7.48298 3.38009 165.697
38.6 92.0031 7.51471 3.38783 165.666
38.7 91.8978 7.54651 3.39557 165.634
38.8 91.7927 7.57838 3.4033 165.602
38.9 91.6879 7.61032 3.41103 165.57
39 91.5833 7.64232 3.41874 165.538
39.1 91.4789 7.6744 3.42645 165.506
39.2 91.3747 7.70655 3.43414 165.474
39.3 91.2708 7.73876 3.44184 165.441
39.4 91.1671 7.77104 3.44952 165.409
39.5 91.0636 7.8034 3.45719 165.377
39.6 90.9603 7.83582 3.46486 165.344
39.7 90.8573 7.86831 3.47251 165.312
39.8 90.7545 7.90086 3.48016 165.279
39.9 90.6518 7.93349 3.4878 165.247
40 90.5494 7.96618 3.49544 165.214
40.1 90.4472 7.99894 3.50306 165.181
40.2 90.3453 8.03177 3.51068 165.148
40.3 90.2435 8.06467 3.51828 165.116
40.4 90.1419 8.09764 3.52588 165.083
40.5 90.0406 8.13067 3.53347 165.05
40.6 89.9395 8.16377 3.54106 165.016
40.7 89.8385 8.19694 3.54863 164.983
40.7999 89.7378 8.23017 3.5562 164.95
40.8999 89.6373 8.26348 3.56375 164.917
40.9999 89.5369 8.29685 3.5713 164.883
41.0999 89.4368 8.33028 3.57884 164.85
41.1999 89.3369 8.36379 3.58637 164.816
41.2999 89.2372 8.39736 3.5939 164.783
41.3999 89.1376 8.431 3.60141 164.749
41.4999 89.0383 8.4647 3.60892 164.716
41.5999 88.9391 8.49847 3.61641 164.682
41.6999 88.8402 8.53231 3.6239 164.648
41.7999 88.7414 8.56621 3.63138 164.614
41.8999 88.6429 8.60018 3.63885 164.58
41.9999 88.5445 8.63422 3.64631 164.546
42.0999 88.4463 8.66832 3.65377 164.512
42.1999 88.3483 8.70249 3.66121 164.478
42.2999 88.2505 8.73672 3.66865 164.444
42.3999 88.1529 8.77102 3.67608 164.409
42.4999 88.0555 8.80539 3.68349 164.375
42.5999 87.9582 8.83982 3.6909 164.34
42.6999 87.8611 8.87431 3.69831 164.306
42.7999 87.7643 8.90888 3.7057 164.271
42.8999 87.6675 8.9435 3.71308 164.237
42.9999 87.571 8.97819 3.72045 164.202
43.0999 87.4747 9.01295 3.72782 164.167
43.1999 87.3785 9.04777 3.73518 164.132
43.2999 87.2825 9.08266 3.74252 164.098
43.3999 87.1867 9.11761 3.74986 164.063
43.4999 87.091 9.15263 3.75719 164.028
43.5999 86.9956 9.18771 3.76451 163.993
43.6999 86.9003 9.22285 3.77182 163.957
43.7999 86.8051 9.25806 3.77912 163.922
43.8999 86.7102 9.29333 3.78642 163.887
43.9999 86.6154 9.32867 3.7937 163.852
44.0999 86.5207 9.36407 3.80098 163.816
44.1999 86.4263 9.39953 3.80824 163.781
44.2999 86.332 9.43506 3.8155 163.745
44.3999 86.2379 9.47065 3.82274 163.71
44.4999 86.1439 9.50631 3.82998 163.674
44.5999 86.0501 9.54203 3.83721 163.638
44.6999 85.9565 9.57781 3.84443 163.602
44.7999 85.863 9.61366 3.85164 163.567
44.8999 85.7697 9.64956 3.85884 163.531
44.9999 85.6766 9.68554 3.86603 163.495
45.0999 85.5836 9.72157 3.87321 163.459
45.1999 85.4907 9.75767 3.88039 163.423
45.2999 85.3981 9.79383 3.88755 163.386
45.3999 85.3055 9.83005 3.89471 163.35
45.4999 85.2132 9.86633 3.90185 163.314
45.5999 85.121 9.90268 3.90898 163.278
45.6999 85.0289 9.93909 3.91611 163.241
45.7999 84.937 9.97556 3.92323 163.205
45.8999 84.8453 10.0121 3.93033 163.168
45.9999 84.7537 10.0487 3.93743 163.132
46.0999 84.6622 10.0853 3.94452 163.095
46.1999 84.5709 10.1221 3.9516 163.058
46.2999 84.4798 10.1588 3.95866 163.021
46.3999 84.3888 10.1957 3.96572 162.985
46.4999 84.2979 10.2326 3.97277 162.948
46.5999 84.2072 10.2695 3.97981 162.911
46.6999 84.1166 10.3066 3.98684 162.874
46.7999 84.0262 10.3437 3.99386 162.837
46.8999 83.9359 10.3808 4.00087 162.799
46.9999 83.8458 10.418 4.00787 162.762
47.0999 83.7558 10.4553 4.01486 162.725
47.1999 83.666 10.4926 4.02185 162.688
47.2999 83.5763 10.53 4.02882 162.65
47.3998 83.4867 10.5674 4.03578 162.613
47.4998 83.3973 10.6049 4.04273 162.575
47.5998 83.308 10.6425 4.04967 162.538
47.6998 83.2188 10.6801 4.0566 162.5
47.7998 83.1298 10.7178 4.06353 162.462
47.8998 83.0409 10.7556 4.07044 162.425
47.9998 82.9522 10.7934 4.07734 162.387
48.0998 82.8636 10.8313 4.08423 162.349
48.1998 82.7751 10.8692 4.09112 162.311
48.2998 82.6868 10.9072 4.09799 162.273
48.3998 82.5986 10.9452 4.10485 162.235
48.4998 82.5105 10.9833 4.1117 162.197
48.5998 82.4225 11.0215 4.11854 162.159
48.6998 82.3347 11.0597 4.12538 162.121
48.7998 82.247 11.098 4.1322 162.082
48.8998 82.1595 11.1363 4.13901 162.044
48.9998 82.0721 11.1747 4.14581 162.006
49.0998 81.9848 11.2132 4.1526 161.967
49.1998 81.8976 11.2517 4.15939 161.929
49.2998 81.8106 11.2903 4.16616 161.89
49.3998 81.7236 11.3289 4.17292 161.851
49.4998 81.6368 11.3676 4.17967 161.813
49.5998 81.5502 11.4063 4.18641 161.774
49.6998 81.4636 11.4451 4.19314 161.735
49.7998 81.3772 11.484 4.19986 161.696
49.8998 81.2909 11.5229 4.20657 161.657
49.9998 81.2047 11.5619 4.21327 161.618
50.0998 81.1187 11.6009 4.21996 161.579
50.1998 81.0327 11.64 4.22664 161.54
50.2998 80.9469 11.6791 4.2333 161.501
50.3998 80.8612 11.7183 4.23996 161.462
50.4998 80.7756 11.7576 4.24661 161.423
50.5998 80.6902 11.7969 4.25325 161.383
50.6998 80.6048 11.8363 4.25987 161.344
50.7998 80.5196 11.8757 4.26649 161.305
50.8998 80.4345 11.9152 4.27309 161.265
50.9998 80.3495 11.9547 4.27969 161.225
51.0998 80.2646 11.9943 4.28627 161.186
51.1998 80.1799 12.034 4.29285 161.146
51.2998 80.0952 12.0737 4.29941 161.107
51.3998 80.0107 12.1135 4.30596 161.067
51.4998 79.9262 12.1533 4.3125 161.027
51.5998 79.8419 12.1932 4.31903 160.987
51.6998 79.7577 12.2331 4.32556 160.947
51.7998 79.6736 12.2731 4.33206 160.907
51.8998 79.5897 12.3131 4.33856 160.867
51.9998 79.5058 12.3532 4.34505 160.827
52.0998 79.422 12.3934 4.35153 160.787
52.1998 79.3384 12.4336 4.358 160.747
52.2998 79.2548 12.4738 4.36445 160.706
52.3998 79.1714 12.5141 4.3709 160.666
52.4998 79.0881 12.5545 4.37733 160.626
52.5998 79.0049 12.5949 4.38375 160.585
52.6998 78.9217 12.6354 4.39017 160.545
52.7998 78.8387 12.6759 4.39657 160.504
52.8998 78.7558 12.7165 4.40296 160.464
52.9998 78.673 12.7571 4.40934 160.423
53.0998 78.5903 12.7978 4.41571 160.382
53.1998 78.5077 12.8386 4.42207 160.342
53.2998 78.4252 12.8794 4.42841 160.301
53.3998 78.3429 12.9202 4.43475 160.26
53.4998 78.2606 12.9611 4.44107 160.219
53.5998 78.1784 13.0021 4.44739 160.178
53.6998 78.0963 13.0431 4.45369 160.137
53.7998 78.0143 13.0841 4.45998 160.096
53.8997 77.9324 13.1253 4.46626 160.055
53.9997 77.8507 13.1664 4.47253 160.014
54.0997 77.769 13.2076 4.47879 159.973
54.1997 77.6874 13.2489 4.48503 159.931
54.2997 77.6059 13.2902 4.49127 159.89
54.3997 77.5245 13.3316 4.49749 159.849
54.4997 77.4432 13.373 4.50371 159.807
54.5997 77.362 13.4145 4.50991 159.766
54.6997 77.2809 13.456 4.5161 159.724
54.7997 77.1999 13.4976 4.52228 159.683
54.8997 77.119 13.5392 4.52845 159.641
54.9997 77.0382 13.5809 4.5346 159.599
55.0997 76.9575 13.6227 4.54075 159.558
55.1997 76.8768 13.6644 4.54688 159.516
55.2997 76.7963 13.7063 4.553 159.474
55.3997 76.7159 13.7482 4.55912 159.432
55.4997 76.6355 13.7901 4.56522 159.39
55.5997 76.5553 13.8321 4.5713 159.348
55.6997 76.4751 13.8741 4.57738 159.306
55.7997 76.395 13.9162 4.58345 159.264
55.8997 76.3151 13.9583 4.5895 159.222
55.9997 76.2352 14.0005 4.59554 159.18
56.0997 76.1554 14.0428 4.60157 159.137
56.1997 76.0756 14.0851 4.60759 159.095
56.2997 75.996 14.1274 4.6136 159.053
56.3997 75.9165 14.1698 4.61959 159.01
56.4997 75.837 14.2122 4.62558 158.968
56.5997 75.7577 14.2547 4.63155 158.926
56.6997 75.6784 14.2972 4.63751 158.883
56.7997 75.5992 14.3398 4.64346 158.84
56.8997 75.5201 14.3824 4.6494 158.798
56.9997 75.4411 14.4251 4.65532 158.755
57.0997 75.3622 14.4678 4.66124 158.712
57.1997 75.2833 14.5106 4.66714 158.67
57.2997 75.2046 14.5534 4.67303 158.627
57.3997 75.1259 14.5963 4.67891 158.584
57.4997 75.0473 14.6392 4.68477 158.541
57.5997 74.9688 14.6822 4.69063 158.498
57.6997 74.8904 14.7252 4.69647 158.455
57.7997 74.8121 14.7682 4.7023 158.412
57.8997 74.7338 14.8114 4.70812 158.369
57.9997 74.6556 14.8545 4.71393 158.326
58.0997 74.5775 14.8977 4.71972 158.283
58.1997 74.4995 14.941 4.72551 158.239
58.2997 74.4216 14.9843 4.73128 158.196
58.3997 74.3438 15.0276 4.73704 158.153
58.4997 74.266 15.071 4.74278 158.109
58.5997 74.1883 15.1144 4.74852 158.066
58.6997 74.1107 15.1579 4.75424 158.022
58.7997 74.0332 15.2014 4.75995 157.979
58.8997 73.9557 15.245 4.76565 157.935
58.9997 73.8783 15.2886 4.77134 157.892
59.0997 73.801 15.3323 4.77701 157.848
59.1997 73.7238 15.376 4.78267 157.804
59.2997 73.6467 15.4198 4.78832 157.76
59.3997 73.5696 15.4636 4.79396 157.717
59.4997 73.4926 15.5074 4.79959 157.673
59.5997 73.4157 15.5513 4.8052 157.629
59.6997 73.3389 15.5952 4.8108 157.585
59.7997 73.2621 15.6392 4.81639 157.541
59.8997 73.1854 15.6833 4.82197 157.497
59.9997 73.1088 15.7273 4.82753 157.453
60.0997 73.0323 15.7714 4.83308 157.409
60.1997 72.9558 15.8156 4.83862 157.365
60.2997 72.8795 15.8598 4.84415 157.32
60.3997 72.8031 15.9041 4.84966 157.276
60.4996 72.7269 15.9483 4.85517 157.232
60.5996 72.6507 15.9927 4.86066 157.188
60.6996 72.5747 16.0371 4.86613 157.143
60.7996 72.4986 16.0815 4.8716 157.099
60.8996 72.4227 16.126 4.87705 157.054
60.9996 72.3468 16.1705 4.88249 157.01
61.0996 72.271 16.215 4.88792 156.965
61.1996 72.1953 16.2596 4.89333 156.921
61.2996 72.1196 16.3043 4.89873 156.876
61.3996 72.044 16.3489 4.90412 156.831
61.4996 71.9685 16.3937 4.9095 156.787
61.5996 71.893 16.4384 4.91487 156.742
61.6996 71.8177 16.4832 4.92022 156.697
61.7996 71.7423 16.5281 4.92556 156.652
61.8996 71.6671 16.573 4.93088 156.607
61.9996 71.5919 16.6179 4.9362 156.562
62.0996 71.5168 16.6629 4.9415 156.517
62.1996 71.4418 16.7079 4.94678 156.472
62.2996 71.3668 16.753 4.95206 156.427
62.3996 71.2919 16.7981 4.95732 156.382
62.4996 71.217 16.8432 4.96257 156.337
62.5996 71.1423 16.8884 4.96781 156.292
62.6996 71.0676 16.9336 4.97303 156.247
62.7996 70.9929 16.9789 4.97824 156.201
62.8996 70.9184 17.0242 4.98344 156.156
62.9996 70.8438 17.0695 4.98863 156.111
63.0996 70.7694 17.1149 4.9938 156.065
63.1996 70.695 17.1603 4.99896 156.02
63.2996 70.6207 17.2058 5.00411 155.974
63.3996 70.5465 17.2513 5.00924 155.929
63.4996 70.4723 17.2969 5.01436 155.883
63.5996 70.3982 17.3424 5.01947 155.838
63.6996 70.3241 17.3881 5.02456 155.792
63.7996 70.2501 17.4337 5.02964 155.746
63.8996 70.1762 17.4794 5.03471 155.701
63.9996 70.1023 17.5252 5.03977 155.655
64.0996 70.0285 17.571 5.04481 155.609
64.1996 69.9548 17.6168 5.04984 155.563
64.2996 69.8811 17.6626 5.05485 155.518
64.3996 69.8075 17.7085 5.05986 155.472
64.4996 69.7339 17.7545 5.06485 155.426
64.5996 69.6604 17.8005 5.06982 155.38
64.6996 69.587 17.8465 5.07479 155.334
64.7996 69.5136 17.8925 5.07974 155.288
64.8996 69.4403 17.9386 5.08467 155.242
64.9996 69.367 17.9847 5.0896 155.196
65.0996 69.2938 18.0309 5.09451 155.149
65.1996 69.2207 18.0771 5.0994 155.103
65.2996 69.1476 18.1233 5.10429 155.057
65.3996 69.0746 18.1696 5.10916 155.011
65.4996 69.0017 18.2159 5.11401 154.964
65.5996 68.9288 18.2623 5.11886 154.918
65.6996 68.8559 18.3087 5.12369 154.872
65.7996 68.7832 18.3551 5.1285 154.825
65.8996 68.7104 18.4015 5.1333 154.779
65.9996 68.6378 18.448 5.13809 154.732
66.0996 68.5652 18.4946 5.14287 154.686
66.1996 68.4926 18.5411 5.14763 154.639
66.2996 68.4201 18.5877 5.15238 154.592
66.3996 68.3477 18.6344 5.15712 154.546
66.4996 68.2753 18.6811 5.16184 154.499
66.5996 68.203 18.7278 5.16655 154.452
66.6996 68.1307 18.7745 5.17124 154.406
66.7996 68.0585 18.8213 5.17592 154.359
66.8996 67.9864 18.8681 5.18059 154.312
66.9995 67.9143 18.915 5.18524 154.265
67.0995 67.8422 18.9618 5.18988 154.218
67.1995 67.7702 19.0088 5.19451 154.171
67.2995 67.6983 19.0557 5.19912 154.125
67.3995 67.6264 19.1027 5.20372 154.078
67.4995 67.5546 19.1497 5.20831 154.031
67.5995 67.4828 19.1968 5.21288 153.983
67.6995 67.4111 19.2439 5.21743 153.936
67.7995 67.3394 19.291 5.22198 153.889
67.8995 67.2678 19.3382 5.22651 153.842
67.9995 67.1963 19.3853 5.23102 153.795
68.0995 67.1248 19.4326 5.23553 153.748
68.1995 67.0533 19.4798 5.24002 153.7
68.2995 66.9819 19.5271 5.24449 153.653
68.3995 66.9106 19.5744 5.24895 153.606
68.4995 66.8393 19.6218 5.2534 153.558
68.5995 66.768 19.6692 5.25783 153.511
68.6995 66.6968 19.7166 5.26225 153.464
68.7995 66.6257 19.7641 5.26665 153.416
68.8995 66.5546 19.8115 5.27104 153.369
68.9995 66.4836 19.8591 5.27542 153.321
69.0995 66.4126 19.9066 5.27978 153.274
69.1995 66.3416 19.9542 5.28413 153.226
69.2995 66.2708 20.0018 5.28847 153.178
69.3995 66.1999 20.0495 5.29279 153.131
69.4995 66.1291 20.0971 5.29709 153.083
69.5995 66.0584 20.1448 5.30138 153.035
69.6995 65.9877 20.1926 5.30566 152.988
69.7995 65.9171 20.2403 5.30993 152.94
69.8995 65.8465 20.2881 5.31418 152.892
69.9995 65.776 20.336 5.31841 152.844
70.0995 65.7055 20.3838 5.32263 152.796
70.1995 65.635 20.4317 5.32684 152.749
70.2995 65.5646 20.4796 5.33103 152.701
70.3995 65.4943 20.5276 5.33521 152.653
70.4995 65.424 20.5756 5.33937 152.605
70.5995 65.3538 20.6236 5.34352 152.557
70.6995 65.2836 20.6716 5.34766 152.509
70.7995 65.2134 20.7197 5.35178 152.461
70.8995 65.1433 20.7678 5.35589 152.412
70.9995 65.0732 20.8159 5.35998 152.364
71.0995 65.0032 20.8641 5.36406 152.316
71.1995 64.9333 20.9123 5.36812 152.268
71.2995 64.8634 20.9605 5.37217 152.22
71.3995 64.7935 21.0087 5.37621 152.172
71.4995 64.7237 21.057 5.38023 152.123
71.5995 64.6539 21.1053 5.38423 152.075
71.6995 64.5842 21.1536 5.38822 152.027
71.7995 64.5145 21.202 5.3922 151.978
71.8995 64.4448 21.2503 5.39616 151.93
71.9995 64.3752 21.2987 5.40011 151.881
72.0995 64.3057 21.3472 5.40404 151.833
72.1995 64.2362 21.3957 5.40796 151.785
72.2995 64.1667 21.4441 5.41186 151.736
72.3995 64.0973 21.4927 5.41575 151.688
72.4995 64.0279 21.5412 5.41963 151.639
72.5995 63.9586 21.5898 5.42349 151.59
72.6995 63.8893 21.6384 5.42733 151.542
72.7995 63.8201 21.687 5.43116 151.493
72.8995 63.7509 21.7357 5.43498 151.445
72.9995 63.6818 21.7843 5.43878 151.396
73.0995 63.6127 21.833 5.44257 151.347
73.1995 63.5436 21.8818 5.44634 151.298
73.2995 63.4746 21.9305 5.45009 151.25
73.3995 63.4056 21.9793 5.45384 151.201
73.4995 63.3367 22.0281 5.45756 151.152
73.5994 63.2678 22.0769 5.46128 151.103
73.6994 63.1989 22.1258 5.46497 151.054
73.7994 63.1301 22.1747 5.46866 151.006
73.8994 63.0614 22.2236 5.47232 150.957
73.9994 62.9926 22.2725 5.47598 150.908
74.0994 62.924 22.3215 5.47961 150.859
74.1994 62.8553 22.3704 5.48324 150.81
74.2994 62.7867 22.4195 5.48684 150.761
74.3994 62.7182 22.4685 5.49044 150.712
74.4994 62.6497 22.5175 5.49401 150.663
74.5994 62.5812 22.5666 5.49758 150.614
74.6994 62.5128 22.6157 5.50112 150.565
74.7994 62.4444 22.6648 5.50466 150.515
74.8994 62.376 22.714 5.50818 150.466
74.9994 62.3077 22.7631 5.51168 150.417
75.0994 62.2394 22.8123 5.51517 150.368
75.1994 62.1712 22.8615 5.51864 150.319
75.2994 62.103 22.9108 5.52209 150.269
75.3994 62.0349 22.96 5.52554 150.22
75.4994 61.9668 23.0093 5.52896 150.171
75.5994 61.8987 23.0586 5.53238 150.122
75.6994 61.8307 23.108 5.53577 150.072
75.7994 61.7627 23.1573 5.53915 150.023
75.8994 61.6947 23.2067 5.54252 149.974
75.9994 61.6268 23.2561 5.54587 149.924
76.0994 61.5589 23.3055 5.54921 149.875
76.1994 61.4911 23.3549 5.55253 149.825
76.2994 61.4233 23.4044 5.55583 149.776
76.3994 61.3556 23.4539 5.55912 149.726
76.4994 61.2878 23.5034 5.5624 149.677
76.5994 61.2202 23.5529 5.56565 149.627
76.6994 61.1525 23.6024 5.5689 149.578
76.7994 61.0849 23.652 5.57213 149.528
76.8994 61.0174 23.7016 5.57534 149.479
76.9994 60.9498 23.7512 5.57854 149.429
77.0994 60.8823 23.8008 5.58172 149.379
77.1994 60.8149 23.8504 5.58488 149.33
77.2994 60.7475 23.9001 5.58804 149.28
77.3994 60.6801 23.9498 5.59117 149.23
77.4994 60.6127 23.9995 5.59429 149.181
77.5994 60.5454 24.0492 5.5974 149.131
77.6994 60.4782 24.0989 5.60048 149.081
77.7994 60.4109 24.1487 5.60356 149.032
77.8994 60.3437 24.1984 5.60662 148.982
77.9994 60.2766 24.2482 5.60966 148.932
78.0994 60.2095 24.298 5.61269 148.882
78.1994 60.1424 24.3479 5.6157 148.832
78.2994 60.0753 24.3977 5.61869 148.783
78.3994 60.0083 24.4476 5.62167 148.733
78.4994 59.9413 24.4975 5.62464 148.683
78.5994 59.8744 24.5474 5.62758 148.633
78.6994 59.8075 24.5973 5.63052 148.583
78.7994 59.7406 24.6472 5.63343 148.533
78.8994 59.6738 24.6972 5.63634 148.483
78.9994 59.607 24.7472 5.63922 148.433
79.0994 59.5402 24.7971 5.64209 148.383
79.1994 59.4735 24.8471 5.64494 148.333
79.2994 59.4068 24.8972 5.64778 148.283
79.3994 59.3401 24.9472 5.65061 148.233
79.4994 59.2735 24.9973 5.65341 148.183
79.5994 59.2069 25.0473 5.6562 148.133
79.6994 59.1403 25.0974 5.65898 148.083
79.7994 59.0738 25.1475 5.66174 148.033
79.8994 59.0073 25.1976 5.66448 147.983
79.9994 58.9408 25.2478 5.66721 147.932
80.0993 58.8744 25.2979 5.66992 147.882
80.1993 58.808 25.3481 5.67261 147.832
80.2993 58.7417 25.3983 5.67529 147.782
80.3993 58.6753 25.4485 5.67796 147.732
80.4993 58.609 25.4987 5.6806 147.682
80.5993 58.5428 25.5489 5.68324 147.631
80.6993 58.4766 25.5991 5.68585 147.581
80.7993 58.4104 25.6494 5.68845 147.531
80.8993 58.3442 25.6997 5.69103 147.481
80.9993 58.2781 25.7499 5.6936 147.43
81.0993 58.212 25.8002 5.69615 147.38
81.1993 58.1459 25.8505 5.69869 147.33
81.2993 58.0799 25.9009 5.70121 147.279
81.3993 58.0139 25.9512 5.70371 147.229
81.4993 57.9479 26.0016 5.7062 147.179
81.5993 57.882 26.0519 5.70867 147.128
81.6993 57.8161 26.1023 5.71112 147.078
81.7993 57.7502 26.1527 5.71356 147.028
81.8993 57.6844 26.2031 5.71598 146.977
81.9993 57.6186 26.2535 5.71839 146.927
82.0993 57.5528 26.3039 5.72078 146.876
82.1993 57.4871 26.3544 5.72315 146.826
82.2993 57.4214 26.4048 5.72551 146.775
82.3993 57.3557 26.4553 5.72785 146.725
82.4993 57.29 26.5057 5.73017 146.674
82.5993 57.2244 26.5562 5.73248 146.624
82.6993 57.1588 26.6067 5.73477 146.574
82.7993 57.0933 26.6572 5.73705 146.523
82.8993 57.0277 26.7078 5.73931 146.472
82.9993 56.9622 26.7583 5.74155 146.422
83.0993 56.8968 26.8088 5.74378 146.371
83.1993 56.8313 26.8594 5.74599 146.321
83.2993 56.7659 26.9099 5.74818 146.27
83.3993 56.7006 26.9605 5.75036 146.22
83.4993 56.6352 27.0111 5.75252 146.169
83.5993 56.5699 27.0617 5.75467 146.119
83.6993 56.5046 27.1123 5.75679 146.068
83.7993 56.4394 27.1629 5.75891 146.017
83.8993 56.3741 27.2135 5.761 145.967
83.9993 56.3089 27.2642 5.76308 145.916
84.0993 56.2438 27.3148 5.76514 145.865
84.1993 56.1786 27.3655 5.76719 145.815
84.2993 56.1135 27.4161 5.76922 145.764
84.3993 56.0484 27.4668 5.77123 145.713
84.4993 55.9834 27.5175 5.77322 145.663
84.5993 55.9184 27.5681 5.7752 145.612
84.6993 55.8534 27.6188 5.77716 145.561
84.7993 55.7884 27.6695 5.77911 145.511
84.8993 55.7235 27.7203 5.78104 145.46
84.9993 55.6586 27.771 5.78295 145.409
85.0993 55.5937 27.8217 5.78485 145.359
85.1993 55.5288 27.8724 5.78673 145.308
85.2993 55.464 27.9232 5.78859 145.257
85.3993 55.3992 27.9739 5.79044 145.206
85.4993 55.3344 28.0247 5.79226 145.156
85.5993 55.2697 28.0754 5.79408 145.105
85.6993 55.205 28.1262 5.79587 145.054
85.7993 55.1403 28.177 5.79765 145.003
85.8993 55.0757 28.2278 5.79941 144.952
85.9993 55.011 28.2785 5.80116 144.902
86.0993 54.9464 28.3293 5.80289 144.851
86.1993 54.8819 28.3801 5.8046 144.8
86.2993 54.8173 28.4309 5.80629 144.749
86.3993 54.7528 28.4818 5.80797 144.698
86.4993 54.6883 28.5326 5.80963 144.648
86.5993 54.6238 28.5834 5.81128 144.597
86.6992 54.5594 28.6342 5.8129 144.546
86.7992 54.495 28.6851 5.81451 144.495
86.8992 54.4306 28.7359 5.81611 144.444
86.9992 54.3663 28.7867 5.81768 144.393
87.0992 54.3019 28.8376 5.81924 144.343
87.1992 54.2376 28.8884 5.82079 144.292
87.2992 54.1733 28.9393 5.82231 144.241
87.3992 54.1091 28.9902 5.82382 144.19
87.4992 54.0449 29.041 5.82531 144.139
87.5992 53.9807 29.0919 5.82679 144.088
87.6992 53.9165 29.1428 5.82824 144.037
87.7992 53.8524 29.1936 5.82968 143.987
87.8992 53.7882 29.2445 5.83111 143.936
87.9992 53.7241 29.2954 5.83251 143.885
88.0992 53.6601 29.3463 5.8339 143.834
88.1992 53.596 29.3972 5.83528 143.783
88.2992 53.532 29.4481 5.83663 143.732
88.3992 53.468 29.499 5.83797 143.681
88.4992 53.4041 29.5499 5.83929 143.63
88.5992 53.3401 29.6008 5.84059 143.579
88.6992 53.2762 29.6517 5.84188 143.529
88.7992 53.2123 29.7026 5.84315 143.478
88.8992 53.1484 29.7535 5.8444 143.427
88.9992 53.0846 29.8044 5.84564 143.376
89.0992 53.0208 29.8553 5.84685 143.325
89.1992 52.957 29.9062 5.84805 143.274
89.2992 52.8932 29.9571 5.84924 143.223
89.3992 52.8295 30.008 5.8504 143.172
89.4992 52.7658 30.0589 5.85155 143.121
89.5992 52.7021 30.1099 5.85268 143.07
89.6992 52.6384 30.1608 5.8538 143.019
89.7992 52.5748 30.2117 5.8549 142.969
89.8992 52.5112 30.2626 5.85597 142.918
89.9992 52.4476 30.3135 5.85704 142.867
90.0992 52.384 30.3644 5.85808 142.816
90.1992 52.3204 30.4153 5.85911 142.765
90.2992 52.2569 30.4663 5.86012 142.714
90.3992 52.1934 30.5172 5.86111 142.663
90.4992 52.1299 30.5681 5.86209 142.612
90.5992 52.0665 30.619 5.86305 142.561
90.6992 52.0031 30.6699 5.86399 142.51
90.7992 51.9397 30.7208 5.86491 142.459
90.8992 51.8763 30.7717 5.86582 142.409
90.9992 51.8129 30.8226 5.8667 142.358
91.0992 51.7496 30.8736 5.86758 142.307
91.1992 51.6863 30.9245 5.86843 142.256
91.2992 51.623 30.9754 5.86926 142.205
91.3992 51.5597 31.0263 5.87008 142.154
91.4992 51.4965 31.0772 5.87088 142.103
91.5992 51.4333 31.1281 5.87167 142.052
91.6992 51.3701 31.179 5.87243 142.001
91.7992 51.3069 31.2298 5.87318 141.95
91.8992 51.2438 31.2807 5.87391 141.9
91.9992 51.1806 31.3316 5.87463 141.849
92.0992 51.1175 31.3825 5.87532 141.798
92.1992 51.0545 31.4334 5.876 141.747
92.2992 50.9914 31.4843 5.87666 141.696
92.3992 50.9284 31.5351 5.8773 141.645
92.4992 50.8654 31.586 5.87793 141.594
92.5992 50.8024 31.6369 5.87853 141.543
92.6992 50.7394 31.6877 5.87912 141.493
92.7992 50.6764 31.7386 5.8797 141.442
92.8992 50.6135 31.7894 5.88025 141.391
92.9992 50.5506 31.8403 5.88079 141.34
93.0992 50.4877 31.8911 5.88131 141.289
93.1992 50.4249 31.942 5.88181 141.238
93.2991 50.362 31.9928 5.88229 141.187
93.3991 50.2992 32.0436 5.88276 141.137
93.4991 50.2364 32.0944 5.88321 141.086
93.5991 50.1737 32.1453 5.88364 141.035
93.6991 50.1109 32.1961 5.88405 140.984
93.7991 50.0482 32.2469 5.88444 140.933
93.8991 49.9855 32.2977 5.88482 140.883
93.9991 49.9228 32.3485 5.88518 140.832
94.0991 49.8601 32.3993 5.88552 140.781
94.1991 49.7975 32.4501 5.88585 140.73
94.2991 49.7349 32.5008 5.88615 140.679
94.3991 49.6723 32.5516 5.88644 140.629
94.4991 49.6097 32.6024 5.88671 140.578
94.5991 49.5471 32.6531 5.88696 140.527
94.6991 49.4846 32.7039 5.8872 140.476
94.7991 49.4221 32.7546 5.88741 140.426
94.8991 49.3596 32.8053 5.88761 140.375
94.9991 49.2971 32.8561 5.88779 140.324
95.0991 49.2347 32.9068 5.88796 140.273
95.1991 49.1722 32.9575 5.8881 140.223
95.2991 49.1098 33.0082 5.88823 140.172
95.3991 49.0474 33.0589 5.88834 140.121
95.4991 48.9851 33.1096 5.88843 140.071
95.5991 48.9227 33.1602 5.8885 140.02
95.6991 48.8604 33.2109 5.88856 139.969
95.7991 48.7981 33.2616 5.8886 139.919
95.8991 48.7358 33.3122 5.88862 139.868
95.9991 48.6735 33.3629 5.88862 139.817
96.0991 48.6112 33.4135 5.8886 139.767
96.1991 48.549 33.4641 5.88857 139.716
96.2991 48.4868 33.5147 5.88851 139.666
96.3991 48.4246 33.5653 5.88844 139.615
96.4991 48.3624 33.6159 5.88835 139.564
96.5991 48.3003 33.6665 5.88825 139.514
96.6991 48.2382 33.7171 5.88812 139.463
96.7991 48.176 33.7676 5.88798 139.413
96.8991 48.114 33.8182 5.88782 139.362
96.9991 48.0519 33.8687 5.88764 139.311
97.0991 47.9898 33.9193 5.88744 139.261
97.1991 47.9278 33.9698 5.88723 139.21
97.2991 47.8658 34.0203 5.88699 139.16
97.3991 47.8038 34.0708 5.88674 139.109
97.4991 47.7418 34.1213 5.88647 139.059
97.5991 47.6799 34.1718 5.88618 139.008
97.6991 47.6179 34.2222 5.88588 138.958
97.7991 47.556 34.2727 5.88555 138.908
97.8991 47.4941 34.3231 5.88521 138.857
97.9991 47.4322 34.3735 5.88485 138.807
98.0991 47.3704 34.424 5.88447 138.756
98.1991 47.3085 34.4744 5.88407 138.706
98.2991 47.2467 34.5247 5.88366 138.655
98.3991 47.1849 34.5751 5.88322 138.605
98.4991 47.1231 34.6255 5.88277 138.555
98.5991 47.0613 34.6758 5.8823 138.504
98.6991 46.9996 34.7262 5.88182 138.454
98.7991 46.9378 34.7765 5.88131 138.404
98.8991 46.8761 34.8268 5.88078 138.353
98.9991 46.8144 34.8771 5.88024 138.303
99.0991 46.7528 34.9274 5.87968 138.253
99.1991 46.6911 34.9776 5.8791 138.203
99.2991 46.6295 35.0279 5.8785 138.152
99.3991 46.5678 35.0781 5.87789 138.102
99.4991 46.5062 35.1284 5.87725 138.052
99.5991 46.4447 35.1786 5.8766 138.002
99.6991 46.3831 35.2288 5.87593 137.951
99.799 46.3215 35.2789 5.87524 137.901
99.899 46.26 35.3291 5.87453 137.851
99.999 46.1985 35.3793 5.8738 137.801
100.099 46.137 35.4294 5.87306 137.751
100.199 46.0755 35.4795 5.8723 137.701
100.299 46.0141 35.5296 5.87152 137.651
100.399 45.9526 35.5797 5.87072 137.601
100.499 45.8912 35.6298 5.8699 137.55
100.599 45.8298 35.6798 5.86906 137.5
100.699 45.7684 35.7299 5.86821 137.45
100.799 45.707 35.7799 5.86733 137.4
100.899 45.6457 35.8299 5.86644 137.35
100.999 45.5843 35.8799 5.86553 137.3
101.099 45.523 35.9299 5.8646 137.25
101.199 45.4617 35.9798 5.86366 137.2
101.299 45.4004 36.0298 5.86269 137.15
101.399 45.3392 36.0797 5.86171 137.101
101.499 45.2779 36.1296 5.8607 137.051
101.599 45.2167 36.1795 5.85968 137.001
101.699 45.1555 36.2293 5.85864 136.951
101.799 45.0943 36.2792 5.85759 136.901
101.899 45.0331 36.329 5.85651 136.851
101.999 44.9719 36.3788 5.85542 136.801
102.099 44.9108 36.4286 5.8543 136.752
102.199 44.8496 36.4784 5.85317 136.702
102.299 44.7885 36.5281 5.85202 136.652
102.399 44.7274 36.5779 5.85085 136.602
102.499 44.6663 36.6276 5.84966 136.553
102.599 44.6053 36.6773 5.84846 136.503
102.699 44.5442 36.727 5.84723 136.453
102.799 44.4832 36.7766 5.84599 136.404
102.899 44.4222 36.8263 5.84473 136.354
102.999 44.3612 36.8759 5.84345 136.304
103.099 44.3002 36.9255 5.84215 136.255
103.199 44.2392 36.9751 5.84083 136.205
103.299 44.1783 37.0246 5.8395 136.156
103.399 44.1173 37.0742 5.83814 136.106
103.499 44.0564 37.1237 5.83677 136.057
103.599 43.9955 37.1732 5.83538 136.007
103.699 43.9346 37.2227 5.83397 135.958
103.799 43.8737 37.2721 5.83254 135.908
103.899 43.8129 37.3216 5.83109 135.859
103.999 43.752 37.371 5.82962 135.809
104.099 43.6912 37.4204 5.82814 135.76
104.199 43.6304 37.4697 5.82664 135.71
104.299 43.5696 37.5191 5.82511 135.661
104.399 43.5088 37.5684 5.82357 135.612
104.499 43.4481 37.6177 5.82201 135.563
104.599 43.3873 37.667 5.82044 135.513
104.699 43.3266 37.7163 5.81884 135.464
104.799 43.2659 37.7655 5.81722 135.415
104.899 43.2052 37.8147 5.81559 135.366
104.999 43.1445 37.8639 5.81394 135.316
105.099 43.0838 37.9131 5.81227 135.267
105.199 43.0232 37.9622 5.81058 135.218
105.299 42.9625 38.0114 5.80887 135.169
105.399 42.9019 38.0605 5.80714 135.12
105.499 42.8413 38.1095 5.80539 135.071
105.599 42.7807 38.1586 5.80363 135.022
105.699 42.7202 38.2076 5.80184 134.973
105.799 42.6596 38.2566 5.80004 134.924
105.899 42.599 38.3056 5.79822 134.875
105.999 42.5385 38.3545 5.79638 134.826
106.099 42.478 38.4035 5.79452 134.777
106.199 42.4175 38.4524 5.79265 134.728
106.299 42.357 38.5013 5.79075 134.679
106.399 42.2965 38.5501 5.78884 134.63
106.499 42.2361 38.599 5.7869 134.581
106.599 42.1756 38.6478 5.78495 134.532
106.699 42.1152 38.6965 5.78298 134.484
106.799 42.0548 38.7453 5.78099 134.435
106.899 41.9944 38.794 5.77898 134.386
106.999 41.934 38.8427 5.77695 134.338
107.099 41.8736 38.8914 5.77491 134.289
107.199 41.8133 38.9401 5.77284 134.24
107.299 41.753 38.9887 5.77076 134.192
107.399 41.6926 39.0373 5.76866 134.143
107.499 41.6323 39.0859 5.76654 134.094
107.599 41.572 39.1344 5.7644 134.046
107.699 41.5117 39.1829 5.76224 133.997
107.799 41.4515 39.2314 5.76006 133.949
107.899 41.3912 39.2799 5.75786 133.9
107.999 41.331 39.3283 5.75565 133.852
108.099 41.2708 39.3767 5.75342 133.804
108.199 41.2105 39.4251 5.75116 133.755
108.299 41.1503 39.4735 5.74889 133.707
108.399 41.0902 39.5218 5.7466 133.658
108.499 41.03 39.5701 5.74429 133.61
108.599 40.9698 39.6184 5.74196 133.562
108.699 40.9097 39.6666 5.73962 133.514
108.799 40.8496 39.7148 5.73725 133.465
108.899 40.7895 39.763 5.73487 133.417
108.999 40.7294 39.8112 5.73247 133.369
109.099 40.6693 39.8593 5.73004 133.321
109.199 40.6092 39.9074 5.7276 133.273
109.299 40.5491 39.9555 5.72514 133.225
109.399 40.4891 40.0035 5.72266 133.177
109.499 40.4291 40.0515 5.72017 133.129
109.599 40.369 40.0995 5.71765 133.081
109.699 40.309 40.1474 5.71512 133.033
109.799 40.249 40.1954 5.71256 132.985
109.899 40.1891 40.2432 5.70999 132.937
109.999 40.1291 40.2911 5.7074 132.889
110.099 40.0692 40.3389 5.70479 132.841
110.199 40.0092 40.3867 5.70216 132.794
110.299 39.9493 40.4345 5.69951 132.746
110.399 39.8894 40.4822 5.69684 132.698
110.499 39.8295 40.53 5.69416 132.65
110.599 39.7696 40.5776 5.69145 132.603
110.699 39.7097 40.6253 5.68873 132.555
110.799 39.6499 40.6729 5.68599 132.507
110.899 39.59 40.7205 5.68323 132.46
110.999 39.5302 40.768 5.68045 132.412
111.099 39.4704 40.8155 5.67765 132.365
111.199 39.4106 40.863 5.67483 132.317
111.299 39.3508 40.9105 5.67199 132.27
111.399 39.291 40.9579 5.66914 132.222
111.499 39.2312 41.0053 5.66626 132.175
111.599 39.1715 41.0526 5.66337 132.128
111.699 39.1117 41.1 5.66046 132.08
111.799 39.052 41.1473 5.65753 132.033
111.899 38.9923 41.1945 5.65458 131.986
111.999 38.9326 41.2417 5.65161 131.938
112.099 38.8729 41.2889 5.64862 131.891
112.199 38.8132 41.3361 5.64561 131.844
112.299 38.7536 41.3832 5.64259 131.797
112.399 38.6939 41.4303 5.63955 131.75
112.499 38.6343 41.4774 5.63648 131.703
112.599 38.5746 41.5244 5.6334 131.656
112.699 38.515 41.5714 5.6303 131.609
112.799 38.4554 41.6183 5.62718 131.562
112.899 38.3958 41.6653 5.62404 131.515
112.999 38.3363 41.7121 5.62088 131.468
113.099 38.2767 41.759 5.61771 131.421
113.199 38.2171 41.8058 5.61451 131.374
113.299 38.1576 41.8526 5.6113 131.328
113.399 38.0981 41.8993 5.60807 131.281
113.499 38.0385 41.946 5.60481 131.234
113.599 37.979 41.9927 5.60154 131.188
113.699 37.9195 42.0394 5.59825 131.141
113.799 37.8601 42.086 5.59495 131.094
113.899 37.8006 42.1325 5.59162 131.048
113.999 37.7411 42.1791 5.58827 131.001
114.099 37.6817 42.2256 5.58491 130.955
114.199 37.6223 42.272 5.58152 130.908
114.299 37.5628 42.3184 5.57812 130.862
114.399 37.5034 42.3648 5.5747 130.815
114.499 37.444 42.4112 5.57126 130.769
114.599 37.3847 42.4575 5.5678 130.723
114.699 37.3253 42.5038 5.56432 130.676
114.799 37.2659 42.55 5.56083 130.63
114.899 37.2066 42.5962 5.55731 130.584
114.999 37.1472 42.6424 5.55378 130.538
115.099 37.0879 42.6885 5.55022 130.492
115.199 37.0286 42.7346 5.54665 130.446
115.299 36.9693 42.7806 5.54306 130.4
115.399 36.91 42.8267 5.53945 130.354
115.499 36.8507 42.8726 5.53582 130.308
115.599 36.7914 42.9186 5.53217 130.262
115.699 36.7322 42.9645 5.52851 130.216
115.799 36.6729 43.0103 5.52482 130.17
115.899 36.6137 43.0561 5.52112 130.124
115.999 36.5545 43.1019 5.5174 130.078
116.099 36.4953 43.1477 5.51365 130.033
116.199 36.4361 43.1934 5.50989 129.987
116.299 36.3769 43.239 5.50611 129.941
116.399 36.3177 43.2847 5.50232 129.896
116.499 36.2585 43.3303 5.4985 129.85
116.599 36.1994 43.3758 5.49466 129.804
116.699 36.1402 43.4213 5.49081 129.759
116.799 36.0811 43.4668 5.48694 129.713
116.899 36.022 43.5122 5.48304 129.668
116.999 35.9629 43.5576 5.47913 129.623
117.099 35.9038 43.6029 5.4752 129.577
117.199 35.8447 43.6482 5.47126 129.532
117.299 35.7856 43.6935 5.46729 129.487
117.399 35.7265 43.7387 5.4633 129.442
117.499 35.6675 43.7839 5.4593 129.396
117.599 35.6084 43.8291 5.45527 129.351
117.699 35.5494 43.8742 5.45123 129.306
117.799 35.4904 43.9192 5.44717 129.261
117.899 35.4314 43.9642 5.44309 129.216
117.999 35.3724 44.0092 5.43899 129.171
118.099 35.3134 44.0541 5.43487 129.126
118.199 35.2544 44.099 5.43074 129.081
118.299 35.1954 44.1439 5.42658 129.036
118.399 35.1364 44.1887 5.42241 128.992
118.499 35.0775 44.2335 5.41822 128.947
118.599 35.0186 44.2782 5.41401 128.902
118.699 34.9596 44.3229 5.40978 128.857
118.799 34.9007 44.3675 5.40553 128.813
118.899 34.8418 44.4121 5.40126 128.768
118.999 34.7829 44.4567 5.39698 128.724
119.099 34.724 44.5012 5.39267 128.679
119.199 34.6651 44.5456 5.38835 128.635
119.299 34.6063 44.5901 5.38401 128.59
119.399 34.5474 44.6344 5.37965 128.546
119.499 34.4886 44.6788 5.37527 128.501
119.599 34.4297 44.7231 5.37087 128.457
119.699 34.3709 44.7673 5.36645 128.413
119.799 34.3121 44.8115 5.36202 128.369
119.899 34.2533 44.8557 5.35756 128.325
119.999 34.1945 44.8998 5.35309 128.28
120.099 34.1357 44.9439 5.3486 128.236
120.199 34.077 44.9879 5.34409 128.192
120.299 34.0182 45.0319 5.33956 128.148
120.399 33.9594 45.0758 5.33501 128.104
120.499 33.9007 45.1197 5.33045 128.061
120.599 33.842 45.1636 5.32586 128.017
120.699 33.7832 45.2074 5.32126 127.973
120.799 33.7245 45.2511 5.31664 127.929
120.899 33.6658 45.2948 5.312 127.885
120.999 33.6071 45.3385 5.30734 127.842
121.099 33.5484 45.3821 5.30266 127.798
121.199 33.4898 45.4257 5.29797 127.755
121.299 33.4311 45.4692 5.29325 127.711
121.399 33.3725 45.5127 5.28852 127.668
121.499 33.3138 45.5562 5.28377 127.624
121.599 33.2552 45.5995 5.279 127.581
121.699 33.1966 45.6429 5.27421 127.537
121.799 33.1379 45.6862 5.2694 127.494
121.899 33.0793 45.7294 5.26457 127.451
121.999 33.0207 45.7726 5.25973 127.408
122.099 32.9622 45.8158 5.25487 127.364
122.199 32.9036 45.8589 5.24999 127.321
122.299 32.845 45.902 5.24509 127.278
122.399 32.7864 45.945 5.24017 127.235
122.499 32.7279 45.9879 5.23523 127.192
122.599 32.6694 46.0309 5.23027 127.149
122.699 32.6108 46.0737 5.2253 127.107
122.799 32.5523 46.1166 5.22031 127.064
122.899 32.4938 46.1593 5.2153 127.021
122.999 32.4353 46.2021 5.21027 126.978
123.099 32.3768 46.2447 5.20522 126.936
123.199 32.3183 46.2874 5.20016 126.893
123.299 32.2599 46.3299 5.19507 126.85
123.399 32.2014 46.3725 5.18997 126.808
123.499 32.1429 46.415 5.18485 126.765
123.599 32.0845 46.4574 5.17971 126.723
123.699 32.0261 46.4998 5.17455 126.68
123.799 31.9676 46.5421 5.16937 126.638
123.899 31.9092 46.5844 5.16418 126.596
123.999 31.8508 46.6266 5.15897 126.554
124.099 31.7924 46.6688 5.15373 126.511
124.199 31.734 46.711 5.14848 126.469
124.299 31.6756 46.753 5.14322 126.427
124.399 31.6173 46.7951 5.13793 126.385
124.499 31.5589 46.8371 5.13263 126.343
124.599 31.5005 46.879 5.1273 126.301
124.699 31.4422 46.9209 5.12196 126.259
124.799 31.3839 46.9627 5.1166 126.218
124.899 31.3255 47.0045 5.11122 126.176
124.999 31.2672 47.0462 5.10583 126.134
125.099 31.2089 47.0879 5.10041 126.092
125.199 31.1506 47.1296 5.09498 126.051
125.299 31.0923 47.1711 5.08953 126.009
125.399 31.034 47.2127 5.08406 125.968
125.499 30.9757 47.2541 5.07857 125.926
125.599 30.9175 47.2956 5.07307 125.885
125.699 30.8592 47.3369 5.06754 125.843
125.799 30.801 47.3783 5.062 125.802
125.899 30.7427 47.4195 5.05644 125.761
125.999 30.6845 47.4608 5.05087 125.719
126.099 30.6263 47.5019 5.04527 125.678
126.199 30.5681 47.543 5.03965 125.637
126.299 30.5099 47.5841 5.03402 125.596
126.399 30.4517 47.6251 5.02837 125.555
126.499 30.3935 47.6661 5.0227 125.514
126.599 30.3353 47.707 5.01702 125.473
126.699 30.2771 47.7478 5.01131 125.432
126.799 30.219 47.7886 5.00559 125.392
126.899 30.1608 47.8294 4.99985 125.351
126.999 30.1027 47.87 4.99409 125.31
127.099 30.0445 47.9107 4.98831 125.27
127.199 29.9864 47.9513 4.98252 125.229
127.299 29.9283 47.9918 4.9767 125.188
127.399 29.8701 48.0323 4.97087 125.148
127.499 29.812 48.0727 4.96502 125.108
127.599 29.7539 48.1131 4.95916 125.067
127.699 29.6959 48.1534 4.95327 125.027
127.799 29.6378 48.1936 4.94737 124.987
127.899 29.5797 48.2338 4.94145 124.946
127.999 29.5216 48.274 4.93551 124.906
128.099 29.4636 48.3141 4.92955 124.866
128.199 29.4055 48.3541 4.92358 124.826
128.299 29.3475 48.3941 4.91759 124.786
128.399 29.2894 48.4341 4.91158 124.746
128.499 29.2314 48.4739 4.90555 124.706
128.599 29.1734 48.5138 4.8995 124.666
128.699 29.1154 48.5535 4.89344 124.627
128.799 29.0574 48.5932 4.88735 124.587
128.899 28.9994 48.6329 4.88125 124.547
128.999 28.9414 48.6725 4.87514 124.508
129.099 28.8834 48.712 4.869 124.468
129.199 28.8254 48.7515 4.86285 124.429
129.299 28.7675 48.791 4.85668 124.389
129.399 28.7095 48.8303 4.85049 124.35
129.499 28.6516 48.8696 4.84428 124.311
129.599 28.5936 48.9089 4.83806 124.271
129.699 28.5357 48.9481 4.83182 124.232
129.799 28.4778 48.9873 4.82556 124.193
129.899 28.4199 49.0264 4.81928 124.154
129.999 28.3619 49.0654 4.81299 124.115
130.099 28.304 49.1044 4.80667 124.076
130.199 28.2461 49.1433 4.80034 124.037
130.299 28.1883 49.1822 4.794 123.998
130.399 28.1304 49.221 4.78763 123.959
130.499 28.0725 49.2597 4.78125 123.921
130.599 28.0146 49.2984 4.77485 123.882
130.699 27.9568 49.337 4.76843 123.843
130.799 27.8989 49.3756 4.762 123.805
130.899 27.8411 49.4141 4.75554 123.766
130.999 27.7833 49.4526 4.74907 123.728
131.099 27.7254 49.491 4.74259 123.689
131.199 27.6676 49.5293 4.73608 123.651
131.299 27.6098 49.5676 4.72956 123.613
131.399 27.552 49.6058 4.72302 123.574
131.499 27.4942 49.644 4.71646 123.536
131.599 27.4364 49.6821 4.70989 123.498
131.699 27.3786 49.7202 4.70329 123.46
131.799 27.3208 49.7582 4.69668 123.422
131.899 27.2631 49.7961 4.69006 123.384
131.999 27.2053 49.834 4.68341 123.346
132.099 27.1476 49.8718 4.67675 123.308
132.199 27.0898 49.9095 4.67007 123.271
132.299 27.0321 49.9472 4.66338 123.233
132.399 26.9743 49.9848 4.65666 123.195
132.499 26.9166 50.0224 4.64993 123.158
132.599 26.8589 50.0599 4.64318 123.12
132.699 26.8012 50.0974 4.63642 123.083
132.799 26.7435 50.1348 4.62964 123.045
132.899 26.6858 50.1721 4.62284 123.008
132.999 26.6281 50.2094 4.61602 122.971
133.099 26.5704 50.2466 4.60919 122.934
133.199 26.5127 50.2837 4.60234 122.896
133.299 26.4551 50.3208 4.59547 122.859
133.399 26.3974 50.3579 4.58858 122.822
133.499 26.3398 50.3948 4.58168 122.785
133.599 26.2821 50.4317 4.57476 122.749
133.699 26.2245 50.4686 4.56782 122.712
133.799 26.1668 50.5054 4.56087 122.675
133.899 26.1092 50.5421 4.5539 122.638
133.999 26.0516 50.5787 4.54691 122.602
134.099 25.994 50.6153 4.53991 122.565
134.199 25.9364 50.6519 4.53289 122.528
134.299 25.8788 50.6883 4.52585 122.492
134.399 25.8212 50.7248 4.51879 122.455
134.499 25.7636 50.7611 4.51172 122.419
134.599 25.706 50.7974 4.50463 122.383
134.699 25.6484 50.8336 4.49753 122.347
134.799 25.5909 50.8698 4.49041 122.31
134.899 25.5333 50.9059 4.48327 122.274
134.999 25.4758 50.9419 4.47611 122.238
135.099 25.4182 50.9779 4.46894 122.202
135.199 25.3607 51.0138 4.46175 122.166
135.299 25.3031 51.0497 4.45454 122.131
135.399 25.2456 51.0854 4.44732 122.095
135.499 25.1881 51.1212 4.44008 122.059
135.599 25.1306 51.1568 4.43282 122.023
135.699 25.0731 51.1924 4.42555 121.988
135.799 25.0156 51.2279 4.41826 121.952
135.899 24.9581 51.2634 4.41095 121.917
135.999 24.9006 51.2988 4.40363 121.881
136.099 24.8431 51.3342 4.39629 121.846
136.199 24.7856 51.3694 4.38893 121.811
136.299 24.7282 51.4046 4.38156 121.776
136.399 24.6707 51.4398 4.37417 121.74
136.499 24.6133 51.4749 4.36677 121.705
136.599 24.5558 51.5099 4.35934 121.67
136.699 24.4984 51.5449 4.3519 121.635
136.799 24.4409 51.5797 4.34445 121.6
136.899 24.3835 51.6146 4.33698 121.566
136.999 24.3261 51.6493 4.32949 121.531
137.099 24.2687 51.684 4.32199 121.496
137.199 24.2112 51.7187 4.31447 121.462
137.299 24.1538 51.7532 4.30693 121.427
137.399 24.0964 51.7877 4.29937 121.393
137.499 24.039 51.8222 4.29181 121.358
137.599 23.9817 51.8565 4.28422 121.324
137.699 23.9243 51.8908 4.27662 121.289
137.799 23.8669 51.9251 4.269 121.255
137.899 23.8095 51.9592 4.26136 121.221
137.999 23.7522 51.9933 4.25371 121.187
138.099 23.6948 52.0274 4.24605 121.153
138.199 23.6375 52.0613 4.23836 121.119
138.299 23.5801 52.0953 4.23067 121.085
138.399 23.5228 52.1291 4.22295 121.051
138.499 23.4655 52.1629 4.21522 121.017
138.599 23.4081 52.1966 4.20747 120.984
138.699 23.3508 52.2302 4.19971 120.95
138.799 23.2935 52.2638 4.19193 120.916
138.899 23.2362 52.2973 4.18413 120.883
138.999 23.1789 52.3307 4.17632 120.849
139.099 23.1216 52.3641 4.1685 120.816
139.199 23.0643 52.3974 4.16065 120.783
139.299 23.007 52.4307 4.15279 120.75
139.399 22.9497 52.4638 4.14492 120.716
139.499 22.8925 52.4969 4.13703 120.683
139.599 22.8352 52.53 4.12912 120.65
139.699 22.7779 52.5629 4.1212 120.617
139.799 22.7207 52.5958 4.11326 120.584
139.899 22.6634 52.6287 4.10531 120.552
139.999 22.6062 52.6614 4.09734 120.519
140.099 22.549 52.6941 4.08935 120.486
140.199 22.4917 52.7268 4.08135 120.453
140.299 22.4345 52.7593 4.07334 120.421
140.399 22.3773 52.7918 4.0653 120.388
140.499 22.3201 52.8242 4.05726 120.356
140.599 22.2628 52.8566 4.04919 120.324
140.699 22.2056 52.8889 4.04111 120.291
140.799 22.1484 52.9211 4.03302 120.259
140.899 22.0912 52.9532 4.02491 120.227
140.999 22.0341 52.9853 4.01679 120.195
141.099 21.9769 53.0173 4.00864 120.163
141.199 21.9197 53.0493 4.00049 120.131
141.299 21.8625 53.0811 3.99232 120.099
141.399 21.8054 53.1129 3.98413 120.067
141.499 21.7482 53.1447 3.97593 120.036
141.599 21.691 53.1763 3.96771 120.004
141.699 21.6339 53.2079 3.95948 119.972
141.799 21.5768 53.2395 3.95123 119.941
141.899 21.5196 53.2709 3.94297 119.909
141.999 21.4625 53.3023 3.93469 119.878
142.099 21.4054 53.3336 3.92639 119.847
142.199 21.3482 53.3649 3.91808 119.815
142.299 21.2911 53.396 3.90976 119.784
142.399 21.234 53.4271 3.90142 119.753
142.499 21.1769 53.4582 3.89307 119.722
142.6 21.1198 53.4891 3.8847 119.691
142.7 21.0627 53.52 3.87631 119.66
142.8 21.0056 53.5508 3.86791 119.629
142.9 20.9485 53.5816 3.8595 119.599
143 20.8914 53.6123 3.85107 119.568
143.1 20.8344 53.6429 3.84263 119.537
143.2 20.7773 53.6734 3.83417 119.507
143.3 20.7202 53.7039 3.82569 119.476
143.4 20.6632 53.7343 3.8172 119.446
143.5 20.6061 53.7646 3.8087 119.416
143.6 20.5491 53.7949 3.80018 119.385
143.7 20.492 53.825 3.79165 119.355
143.8 20.435 53.8552 3.7831 119.325
143.9 20.3779 53.8852 3.77454 119.295
144 20.3209 53.9152 3.76596 119.265
144.1 20.2639 53.9451 3.75737 119.235
144.2 20.2069 53.9749 3.74876 119.205
144.3 20.1499 54.0046 3.74014 119.176
144.4 20.0928 54.0343 3.73151 119.146
144.5 20.0358 54.0639 3.72286 119.116
144.6 19.9788 54.0934 3.71419 119.087
144.7 19.9218 54.1229 3.70551 119.057
144.8 19.8649 54.1523 3.69682 119.028
144.9 19.8079 54.1816 3.68811 118.999
145 19.7509 54.2108 3.67939 118.969
145.1 19.6939 54.24 3.67065 118.94
145.2 19.6369 54.2691 3.6619 118.911
145.3 19.58 54.2981 3.65313 118.882
145.4 19.523 54.3271 3.64435 118.853
145.5 19.4661 54.356 3.63556 118.824
145.6 19.4091 54.3848 3.62675 118.795
145.7 19.3522 54.4135 3.61793 118.767
145.8 19.2952 54.4422 3.60909 118.738
145.9 19.2383 54.4707 3.60024 118.709
146 19.1814 54.4993 3.59137 118.681
146.1 19.1244 54.5277 3.5825 118.653
146.2 19.0675 54.5561 3.5736 118.624
146.3 19.0106 54.5843 3.5647 118.596
146.4 18.9537 54.6126 3.55577 118.568
146.5 18.8968 54.6407 3.54684 118.54
146.6 18.8399 54.6688 3.53789 118.511
146.7 18.783 54.6968 3.52893 118.483
146.8 18.7261 54.7247 3.51995 118.456
146.9 18.6692 54.7525 3.51096 118.428
147 18.6123 54.7803 3.50196 118.4
147.1 18.5554 54.808 3.49294 118.372
147.2 18.4985 54.8356 3.4839 118.345
147.3 18.4416 54.8632 3.47486 118.317
147.4 18.3848 54.8906 3.4658 118.29
147.5 18.3279 54.918 3.45673 118.262
147.6 18.2711 54.9454 3.44764 118.235
147.7 18.2142 54.9726 3.43854 118.208
147.8 18.1573 54.9998 3.42943 118.18
147.9 18.1005 55.0269 3.4203 118.153
148 18.0437 55.0539 3.41116 118.126
148.1 17.9868 55.0808 3.402 118.099
148.2 17.93 55.1077 3.39284 118.073
148.3 17.8732 55.1345 3.38365 118.046
148.4 17.8163 55.1612 3.37446 118.019
148.5 17.7595 55.1879 3.36525 117.992
148.6 17.7027 55.2144 3.35603 117.966
148.7 17.6459 55.2409 3.3468 117.939
148.8 17.5891 55.2673 3.33755 117.913
148.9 17.5323 55.2937 3.32829 117.887
149 17.4755 55.3199 3.31901 117.86
149.1 17.4187 55.3461 3.30973 117.834
149.2 17.3619 55.3722 3.30043 117.808
149.3 17.3051 55.3983 3.29111 117.782
149.4 17.2483 55.4242 3.28179 117.756
149.5 17.1915 55.4501 3.27245 117.73
149.6 17.1348 55.4759 3.26309 117.704
149.7 17.078 55.5016 3.25373 117.679
149.8 17.0212 55.5273 3.24435 117.653
149.9 16.9645 55.5529 3.23496 117.627
150 16.9077 55.5784 3.22556 117.602
150.1 16.851 55.6038 3.21614 117.576
150.2 16.7942 55.6291 3.20671 117.551
150.3 16.7375 55.6544 3.19727 117.526
150.4 16.6807 55.6796 3.18781 117.501
150.5 16.624 55.7047 3.17834 117.476
150.6 16.5672 55.7297 3.16886 117.45
150.7 16.5105 55.7547 3.15937 117.426
150.8 16.4538 55.7796 3.14986 117.401
150.9 16.3971 55.8044 3.14035 117.376
151 16.3403 55.8291 3.13081 117.351
151.1 16.2836 55.8538 3.12127 117.326
151.2 16.2269 55.8783 3.11172 117.302
151.3 16.1702 55.9028 3.10215 117.277
151.4 16.1135 55.9272 3.09257 117.253
151.5 16.0568 55.9516 3.08297 117.229
151.6 16.0001 55.9758 3.07337 117.204
151.7 15.9434 56 3.06375 117.18
151.8 15.8867 56.0241 3.05412 117.156
151.9 15.8301 56.0481 3.04448 117.132
152 15.7734 56.0721 3.03482 117.108
152.1 15.7167 56.0959 3.02516 117.084
152.2 15.66 56.1197 3.01548 117.061
152.3 15.6034 56.1434 3.00579 117.037
152.4 15.5467 56.1671 2.99609 117.013
152.5 15.49 56.1906 2.98637 116.99
152.6 15.4334 56.2141 2.97665 116.966
152.7 15.3767 56.2375 2.96691 116.943
152.8 15.3201 56.2608 2.95716 116.919
152.9 15.2634 56.284 2.9474 116.896
153 15.2068 56.3072 2.93762 116.873
153.1 15.1501 56.3303 2.92784 116.85
153.2 15.0935 56.3533 2.91804 116.827
153.3 15.0369 56.3762 2.90823 116.804
153.4 14.9802 56.399 2.89841 116.781
153.5 14.9236 56.4218 2.88858 116.758
153.6 14.867 56.4445 2.87873 116.736
153.7 14.8104 56.4671 2.86888 116.713
153.8 14.7538 56.4896 2.85901 116.691
153.9 14.6971 56.512 2.84913 116.668
154 14.6405 56.5344 2.83924 116.646
154.1 14.5839 56.5567 2.82934 116.624
154.2 14.5273 56.5789 2.81942 116.601
154.3 14.4707 56.601 2.8095 116.579
154.4 14.4141 56.623 2.79956 116.557
154.5 14.3576 56.645 2.78962 116.535
154.6 14.301 56.6669 2.77966 116.513
154.7 14.2444 56.6887 2.76969 116.492
154.8 14.1878 56.7104 2.75971 116.47
154.9 14.1312 56.732 2.74972 116.448
155 14.0746 56.7536 2.73971 116.427
155.1 14.0181 56.7751 2.7297 116.405
155.2 13.9615 56.7965 2.71968 116.384
155.3 13.9049 56.8178 2.70964 116.362
155.4 13.8484 56.839 2.69959 116.341
155.5 13.7918 56.8602 2.68954 116.32
155.6 13.7353 56.8813 2.67947 116.299
155.7 13.6787 56.9022 2.66939 116.278
155.8 13.6222 56.9232 2.6593 116.257
155.9 13.5656 56.944 2.6492 116.236
156 13.5091 56.9647 2.63908 116.215
156.1 13.4525 56.9854 2.62896 116.195
156.2 13.396 57.006 2.61883 116.174
156.3 13.3395 57.0265 2.60869 116.154
156.4 13.2829 57.0469 2.59853 116.133
156.5 13.2264 57.0673 2.58837 116.113
156.6 13.1699 57.0875 2.57819 116.093
156.7 13.1134 57.1077 2.56801 116.073
156.8 13.0569 57.1278 2.55781 116.052
156.9 13.0003 57.1478 2.5476 116.032
157 12.9438 57.1678 2.53739 116.012
157.1 12.8873 57.1876 2.52716 115.993
157.2 12.8308 57.2074 2.51692 115.973
157.3 12.7743 57.2271 2.50667 115.953
157.4 12.7178 57.2467 2.49642 115.934
157.5 12.6613 57.2662 2.48615 115.914
157.6 12.6048 57.2857 2.47587 115.895
157.7 12.5483 57.305 2.46558 115.875
157.8 12.4919 57.3243 2.45528 115.856
157.9 12.4354 57.3435 2.44498 115.837
158 12.3789 57.3626 2.43466 115.818
158.1 12.3224 57.3817 2.42433 115.799
158.2 12.2659 57.4006 2.41399 115.78
158.3 12.2095 57.4195 2.40364 115.761
158.4 12.153 57.4383 2.39329 115.742
158.5 12.0965 57.457 2.38292 115.723
158.6 12.0401 57.4756 2.37254 115.705
158.7 11.9836 57.4941 2.36216 115.686
158.8 11.9271 57.5126 2.35176 115.668
158.9 11.8707 57.531 2.34135 115.649
159.001 11.8142 57.5492 2.33094 115.631
159.101 11.7578 57.5675 2.32051 115.613
159.201 11.7013 57.5856 2.31008 115.595
159.301 11.6449 57.6036 2.29964 115.577
159.401 11.5884 57.6216 2.28918 115.559
159.501 11.532 57.6394 2.27872 115.541
159.601 11.4756 57.6572 2.26825 115.523
159.701 11.4191 57.6749 2.25777 115.505
159.801 11.3627 57.6926 2.24728 115.488
159.901 11.3063 57.7101 2.23678 115.47
160.001 11.2498 57.7276 2.22627 115.453
160.101 11.1934 57.7449 2.21575 115.435
160.201 11.137 57.7622 2.20523 115.418
160.301 11.0806 57.7794 2.19469 115.401
160.401 11.0242 57.7966 2.18415 115.384
160.501 10.9678 57.8136 2.17359 115.367
160.601 10.9113 57.8306 2.16303 115.35
160.701 10.8549 57.8474 2.15246 115.333
160.801 10.7985 57.8642 2.14188 115.316
160.901 10.7421 57.8809 2.13129 115.299
161.001 10.6857 57.8975 2.12069 115.283
161.101 10.6293 57.9141 2.11008 115.266
161.201 10.5729 57.9305 2.09947 115.25
161.301 10.5165 57.9469 2.08885 115.233
161.401 10.4601 57.9632 2.07821 115.217
161.501 10.4038 57.9794 2.06757 115.201
161.601 10.3474 57.9955 2.05692 115.185
161.701 10.291 58.0115 2.04627 115.169
161.801 10.2346 58.0275 2.0356 115.153
161.901 10.1782 58.0433 2.02493 115.137
162.001 10.1218 58.0591 2.01424 115.121
162.101 10.0655 58.0748 2.00355 115.105
162.201 10.0091 58.0904 1.99285 115.09
162.301 9.95272 58.1059 1.98215 115.074
162.401 9.89636 58.1214 1.97143 115.059
162.501 9.83999 58.1367 1.96071 115.044
162.601 9.78363 58.152 1.94997 115.028
162.701 9.72726 58.1672 1.93923 115.013
162.801 9.67091 58.1823 1.92849 114.998
162.901 9.61455 58.1973 1.91773 114.983
163.001 9.55819 58.2122 1.90697 114.968
163.101 9.50184 58.227 1.8962 114.953
163.201 9.44549 58.2418 1.88542 114.938
163.301 9.38914 58.2565 1.87463 114.924
163.401 9.3328 58.2711 1.86384 114.909
163.501 9.27645 58.2856 1.85303 114.895
163.601 9.22011 58.3 1.84222 114.88
163.701 9.16377 58.3143 1.83141 114.866
163.801 9.10743 58.3286 1.82058 114.852
163.901 9.0511 58.3427 1.80975 114.838
164.001 8.99477 58.3568 1.79891 114.823
164.101 8.93843 58.3708 1.78806 114.809
164.201 8.88211 58.3847 1.77721 114.796
164.301 8.82578 58.3985 1.76634 114.782
164.401 8.76945 58.4123 1.75547 114.768
164.501 8.71313 58.4259 1.7446 114.754
164.601 8.65681 58.4395 1.73371 114.741
164.701 8.60049 58.453 1.72282 114.727
164.801 8.54417 58.4664 1.71192 114.714
164.901 8.48786 58.4797 1.70102 114.701
165.001 8.43154 58.4929 1.69011 114.687
165.101 8.37523 58.506 1.67919 114.674
165.201 8.31892 58.5191 1.66826 114.661
165.301 8.26261 58.532 1.65733 114.648
165.401 8.20631 58.5449 1.64639 114.635
165.501 8.15 58.5577 1.63544 114.623
165.601 8.0937 58.5704 1.62449 114.61
165.701 8.0374 58.583 1.61353 114.597
165.801 7.9811 58.5956 1.60256 114.585
165.901 7.92481 58.608 1.59159 114.572
166.001 7.86851 58.6204 1.58061 114.56
166.101 7.81222 58.6326 1.56962 114.548
166.201 7.75593 58.6448 1.55863 114.535
166.301 7.69964 58.6569 1.54763 114.523
166.401 7.64335 58.6689 1.53662 114.511
166.501 7.58707 58.6809 1.52561 114.499
166.601 7.53078 58.6927 1.51459 114.488
166.701 7.4745 58.7045 1.50357 114.476
166.801 7.41822 58.7161 1.49254 114.464
166.901 7.36194 58.7277 1.4815 114.453
167.001 7.30566 58.7392 1.47046 114.441
167.101 7.24939 58.7506 1.45941 114.43
167.201 7.19311 58.762 1.44835 114.418
167.301 7.13684 58.7732 1.43729 114.407
167.401 7.08057 58.7843 1.42622 114.396
167.501 7.0243 58.7954 1.41515 114.385
167.601 6.96803 58.8064 1.40407 114.374
167.701 6.91176 58.8173 1.39298 114.363
167.801 6.8555 58.8281 1.38189 114.352
167.901 6.79924 58.8388 1.3708 114.341
168.001 6.74298 58.8494 1.35969 114.331
168.101 6.68672 58.86 1.34859 114.32
168.201 6.63046 58.8704 1.33747 114.31
168.301 6.5742 58.8808 1.32635 114.299
168.401 6.51794 58.8911 1.31523 114.289
168.501 6.46169 58.9013 1.3041 114.279
168.601 6.40544 58.9114 1.29296 114.269
168.701 6.34919 58.9214 1.28182 114.259
168.801 6.29294 58.9313 1.27068 114.249
168.901 6.23669 58.9412 1.25952 114.239
169.001 6.18044 58.9509 1.24837 114.229
169.101 6.1242 58.9606 1.23721 114.22
169.201 6.06795 58.9702 1.22604 114.21
169.301 6.01171 58.9797 1.21487 114.201
169.401 5.95547 58.9891 1.20369 114.191
169.501 5.89923 58.9984 1.19251 114.182
169.601 5.84299 59.0076 1.18132 114.173
169.701 5.78675 59.0168 1.17013 114.163
169.801 5.73052 59.0259 1.15893 114.154
169.901 5.67428 59.0348 1.14773 114.145
170.001 5.61805 59.0437 1.13652 114.137
170.101 5.56182 59.0525 1.12531 114.128
170.201 5.50559 59.0612 1.1141 114.119
170.301 5.44936 59.0698 1.10288 114.11
170.401 5.39313 59.0784 1.09165 114.102
170.501 5.3369 59.0868 1.08042 114.093
170.601 5.28068 59.0952 1.06919 114.085
170.701 5.22445 59.1035 1.05795 114.077
170.801 5.16823 59.1116 1.0467 114.069
170.901 5.11201 59.1197 1.03546 114.061
171.001 5.05578 59.1277 1.02421 114.052
171.101 4.99956 59.1357 1.01295 114.045
171.201 4.94335 59.1435 1.00169 114.037
171.301 4.88713 59.1512 0.990425 114.029
171.401 4.83091 59.1589 0.979157 114.021
171.501 4.77469 59.1665 0.967884 114.014
171.601 4.71848 59.1739 0.956607 114.006
171.701 4.66227 59.1813 0.945327 113.999
171.801 4.60605 59.1886 0.934042 113.992
171.901 4.54984 59.1959 0.922754 113.984
172.001 4.49363 59.203 0.911462 113.977
172.101 4.43742 59.21 0.900166 113.97
172.201 4.38121 59.217 0.888866 113.963
172.301 4.32501 59.2239 0.877562 113.956
172.401 4.2688 59.2306 0.866255 113.95
172.501 4.2126 59.2373 0.854944 113.943
172.601 4.15639 59.2439 0.84363 113.936
172.701 4.10019 59.2504 0.832312 113.93
172.801 4.04398 59.2569 0.820991 113.923
172.901 3.98778 59.2632 0.809666 113.917
173.001 3.93158 59.2694 0.798338 113.911
173.101 3.87538 59.2756 0.787006 113.905
173.201 3.81918 59.2817 0.775671 113.899
173.301 3.76298 59.2877 0.764333 113.893
173.401 3.70679 59.2936 0.752992 113.887
173.501 3.65059 59.2994 0.741648 113.881
173.601 3.59439 59.3051 0.7303 113.875
173.701 3.5382 59.3107 0.71895 113.87
173.801 3.48201 59.3163 0.707596 113.864
173.901 3.42581 59.3217 0.69624 113.859
174.001 3.36962 59.3271 0.684881 113.853
174.101 3.31343 59.3323 0.673518 113.848
174.201 3.25724 59.3375 0.662153 113.843
174.301 3.20105 59.3426 0.650786 113.838
174.401 3.14486 59.3476 0.639415 113.833
174.501 3.08867 59.3526 0.628042 113.828
174.601 3.03248 59.3574 0.616666 113.823
174.701 2.97629 59.3622 0.605288 113.818
174.801 2.92011 59.3668 0.593907 113.813
174.901 2.86392 59.3714 0.582523 113.809
175.001 2.80773 59.3759 0.571138 113.804
175.101 2.75155 59.3803 0.559749 113.8
175.201 2.69536 59.3846 0.548359 113.796
175.301 2.63918 59.3888 0.536966 113.791
175.402 2.583 59.3929 0.525571 113.787
175.502 2.52682 59.3969 0.514174 113.783
175.602 2.47063 59.4009 0.502774 113.779
175.702 2.41445 59.4047 0.491373 113.775
175.802 2.35827 59.4085 0.479969 113.772
175.902 2.30209 59.4122 0.468564 113.768
176.002 2.24591 59.4158 0.457156 113.764
176.102 2.18973 59.4193 0.445747 113.761
176.202 2.13355 59.4227 0.434335 113.758
176.302 2.07737 59.4261 0.422922 113.754
176.402 2.0212 59.4293 0.411507 113.751
176.502 1.96502 59.4324 0.400091 113.748
176.602 1.90884 59.4355 0.388672 113.745
176.702 1.85267 59.4385 0.377252 113.742
176.802 1.79649 59.4414 0.365831 113.739
176.902 1.74031 59.4442 0.354408 113.736
177.002 1.68414 59.4469 0.342983 113.733
177.102 1.62796 59.4495 0.331557 113.731
177.202 1.57179 59.452 0.32013 113.728
177.302 1.51561 59.4545 0.308701 113.726
177.402 1.45944 59.4568 0.297271 113.723
177.502 1.40327 59.4591 0.28584 113.721
177.602 1.34709 59.4613 0.274408 113.719
177.702 1.29092 59.4633 0.262974 113.717
177.802 1.23475 59.4653 0.25154 113.715
177.902 1.17858 59.4672 0.240104 113.713
178.002 1.1224 59.4691 0.228667 113.711
178.102 1.06623 59.4708 0.217229 113.709
178.202 1.01006 59.4724 0.205791 113.708
178.302 0.953889 59.474 0.194351 113.706
178.402 0.897718 59.4755 0.182911 113.705
178.502 0.841547 59.4768 0.17147 113.703
178.602 0.785376 59.4781 0.160028 113.702
178.702 0.729205 59.4793 0.148586 113.701
178.802 0.673035 59.4804 0.137143 113.7
178.902 0.616864 59.4814 0.125699 113.699
179.002 0.560694 59.4824 0.114255 113.698
179.102 0.504524 59.4832 0.102811 113.697
179.202 0.448354 59.484 0.0913657 113.696
179.302 0.392184 59.4846 0.0799203 113.696
179.402 0.336015 59.4852 0.0684745 113.695
179.502 0.279845 59.4857 0.0570285 113.695
179.602 0.223675 59.4861 0.0455822 113.694
179.702 0.167506 59.4864 0.0341357 113.694
179.802 0.111336 59.4866 0.0226891 113.694
179.902 0.0551669 59.4868 0.0112424 113.693
