0 180 1.5641 0 159.268
0.1 179.645 1.56414 0.00975656 159.268
0.2 179.29 1.56427 0.0195131 159.268
0.3 178.935 1.56448 0.0292696 159.268
0.4 178.58 1.56478 0.039026 159.268
0.5 178.225 1.56517 0.0487824 159.267
0.6 177.87 1.56564 0.0585386 159.267
0.7 177.515 1.5662 0.0682947 159.266
0.8 177.161 1.56685 0.0780507 159.266
0.9 176.806 1.56758 0.0878065 159.265
1 176.452 1.56839 0.0975621 159.264
1.1 176.098 1.56929 0.107317 159.263
1.2 175.744 1.57028 0.117073 159.262
1.3 175.39 1.57135 0.126828 159.261
1.4 175.036 1.57251 0.136582 159.26
1.5 174.683 1.57376 0.146336 159.259
1.6 174.33 1.57509 0.15609 159.257
1.7 173.977 1.57651 0.165844 159.256
1.8 173.624 1.57801 0.175597 159.255
1.9 173.272 1.5796 0.18535 159.253
2 172.92 1.58127 0.195103 159.251
2.1 172.569 1.58303 0.204855 159.25
2.2 172.217 1.58488 0.214606 159.248
2.3 171.866 1.58681 0.224357 159.246
2.4 171.516 1.58883 0.234108 159.244
2.5 171.166 1.59093 0.243858 159.242
2.6 170.816 1.59312 0.253608 159.239
2.7 170.467 1.5954 0.263357 159.237
2.8 170.118 1.59776 0.273105 159.235
2.9 169.769 1.6002 0.282853 159.232
3 169.421 1.60274 0.2926 159.23
3.1 169.074 1.60535 0.302347 159.227
3.2 168.727 1.60806 0.312093 159.225
3.3 168.38 1.61085 0.321838 159.222
3.4 168.034 1.61372 0.331582 159.219
3.5 167.689 1.61668 0.341326 159.216
3.6 167.344 1.61973 0.351069 159.213
3.7 167 1.62286 0.360811 159.21
3.8 166.656 1.62608 0.370553 159.206
3.9 166.313 1.62939 0.380293 159.203
4 165.97 1.63278 0.390033 159.2
4.1 165.628 1.63625 0.399772 159.196
4.2 165.287 1.63981 0.40951 159.193
4.3 164.946 1.64346 0.419247 159.189
4.4 164.606 1.64719 0.428984 159.185
4.5 164.266 1.65101 0.438719 159.182
4.6 163.928 1.65491 0.448453 159.178
4.7 163.59 1.6589 0.458187 159.174
4.8 163.252 1.66298 0.467919 159.17
4.9 162.916 1.66714 0.47765 159.165
5 162.58 1.67138 0.48738 159.161
5.1 162.245 1.67571 0.497109 159.157
5.2 161.91 1.68013 0.506838 159.152
5.3 161.576 1.68463 0.516564 159.148
5.4 161.243 1.68922 0.52629 159.143
5.5 160.911 1.6939 0.536015 159.139
5.6 160.58 1.69866 0.545738 159.134
5.7 160.249 1.7035 0.555461 159.129
5.8 159.92 1.70843 0.565182 159.124
5.9 159.591 1.71345 0.574901 159.119
6 159.262 1.71855 0.58462 159.114
6.1 158.935 1.72373 0.594337 159.109
6.2 158.609 1.729 0.604053 159.104
6.3 158.283 1.73436 0.613768 159.098
6.4 157.958 1.7398 0.623481 159.093
6.5 157.634 1.74533 0.633193 159.087
6.6 157.311 1.75094 0.642903 159.082
6.7 156.989 1.75664 0.652612 159.076
6.8 156.668 1.76243 0.66232 159.07
6.9 156.347 1.7683 0.672026 159.064
7 156.028 1.77425 0.68173 159.058
7.1 155.709 1.78029 0.691434 159.052
7.2 155.392 1.78641 0.701135 159.046
7.3 155.075 1.79262 0.710835 159.04
7.4 154.759 1.79892 0.720534 159.034
7.5 154.444 1.8053 0.730231 159.027
7.6 154.13 1.81177 0.739926 159.021
7.7 153.817 1.81832 0.74962 159.014
7.79999 153.505 1.82495 0.759312 159.008
7.89999 153.194 1.83167 0.769002 159.001
7.99999 152.884 1.83848 0.778691 158.994
8.09999 152.575 1.84537 0.788378 158.987
8.2 152.267 1.85234 0.798063 158.98
8.3 151.959 1.85941 0.807746 158.973
8.4 151.653 1.86655 0.817428 158.966
8.5 151.348 1.87378 0.827108 158.959
8.6 151.043 1.8811 0.836786 158.951
8.7 150.74 1.8885 0.846462 158.944
8.8 150.438 1.89599 0.856136 158.937
8.9 150.137 1.90356 0.865809 158.929
9 149.836 1.91121 0.875479 158.921
9.1 149.537 1.91895 0.885148 158.914
9.2 149.239 1.92678 0.894814 158.906
9.3 148.941 1.93469 0.904479 158.898
9.4 148.645 1.94268 0.914142 158.89
9.5 148.35 1.95076 0.923802 158.882
9.6 148.056 1.95892 0.933461 158.874
9.7 147.762 1.96717 0.943117 158.865
9.8 147.47 1.97551 0.952772 158.857
9.9 147.179 1.98392 0.962424 158.849
10 146.889 1.99243 0.972074 158.84
10.1 146.6 2.00101 0.981722 158.832
10.2 146.311 2.00969 0.991368 158.823
10.3 146.024 2.01844 1.00101 158.814
10.4 145.738 2.02728 1.01065 158.805
10.5 145.453 2.03621 1.02029 158.796
10.6 145.169 2.04522 1.02993 158.787
10.7 144.886 2.05431 1.03956 158.778
10.8 144.604 2.06349 1.0492 158.769
10.9 144.323 2.07275 1.05883 158.76
11 144.044 2.0821 1.06845 158.75
11.1 143.765 2.09153 1.07808 158.741
11.2 143.487 2.10105 1.0877 158.732
11.3 143.21 2.11065 1.09732 158.722
11.4 142.934 2.12033 1.10694 158.712
11.5 142.66 2.1301 1.11656 158.702
11.6 142.386 2.13995 1.12617 158.693
11.7 142.113 2.14989 1.13578 158.683
11.8 141.842 2.15991 1.14539 158.673
11.9 141.571 2.17001 1.15499 158.663
12 141.301 2.1802 1.1646 158.652
12.1 141.033 2.19048 1.1742 158.642
12.2 140.765 2.20083 1.1838 158.632
12.3 140.499 2.21127 1.19339 158.621
12.4 140.233 2.2218 1.20298 158.611
12.5 139.969 2.23241 1.21257 158.6
12.6 139.705 2.2431 1.22216 158.589
12.7 139.443 2.25388 1.23175 158.579
12.8 139.182 2.26474 1.24133 158.568
12.9 138.921 2.27568 1.25091 158.557
13 138.662 2.28671 1.26048 158.546
13.1 138.403 2.29782 1.27006 158.535
13.2 138.146 2.30901 1.27963 158.524
13.3 137.89 2.32029 1.2892 158.512
13.4 137.634 2.33165 1.29876 158.501
13.5 137.38 2.3431 1.30832 158.489
13.6 137.126 2.35463 1.31788 158.478
13.7 136.874 2.36624 1.32744 158.466
13.8 136.623 2.37794 1.33699 158.455
13.9 136.372 2.38972 1.34654 158.443
14 136.123 2.40158 1.35609 158.431
14.1 135.874 2.41353 1.36563 158.419
14.2 135.627 2.42555 1.37517 158.407
14.3 135.38 2.43767 1.38471 158.395
14.4 135.135 2.44986 1.39425 158.383
14.5 134.89 2.46214 1.40378 158.37
14.6 134.647 2.4745 1.41331 158.358
14.7 134.404 2.48695 1.42284 158.346
14.8 134.162 2.49948 1.43236 158.333
14.9 133.922 2.51209 1.44188 158.32
15 133.682 2.52478 1.45139 158.308
15.1 133.443 2.53756 1.46091 158.295
15.2 133.205 2.55042 1.47042 158.282
15.3 132.969 2.56337 1.47992 158.269
15.4 132.733 2.57639 1.48943 158.256
15.5 132.498 2.5895 1.49893 158.243
15.6 132.263 2.60269 1.50842 158.23
15.7 132.03 2.61597 1.51792 158.217
15.8 131.798 2.62932 1.52741 158.203
15.9 131.567 2.64276 1.53689 158.19
16 131.336 2.65629 1.54638 158.176
16.1 131.107 2.66989 1.55586 158.163
16.2 130.878 2.68358 1.56533 158.149
16.3 130.651 2.69735 1.5748 158.135
16.4 130.424 2.7112 1.58427 158.121
16.5 130.198 2.72513 1.59374 158.107
16.6 129.973 2.73915 1.6032 158.093
16.7 129.749 2.75325 1.61266 158.079
16.8 129.526 2.76743 1.62211 158.065
16.9 129.304 2.7817 1.63157 158.051
17 129.082 2.79604 1.64101 158.037
17.1 128.862 2.81047 1.65046 158.022
17.2 128.642 2.82498 1.6599 158.008
17.3 128.423 2.83957 1.66933 157.993
17.4 128.205 2.85425 1.67877 157.978
17.5 127.988 2.869 1.6882 157.964
17.6 127.772 2.88384 1.69762 157.949
17.7 127.557 2.89876 1.70704 157.934
17.8 127.342 2.91376 1.71646 157.919
17.9 127.129 2.92885 1.72588 157.904
18 126.916 2.94401 1.73529 157.889
18.1 126.704 2.95926 1.74469 157.873
18.2 126.493 2.97459 1.75409 157.858
18.3 126.282 2.99 1.76349 157.843
18.4 126.073 3.00549 1.77289 157.827
18.5 125.864 3.02106 1.78228 157.812
18.6 125.656 3.03672 1.79166 157.796
18.7 125.449 3.05245 1.80105 157.78
18.8 125.243 3.06827 1.81043 157.764
18.9 125.037 3.08417 1.8198 157.748
19 124.833 3.10015 1.82917 157.732
19.1 124.629 3.11621 1.83854 157.716
19.2 124.426 3.13235 1.8479 157.7
19.3 124.224 3.14858 1.85726 157.684
19.4 124.022 3.16488 1.86661 157.668
19.5 123.821 3.18127 1.87596 157.651
19.6 123.621 3.19773 1.88531 157.635
19.7 123.422 3.21428 1.89465 157.618
19.8 123.224 3.23091 1.90399 157.602
19.9 123.026 3.24762 1.91332 157.585
20 122.829 3.26441 1.92265 157.568
20.1 122.633 3.28128 1.93197 157.551
20.2 122.438 3.29823 1.94129 157.534
20.3 122.243 3.31526 1.95061 157.517
20.4 122.049 3.33237 1.95992 157.5
20.5 121.856 3.34956 1.96922 157.483
20.6 121.664 3.36684 1.97853 157.466
20.7 121.472 3.38419 1.98783 157.448
20.8 121.281 3.40162 1.99712 157.431
20.9 121.091 3.41914 2.00641 157.413
21 120.901 3.43673 2.01569 157.396
21.1 120.712 3.45441 2.02497 157.378
21.2 120.524 3.47216 2.03425 157.36
21.3 120.337 3.49 2.04352 157.343
21.4 120.15 3.50791 2.05279 157.325
21.5 119.964 3.52591 2.06205 157.307
21.6 119.778 3.54398 2.0713 157.289
21.7 119.594 3.56214 2.08056 157.27
21.8 119.41 3.58037 2.0898 157.252
21.9 119.226 3.59869 2.09905 157.234
22 119.044 3.61708 2.10829 157.215
22.1 118.862 3.63555 2.11752 157.197
22.2 118.681 3.65411 2.12675 157.178
22.3 118.5 3.67274 2.13597 157.16
22.4 118.32 3.69145 2.14519 157.141
22.5 118.141 3.71024 2.15441 157.122
22.6 117.962 3.72911 2.16362 157.103
22.7001 117.784 3.74806 2.17282 157.085
22.8001 117.607 3.76709 2.18202 157.065
22.9001 117.43 3.7862 2.19122 157.046
23.0001 117.254 3.80539 2.20041 157.027
23.1001 117.078 3.82465 2.20959 157.008
23.2001 116.903 3.844 2.21877 156.989
23.3001 116.729 3.86342 2.22795 156.969
23.4001 116.556 3.88293 2.23712 156.95
23.5001 116.383 3.90251 2.24628 156.93
23.6001 116.21 3.92217 2.25544 156.91
23.7001 116.039 3.94191 2.2646 156.891
23.8001 115.867 3.96173 2.27375 156.871
23.9001 115.697 3.98163 2.28289 156.851
24.0001 115.527 4.0016 2.29203 156.831
24.1001 115.358 4.02166 2.30117 156.811
24.2001 115.189 4.04179 2.31029 156.791
24.3001 115.021 4.062 2.31942 156.771
24.4001 114.853 4.08229 2.32854 156.75
24.5001 114.686 4.10265 2.33765 156.73
24.6001 114.52 4.1231 2.34676 156.709
24.7001 114.354 4.14362 2.35586 156.689
24.8001 114.189 4.16422 2.36496 156.668
24.9001 114.024 4.1849 2.37405 156.648
25.0001 113.86 4.20566 2.38314 156.627
25.1001 113.696 4.2265 2.39222 156.606
25.2001 113.533 4.24741 2.4013 156.585
25.3001 113.371 4.2684 2.41037 156.564
25.4001 113.209 4.28947 2.41943 156.543
25.5001 113.047 4.31061 2.42849 156.522
25.6001 112.886 4.33184 2.43755 156.501
25.7001 112.726 4.35314 2.4466 156.479
25.8001 112.566 4.37452 2.45564 156.458
25.9001 112.407 4.39597 2.46468 156.437
26.0001 112.249 4.4175 2.47371 156.415
26.1001 112.09 4.43911 2.48274 156.393
26.2001 111.933 4.4608 2.49176 156.372
26.3001 111.776 4.48257 2.50077 156.35
26.4001 111.619 4.50441 2.50978 156.328
26.5001 111.463 4.52632 2.51878 156.306
26.6001 111.307 4.54832 2.52778 156.284
26.7001 111.152 4.57039 2.53678 156.262
26.8001 110.998 4.59254 2.54576 156.24
26.9001 110.844 4.61476 2.55474 156.218
27.0001 110.69 4.63707 2.56372 156.195
27.1001 110.537 4.65944 2.57269 156.173
27.2001 110.384 4.6819 2.58165 156.151
27.3001 110.232 4.70443 2.59061 156.128
27.4001 110.081 4.72704 2.59956 156.106
27.5001 109.93 4.74972 2.60851 156.083
27.6001 109.779 4.77248 2.61745 156.06
27.7001 109.629 4.79532 2.62638 156.037
27.8001 109.479 4.81823 2.63531 156.014
27.9001 109.33 4.84122 2.64423 155.991
28.0001 109.181 4.86428 2.65315 155.968
28.1001 109.033 4.88742 2.66206 155.945
28.2001 108.885 4.91064 2.67096 155.922
28.3001 108.738 4.93393 2.67986 155.899
28.4001 108.591 4.95729 2.68875 155.875
28.5001 108.444 4.98074 2.69764 155.852
28.6001 108.298 5.00425 2.70652 155.828
28.7001 108.153 5.02785 2.71539 155.805
28.8001 108.008 5.05152 2.72426 155.781
28.9001 107.863 5.07526 2.73312 155.757
29.0001 107.719 5.09908 2.74197 155.733
29.1001 107.575 5.12297 2.75082 155.71
29.2001 107.432 5.14694 2.75966 155.686
29.3001 107.289 5.17099 2.7685 155.662
29.4001 107.146 5.1951 2.77733 155.637
29.5001 107.004 5.2193 2.78615 155.613
29.6001 106.862 5.24357 2.79497 155.589
29.7001 106.721 5.26791 2.80378 155.565
29.8001 106.58 5.29233 2.81258 155.54
29.9001 106.44 5.31682 2.82138 155.516
30.0001 106.3 5.34139 2.83017 155.491
30.1001 106.161 5.36603 2.83896 155.467
30.2001 106.021 5.39074 2.84774 155.442
30.3001 105.883 5.41553 2.85651 155.417
30.4001 105.744 5.4404 2.86527 155.392
30.5001 105.606 5.46533 2.87403 155.367
30.6001 105.469 5.49035 2.88278 155.342
30.7001 105.332 5.51543 2.89153 155.317
30.8001 105.195 5.54059 2.90027 155.292
30.9001 105.059 5.56583 2.909 155.267
31.0001 104.923 5.59113 2.91773 155.241
31.1001 104.787 5.61651 2.92645 155.216
31.2001 104.652 5.64197 2.93516 155.191
31.3001 104.517 5.6675 2.94386 155.165
31.4001 104.383 5.6931 2.95256 155.139
31.5001 104.248 5.71877 2.96125 155.114
31.6001 104.115 5.74452 2.96994 155.088
31.7001 103.981 5.77034 2.97862 155.062
31.8001 103.849 5.79623 2.98729 155.036
31.9001 103.716 5.8222 2.99596 155.01
32.0001 103.584 5.84824 3.00461 154.984
32.1001 103.452 5.87435 3.01326 154.958
32.2001 103.32 5.90054 3.02191 154.932
32.3001 103.189 5.92679 3.03055 154.906
32.4001 103.059 5.95313 3.03918 154.879
32.5001 102.928 5.97953 3.0478 154.853
32.6001 102.798 6.006 3.05641 154.827
32.7001 102.668 6.03255 3.06502 154.8
32.8001 102.539 6.05917 3.07363 154.773
32.9001 102.41 6.08586 3.08222 154.747
33.0001 102.281 6.11263 3.09081 154.72
33.1001 102.153 6.13946 3.09939 154.693
33.2001 102.025 6.16637 3.10796 154.666
33.3001 101.897 6.19335 3.11653 154.639
33.4001 101.77 6.2204 3.12509 154.612
33.5001 101.643 6.24753 3.13364 154.585
33.6001 101.516 6.27472 3.14219 154.558
33.7001 101.39 6.30199 3.15072 154.531
33.8001 101.264 6.32932 3.15925 154.503
33.9001 101.138 6.35673 3.16778 154.476
34.0001 101.013 6.38421 3.17629 154.448
34.1001 100.888 6.41177 3.1848 154.421
34.2001 100.763 6.43939 3.1933 154.393
34.3 100.639 6.46708 3.2018 154.365
34.4 100.515 6.49485 3.21028 154.338
34.5 100.391 6.52268 3.21876 154.31
34.6 100.268 6.55059 3.22723 154.282
34.7 100.145 6.57857 3.2357 154.254
34.8 100.022 6.60662 3.24415 154.226
34.9 99.8993 6.63473 3.2526 154.198
35 99.7771 6.66292 3.26104 154.17
35.1 99.6552 6.69118 3.26948 154.141
35.2 99.5336 6.71951 3.2779 154.113
35.3 99.4123 6.74791 3.28632 154.085
35.4 99.2913 6.77638 3.29473 154.056
35.5 99.1706 6.80492 3.30314 154.028
35.6 99.0502 6.83353 3.31153 153.999
35.7 98.9301 6.86221 3.31992 153.97
35.8 98.8103 6.89096 3.3283 153.942
35.9 98.6907 6.91978 3.33668 153.913
36 98.5715 6.94867 3.34504 153.884
36.1 98.4525 6.97762 3.3534 153.855
36.2 98.3339 7.00665 3.36175 153.826
36.3 98.2155 7.03575 3.37009 153.797
36.4 98.0973 7.06491 3.37842 153.768
36.5 97.9795 7.09415 3.38675 153.738
36.6 97.862 7.12345 3.39507 153.709
36.7 97.7447 7.15282 3.40338 153.68
36.8 97.6277 7.18227 3.41168 153.65
36.9 97.5109 7.21178 3.41998 153.621
37 97.3945 7.24136 3.42826 153.591
37.1 97.2783 7.271 3.43654 153.562
37.2 97.1623 7.30072 3.44481 153.532
37.3 97.0467 7.3305 3.45307 153.502
37.4 96.9313 7.36036 3.46133 153.472
37.5 96.8162 7.39028 3.46958 153.442
37.6 96.7013 7.42027 3.47781 153.412
37.7 96.5867 7.45033 3.48604 153.382
37.8 96.4723 7.48045 3.49427 153.352
37.9 96.3582 7.51064 3.50248 153.322
38 96.2444 7.5409 3.51069 153.292
38.1 96.1308 7.57123 3.51888 153.261
38.2 96.0175 7.60163 3.52707 153.231
38.3 95.9044 7.63209 3.53526 153.2
38.4 95.7916 7.66262 3.54343 153.17
38.5 95.679 7.69322 3.55159 153.139
38.6 95.5667 7.72389 3.55975 153.109
38.7 95.4546 7.75462 3.5679 153.078
38.8 95.3428 7.78542 3.57604 153.047
38.9 95.2312 7.81629 3.58417 153.016
39 95.1198 7.84722 3.59229 152.985
39.1 95.0087 7.87822 3.60041 152.954
39.2 94.8978 7.90929 3.60851 152.923
39.3 94.7872 7.94042 3.61661 152.892
39.4 94.6768 7.97162 3.6247 152.861
39.5 94.5666 8.00289 3.63278 152.83
39.6 94.4567 8.03422 3.64085 152.798
39.7 94.347 8.06562 3.64892 152.767
39.8 94.2375 8.09708 3.65697 152.735
39.9 94.1282 8.12861 3.66502 152.704
40 94.0192 8.16021 3.67306 152.672
40.1 93.9104 8.19187 3.68109 152.641
40.2 93.8019 8.2236 3.68911 152.609
40.3 93.6935 8.2554 3.69712 152.577
40.4 93.5854 8.28726 3.70512 152.545
40.5 93.4775 8.31918 3.71312 152.513
40.6 93.3699 8.35117 3.7211 152.481
40.7 93.2624 8.38322 3.72908 152.449
40.7999 93.1552 8.41535 3.73705 152.417
40.8999 93.0482 8.44753 3.74501 152.385
40.9999 92.9414 8.47978 3.75296 152.353
41.0999 92.8348 8.5121 3.7609 152.32
41.1999 92.7284 8.54448 3.76883 152.288
41.2999 92.6222 8.57692 3.77676 152.256
41.3999 92.5163 8.60943 3.78467 152.223
41.4999 92.4105 8.642 3.79258 152.191
41.5999 92.305 8.67464 3.80048 152.158
41.6999 92.1997 8.70734 3.80837 152.125
41.7999 92.0946 8.74011 3.81625 152.092
41.8999 91.9897 8.77294 3.82412 152.06
41.9999 91.8849 8.80583 3.83198 152.027
42.0999 91.7804 8.83879 3.83983 151.994
42.1999 91.6761 8.87181 3.84767 151.961
42.2999 91.572 8.9049 3.85551 151.928
42.3999 91.4681 8.93804 3.86333 151.895
42.4999 91.3644 8.97126 3.87115 151.861
42.5999 91.2609 9.00453 3.87896 151.828
42.6999 91.1576 9.03787 3.88675 151.795
42.7999 91.0545 9.07127 3.89454 151.761
42.8999 90.9516 9.10474 3.90232 151.728
42.9999 90.8488 9.13826 3.91009 151.694
43.0999 90.7463 9.17185 3.91785 151.661
43.1999 90.644 9.20551 3.9256 151.627
43.2999 90.5418 9.23922 3.93335 151.593
43.3999 90.4398 9.273 3.94108 151.56
43.4999 90.3381 9.30684 3.9488 151.526
43.5999 90.2365 9.34074 3.95652 151.492
43.6999 90.1351 9.37471 3.96422 151.458
43.7999 90.0339 9.40874 3.97192 151.424
43.8999 89.9328 9.44283 3.9796 151.39
43.9999 89.832 9.47698 3.98728 151.356
44.0999 89.7313 9.51119 3.99495 151.321
44.1999 89.6308 9.54546 4.0026 151.287
44.2999 89.5305 9.5798 4.01025 151.253
44.3999 89.4304 9.6142 4.01789 151.218
44.4999 89.3304 9.64866 4.02552 151.184
44.5999 89.2306 9.68318 4.03314 151.149
44.6999 89.131 9.71776 4.04075 151.115
44.7999 89.0316 9.7524 4.04835 151.08
44.8999 88.9324 9.7871 4.05594 151.045
44.9999 88.8333 9.82187 4.06352 151.011
45.0999 88.7344 9.85669 4.07109 150.976
45.1999 88.6357 9.89158 4.07865 150.941
45.2999 88.5371 9.92652 4.0862 150.906
45.3999 88.4387 9.96153 4.09375 150.871
45.4999 88.3405 9.9966 4.10128 150.836
45.5999 88.2425 10.0317 4.1088 150.801
45.6999 88.1446 10.0669 4.11631 150.766
45.7999 88.0468 10.1022 4.12381 150.73
45.8999 87.9493 10.1375 4.13131 150.695
45.9999 87.8519 10.1728 4.13879 150.66
46.0999 87.7547 10.2083 4.14626 150.624
46.1999 87.6576 10.2437 4.15373 150.589
46.2999 87.5607 10.2793 4.16118 150.553
46.3999 87.464 10.3149 4.16862 150.518
46.4999 87.3674 10.3506 4.17605 150.482
46.5999 87.271 10.3863 4.18348 150.446
46.6999 87.1747 10.4221 4.19089 150.411
46.7999 87.0786 10.4579 4.19829 150.375
46.8999 86.9827 10.4938 4.20569 150.339
46.9999 86.8869 10.5298 4.21307 150.303
47.0999 86.7913 10.5658 4.22044 150.267
47.1999 86.6958 10.6019 4.2278 150.231
47.2999 86.6005 10.638 4.23516 150.195
47.3998 86.5053 10.6742 4.2425 150.158
47.4998 86.4103 10.7104 4.24983 150.122
47.5998 86.3154 10.7467 4.25715 150.086
47.6998 86.2207 10.7831 4.26446 150.049
47.7998 86.1261 10.8195 4.27176 150.013
47.8998 86.0317 10.856 4.27906 149.977
47.9998 85.9374 10.8925 4.28634 149.94
48.0998 85.8433 10.9291 4.29361 149.903
48.1998 85.7493 10.9658 4.30087 149.867
48.2998 85.6555 11.0025 4.30812 149.83
48.3998 85.5618 11.0393 4.31535 149.793
48.4998 85.4683 11.0761 4.32258 149.756
48.5998 85.3749 11.113 4.3298 149.72
48.6998 85.2816 11.1499 4.33701 149.683
48.7998 85.1885 11.1869 4.34421 149.646
48.8998 85.0956 11.224 4.35139 149.609
48.9998 85.0027 11.2611 4.35857 149.571
49.0998 84.9101 11.2982 4.36574 149.534
49.1998 84.8175 11.3355 4.37289 149.497
49.2998 84.7251 11.3727 4.38004 149.46
49.3998 84.6328 11.4101 4.38717 149.422
49.4998 84.5407 11.4475 4.39429 149.385
49.5998 84.4487 11.4849 4.4014 149.348
49.6998 84.3569 11.5224 4.40851 149.31
49.7998 84.2651 11.56 4.4156 149.273
49.8998 84.1735 11.5976 4.42268 149.235
49.9998 84.0821 11.6352 4.42975 149.197
50.0998 83.9908 11.673 4.43681 149.16
50.1998 83.8996 11.7107 4.44386 149.122
50.2998 83.8085 11.7486 4.45089 149.084
50.3998 83.7176 11.7865 4.45792 149.046
50.4998 83.6268 11.8244 4.46494 149.008
50.5998 83.5362 11.8624 4.47194 148.97
50.6998 83.4456 11.9005 4.47893 148.932
50.7998 83.3552 11.9386 4.48592 148.894
50.8998 83.265 11.9767 4.49289 148.856
50.9998 83.1748 12.0149 4.49985 148.818
51.0998 83.0848 12.0532 4.5068 148.779
51.1998 82.9949 12.0915 4.51374 148.741
51.2998 82.9051 12.1299 4.52067 148.703
51.3998 82.8155 12.1683 4.52759 148.664
51.4998 82.726 12.2068 4.53449 148.626
51.5998 82.6366 12.2453 4.54139 148.587
51.6998 82.5473 12.2839 4.54827 148.549
51.7998 82.4582 12.3226 4.55514 148.51
51.8998 82.3691 12.3613 4.56201 148.471
51.9998 82.2802 12.4 4.56886 148.433
52.0998 82.1915 12.4388 4.5757 148.394
52.1998 82.1028 12.4777 4.58252 148.355
52.2998 82.0143 12.5166 4.58934 148.316
52.3998 81.9258 12.5555 4.59615 148.277
52.4998 81.8375 12.5946 4.60294 148.238
52.5998 81.7493 12.6336 4.60972 148.199
52.6998 81.6613 12.6727 4.6165 148.16
52.7998 81.5733 12.7119 4.62326 148.121
52.8998 81.4855 12.7511 4.63001 148.081
52.9998 81.3978 12.7904 4.63674 148.042
53.0998 81.3102 12.8297 4.64347 148.003
53.1998 81.2227 12.8691 4.65018 147.963
53.2998 81.1353 12.9085 4.65689 147.924
53.3998 81.0481 12.948 4.66358 147.885
53.4998 80.9609 12.9875 4.67026 147.845
53.5998 80.8739 13.0271 4.67693 147.805
53.6998 80.787 13.0668 4.68359 147.766
53.7998 80.7001 13.1064 4.69023 147.726
53.8997 80.6134 13.1462 4.69687 147.686
53.9997 80.5269 13.186 4.70349 147.647
54.0997 80.4404 13.2258 4.7101 147.607
54.1997 80.354 13.2657 4.7167 147.567
54.2997 80.2678 13.3056 4.72329 147.527
54.3997 80.1816 13.3456 4.72987 147.487
54.4997 80.0956 13.3856 4.73643 147.447
54.5997 80.0096 13.4257 4.74298 147.407
54.6997 79.9238 13.4658 4.74952 147.367
54.7997 79.8381 13.506 4.75605 147.327
54.8997 79.7525 13.5463 4.76257 147.286
54.9997 79.6669 13.5865 4.76908 147.246
55.0997 79.5815 13.6269 4.77557 147.206
55.1997 79.4962 13.6673 4.78205 147.165
55.2997 79.411 13.7077 4.78852 147.125
55.3997 79.3259 13.7482 4.79498 147.084
55.4997 79.241 13.7887 4.80143 147.044
55.5997 79.1561 13.8293 4.80786 147.003
55.6997 79.0713 13.8699 4.81429 146.963
55.7997 78.9866 13.9106 4.8207 146.922
55.8997 78.902 13.9513 4.8271 146.881
55.9997 78.8175 13.9921 4.83348 146.84
56.0997 78.7332 14.0329 4.83986 146.8
56.1997 78.6489 14.0738 4.84622 146.759
56.2997 78.5647 14.1147 4.85257 146.718
56.3997 78.4806 14.1556 4.85891 146.677
56.4997 78.3966 14.1966 4.86523 146.636
56.5997 78.3127 14.2377 4.87155 146.595
56.6997 78.2289 14.2788 4.87785 146.554
56.7997 78.1453 14.3199 4.88414 146.513
56.8997 78.0617 14.3611 4.89042 146.471
56.9997 77.9782 14.4024 4.89668 146.43
57.0997 77.8948 14.4437 4.90294 146.389
57.1997 77.8114 14.485 4.90918 146.348
57.2997 77.7282 14.5264 4.91541 146.306
57.3997 77.6451 14.5678 4.92162 146.265
57.4997 77.5621 14.6093 4.92783 146.223
57.5997 77.4792 14.6508 4.93402 146.182
57.6997 77.3963 14.6924 4.9402 146.14
57.7997 77.3136 14.734 4.94637 146.099
57.8997 77.2309 14.7757 4.95252 146.057
57.9997 77.1484 14.8174 4.95866 146.015
58.0997 77.0659 14.8591 4.96479 145.973
58.1997 76.9835 14.9009 4.97091 145.932
58.2997 76.9012 14.9428 4.97702 145.89
58.3997 76.819 14.9847 4.98311 145.848
58.4997 76.7369 15.0266 4.98919 145.806
58.5997 76.6549 15.0686 4.99526 145.764
58.6997 76.573 15.1106 5.00131 145.722
58.7997 76.4911 15.1527 5.00735 145.68
58.8997 76.4094 15.1948 5.01338 145.638
58.9997 76.3277 15.2369 5.0194 145.596
59.0997 76.2462 15.2791 5.0254 145.553
59.1997 76.1647 15.3214 5.03139 145.511
59.2997 76.0833 15.3637 5.03737 145.469
59.3997 76.002 15.406 5.04334 145.427
59.4997 75.9207 15.4484 5.04929 145.384
59.5997 75.8396 15.4908 5.05523 145.342
59.6997 75.7585 15.5333 5.06116 145.299
59.7997 75.6776 15.5758 5.06708 145.257
59.8997 75.5967 15.6183 5.07298 145.214
59.9997 75.5159 15.6609 5.07887 145.172
60.0997 75.4351 15.7036 5.08475 145.129
60.1997 75.3545 15.7462 5.09061 145.086
60.2997 75.274 15.789 5.09646 145.044
60.3997 75.1935 15.8317 5.1023 145.001
60.4996 75.1131 15.8745 5.10812 144.958
60.5996 75.0328 15.9174 5.11393 144.915
60.6996 74.9526 15.9603 5.11973 144.872
60.7996 74.8724 16.0032 5.12552 144.829
60.8996 74.7924 16.0462 5.13129 144.786
60.9996 74.7124 16.0892 5.13705 144.743
61.0996 74.6325 16.1322 5.1428 144.7
61.1996 74.5527 16.1753 5.14853 144.657
61.2996 74.4729 16.2185 5.15425 144.614
61.3996 74.3933 16.2617 5.15996 144.571
61.4996 74.3137 16.3049 5.16566 144.528
61.5996 74.2342 16.3482 5.17134 144.484
61.6996 74.1547 16.3915 5.17701 144.441
61.7996 74.0754 16.4348 5.18266 144.398
61.8996 73.9961 16.4782 5.1883 144.354
61.9996 73.9169 16.5216 5.19393 144.311
62.0996 73.8378 16.5651 5.19955 144.267
62.1996 73.7588 16.6086 5.20515 144.224
62.2996 73.6798 16.6521 5.21074 144.18
62.3996 73.6009 16.6957 5.21631 144.137
62.4996 73.5221 16.7394 5.22188 144.093
62.5996 73.4434 16.783 5.22742 144.05
62.6996 73.3647 16.8267 5.23296 144.006
62.7996 73.2861 16.8705 5.23848 143.962
62.8996 73.2076 16.9143 5.24399 143.918
62.9996 73.1292 16.9581 5.24948 143.874
63.0996 73.0508 17.0019 5.25497 143.831
63.1996 72.9725 17.0458 5.26043 143.787
63.2996 72.8943 17.0898 5.26589 143.743
63.3996 72.8161 17.1338 5.27133 143.699
63.4996 72.7381 17.1778 5.27676 143.655
63.5996 72.6601 17.2218 5.28217 143.611
63.6996 72.5821 17.2659 5.28757 143.567
63.7996 72.5043 17.3101 5.29296 143.522
63.8996 72.4265 17.3542 5.29833 143.478
63.9996 72.3488 17.3984 5.30369 143.434
64.0996 72.2711 17.4427 5.30904 143.39
64.1996 72.1936 17.487 5.31437 143.346
64.2996 72.1161 17.5313 5.31969 143.301
64.3996 72.0386 17.5756 5.32499 143.257
64.4996 71.9613 17.62 5.33028 143.213
64.5996 71.884 17.6645 5.33556 143.168
64.6996 71.8067 17.7089 5.34082 143.124
64.7996 71.7296 17.7534 5.34607 143.079
64.8996 71.6525 17.798 5.35131 143.035
64.9996 71.5755 17.8426 5.35653 142.99
65.0996 71.4985 17.8872 5.36174 142.945
65.1996 71.4216 17.9318 5.36693 142.901
65.2996 71.3448 17.9765 5.37211 142.856
65.3996 71.2681 18.0212 5.37728 142.811
65.4996 71.1914 18.066 5.38243 142.767
65.5996 71.1148 18.1108 5.38757 142.722
65.6996 71.0382 18.1556 5.39269 142.677
65.7996 70.9617 18.2005 5.3978 142.632
65.8996 70.8853 18.2454 5.4029 142.587
65.9996 70.8089 18.2903 5.40798 142.542
66.0996 70.7326 18.3353 5.41305 142.497
66.1996 70.6564 18.3803 5.4181 142.452
66.2996 70.5803 18.4253 5.42314 142.407
66.3996 70.5042 18.4704 5.42817 142.362
66.4996 70.4281 18.5155 5.43318 142.317
66.5996 70.3522 18.5607 5.43818 142.272
66.6996 70.2763 18.6058 5.44316 142.227
66.7996 70.2004 18.6511 5.44813 142.182
66.8996 70.1246 18.6963 5.45309 142.136
66.9995 70.0489 18.7416 5.45803 142.091
67.0995 69.9733 18.7869 5.46295 142.046
67.1995 69.8977 18.8322 5.46786 142
67.2995 69.8222 18.8776 5.47276 141.955
67.3995 69.7467 18.923 5.47765 141.91
67.4995 69.6713 18.9685 5.48252 141.864
67.5995 69.5959 19.0139 5.48737 141.819
67.6995 69.5207 19.0595 5.49221 141.773
67.7995 69.4454 19.105 5.49704 141.728
67.8995 69.3703 19.1506 5.50185 141.682
67.9995 69.2952 19.1962 5.50665 141.636
68.0995 69.2201 19.2418 5.51143 141.591
68.1995 69.1452 19.2875 5.5162 141.545
68.2995 69.0702 19.3332 5.52095 141.499
68.3995 68.9954 19.3789 5.52569 141.454
68.4995 68.9206 19.4247 5.53041 141.408
68.5995 68.8458 19.4705 5.53512 141.362
68.6995 68.7712 19.5163 5.53982 141.316
68.7995 68.6965 19.5622 5.5445 141.27
68.8995 68.622 19.6081 5.54917 141.224
68.9995 68.5475 19.654 5.55382 141.179
69.0995 68.473 19.7 5.55845 141.133
69.1995 68.3986 19.7459 5.56308 141.087
69.2995 68.3243 19.792 5.56768 141.041
69.3995 68.25 19.838 5.57228 140.995
69.4995 68.1758 19.8841 5.57686 140.948
69.5995 68.1016 19.9302 5.58142 140.902
69.6995 68.0275 19.9763 5.58597 140.856
69.7995 67.9534 20.0225 5.5905 140.81
69.8995 67.8794 20.0687 5.59502 140.764
69.9995 67.8055 20.1149 5.59952 140.718
70.0995 67.7316 20.1612 5.60401 140.671
70.1995 67.6578 20.2074 5.60849 140.625
70.2995 67.584 20.2538 5.61295 140.579
70.3995 67.5103 20.3001 5.61739 140.532
70.4995 67.4366 20.3465 5.62182 140.486
70.5995 67.363 20.3929 5.62624 140.44
70.6995 67.2895 20.4393 5.63064 140.393
70.7995 67.216 20.4857 5.63502 140.347
70.8995 67.1425 20.5322 5.63939 140.3
70.9995 67.0691 20.5787 5.64375 140.254
71.0995 66.9958 20.6253 5.64809 140.207
71.1995 66.9225 20.6719 5.65241 140.161
71.2995 66.8493 20.7184 5.65672 140.114
71.3995 66.7761 20.7651 5.66101 140.067
71.4995 66.7029 20.8117 5.66529 140.021
71.5995 66.6299 20.8584 5.66956 139.974
71.6995 66.5568 20.9051 5.67381 139.927
71.7995 66.4839 20.9518 5.67804 139.881
71.8995 66.411 20.9986 5.68226 139.834
71.9995 66.3381 21.0454 5.68646 139.787
72.0995 66.2653 21.0922 5.69065 139.74
72.1995 66.1925 21.139 5.69482 139.694
72.2995 66.1198 21.1859 5.69898 139.647
72.3995 66.0471 21.2328 5.70313 139.6
72.4995 65.9745 21.2797 5.70725 139.553
72.5995 65.902 21.3266 5.71136 139.506
72.6995 65.8294 21.3736 5.71546 139.459
72.7995 65.757 21.4206 5.71954 139.412
72.8995 65.6846 21.4676 5.72361 139.365
72.9995 65.6122 21.5147 5.72766 139.318
73.0995 65.5399 21.5617 5.73169 139.271
73.1995 65.4676 21.6088 5.73571 139.224
73.2995 65.3954 21.6559 5.73972 139.177
73.3995 65.3233 21.7031 5.7437 139.129
73.4995 65.2511 21.7503 5.74768 139.082
73.5994 65.1791 21.7975 5.75164 139.035
73.6994 65.1071 21.8447 5.75558 138.988
73.7994 65.0351 21.8919 5.7595 138.941
73.8994 64.9632 21.9392 5.76341 138.893
73.9994 64.8913 21.9865 5.76731 138.846
74.0994 64.8195 22.0338 5.77119 138.799
74.1994 64.7477 22.0811 5.77505 138.751
74.2994 64.676 22.1285 5.7789 138.704
74.3994 64.6043 22.1759 5.78273 138.657
74.4994 64.5326 22.2233 5.78655 138.609
74.5994 64.4611 22.2707 5.79035 138.562
74.6994 64.3895 22.3181 5.79414 138.514
74.7994 64.318 22.3656 5.79791 138.467
74.8994 64.2466 22.4131 5.80166 138.419
74.9994 64.1752 22.4606 5.8054 138.372
75.0994 64.1038 22.5082 5.80912 138.324
75.1994 64.0325 22.5557 5.81283 138.277
75.2994 63.9612 22.6033 5.81652 138.229
75.3994 63.89 22.6509 5.8202 138.182
75.4994 63.8188 22.6986 5.82386 138.134
75.5994 63.7477 22.7462 5.8275 138.086
75.6994 63.6766 22.7939 5.83113 138.039
75.7994 63.6056 22.8416 5.83474 137.991
75.8994 63.5346 22.8893 5.83833 137.943
75.9994 63.4637 22.937 5.84191 137.896
76.0994 63.3927 22.9848 5.84548 137.848
76.1994 63.3219 23.0325 5.84903 137.8
76.2994 63.2511 23.0803 5.85256 137.752
76.3994 63.1803 23.1282 5.85607 137.704
76.4994 63.1096 23.176 5.85957 137.657
76.5994 63.0389 23.2239 5.86306 137.609
76.6994 62.9682 23.2717 5.86652 137.561
76.7994 62.8976 23.3196 5.86997 137.513
76.8994 62.8271 23.3675 5.87341 137.465
76.9994 62.7566 23.4155 5.87683 137.417
77.0994 62.6861 23.4634 5.88023 137.369
77.1994 62.6157 23.5114 5.88362 137.321
77.2994 62.5453 23.5594 5.88699 137.273
77.3994 62.475 23.6074 5.89034 137.225
77.4994 62.4047 23.6555 5.89368 137.177
77.5994 62.3344 23.7035 5.897 137.129
77.6994 62.2642 23.7516 5.90031 137.081
77.7994 62.194 23.7997 5.9036 137.033
77.8994 62.1239 23.8478 5.90687 136.985
77.9994 62.0538 23.8959 5.91013 136.937
78.0994 61.9838 23.944 5.91337 136.889
78.1994 61.9137 23.9922 5.91659 136.84
78.2994 61.8438 24.0404 5.9198 136.792
78.3994 61.7739 24.0885 5.92299 136.744
78.4994 61.704 24.1368 5.92617 136.696
78.5994 61.6341 24.185 5.92933 136.648
78.6994 61.5643 24.2332 5.93247 136.599
78.7994 61.4946 24.2815 5.93559 136.551
78.8994 61.4248 24.3298 5.9387 136.503
78.9994 61.3552 24.3781 5.9418 136.454
79.0994 61.2855 24.4264 5.94487 136.406
79.1994 61.2159 24.4747 5.94793 136.358
79.2994 61.1464 24.523 5.95098 136.31
79.3994 61.0768 24.5714 5.954 136.261
79.4994 61.0073 24.6198 5.95701 136.213
79.5994 60.9379 24.6682 5.96001 136.164
79.6994 60.8685 24.7166 5.96298 136.116
79.7994 60.7991 24.765 5.96594 136.068
79.8994 60.7298 24.8134 5.96889 136.019
79.9994 60.6605 24.8619 5.97181 135.971
80.0993 60.5913 24.9104 5.97472 135.922
80.1993 60.5221 24.9588 5.97762 135.874
80.2993 60.4529 25.0073 5.98049 135.825
80.3993 60.3837 25.0558 5.98335 135.777
80.4993 60.3146 25.1044 5.9862 135.728
80.5993 60.2456 25.1529 5.98902 135.68
80.6993 60.1766 25.2015 5.99183 135.631
80.7993 60.1076 25.25 5.99463 135.583
80.8993 60.0386 25.2986 5.9974 135.534
80.9993 59.9697 25.3472 6.00016 135.485
81.0993 59.9009 25.3958 6.0029 135.437
81.1993 59.832 25.4444 6.00563 135.388
81.2993 59.7632 25.4931 6.00834 135.339
81.3993 59.6945 25.5417 6.01103 135.291
81.4993 59.6257 25.5904 6.01371 135.242
81.5993 59.5571 25.639 6.01636 135.194
81.6993 59.4884 25.6877 6.01901 135.145
81.7993 59.4198 25.7364 6.02163 135.096
81.8993 59.3512 25.7851 6.02424 135.047
81.9993 59.2827 25.8339 6.02683 134.999
82.0993 59.2142 25.8826 6.0294 134.95
82.1993 59.1457 25.9313 6.03196 134.901
82.2993 59.0773 25.9801 6.0345 134.852
82.3993 59.0089 26.0289 6.03702 134.804
82.4993 58.9405 26.0776 6.03952 134.755
82.5993 58.8722 26.1264 6.04201 134.706
82.6993 58.8039 26.1752 6.04448 134.657
82.7993 58.7356 26.2241 6.04693 134.609
82.8993 58.6674 26.2729 6.04937 134.56
82.9993 58.5992 26.3217 6.05179 134.511
83.0993 58.5311 26.3706 6.05419 134.462
83.1993 58.463 26.4194 6.05658 134.413
83.2993 58.3949 26.4683 6.05894 134.364
83.3993 58.3268 26.5172 6.0613 134.315
83.4993 58.2588 26.566 6.06363 134.267
83.5993 58.1908 26.6149 6.06594 134.218
83.6993 58.1229 26.6638 6.06824 134.169
83.7993 58.055 26.7128 6.07052 134.12
83.8993 57.9871 26.7617 6.07279 134.071
83.9993 57.9193 26.8106 6.07504 134.022
84.0993 57.8514 26.8596 6.07727 133.973
84.1993 57.7837 26.9085 6.07948 133.924
84.2993 57.7159 26.9575 6.08167 133.875
84.3993 57.6482 27.0064 6.08385 133.826
84.4993 57.5805 27.0554 6.08601 133.777
84.5993 57.5129 27.1044 6.08815 133.728
84.6993 57.4453 27.1534 6.09028 133.679
84.7993 57.3777 27.2024 6.09238 133.63
84.8993 57.3102 27.2514 6.09447 133.581
84.9993 57.2427 27.3004 6.09655 133.532
85.0993 57.1752 27.3494 6.0986 133.483
85.1993 57.1077 27.3985 6.10064 133.434
85.2993 57.0403 27.4475 6.10266 133.385
85.3993 56.9729 27.4965 6.10466 133.336
85.4993 56.9056 27.5456 6.10665 133.287
85.5993 56.8383 27.5947 6.10862 133.238
85.6993 56.771 27.6437 6.11057 133.189
85.7993 56.7037 27.6928 6.1125 133.14
85.8993 56.6365 27.7419 6.11441 133.091
85.9993 56.5693 27.791 6.11631 133.042
86.0993 56.5022 27.84 6.11819 132.993
86.1993 56.435 27.8891 6.12005 132.943
86.2993 56.3679 27.9382 6.1219 132.894
86.3993 56.3009 27.9873 6.12372 132.845
86.4993 56.2338 28.0365 6.12553 132.796
86.5993 56.1668 28.0856 6.12732 132.747
86.6992 56.0999 28.1347 6.12909 132.698
86.7992 56.0329 28.1838 6.13085 132.649
86.8992 55.966 28.233 6.13259 132.6
86.9992 55.8991 28.2821 6.13431 132.55
87.0992 55.8323 28.3312 6.13601 132.501
87.1992 55.7655 28.3804 6.13769 132.452
87.2992 55.6987 28.4295 6.13936 132.403
87.3992 55.6319 28.4787 6.14101 132.354
87.4992 55.5652 28.5278 6.14264 132.305
87.5992 55.4985 28.577 6.14425 132.256
87.6992 55.4318 28.6262 6.14585 132.206
87.7992 55.3652 28.6753 6.14742 132.157
87.8992 55.2986 28.7245 6.14898 132.108
87.9992 55.232 28.7737 6.15053 132.059
88.0992 55.1655 28.8229 6.15205 132.01
88.1992 55.0989 28.8721 6.15355 131.961
88.2992 55.0325 28.9212 6.15504 131.911
88.3992 54.966 28.9704 6.15651 131.862
88.4992 54.8996 29.0196 6.15796 131.813
88.5992 54.8332 29.0688 6.1594 131.764
88.6992 54.7668 29.118 6.16081 131.715
88.7992 54.7004 29.1672 6.16221 131.665
88.8992 54.6341 29.2164 6.16359 131.616
88.9992 54.5678 29.2656 6.16495 131.567
89.0992 54.5016 29.3148 6.16629 131.518
89.1992 54.4354 29.364 6.16762 131.469
89.2992 54.3692 29.4132 6.16892 131.419
89.3992 54.303 29.4624 6.17021 131.37
89.4992 54.2368 29.5116 6.17148 131.321
89.5992 54.1707 29.5608 6.17273 131.272
89.6992 54.1046 29.61 6.17397 131.223
89.7992 54.0386 29.6592 6.17518 131.173
89.8992 53.9725 29.7084 6.17638 131.124
89.9992 53.9065 29.7576 6.17756 131.075
90.0992 53.8406 29.8068 6.17872 131.026
90.1992 53.7746 29.856 6.17987 130.977
90.2992 53.7087 29.9053 6.18099 130.927
90.3992 53.6428 29.9545 6.1821 130.878
90.4992 53.5769 30.0037 6.18319 130.829
90.5992 53.5111 30.0529 6.18426 130.78
90.6992 53.4453 30.1021 6.18531 130.73
90.7992 53.3795 30.1513 6.18634 130.681
90.8992 53.3137 30.2005 6.18736 130.632
90.9992 53.248 30.2497 6.18835 130.583
91.0992 53.1823 30.2989 6.18933 130.534
91.1992 53.1166 30.3481 6.19029 130.484
91.2992 53.051 30.3973 6.19123 130.435
91.3992 52.9854 30.4465 6.19216 130.386
91.4992 52.9198 30.4957 6.19306 130.337
91.5992 52.8542 30.5448 6.19395 130.288
91.6992 52.7886 30.594 6.19481 130.239
91.7992 52.7231 30.6432 6.19566 130.189
91.8992 52.6576 30.6924 6.1965 130.14
91.9992 52.5922 30.7416 6.19731 130.091
92.0992 52.5267 30.7907 6.1981 130.042
92.1992 52.4613 30.8399 6.19888 129.993
92.2992 52.3959 30.8891 6.19963 129.943
92.3992 52.3306 30.9383 6.20037 129.894
92.4992 52.2652 30.9874 6.20109 129.845
92.5992 52.1999 31.0366 6.20179 129.796
92.6992 52.1346 31.0857 6.20248 129.747
92.7992 52.0694 31.1349 6.20314 129.698
92.8992 52.0041 31.184 6.20379 129.649
92.9992 51.9389 31.2332 6.20441 129.599
93.0992 51.8737 31.2823 6.20502 129.55
93.1992 51.8086 31.3314 6.20561 129.501
93.2991 51.7435 31.3806 6.20618 129.452
93.3991 51.6783 31.4297 6.20673 129.403
93.4991 51.6133 31.4788 6.20727 129.354
93.5991 51.5482 31.5279 6.20778 129.305
93.6991 51.4832 31.577 6.20828 129.256
93.7991 51.4182 31.6261 6.20876 129.206
93.8991 51.3532 31.6752 6.20921 129.157
93.9991 51.2882 31.7243 6.20965 129.108
94.0991 51.2233 31.7734 6.21008 129.059
94.1991 51.1584 31.8225 6.21048 129.01
94.2991 51.0935 31.8715 6.21086 128.961
94.3991 51.0286 31.9206 6.21123 128.912
94.4991 50.9638 31.9697 6.21157 128.863
94.5991 50.899 32.0187 6.2119 128.814
94.6991 50.8342 32.0678 6.21221 128.765
94.7991 50.7694 32.1168 6.2125 128.716
94.8991 50.7047 32.1658 6.21277 128.667
94.9991 50.64 32.2149 6.21302 128.618
95.0991 50.5753 32.2639 6.21326 128.569
95.1991 50.5106 32.3129 6.21347 128.52
95.2991 50.4459 32.3619 6.21367 128.471
95.3991 50.3813 32.4109 6.21384 128.422
95.4991 50.3167 32.4599 6.214 128.373
95.5991 50.2521 32.5088 6.21414 128.324
95.6991 50.1876 32.5578 6.21426 128.275
95.7991 50.1231 32.6068 6.21436 128.226
95.8991 50.0586 32.6557 6.21444 128.177
95.9991 49.9941 32.7047 6.2145 128.128
96.0991 49.9296 32.7536 6.21455 128.079
96.1991 49.8652 32.8025 6.21457 128.03
96.2991 49.8008 32.8514 6.21458 127.981
96.3991 49.7364 32.9003 6.21457 127.932
96.4991 49.672 32.9492 6.21453 127.883
96.5991 49.6077 32.9981 6.21448 127.834
96.6991 49.5433 33.047 6.21441 127.786
96.7991 49.479 33.0959 6.21432 127.737
96.8991 49.4147 33.1447 6.21421 127.688
96.9991 49.3505 33.1936 6.21409 127.639
97.0991 49.2863 33.2424 6.21394 127.59
97.1991 49.222 33.2912 6.21378 127.541
97.2991 49.1579 33.34 6.21359 127.493
97.3991 49.0937 33.3888 6.21339 127.444
97.4991 49.0295 33.4376 6.21316 127.395
97.5991 48.9654 33.4864 6.21292 127.346
97.6991 48.9013 33.5352 6.21266 127.297
97.7991 48.8372 33.5839 6.21238 127.249
97.8991 48.7732 33.6327 6.21208 127.2
97.9991 48.7092 33.6814 6.21176 127.151
98.0991 48.6451 33.7301 6.21142 127.102
98.1991 48.5811 33.7788 6.21107 127.054
98.2991 48.5172 33.8275 6.21069 127.005
98.3991 48.4532 33.8762 6.2103 126.956
98.4991 48.3893 33.9249 6.20988 126.908
98.5991 48.3254 33.9736 6.20945 126.859
98.6991 48.2615 34.0222 6.20899 126.81
98.7991 48.1976 34.0708 6.20852 126.762
98.8991 48.1338 34.1195 6.20803 126.713
98.9991 48.07 34.1681 6.20752 126.664
99.0991 48.0062 34.2167 6.20699 126.616
99.1991 47.9424 34.2652 6.20644 126.567
99.2991 47.8786 34.3138 6.20587 126.519
99.3991 47.8149 34.3624 6.20528 126.47
99.4991 47.7512 34.4109 6.20467 126.422
99.5991 47.6875 34.4594 6.20405 126.373
99.6991 47.6238 34.5079 6.2034 126.325
99.799 47.5602 34.5564 6.20273 126.276
99.899 47.4965 34.6049 6.20205 126.228
99.999 47.4329 34.6534 6.20134 126.179
100.099 47.3693 34.7018 6.20062 126.131
100.199 47.3058 34.7503 6.19988 126.082
100.299 47.2422 34.7987 6.19912 126.034
100.399 47.1787 34.8471 6.19833 125.985
100.499 47.1152 34.8955 6.19753 125.937
100.599 47.0517 34.9439 6.19671 125.889
100.699 46.9882 34.9922 6.19587 125.84
100.799 46.9248 35.0406 6.19501 125.792
100.899 46.8613 35.0889 6.19413 125.744
100.999 46.7979 35.1372 6.19323 125.695
101.099 46.7345 35.1855 6.19232 125.647
101.199 46.6712 35.2338 6.19138 125.599
101.299 46.6078 35.282 6.19042 125.551
101.399 46.5445 35.3303 6.18944 125.502
101.499 46.4812 35.3785 6.18845 125.454
101.599 46.4179 35.4267 6.18743 125.406
101.699 46.3546 35.4749 6.1864 125.358
101.799 46.2913 35.5231 6.18534 125.309
101.899 46.2281 35.5713 6.18427 125.261
101.999 46.1649 35.6194 6.18318 125.213
102.099 46.1017 35.6675 6.18206 125.165
102.199 46.0385 35.7156 6.18093 125.117
102.299 45.9754 35.7637 6.17978 125.069
102.399 45.9122 35.8118 6.17861 125.021
102.499 45.8491 35.8598 6.17741 124.973
102.599 45.786 35.9079 6.1762 124.925
102.699 45.7229 35.9559 6.17497 124.877
102.799 45.6599 36.0039 6.17372 124.829
102.899 45.5968 36.0518 6.17245 124.781
102.999 45.5338 36.0998 6.17116 124.733
103.099 45.4708 36.1477 6.16985 124.685
103.199 45.4078 36.1957 6.16853 124.637
103.299 45.3448 36.2436 6.16718 124.589
103.399 45.2819 36.2914 6.16581 124.541
103.499 45.219 36.3393 6.16442 124.493
103.599 45.156 36.3871 6.16301 124.445
103.699 45.0932 36.4349 6.16159 124.398
103.799 45.0303 36.4827 6.16014 124.35
103.899 44.9674 36.5305 6.15867 124.302
103.999 44.9046 36.5783 6.15719 124.254
104.099 44.8418 36.626 6.15568 124.207
104.199 44.779 36.6737 6.15416 124.159
104.299 44.7162 36.7214 6.15261 124.111
104.399 44.6534 36.7691 6.15105 124.063
104.499 44.5907 36.8167 6.14946 124.016
104.599 44.5279 36.8644 6.14786 123.968
104.699 44.4652 36.912 6.14623 123.921
104.799 44.4025 36.9596 6.14459 123.873
104.899 44.3399 37.0071 6.14293 123.825
104.999 44.2772 37.0547 6.14124 123.778
105.099 44.2146 37.1022 6.13954 123.73
105.199 44.1519 37.1497 6.13782 123.683
105.299 44.0893 37.1972 6.13607 123.635
105.399 44.0267 37.2446 6.13431 123.588
105.499 43.9642 37.292 6.13253 123.541
105.599 43.9016 37.3394 6.13073 123.493
105.699 43.8391 37.3868 6.12891 123.446
105.799 43.7766 37.4342 6.12707 123.398
105.899 43.7141 37.4815 6.1252 123.351
105.999 43.6516 37.5288 6.12332 123.304
106.099 43.5891 37.5761 6.12142 123.256
106.199 43.5267 37.6234 6.1195 123.209
106.299 43.4642 37.6706 6.11756 123.162
106.399 43.4018 37.7178 6.1156 123.115
106.499 43.3394 37.765 6.11362 123.068
106.599 43.277 37.8122 6.11162 123.02
106.699 43.2147 37.8594 6.1096 122.973
106.799 43.1523 37.9065 6.10756 122.926
106.899 43.09 37.9536 6.1055 122.879
106.999 43.0277 38.0006 6.10342 122.832
107.099 42.9654 38.0477 6.10132 122.785
107.199 42.9031 38.0947 6.0992 122.738
107.299 42.8408 38.1417 6.09706 122.691
107.399 42.7786 38.1887 6.0949 122.644
107.499 42.7164 38.2356 6.09273 122.597
107.599 42.6541 38.2825 6.09053 122.55
107.699 42.5919 38.3294 6.08831 122.503
107.799 42.5298 38.3763 6.08607 122.456
107.899 42.4676 38.4231 6.08381 122.409
107.999 42.4054 38.4699 6.08153 122.363
108.099 42.3433 38.5167 6.07923 122.316
108.199 42.2812 38.5635 6.07692 122.269
108.299 42.2191 38.6102 6.07458 122.222
108.399 42.157 38.6569 6.07222 122.176
108.499 42.0949 38.7036 6.06984 122.129
108.599 42.0329 38.7502 6.06744 122.082
108.699 41.9709 38.7969 6.06503 122.036
108.799 41.9088 38.8435 6.06259 121.989
108.899 41.8468 38.89 6.06013 121.943
108.999 41.7849 38.9366 6.05765 121.896
109.099 41.7229 38.9831 6.05516 121.849
109.199 41.6609 39.0296 6.05264 121.803
109.299 41.599 39.076 6.0501 121.757
109.399 41.5371 39.1224 6.04754 121.71
109.499 41.4751 39.1688 6.04497 121.664
109.599 41.4133 39.2152 6.04237 121.617
109.699 41.3514 39.2616 6.03975 121.571
109.799 41.2895 39.3079 6.03711 121.525
109.899 41.2277 39.3542 6.03446 121.478
109.999 41.1658 39.4004 6.03178 121.432
110.099 41.104 39.4466 6.02908 121.386
110.199 41.0422 39.4928 6.02637 121.34
110.299 40.9804 39.539 6.02363 121.294
110.399 40.9187 39.5851 6.02087 121.247
110.499 40.8569 39.6312 6.01809 121.201
110.599 40.7952 39.6773 6.0153 121.155
110.699 40.7334 39.7234 6.01248 121.109
110.799 40.6717 39.7694 6.00964 121.063
110.899 40.61 39.8154 6.00679 121.017
110.999 40.5484 39.8613 6.00391 120.971
111.099 40.4867 39.9072 6.00101 120.925
111.199 40.425 39.9531 5.99809 120.879
111.299 40.3634 39.999 5.99516 120.834
111.399 40.3018 40.0448 5.9922 120.788
111.499 40.2402 40.0906 5.98922 120.742
111.599 40.1786 40.1364 5.98623 120.696
111.699 40.117 40.1821 5.98321 120.65
111.799 40.0555 40.2278 5.98017 120.605
111.899 39.9939 40.2735 5.97711 120.559
111.999 39.9324 40.3191 5.97404 120.513
112.099 39.8709 40.3647 5.97094 120.468
112.199 39.8094 40.4103 5.96782 120.422
112.299 39.7479 40.4559 5.96469 120.377
112.399 39.6864 40.5014 5.96153 120.331
112.499 39.6249 40.5469 5.95835 120.286
112.599 39.5635 40.5923 5.95515 120.24
112.699 39.5021 40.6377 5.95194 120.195
112.799 39.4406 40.6831 5.9487 120.149
112.899 39.3792 40.7284 5.94544 120.104
112.999 39.3178 40.7738 5.94217 120.059
113.099 39.2565 40.819 5.93887 120.014
113.199 39.1951 40.8643 5.93555 119.968
113.299 39.1338 40.9095 5.93221 119.923
113.399 39.0724 40.9547 5.92886 119.878
113.499 39.0111 40.9998 5.92548 119.833
113.599 38.9498 41.0449 5.92208 119.788
113.699 38.8885 41.09 5.91866 119.743
113.799 38.8272 41.135 5.91523 119.698
113.899 38.766 41.18 5.91177 119.653
113.999 38.7047 41.225 5.90829 119.608
114.099 38.6435 41.2699 5.90479 119.563
114.199 38.5823 41.3148 5.90128 119.518
114.299 38.5211 41.3597 5.89774 119.473
114.399 38.4599 41.4045 5.89418 119.428
114.499 38.3987 41.4493 5.8906 119.383
114.599 38.3375 41.4941 5.88701 119.338
114.699 38.2764 41.5388 5.88339 119.294
114.799 38.2152 41.5835 5.87975 119.249
114.899 38.1541 41.6282 5.87609 119.204
114.999 38.093 41.6728 5.87242 119.16
115.099 38.0319 41.7173 5.86872 119.115
115.199 37.9708 41.7619 5.865 119.071
115.299 37.9097 41.8064 5.86126 119.026
115.399 37.8487 41.8509 5.85751 118.982
115.499 37.7876 41.8953 5.85373 118.937
115.599 37.7266 41.9397 5.84993 118.893
115.699 37.6656 41.9841 5.84611 118.849
115.799 37.6046 42.0284 5.84227 118.804
115.899 37.5436 42.0727 5.83842 118.76
115.999 37.4826 42.1169 5.83454 118.716
116.099 37.4216 42.1611 5.83064 118.671
116.199 37.3607 42.2053 5.82672 118.627
116.299 37.2997 42.2494 5.82279 118.583
116.399 37.2388 42.2935 5.81883 118.539
116.499 37.1779 42.3376 5.81485 118.495
116.599 37.117 42.3816 5.81085 118.451
116.699 37.0561 42.4256 5.80684 118.407
116.799 36.9952 42.4695 5.8028 118.363
116.899 36.9343 42.5134 5.79874 118.319
116.999 36.8735 42.5573 5.79466 118.275
117.099 36.8127 42.6011 5.79057 118.231
117.199 36.7518 42.6449 5.78645 118.188
117.299 36.691 42.6886 5.78231 118.144
117.399 36.6302 42.7323 5.77815 118.1
117.499 36.5694 42.776 5.77398 118.057
117.599 36.5086 42.8196 5.76978 118.013
117.699 36.4479 42.8632 5.76556 117.969
117.799 36.3871 42.9068 5.76132 117.926
117.899 36.3264 42.9503 5.75707 117.882
117.999 36.2657 42.9937 5.75279 117.839
118.099 36.2049 43.0372 5.74849 117.795
118.199 36.1442 43.0806 5.74418 117.752
118.299 36.0836 43.1239 5.73984 117.709
118.399 36.0229 43.1672 5.73548 117.665
118.499 35.9622 43.2105 5.73111 117.622
118.599 35.9016 43.2537 5.72671 117.579
118.699 35.8409 43.2969 5.72229 117.536
118.799 35.7803 43.34 5.71786 117.493
118.899 35.7197 43.3831 5.7134 117.449
118.999 35.6591 43.4262 5.70892 117.406
119.099 35.5985 43.4692 5.70443 117.363
119.199 35.5379 43.5122 5.69991 117.32
119.299 35.4773 43.5551 5.69538 117.277
119.399 35.4168 43.598 5.69082 117.235
119.499 35.3562 43.6408 5.68624 117.192
119.599 35.2957 43.6837 5.68165 117.149
119.699 35.2352 43.7264 5.67703 117.106
119.799 35.1746 43.7691 5.6724 117.063
119.899 35.1141 43.8118 5.66774 117.021
119.999 35.0537 43.8545 5.66307 116.978
120.099 34.9932 43.897 5.65837 116.936
120.199 34.9327 43.9396 5.65366 116.893
120.299 34.8723 43.9821 5.64892 116.85
120.399 34.8118 44.0246 5.64417 116.808
120.499 34.7514 44.067 5.6394 116.766
120.599 34.691 44.1094 5.6346 116.723
120.699 34.6306 44.1517 5.62979 116.681
120.799 34.5702 44.194 5.62495 116.639
120.899 34.5098 44.2362 5.6201 116.596
120.999 34.4494 44.2784 5.61523 116.554
121.099 34.3891 44.3206 5.61033 116.512
121.199 34.3287 44.3627 5.60542 116.47
121.299 34.2684 44.4048 5.60049 116.428
121.399 34.208 44.4468 5.59554 116.386
121.499 34.1477 44.4888 5.59057 116.344
121.599 34.0874 44.5307 5.58557 116.302
121.699 34.0271 44.5726 5.58056 116.26
121.799 33.9668 44.6144 5.57553 116.218
121.899 33.9066 44.6562 5.57048 116.176
121.999 33.8463 44.698 5.56541 116.135
122.099 33.7861 44.7397 5.56032 116.093
122.199 33.7258 44.7814 5.55521 116.051
122.299 33.6656 44.823 5.55008 116.01
122.399 33.6054 44.8646 5.54493 115.968
122.499 33.5452 44.9061 5.53976 115.926
122.599 33.485 44.9476 5.53457 115.885
122.699 33.4248 44.989 5.52936 115.844
122.799 33.3646 45.0304 5.52413 115.802
122.899 33.3045 45.0717 5.51889 115.761
122.999 33.2443 45.113 5.51362 115.72
123.099 33.1842 45.1542 5.50833 115.678
123.199 33.124 45.1954 5.50302 115.637
123.299 33.0639 45.2366 5.4977 115.596
123.399 33.0038 45.2777 5.49235 115.555
123.499 32.9437 45.3188 5.48699 115.514
123.599 32.8836 45.3598 5.4816 115.473
123.699 32.8235 45.4007 5.4762 115.432
123.799 32.7635 45.4416 5.47077 115.391
123.899 32.7034 45.4825 5.46533 115.35
123.999 32.6434 45.5233 5.45986 115.309
124.099 32.5833 45.5641 5.45438 115.268
124.199 32.5233 45.6048 5.44888 115.228
124.299 32.4633 45.6455 5.44336 115.187
124.399 32.4033 45.6861 5.43781 115.146
124.499 32.3433 45.7267 5.43225 115.106
124.599 32.2833 45.7672 5.42667 115.065
124.699 32.2233 45.8077 5.42107 115.025
124.799 32.1634 45.8481 5.41545 114.984
124.899 32.1034 45.8885 5.40981 114.944
124.999 32.0435 45.9289 5.40415 114.904
125.099 31.9835 45.9691 5.39848 114.863
125.199 31.9236 46.0094 5.39278 114.823
125.299 31.8637 46.0496 5.38706 114.783
125.399 31.8038 46.0897 5.38133 114.743
125.499 31.7439 46.1298 5.37557 114.703
125.599 31.684 46.1698 5.36979 114.663
125.699 31.6242 46.2098 5.364 114.623
125.799 31.5643 46.2497 5.35819 114.583
125.899 31.5044 46.2896 5.35235 114.543
125.999 31.4446 46.3295 5.3465 114.503
126.099 31.3848 46.3693 5.34063 114.463
126.199 31.3249 46.409 5.33474 114.424
126.299 31.2651 46.4487 5.32883 114.384
126.399 31.2053 46.4883 5.32289 114.344
126.499 31.1455 46.5279 5.31695 114.305
126.599 31.0858 46.5674 5.31098 114.265
126.699 31.026 46.6069 5.30499 114.226
126.799 30.9662 46.6463 5.29898 114.186
126.899 30.9065 46.6857 5.29295 114.147
126.999 30.8467 46.725 5.28691 114.108
127.099 30.787 46.7643 5.28084 114.068
127.199 30.7273 46.8035 5.27476 114.029
127.299 30.6675 46.8427 5.26866 113.99
127.399 30.6078 46.8818 5.26253 113.951
127.499 30.5481 46.9209 5.25639 113.912
127.599 30.4884 46.9599 5.25023 113.873
127.699 30.4288 46.9988 5.24405 113.834
127.799 30.3691 47.0377 5.23785 113.795
127.899 30.3094 47.0766 5.23163 113.756
127.999 30.2498 47.1154 5.2254 113.717
128.099 30.1901 47.1542 5.21914 113.678
128.199 30.1305 47.1929 5.21286 113.64
128.299 30.0709 47.2315 5.20657 113.601
128.399 30.0113 47.2701 5.20025 113.562
128.499 29.9516 47.3086 5.19392 113.524
128.599 29.892 47.3471 5.18757 113.485
128.699 29.8325 47.3856 5.18119 113.447
128.799 29.7729 47.4239 5.1748 113.409
128.899 29.7133 47.4623 5.16839 113.37
128.999 29.6537 47.5005 5.16197 113.332
129.099 29.5942 47.5388 5.15552 113.294
129.199 29.5346 47.5769 5.14905 113.256
129.299 29.4751 47.615 5.14257 113.218
129.399 29.4156 47.6531 5.13606 113.179
129.499 29.3561 47.6911 5.12954 113.141
129.599 29.2965 47.729 5.123 113.104
129.699 29.237 47.7669 5.11643 113.066
129.799 29.1776 47.8048 5.10985 113.028
129.899 29.1181 47.8425 5.10326 112.99
129.999 29.0586 47.8803 5.09664 112.952
130.099 28.9991 47.9179 5.09 112.915
130.199 28.9397 47.9555 5.08335 112.877
130.299 28.8802 47.9931 5.07667 112.839
130.399 28.8208 48.0306 5.06998 112.802
130.499 28.7614 48.0681 5.06327 112.765
130.599 28.7019 48.1054 5.05654 112.727
130.699 28.6425 48.1428 5.04979 112.69
130.799 28.5831 48.1801 5.04302 112.652
130.899 28.5237 48.2173 5.03623 112.615
130.999 28.4643 48.2545 5.02943 112.578
131.099 28.405 48.2916 5.0226 112.541
131.199 28.3456 48.3286 5.01576 112.504
131.299 28.2862 48.3656 5.0089 112.467
131.399 28.2269 48.4026 5.00202 112.43
131.499 28.1675 48.4395 4.99512 112.393
131.599 28.1082 48.4763 4.9882 112.356
131.699 28.0489 48.5131 4.98127 112.32
131.799 27.9895 48.5498 4.97431 112.283
131.899 27.9302 48.5864 4.96734 112.246
131.999 27.8709 48.623 4.96035 112.21
132.099 27.8116 48.6596 4.95334 112.173
132.199 27.7523 48.6961 4.94631 112.137
132.299 27.6931 48.7325 4.93926 112.1
132.399 27.6338 48.7689 4.9322 112.064
132.499 27.5745 48.8052 4.92511 112.027
132.599 27.5153 48.8414 4.91801 111.991
132.699 27.456 48.8776 4.91089 111.955
132.799 27.3968 48.9138 4.90375 111.919
132.899 27.3376 48.9498 4.89659 111.883
132.999 27.2784 48.9859 4.88942 111.847
133.099 27.2191 49.0218 4.88222 111.811
133.199 27.1599 49.0577 4.87501 111.775
133.299 27.1007 49.0936 4.86778 111.739
133.399 27.0415 49.1293 4.86053 111.703
133.499 26.9824 49.1651 4.85326 111.667
133.599 26.9232 49.2007 4.84598 111.632
133.699 26.864 49.2363 4.83867 111.596
133.799 26.8049 49.2719 4.83135 111.561
133.899 26.7457 49.3074 4.82401 111.525
133.999 26.6866 49.3428 4.81665 111.49
134.099 26.6274 49.3782 4.80927 111.454
134.199 26.5683 49.4135 4.80188 111.419
134.299 26.5092 49.4487 4.79447 111.384
134.399 26.4501 49.4839 4.78704 111.349
134.499 26.391 49.5191 4.77959 111.313
134.599 26.3319 49.5541 4.77212 111.278
134.699 26.2728 49.5891 4.76463 111.243
134.799 26.2137 49.6241 4.75713 111.208
134.899 26.1547 49.659 4.74961 111.174
134.999 26.0956 49.6938 4.74207 111.139
135.099 26.0365 49.7286 4.73451 111.104
135.199 25.9775 49.7633 4.72694 111.069
135.299 25.9184 49.7979 4.71935 111.035
135.399 25.8594 49.8325 4.71173 111
135.499 25.8004 49.867 4.70411 110.966
135.599 25.7414 49.9015 4.69646 110.931
135.699 25.6824 49.9359 4.68879 110.897
135.799 25.6234 49.9702 4.68111 110.862
135.899 25.5644 50.0045 4.67341 110.828
135.999 25.5054 50.0387 4.66569 110.794
136.099 25.4464 50.0729 4.65796 110.76
136.199 25.3874 50.107 4.65021 110.726
136.299 25.3284 50.141 4.64243 110.692
136.399 25.2695 50.175 4.63465 110.658
136.499 25.2105 50.2089 4.62684 110.624
136.599 25.1516 50.2427 4.61901 110.59
136.699 25.0926 50.2765 4.61117 110.556
136.799 25.0337 50.3102 4.60331 110.522
136.899 24.9748 50.3439 4.59544 110.489
136.999 24.9159 50.3775 4.58754 110.455
137.099 24.857 50.411 4.57963 110.422
137.199 24.7981 50.4445 4.5717 110.388
137.299 24.7392 50.4779 4.56375 110.355
137.399 24.6803 50.5112 4.55579 110.321
137.499 24.6214 50.5445 4.54781 110.288
137.599 24.5625 50.5777 4.53981 110.255
137.699 24.5037 50.6109 4.53179 110.222
137.799 24.4448 50.644 4.52376 110.189
137.899 24.386 50.677 4.51571 110.156
137.999 24.3271 50.7099 4.50764 110.123
138.099 24.2683 50.7428 4.49955 110.09
138.199 24.2094 50.7757 4.49145 110.057
138.299 24.1506 50.8084 4.48333 110.024
138.399 24.0918 50.8411 4.47519 109.991
138.499 24.033 50.8738 4.46703 109.959
138.599 23.9742 50.9064 4.45886 109.926
138.699 23.9154 50.9389 4.45067 109.894
138.799 23.8566 50.9713 4.44246 109.861
138.899 23.7978 51.0037 4.43424 109.829
138.999 23.739 51.036 4.426 109.797
139.099 23.6803 51.0683 4.41774 109.764
139.199 23.6215 51.1005 4.40947 109.732
139.299 23.5627 51.1326 4.40117 109.7
139.399 23.504 51.1646 4.39287 109.668
139.499 23.4452 51.1966 4.38454 109.636
139.599 23.3865 51.2286 4.3762 109.604
139.699 23.3278 51.2604 4.36784 109.572
139.799 23.269 51.2922 4.35946 109.54
139.899 23.2103 51.324 4.35107 109.509
139.999 23.1516 51.3556 4.34266 109.477
140.099 23.0929 51.3872 4.33423 109.445
140.199 23.0342 51.4188 4.32578 109.414
140.299 22.9755 51.4502 4.31732 109.382
140.399 22.9168 51.4816 4.30884 109.351
140.499 22.8582 51.513 4.30035 109.32
140.599 22.7995 51.5442 4.29184 109.288
140.699 22.7408 51.5754 4.28331 109.257
140.799 22.6822 51.6066 4.27477 109.226
140.899 22.6235 51.6376 4.26621 109.195
140.999 22.5649 51.6686 4.25763 109.164
141.099 22.5062 51.6996 4.24903 109.133
141.199 22.4476 51.7304 4.24042 109.102
141.299 22.389 51.7612 4.2318 109.071
141.399 22.3303 51.792 4.22315 109.041
141.499 22.2717 51.8227 4.21449 109.01
141.599 22.2131 51.8533 4.20581 108.979
141.699 22.1545 51.8838 4.19712 108.949
141.799 22.0959 51.9143 4.18841 108.918
141.899 22.0373 51.9447 4.17969 108.888
141.999 21.9787 51.975 4.17094 108.858
142.099 21.9202 52.0052 4.16219 108.827
142.199 21.8616 52.0354 4.15341 108.797
142.299 21.803 52.0656 4.14462 108.767
142.399 21.7445 52.0956 4.13581 108.737
142.499 21.6859 52.1256 4.12699 108.707
142.6 21.6274 52.1555 4.11815 108.677
142.7 21.5688 52.1854 4.10929 108.647
142.8 21.5103 52.2152 4.10042 108.617
142.9 21.4518 52.2449 4.09153 108.588
143 21.3932 52.2746 4.08263 108.558
143.1 21.3347 52.3041 4.07371 108.528
143.2 21.2762 52.3337 4.06477 108.499
143.3 21.2177 52.3631 4.05582 108.469
143.4 21.1592 52.3925 4.04685 108.44
143.5 21.1007 52.4218 4.03787 108.411
143.6 21.0422 52.451 4.02887 108.382
143.7 20.9837 52.4802 4.01985 108.352
143.8 20.9253 52.5093 4.01082 108.323
143.9 20.8668 52.5383 4.00178 108.294
144 20.8083 52.5673 3.99271 108.265
144.1 20.7499 52.5962 3.98363 108.236
144.2 20.6914 52.625 3.97454 108.208
144.3 20.633 52.6537 3.96543 108.179
144.4 20.5745 52.6824 3.9563 108.15
144.5 20.5161 52.711 3.94716 108.122
144.6 20.4576 52.7396 3.93801 108.093
144.7 20.3992 52.768 3.92883 108.065
144.8 20.3408 52.7964 3.91964 108.036
144.9 20.2824 52.8248 3.91044 108.008
145 20.224 52.853 3.90122 107.98
145.1 20.1656 52.8812 3.89199 107.951
145.2 20.1072 52.9094 3.88274 107.923
145.3 20.0488 52.9374 3.87347 107.895
145.4 19.9904 52.9654 3.86419 107.867
145.5 19.932 52.9933 3.8549 107.839
145.6 19.8736 53.0211 3.84559 107.811
145.7 19.8153 53.0489 3.83626 107.784
145.8 19.7569 53.0766 3.82692 107.756
145.9 19.6985 53.1042 3.81756 107.728
146 19.6402 53.1318 3.80819 107.701
146.1 19.5818 53.1593 3.7988 107.673
146.2 19.5235 53.1867 3.7894 107.646
146.3 19.4651 53.214 3.77998 107.619
146.4 19.4068 53.2413 3.77055 107.591
146.5 19.3485 53.2685 3.7611 107.564
146.6 19.2902 53.2956 3.75164 107.537
146.7 19.2318 53.3227 3.74216 107.51
146.8 19.1735 53.3496 3.73267 107.483
146.9 19.1152 53.3765 3.72316 107.456
147 19.0569 53.4034 3.71364 107.429
147.1 18.9986 53.4302 3.70411 107.402
147.2 18.9403 53.4568 3.69455 107.376
147.3 18.882 53.4835 3.68499 107.349
147.4 18.8238 53.51 3.67541 107.323
147.5 18.7655 53.5365 3.66581 107.296
147.6 18.7072 53.5629 3.6562 107.27
147.7 18.6489 53.5892 3.64658 107.243
147.8 18.5907 53.6155 3.63694 107.217
147.9 18.5324 53.6417 3.62728 107.191
148 18.4742 53.6678 3.61761 107.165
148.1 18.4159 53.6938 3.60793 107.139
148.2 18.3577 53.7198 3.59823 107.113
148.3 18.2994 53.7457 3.58852 107.087
148.4 18.2412 53.7715 3.5788 107.061
148.5 18.183 53.7973 3.56906 107.035
148.6 18.1248 53.8229 3.5593 107.01
148.7 18.0665 53.8485 3.54953 106.984
148.8 18.0083 53.8741 3.53975 106.958
148.9 17.9501 53.8995 3.52995 106.933
149 17.8919 53.9249 3.52014 106.908
149.1 17.8337 53.9502 3.51031 106.882
149.2 17.7755 53.9755 3.50047 106.857
149.3 17.7173 54.0006 3.49062 106.832
149.4 17.6592 54.0257 3.48075 106.807
149.5 17.601 54.0507 3.47087 106.782
149.6 17.5428 54.0757 3.46097 106.757
149.7 17.4846 54.1005 3.45106 106.732
149.8 17.4265 54.1253 3.44114 106.707
149.9 17.3683 54.15 3.4312 106.683
150 17.3102 54.1747 3.42125 106.658
150.1 17.252 54.1992 3.41128 106.633
150.2 17.1939 54.2237 3.4013 106.609
150.3 17.1357 54.2482 3.39131 106.584
150.4 17.0776 54.2725 3.3813 106.56
150.5 17.0195 54.2968 3.37128 106.536
150.6 16.9613 54.321 3.36125 106.512
150.7 16.9032 54.3451 3.3512 106.487
150.8 16.8451 54.3691 3.34114 106.463
150.9 16.787 54.3931 3.33107 106.439
151 16.7289 54.417 3.32098 106.416
151.1 16.6708 54.4408 3.31088 106.392
151.2 16.6127 54.4646 3.30076 106.368
151.3 16.5546 54.4882 3.29064 106.344
151.4 16.4965 54.5118 3.28049 106.321
151.5 16.4384 54.5353 3.27034 106.297
151.6 16.3803 54.5588 3.26017 106.274
151.7 16.3222 54.5822 3.24999 106.25
151.8 16.2641 54.6054 3.2398 106.227
151.9 16.2061 54.6287 3.22959 106.204
152 16.148 54.6518 3.21937 106.181
152.1 16.0899 54.6749 3.20913 106.158
152.2 16.0319 54.6979 3.19889 106.135
152.3 15.9738 54.7208 3.18863 106.112
152.4 15.9158 54.7436 3.17835 106.089
152.5 15.8577 54.7664 3.16807 106.066
152.6 15.7997 54.7891 3.15777 106.044
152.7 15.7417 54.8117 3.14746 106.021
152.8 15.6836 54.8342 3.13713 105.998
152.9 15.6256 54.8567 3.1268 105.976
153 15.5676 54.879 3.11645 105.954
153.1 15.5095 54.9013 3.10609 105.931
153.2 15.4515 54.9236 3.09571 105.909
153.3 15.3935 54.9457 3.08532 105.887
153.4 15.3355 54.9678 3.07492 105.865
153.5 15.2775 54.9898 3.06451 105.843
153.6 15.2195 55.0117 3.05408 105.821
153.7 15.1615 55.0335 3.04365 105.799
153.8 15.1035 55.0553 3.0332 105.777
153.9 15.0455 55.077 3.02273 105.756
154 14.9875 55.0986 3.01226 105.734
154.1 14.9296 55.1201 3.00177 105.712
154.2 14.8716 55.1416 2.99127 105.691
154.3 14.8136 55.163 2.98076 105.67
154.4 14.7556 55.1843 2.97024 105.648
154.5 14.6977 55.2055 2.9597 105.627
154.6 14.6397 55.2266 2.94915 105.606
154.7 14.5818 55.2477 2.93859 105.585
154.8 14.5238 55.2687 2.92802 105.564
154.9 14.4659 55.2896 2.91744 105.543
155 14.4079 55.3105 2.90684 105.522
155.1 14.35 55.3312 2.89623 105.501
155.2 14.292 55.3519 2.88561 105.481
155.3 14.2341 55.3725 2.87498 105.46
155.4 14.1762 55.393 2.86434 105.44
155.5 14.1182 55.4135 2.85368 105.419
155.6 14.0603 55.4338 2.84301 105.399
155.7 14.0024 55.4541 2.83234 105.378
155.8 13.9445 55.4743 2.82165 105.358
155.9 13.8866 55.4945 2.81094 105.338
156 13.8287 55.5145 2.80023 105.318
156.1 13.7708 55.5345 2.78951 105.298
156.2 13.7129 55.5544 2.77877 105.278
156.3 13.655 55.5742 2.76802 105.258
156.4 13.5971 55.594 2.75726 105.239
156.5 13.5392 55.6136 2.74649 105.219
156.6 13.4813 55.6332 2.73571 105.199
156.7 13.4234 55.6527 2.72492 105.18
156.8 13.3655 55.6721 2.71411 105.16
156.9 13.3076 55.6915 2.7033 105.141
157 13.2498 55.7107 2.69247 105.122
157.1 13.1919 55.7299 2.68163 105.103
157.2 13.134 55.749 2.67078 105.084
157.3 13.0762 55.7681 2.65992 105.064
157.4 13.0183 55.787 2.64905 105.046
157.5 12.9605 55.8059 2.63817 105.027
157.6 12.9026 55.8247 2.62728 105.008
157.7 12.8448 55.8434 2.61637 104.989
157.8 12.7869 55.862 2.60546 104.971
157.9 12.7291 55.8806 2.59453 104.952
158 12.6712 55.8991 2.5836 104.933
158.1 12.6134 55.9175 2.57265 104.915
158.2 12.5556 55.9358 2.56169 104.897
158.3 12.4977 55.954 2.55073 104.879
158.4 12.4399 55.9722 2.53975 104.86
158.5 12.3821 55.9902 2.52876 104.842
158.6 12.3243 56.0082 2.51776 104.824
158.7 12.2664 56.0262 2.50675 104.806
158.8 12.2086 56.044 2.49573 104.789
158.9 12.1508 56.0617 2.4847 104.771
159.001 12.093 56.0794 2.47366 104.753
159.101 12.0352 56.097 2.46261 104.736
159.201 11.9774 56.1145 2.45155 104.718
159.301 11.9196 56.132 2.44048 104.701
159.401 11.8618 56.1493 2.4294 104.683
159.501 11.804 56.1666 2.4183 104.666
159.601 11.7462 56.1838 2.4072 104.649
159.701 11.6884 56.2009 2.39609 104.632
159.801 11.6307 56.2179 2.38497 104.615
159.901 11.5729 56.2349 2.37384 104.598
160.001 11.5151 56.2517 2.3627 104.581
160.101 11.4573 56.2685 2.35155 104.564
160.201 11.3996 56.2852 2.34038 104.547
160.301 11.3418 56.3019 2.32921 104.531
160.401 11.284 56.3184 2.31803 104.514
160.501 11.2263 56.3349 2.30684 104.498
160.601 11.1685 56.3513 2.29564 104.481
160.701 11.1107 56.3676 2.28444 104.465
160.801 11.053 56.3838 2.27322 104.449
160.901 10.9952 56.3999 2.26199 104.433
161.001 10.9375 56.416 2.25075 104.417
161.101 10.8797 56.432 2.2395 104.401
161.201 10.822 56.4479 2.22825 104.385
161.301 10.7643 56.4637 2.21698 104.369
161.401 10.7065 56.4794 2.20571 104.353
161.501 10.6488 56.4951 2.19442 104.337
161.601 10.5911 56.5107 2.18313 104.322
161.701 10.5333 56.5262 2.17183 104.306
161.801 10.4756 56.5416 2.16052 104.291
161.901 10.4179 56.5569 2.1492 104.276
162.001 10.3602 56.5722 2.13787 104.26
162.101 10.3024 56.5873 2.12653 104.245
162.201 10.2447 56.6024 2.11518 104.23
162.301 10.187 56.6174 2.10383 104.215
162.401 10.1293 56.6323 2.09246 104.2
162.501 10.0716 56.6472 2.08109 104.185
162.601 10.0139 56.6619 2.06971 104.171
162.701 9.95619 56.6766 2.05832 104.156
162.801 9.89849 56.6912 2.04692 104.141
162.901 9.84079 56.7057 2.03551 104.127
163.001 9.7831 56.7201 2.0241 104.112
163.101 9.7254 56.7345 2.01267 104.098
163.201 9.66771 56.7487 2.00124 104.084
163.301 9.61002 56.7629 1.9898 104.07
163.401 9.55234 56.777 1.97835 104.056
163.501 9.49466 56.791 1.96689 104.042
163.601 9.43698 56.805 1.95542 104.028
163.701 9.3793 56.8188 1.94395 104.014
163.801 9.32162 56.8326 1.93246 104
163.901 9.26395 56.8463 1.92097 103.986
164.001 9.20628 56.8599 1.90947 103.973
164.101 9.14861 56.8734 1.89797 103.959
164.201 9.09094 56.8868 1.88645 103.946
164.301 9.03328 56.9002 1.87493 103.932
164.401 8.97562 56.9135 1.8634 103.919
164.501 8.91796 56.9267 1.85186 103.906
164.601 8.8603 56.9398 1.84031 103.893
164.701 8.80265 56.9528 1.82876 103.88
164.801 8.745 56.9657 1.8172 103.867
164.901 8.68735 56.9786 1.80563 103.854
165.001 8.6297 56.9914 1.79405 103.841
165.101 8.57205 57.0041 1.78247 103.828
165.201 8.51441 57.0167 1.77088 103.816
165.301 8.45677 57.0292 1.75928 103.803
165.401 8.39913 57.0417 1.74767 103.791
165.501 8.34149 57.054 1.73606 103.779
165.601 8.28385 57.0663 1.72444 103.766
165.701 8.22622 57.0785 1.71281 103.754
165.801 8.16859 57.0906 1.70117 103.742
165.901 8.11096 57.1026 1.68953 103.73
166.001 8.05333 57.1146 1.67788 103.718
166.101 7.99571 57.1264 1.66622 103.706
166.201 7.93809 57.1382 1.65456 103.694
166.301 7.88047 57.1499 1.64289 103.683
166.401 7.82285 57.1615 1.63121 103.671
166.501 7.76523 57.1731 1.61952 103.659
166.601 7.70762 57.1845 1.60783 103.648
166.701 7.65 57.1959 1.59613 103.637
166.801 7.59239 57.2072 1.58443 103.625
166.901 7.53478 57.2183 1.57272 103.614
167.001 7.47718 57.2295 1.561 103.603
167.101 7.41957 57.2405 1.54927 103.592
167.201 7.36197 57.2514 1.53754 103.581
167.301 7.30437 57.2623 1.5258 103.57
167.401 7.24677 57.2731 1.51406 103.559
167.501 7.18917 57.2838 1.50231 103.549
167.601 7.13157 57.2944 1.49055 103.538
167.701 7.07398 57.3049 1.47879 103.528
167.801 7.01639 57.3153 1.46702 103.517
167.901 6.9588 57.3257 1.45524 103.507
168.001 6.90121 57.336 1.44346 103.497
168.101 6.84362 57.3461 1.43167 103.486
168.201 6.78603 57.3563 1.41988 103.476
168.301 6.72845 57.3663 1.40808 103.466
168.401 6.67087 57.3762 1.39627 103.456
168.501 6.61329 57.3861 1.38446 103.447
168.601 6.55571 57.3958 1.37264 103.437
168.701 6.49813 57.4055 1.36082 103.427
168.801 6.44056 57.4151 1.34899 103.417
168.901 6.38298 57.4246 1.33715 103.408
169.001 6.32541 57.4341 1.32531 103.399
169.101 6.26784 57.4434 1.31347 103.389
169.201 6.21027 57.4527 1.30161 103.38
169.301 6.1527 57.4618 1.28976 103.371
169.401 6.09514 57.4709 1.27789 103.362
169.501 6.03757 57.4799 1.26603 103.353
169.601 5.98001 57.4889 1.25415 103.344
169.701 5.92245 57.4977 1.24227 103.335
169.801 5.86489 57.5065 1.23039 103.326
169.901 5.80733 57.5151 1.2185 103.317
170.001 5.74978 57.5237 1.20661 103.309
170.101 5.69222 57.5322 1.19471 103.3
170.201 5.63467 57.5406 1.1828 103.292
170.301 5.57711 57.549 1.17089 103.284
170.401 5.51956 57.5572 1.15898 103.275
170.501 5.46201 57.5654 1.14706 103.267
170.601 5.40446 57.5735 1.13513 103.259
170.701 5.34692 57.5815 1.1232 103.251
170.801 5.28937 57.5894 1.11127 103.243
170.901 5.23183 57.5972 1.09933 103.235
171.001 5.17428 57.6049 1.08739 103.228
171.101 5.11674 57.6126 1.07544 103.22
171.201 5.0592 57.6202 1.06349 103.212
171.301 5.00166 57.6276 1.05153 103.205
171.401 4.94413 57.635 1.03957 103.198
171.501 4.88659 57.6424 1.0276 103.19
171.601 4.82905 57.6496 1.01563 103.183
171.701 4.77152 57.6567 1.00366 103.176
171.801 4.71399 57.6638 0.991679 103.169
171.901 4.65645 57.6708 0.979696 103.162
172.001 4.59892 57.6777 0.967709 103.155
172.101 4.54139 57.6845 0.955718 103.148
172.201 4.48387 57.6912 0.943722 103.141
172.301 4.42634 57.6978 0.931723 103.135
172.401 4.36881 57.7044 0.91972 103.128
172.501 4.31129 57.7108 0.907712 103.122
172.601 4.25376 57.7172 0.895701 103.115
172.701 4.19624 57.7235 0.883686 103.109
172.801 4.13872 57.7297 0.871668 103.103
172.901 4.0812 57.7358 0.859646 103.097
173.001 4.02368 57.7419 0.84762 103.091
173.101 3.96616 57.7478 0.83559 103.085
173.201 3.90864 57.7537 0.823557 103.079
173.301 3.85112 57.7595 0.81152 103.073
173.401 3.79361 57.7652 0.79948 103.067
173.501 3.73609 57.7708 0.787437 103.062
173.601 3.67858 57.7763 0.77539 103.056
173.701 3.62107 57.7818 0.76334 103.051
173.801 3.56356 57.7871 0.751287 103.045
173.901 3.50604 57.7924 0.73923 103.04
174.001 3.44853 57.7976 0.72717 103.035
174.101 3.39102 57.8027 0.715108 103.03
174.201 3.33352 57.8077 0.703042 103.025
174.301 3.27601 57.8126 0.690973 103.02
174.401 3.2185 57.8175 0.678901 103.015
174.501 3.16099 57.8222 0.666827 103.01
174.601 3.10349 57.8269 0.654749 103.006
174.701 3.04598 57.8315 0.642669 103.001
174.801 2.98848 57.836 0.630586 102.997
174.901 2.93098 57.8404 0.618501 102.992
175.001 2.87348 57.8447 0.606412 102.988
175.101 2.81597 57.849 0.594322 102.984
175.201 2.75847 57.8531 0.582228 102.979
175.301 2.70097 57.8572 0.570132 102.975
175.402 2.64347 57.8612 0.558034 102.971
175.502 2.58597 57.8651 0.545933 102.967
175.602 2.52848 57.8689 0.53383 102.964
175.702 2.47098 57.8727 0.521725 102.96
175.802 2.41348 57.8763 0.509618 102.956
175.902 2.35598 57.8799 0.497508 102.953
176.002 2.29849 57.8833 0.485396 102.949
176.102 2.24099 57.8867 0.473283 102.946
176.202 2.1835 57.89 0.461167 102.943
176.302 2.126 57.8932 0.449049 102.939
176.402 2.06851 57.8964 0.436929 102.936
176.502 2.01102 57.8994 0.424808 102.933
176.602 1.95353 57.9024 0.412684 102.93
176.702 1.89603 57.9053 0.400559 102.927
176.802 1.83854 57.908 0.388432 102.925
176.902 1.78105 57.9107 0.376304 102.922
177.002 1.72356 57.9134 0.364174 102.919
177.102 1.66607 57.9159 0.352042 102.917
177.202 1.60858 57.9183 0.339909 102.914
177.302 1.55109 57.9207 0.327775 102.912
177.402 1.4936 57.923 0.315639 102.91
177.502 1.43611 57.9252 0.303501 102.907
177.602 1.37862 57.9273 0.291363 102.905
177.702 1.32114 57.9293 0.279223 102.903
177.802 1.26365 57.9312 0.267082 102.901
177.902 1.20616 57.9331 0.25494 102.9
178.002 1.14867 57.9348 0.242796 102.898
178.102 1.09119 57.9365 0.230652 102.896
178.202 1.0337 57.9381 0.218507 102.894
178.302 0.976214 57.9396 0.206361 102.893
178.402 0.918728 57.941 0.194214 102.892
178.502 0.861243 57.9423 0.182066 102.89
178.602 0.803757 57.9436 0.169917 102.889
178.702 0.746272 57.9447 0.157768 102.888
178.802 0.688787 57.9458 0.145618 102.887
178.902 0.631302 57.9468 0.133467 102.886
179.002 0.573817 57.9477 0.121316 102.885
179.102 0.516332 57.9485 0.109164 102.884
179.202 0.458847 57.9492 0.0970116 102.883
179.302 0.401363 57.9499 0.0848589 102.883
179.402 0.343879 57.9504 0.0727059 102.882
179.502 0.286394 57.9509 0.0605525 102.882
179.602 0.22891 57.9513 0.048399 102.881
179.702 0.171426 57.9516 0.0362452 102.881
179.802 0.113942 57.9518 0.0240912 102.881
179.902 0.056458 57.9519 0.0119372 102.881
