0 180 2.09054 0 245.623
0.1 179.625 2.0906 0.00958627 245.623
0.2 179.249 2.0908 0.0191725 245.623
0.3 178.874 2.09112 0.0287587 245.623
0.4 178.499 2.09158 0.0383449 245.622
0.5 178.123 2.09217 0.0479309 245.622
0.6 177.748 2.09289 0.0575169 245.621
0.7 177.373 2.09374 0.0671027 245.62
0.8 176.998 2.09472 0.0766884 245.619
0.9 176.624 2.09583 0.0862739 245.618
1 176.249 2.09707 0.0958592 245.617
1.1 175.875 2.09845 0.105444 245.615
1.2 175.501 2.09995 0.115029 245.614
1.3 175.127 2.10158 0.124614 245.612
1.4 174.753 2.10335 0.134198 245.61
1.5 174.38 2.10524 0.143782 245.609
1.6 174.007 2.10727 0.153366 245.607
1.7 173.634 2.10943 0.162949 245.604
1.8 173.262 2.11172 0.172532 245.602
1.9 172.89 2.11413 0.182115 245.6
2 172.518 2.11668 0.191697 245.597
2.1 172.147 2.11936 0.201279 245.594
2.2 171.776 2.12217 0.21086 245.592
2.3 171.406 2.12512 0.220441 245.589
2.4 171.036 2.12819 0.230022 245.586
2.5 170.667 2.13139 0.239602 245.582
2.6 170.298 2.13472 0.249181 245.579
2.7 169.929 2.13819 0.25876 245.576
2.8 169.561 2.14178 0.268338 245.572
2.9 169.194 2.14551 0.277916 245.568
3 168.827 2.14936 0.287493 245.564
3.1 168.461 2.15335 0.297069 245.56
3.2 168.095 2.15747 0.306645 245.556
3.3 167.73 2.16171 0.31622 245.552
3.4 167.366 2.16609 0.325794 245.548
3.5 167.002 2.1706 0.335368 245.543
3.6 166.639 2.17524 0.344941 245.539
3.7 166.276 2.18001 0.354513 245.534
3.8 165.915 2.18491 0.364084 245.529
3.9 165.554 2.18994 0.373655 245.524
4 165.193 2.1951 0.383225 245.519
4.1 164.834 2.20039 0.392794 245.513
4.2 164.475 2.20581 0.402362 245.508
4.3 164.117 2.21136 0.411929 245.502
4.4 163.759 2.21705 0.421495 245.497
4.5 163.403 2.22286 0.43106 245.491
4.6 163.047 2.2288 0.440625 245.485
4.7 162.692 2.23488 0.450188 245.479
4.8 162.338 2.24108 0.45975 245.473
4.9 161.985 2.24741 0.469312 245.466
5 161.633 2.25388 0.478872 245.46
5.1 161.281 2.26047 0.488431 245.453
5.2 160.931 2.2672 0.497989 245.447
5.3 160.581 2.27405 0.507546 245.44
5.4 160.232 2.28104 0.517102 245.433
5.5 159.884 2.28815 0.526657 245.426
5.6 159.537 2.2954 0.536211 245.418
5.7 159.191 2.30278 0.545763 245.411
5.8 158.846 2.31028 0.555314 245.404
5.9 158.502 2.31792 0.564864 245.396
6 158.159 2.32568 0.574413 245.388
6.1 157.817 2.33358 0.58396 245.38
6.2 157.476 2.34161 0.593507 245.372
6.3 157.136 2.34976 0.603051 245.364
6.4 156.797 2.35805 0.612595 245.356
6.5 156.458 2.36646 0.622137 245.347
6.6 156.121 2.37501 0.631678 245.339
6.7 155.785 2.38369 0.641217 245.33
6.8 155.45 2.39249 0.650755 245.321
6.9 155.116 2.40143 0.660292 245.312
7 154.783 2.41049 0.669827 245.303
7.1 154.452 2.41969 0.67936 245.294
7.2 154.121 2.42901 0.688893 245.285
7.3 153.791 2.43847 0.698423 245.275
7.4 153.463 2.44805 0.707952 245.266
7.5 153.135 2.45776 0.717479 245.256
7.6 152.809 2.46761 0.727005 245.246
7.7 152.483 2.47758 0.73653 245.236
7.79999 152.159 2.48768 0.746052 245.226
7.89999 151.836 2.49792 0.755573 245.216
7.99999 151.514 2.50828 0.765092 245.206
8.09999 151.193 2.51877 0.77461 245.195
8.2 150.874 2.52939 0.784126 245.184
8.3 150.555 2.54014 0.79364 245.174
8.4 150.238 2.55102 0.803152 245.163
8.5 149.921 2.56203 0.812663 245.152
8.6 149.606 2.57317 0.822172 245.141
8.7 149.292 2.58444 0.831679 245.129
8.8 148.979 2.59583 0.841184 245.118
8.9 148.667 2.60736 0.850687 245.106
9 148.357 2.61901 0.860189 245.095
9.1 148.048 2.6308 0.869688 245.083
9.2 147.739 2.64271 0.879186 245.071
9.3 147.432 2.65475 0.888681 245.059
9.4 147.126 2.66693 0.898175 245.047
9.5 146.822 2.67923 0.907666 245.035
9.6 146.518 2.69166 0.917156 245.022
9.7 146.216 2.70422 0.926644 245.01
9.8 145.914 2.7169 0.936129 244.997
9.9 145.614 2.72972 0.945613 244.984
10 145.315 2.74266 0.955094 244.971
10.1 145.018 2.75574 0.964573 244.958
10.2 144.721 2.76894 0.97405 244.945
10.3 144.426 2.78227 0.983525 244.932
10.4 144.132 2.79573 0.992998 244.918
10.5 143.839 2.80932 1.00247 244.905
10.6 143.547 2.82304 1.01194 244.891
10.7 143.256 2.83688 1.0214 244.877
10.8 142.967 2.85086 1.03087 244.863
10.9 142.678 2.86496 1.04033 244.849
11 142.391 2.87919 1.04979 244.835
11.1 142.105 2.89355 1.05924 244.82
11.2 141.82 2.90804 1.0687 244.806
11.3 141.537 2.92265 1.07815 244.791
11.4 141.254 2.9374 1.0876 244.776
11.5 140.973 2.95227 1.09705 244.762
11.6 140.693 2.96727 1.10649 244.747
11.7 140.414 2.9824 1.11594 244.731
11.8 140.136 2.99766 1.12537 244.716
11.9 139.859 3.01304 1.13481 244.701
12 139.584 3.02855 1.14425 244.685
12.1 139.309 3.04419 1.15368 244.67
12.2 139.036 3.05996 1.16311 244.654
12.3 138.764 3.07586 1.17254 244.638
12.4 138.493 3.09188 1.18196 244.622
12.5 138.223 3.10803 1.19138 244.606
12.6 137.955 3.12431 1.2008 244.59
12.7 137.687 3.14072 1.21022 244.573
12.8 137.421 3.15725 1.21963 244.557
12.9 137.155 3.17392 1.22904 244.54
13 136.891 3.19071 1.23845 244.523
13.1 136.628 3.20762 1.24786 244.506
13.2 136.366 3.22467 1.25726 244.489
13.3 136.106 3.24184 1.26666 244.472
13.4 135.846 3.25914 1.27606 244.455
13.5 135.587 3.27656 1.28545 244.437
13.6 135.33 3.29412 1.29485 244.42
13.7 135.074 3.3118 1.30423 244.402
13.8 134.818 3.3296 1.31362 244.384
13.9 134.564 3.34754 1.323 244.366
14 134.311 3.3656 1.33238 244.348
14.1 134.059 3.38379 1.34176 244.33
14.2 133.808 3.4021 1.35113 244.312
14.3 133.558 3.42054 1.3605 244.293
14.4 133.31 3.43911 1.36987 244.275
14.5 133.062 3.4578 1.37924 244.256
14.6 132.815 3.47663 1.3886 244.237
14.7 132.57 3.49557 1.39796 244.218
14.8 132.325 3.51465 1.40731 244.199
14.9 132.082 3.53385 1.41667 244.18
15 131.839 3.55318 1.42602 244.161
15.1 131.598 3.57263 1.43536 244.141
15.2 131.358 3.59221 1.4447 244.122
15.3 131.118 3.61192 1.45404 244.102
15.4 130.88 3.63175 1.46338 244.082
15.5 130.643 3.65171 1.47271 244.062
15.6 130.407 3.67179 1.48204 244.042
15.7 130.171 3.692 1.49137 244.022
15.8 129.937 3.71234 1.50069 244.001
15.9 129.704 3.7328 1.51001 243.981
16 129.472 3.75339 1.51933 243.96
16.1 129.241 3.7741 1.52864 243.94
16.2 129.01 3.79494 1.53795 243.919
16.3 128.781 3.8159 1.54726 243.898
16.4 128.553 3.83699 1.55656 243.877
16.5 128.326 3.85821 1.56586 243.856
16.6 128.099 3.87955 1.57516 243.834
16.7 127.874 3.90102 1.58445 243.813
16.8 127.649 3.92261 1.59374 243.791
16.9 127.426 3.94432 1.60302 243.769
17 127.204 3.96616 1.6123 243.748
17.1 126.982 3.98813 1.62158 243.726
17.2 126.761 4.01022 1.63086 243.704
17.3 126.542 4.03244 1.64013 243.681
17.4 126.323 4.05478 1.64939 243.659
17.5 126.105 4.07725 1.65866 243.637
17.6 125.888 4.09984 1.66792 243.614
17.7 125.672 4.12255 1.67717 243.591
17.8 125.457 4.14539 1.68643 243.568
17.9 125.243 4.16836 1.69567 243.545
18 125.03 4.19145 1.70492 243.522
18.1 124.817 4.21466 1.71416 243.499
18.2 124.606 4.238 1.7234 243.476
18.3 124.395 4.26146 1.73263 243.452
18.4 124.186 4.28505 1.74186 243.429
18.5 123.977 4.30876 1.75108 243.405
18.6 123.769 4.33259 1.76031 243.381
18.7 123.562 4.35655 1.76952 243.357
18.8 123.355 4.38063 1.77874 243.333
18.9 123.15 4.40484 1.78795 243.309
19 122.946 4.42917 1.79715 243.285
19.1 122.742 4.45362 1.80635 243.26
19.2 122.539 4.47819 1.81555 243.236
19.3 122.337 4.50289 1.82474 243.211
19.4 122.136 4.52772 1.83393 243.186
19.5 121.935 4.55267 1.84312 243.161
19.6 121.736 4.57774 1.8523 243.136
19.7 121.537 4.60293 1.86148 243.111
19.8 121.339 4.62824 1.87065 243.086
19.9 121.142 4.65368 1.87982 243.06
20 120.946 4.67925 1.88898 243.035
20.1 120.75 4.70493 1.89814 243.009
20.2 120.555 4.73074 1.9073 242.983
20.3 120.361 4.75667 1.91645 242.957
20.4 120.168 4.78272 1.92559 242.931
20.5 119.976 4.8089 1.93474 242.905
20.6 119.784 4.8352 1.94388 242.879
20.7 119.593 4.86162 1.95301 242.852
20.8 119.403 4.88816 1.96214 242.826
20.9 119.214 4.91483 1.97126 242.799
21 119.025 4.94161 1.98038 242.772
21.1 118.837 4.96852 1.9895 242.745
21.2 118.65 4.99556 1.99861 242.718
21.3 118.464 5.02271 2.00772 242.691
21.4 118.278 5.04998 2.01682 242.664
21.5 118.093 5.07738 2.02592 242.636
21.6 117.909 5.1049 2.03502 242.609
21.7 117.725 5.13254 2.0441 242.581
21.8 117.543 5.1603 2.05319 242.554
21.9 117.361 5.18819 2.06227 242.526
22 117.179 5.21619 2.07134 242.498
22.1 116.998 5.24432 2.08041 242.47
22.2 116.819 5.27256 2.08948 242.441
22.3 116.639 5.30093 2.09854 242.413
22.4 116.461 5.32942 2.1076 242.384
22.5 116.283 5.35803 2.11665 242.356
22.6 116.105 5.38676 2.1257 242.327
22.7001 115.929 5.41561 2.13474 242.298
22.8001 115.753 5.44458 2.14378 242.269
22.9001 115.578 5.47368 2.15281 242.24
23.0001 115.403 5.50289 2.16184 242.211
23.1001 115.229 5.53222 2.17086 242.182
23.2001 115.056 5.56168 2.17988 242.152
23.3001 114.883 5.59125 2.18889 242.123
23.4001 114.712 5.62094 2.1979 242.093
23.5001 114.54 5.65076 2.2069 242.063
23.6001 114.37 5.68069 2.2159 242.033
23.7001 114.199 5.71074 2.22489 242.003
23.8001 114.03 5.74092 2.23388 241.973
23.9001 113.861 5.77121 2.24286 241.943
24.0001 113.693 5.80162 2.25184 241.912
24.1001 113.525 5.83215 2.26081 241.882
24.2001 113.358 5.86281 2.26978 241.851
24.3001 113.192 5.89358 2.27874 241.82
24.4001 113.026 5.92447 2.2877 241.789
24.5001 112.861 5.95548 2.29665 241.758
24.6001 112.697 5.9866 2.3056 241.727
24.7001 112.533 6.01785 2.31454 241.696
24.8001 112.369 6.04922 2.32348 241.665
24.9001 112.206 6.0807 2.33241 241.633
25.0001 112.044 6.1123 2.34133 241.602
25.1001 111.883 6.14402 2.35025 241.57
25.2001 111.722 6.17586 2.35917 241.538
25.3001 111.561 6.20782 2.36808 241.506
25.4001 111.401 6.2399 2.37698 241.474
25.5001 111.242 6.27209 2.38588 241.442
25.6001 111.083 6.3044 2.39478 241.409
25.7001 110.925 6.33684 2.40366 241.377
25.8001 110.767 6.36938 2.41255 241.344
25.9001 110.61 6.40205 2.42142 241.312
26.0001 110.453 6.43483 2.4303 241.279
26.1001 110.297 6.46773 2.43916 241.246
26.2001 110.141 6.50075 2.44802 241.213
26.3001 109.986 6.53389 2.45688 241.18
26.4001 109.832 6.56714 2.46573 241.147
26.5001 109.678 6.60051 2.47457 241.113
26.6001 109.524 6.634 2.48341 241.08
26.7001 109.371 6.6676 2.49224 241.046
26.8001 109.219 6.70132 2.50107 241.012
26.9001 109.067 6.73516 2.50989 240.979
27.0001 108.916 6.76912 2.51871 240.945
27.1001 108.765 6.80319 2.52752 240.911
27.2001 108.614 6.83737 2.53632 240.876
27.3001 108.465 6.87168 2.54512 240.842
27.4001 108.315 6.9061 2.55391 240.808
27.5001 108.166 6.94063 2.5627 240.773
27.6001 108.018 6.97528 2.57148 240.739
27.7001 107.87 7.01005 2.58026 240.704
27.8001 107.722 7.04493 2.58902 240.669
27.9001 107.575 7.07993 2.59779 240.634
28.0001 107.429 7.11505 2.60655 240.599
28.1001 107.283 7.15028 2.6153 240.564
28.2001 107.137 7.18562 2.62404 240.528
28.3001 106.992 7.22108 2.63278 240.493
28.4001 106.847 7.25666 2.64151 240.457
28.5001 106.703 7.29235 2.65024 240.421
28.6001 106.56 7.32816 2.65896 240.386
28.7001 106.416 7.36408 2.66768 240.35
28.8001 106.273 7.40011 2.67639 240.314
28.9001 106.131 7.43626 2.68509 240.278
29.0001 105.989 7.47253 2.69379 240.241
29.1001 105.848 7.5089 2.70248 240.205
29.2001 105.707 7.5454 2.71116 240.168
29.3001 105.566 7.582 2.71984 240.132
29.4001 105.426 7.61872 2.72851 240.095
29.5001 105.286 7.65556 2.73718 240.058
29.6001 105.147 7.69251 2.74584 240.021
29.7001 105.008 7.72957 2.75449 239.984
29.8001 104.869 7.76675 2.76314 239.947
29.9001 104.731 7.80404 2.77178 239.91
30.0001 104.594 7.84144 2.78042 239.872
30.1001 104.456 7.87896 2.78904 239.835
30.2001 104.32 7.91658 2.79766 239.797
30.3001 104.183 7.95433 2.80628 239.759
30.4001 104.047 7.99218 2.81489 239.722
30.5001 103.912 8.03015 2.82349 239.684
30.6001 103.776 8.06823 2.83209 239.646
30.7001 103.642 8.10642 2.84068 239.607
30.8001 103.507 8.14473 2.84926 239.569
30.9001 103.373 8.18315 2.85784 239.531
31.0001 103.24 8.22168 2.8664 239.492
31.1001 103.106 8.26032 2.87497 239.454
31.2001 102.974 8.29907 2.88352 239.415
31.3001 102.841 8.33794 2.89207 239.376
31.4001 102.709 8.37692 2.90062 239.337
31.5001 102.577 8.41601 2.90915 239.298
31.6001 102.446 8.45521 2.91768 239.259
31.7001 102.315 8.49452 2.92621 239.219
31.8001 102.184 8.53394 2.93472 239.18
31.9001 102.054 8.57348 2.94323 239.14
32.0001 101.924 8.61312 2.95174 239.101
32.1001 101.795 8.65288 2.96023 239.061
32.2001 101.666 8.69274 2.96872 239.021
32.3001 101.537 8.73272 2.9772 238.981
32.4001 101.409 8.77281 2.98568 238.941
32.5001 101.281 8.81301 2.99415 238.901
32.6001 101.153 8.85331 3.00261 238.861
32.7001 101.026 8.89373 3.01106 238.82
32.8001 100.899 8.93426 3.01951 238.78
32.9001 100.772 8.9749 3.02795 238.739
33.0001 100.646 9.01565 3.03639 238.698
33.1001 100.52 9.05651 3.04481 238.657
33.2001 100.394 9.09747 3.05323 238.616
33.3001 100.269 9.13855 3.06165 238.575
33.4001 100.144 9.17974 3.07005 238.534
33.5001 100.019 9.22103 3.07845 238.493
33.6001 99.8949 9.26243 3.08684 238.451
33.7001 99.7709 9.30395 3.09523 238.41
33.8001 99.6473 9.34557 3.1036 238.368
33.9001 99.524 9.3873 3.11197 238.327
34.0001 99.401 9.42914 3.12033 238.285
34.1001 99.2783 9.47109 3.12869 238.243
34.2001 99.156 9.51314 3.13704 238.201
34.3 99.0339 9.55531 3.14538 238.159
34.4 98.9122 9.59758 3.15371 238.116
34.5 98.7908 9.63996 3.16204 238.074
34.6 98.6697 9.68245 3.17036 238.031
34.7 98.5489 9.72504 3.17867 237.989
34.8 98.4285 9.76774 3.18698 237.946
34.9 98.3083 9.81055 3.19527 237.903
35 98.1884 9.85347 3.20356 237.86
35.1 98.0688 9.8965 3.21184 237.817
35.2 97.9496 9.93963 3.22012 237.774
35.3 97.8306 9.98286 3.22839 237.731
35.4 97.7119 10.0262 3.23665 237.688
35.5 97.5935 10.0697 3.2449 237.644
35.6 97.4755 10.1132 3.25314 237.601
35.7 97.3577 10.1569 3.26138 237.557
35.8 97.2401 10.2007 3.26961 237.513
35.9 97.1229 10.2445 3.27783 237.469
36 97.006 10.2885 3.28604 237.425
36.1 96.8893 10.3326 3.29425 237.381
36.2 96.7729 10.3768 3.30245 237.337
36.3 96.6568 10.4211 3.31064 237.293
36.4 96.541 10.4655 3.31882 237.248
36.5 96.4255 10.51 3.327 237.204
36.6 96.3102 10.5546 3.33517 237.159
36.7 96.1952 10.5993 3.34333 237.114
36.8 96.0805 10.6442 3.35148 237.07
36.9 95.9661 10.6891 3.35963 237.025
37 95.8519 10.7341 3.36776 236.98
37.1 95.738 10.7793 3.37589 236.935
37.2 95.6243 10.8245 3.38401 236.889
37.3 95.5109 10.8699 3.39213 236.844
37.4 95.3978 10.9153 3.40023 236.799
37.5 95.2849 10.9609 3.40833 236.753
37.6 95.1723 11.0065 3.41642 236.707
37.7 95.0599 11.0523 3.4245 236.662
37.8 94.9479 11.0982 3.43257 236.616
37.9 94.836 11.1441 3.44064 236.57
38 94.7244 11.1902 3.4487 236.524
38.1 94.6131 11.2364 3.45674 236.477
38.2 94.502 11.2826 3.46479 236.431
38.3 94.3911 11.329 3.47282 236.385
38.4 94.2806 11.3755 3.48084 236.338
38.5 94.1702 11.4221 3.48886 236.292
38.6 94.0601 11.4688 3.49687 236.245
38.7 93.9502 11.5156 3.50487 236.198
38.8 93.8406 11.5625 3.51286 236.151
38.9 93.7312 11.6095 3.52084 236.104
39 93.6221 11.6566 3.52882 236.057
39.1 93.5132 11.7038 3.53679 236.01
39.2 93.4045 11.7511 3.54475 235.963
39.3 93.296 11.7985 3.5527 235.915
39.4 93.1878 11.846 3.56064 235.868
39.5 93.0799 11.8936 3.56857 235.82
39.6 92.9721 11.9413 3.5765 235.773
39.7 92.8646 11.9891 3.58442 235.725
39.8 92.7573 12.037 3.59232 235.677
39.9 92.6502 12.085 3.60023 235.629
40 92.5434 12.1331 3.60812 235.581
40.1 92.4368 12.1813 3.616 235.533
40.2 92.3304 12.2296 3.62388 235.484
40.3 92.2242 12.278 3.63174 235.436
40.4 92.1182 12.3265 3.6396 235.387
40.5 92.0125 12.3751 3.64745 235.339
40.6 91.907 12.4238 3.65529 235.29
40.7 91.8017 12.4726 3.66312 235.241
40.7999 91.6966 12.5215 3.67094 235.192
40.8999 91.5917 12.5705 3.67876 235.143
40.9999 91.487 12.6196 3.68656 235.094
41.0999 91.3826 12.6688 3.69436 235.045
41.1999 91.2783 12.7181 3.70215 234.996
41.2999 91.1743 12.7675 3.70993 234.946
41.3999 91.0704 12.817 3.7177 234.897
41.4999 90.9668 12.8666 3.72546 234.847
41.5999 90.8634 12.9163 3.73322 234.798
41.6999 90.7602 12.9661 3.74096 234.748
41.7999 90.6571 13.016 3.7487 234.698
41.8999 90.5543 13.066 3.75642 234.648
41.9999 90.4517 13.116 3.76414 234.598
42.0999 90.3493 13.1662 3.77185 234.548
42.1999 90.2471 13.2165 3.77955 234.497
42.2999 90.145 13.2669 3.78724 234.447
42.3999 90.0432 13.3173 3.79492 234.396
42.4999 89.9416 13.3679 3.8026 234.346
42.5999 89.8401 13.4186 3.81026 234.295
42.6999 89.7389 13.4693 3.81791 234.245
42.7999 89.6378 13.5202 3.82556 234.194
42.8999 89.537 13.5711 3.8332 234.143
42.9999 89.4363 13.6222 3.84082 234.092
43.0999 89.3358 13.6733 3.84844 234.041
43.1999 89.2355 13.7245 3.85605 233.989
43.2999 89.1354 13.7759 3.86365 233.938
43.3999 89.0354 13.8273 3.87124 233.887
43.4999 88.9357 13.8788 3.87883 233.835
43.5999 88.8361 13.9304 3.8864 233.783
43.6999 88.7368 13.9822 3.89396 233.732
43.7999 88.6375 14.034 3.90152 233.68
43.8999 88.5385 14.0859 3.90906 233.628
43.9999 88.4397 14.1379 3.9166 233.576
44.0999 88.341 14.1899 3.92412 233.524
44.1999 88.2425 14.2421 3.93164 233.472
44.2999 88.1442 14.2944 3.93915 233.419
44.3999 88.0461 14.3468 3.94664 233.367
44.4999 87.9481 14.3992 3.95413 233.315
44.5999 87.8503 14.4518 3.96161 233.262
44.6999 87.7527 14.5044 3.96908 233.209
44.7999 87.6553 14.5572 3.97654 233.157
44.8999 87.558 14.61 3.98399 233.104
44.9999 87.4609 14.6629 3.99143 233.051
45.0999 87.3639 14.716 3.99886 232.998
45.1999 87.2672 14.7691 4.00629 232.945
45.2999 87.1706 14.8223 4.0137 232.892
45.3999 87.0741 14.8756 4.0211 232.838
45.4999 86.9778 14.929 4.02849 232.785
45.5999 86.8817 14.9825 4.03588 232.731
45.6999 86.7858 15.036 4.04325 232.678
45.7999 86.69 15.0897 4.05061 232.624
45.8999 86.5944 15.1434 4.05797 232.57
45.9999 86.4989 15.1973 4.06531 232.517
46.0999 86.4036 15.2512 4.07265 232.463
46.1999 86.3085 15.3053 4.07997 232.409
46.2999 86.2135 15.3594 4.08729 232.354
46.3999 86.1187 15.4136 4.09459 232.3
46.4999 86.024 15.4679 4.10189 232.246
46.5999 85.9295 15.5223 4.10918 232.192
46.6999 85.8351 15.5767 4.11645 232.137
46.7999 85.7409 15.6313 4.12372 232.083
46.8999 85.6468 15.686 4.13097 232.028
46.9999 85.5529 15.7407 4.13822 231.973
47.0999 85.4592 15.7955 4.14546 231.918
47.1999 85.3656 15.8505 4.15268 231.863
47.2999 85.2721 15.9055 4.1599 231.808
47.3998 85.1788 15.9606 4.1671 231.753
47.4998 85.0857 16.0158 4.1743 231.698
47.5998 84.9927 16.0711 4.18148 231.643
47.6998 84.8998 16.1264 4.18866 231.587
47.7998 84.8071 16.1819 4.19583 231.532
47.8998 84.7145 16.2374 4.20298 231.476
47.9998 84.6221 16.2931 4.21013 231.421
48.0998 84.5298 16.3488 4.21726 231.365
48.1998 84.4377 16.4046 4.22439 231.309
48.2998 84.3457 16.4605 4.2315 231.253
48.3998 84.2538 16.5164 4.23861 231.197
48.4998 84.1621 16.5725 4.2457 231.141
48.5998 84.0705 16.6287 4.25278 231.085
48.6998 83.9791 16.6849 4.25986 231.029
48.7998 83.8878 16.7412 4.26692 230.973
48.8998 83.7966 16.7976 4.27397 230.916
48.9998 83.7056 16.8541 4.28102 230.86
49.0998 83.6147 16.9107 4.28805 230.803
49.1998 83.524 16.9674 4.29507 230.746
49.2998 83.4334 17.0241 4.30208 230.69
49.3998 83.3429 17.081 4.30908 230.633
49.4998 83.2525 17.1379 4.31607 230.576
49.5998 83.1623 17.1949 4.32305 230.519
49.6998 83.0722 17.252 4.33002 230.462
49.7998 82.9823 17.3092 4.33698 230.405
49.8998 82.8925 17.3665 4.34393 230.347
49.9998 82.8028 17.4238 4.35087 230.29
50.0998 82.7132 17.4812 4.35779 230.233
50.1998 82.6238 17.5388 4.36471 230.175
50.2998 82.5345 17.5964 4.37162 230.117
50.3998 82.4453 17.654 4.37851 230.06
50.4998 82.3563 17.7118 4.3854 230.002
50.5998 82.2674 17.7697 4.39227 229.944
50.6998 82.1786 17.8276 4.39913 229.886
50.7998 82.0899 17.8856 4.40598 229.828
50.8998 82.0013 17.9437 4.41283 229.77
50.9998 81.9129 18.0019 4.41966 229.712
51.0998 81.8246 18.0601 4.42648 229.654
51.1998 81.7365 18.1185 4.43329 229.595
51.2998 81.6484 18.1769 4.44008 229.537
51.3998 81.5605 18.2354 4.44687 229.478
51.4998 81.4727 18.294 4.45365 229.42
51.5998 81.385 18.3527 4.46041 229.361
51.6998 81.2974 18.4114 4.46717 229.302
51.7998 81.21 18.4703 4.47391 229.244
51.8998 81.1226 18.5292 4.48064 229.185
51.9998 81.0354 18.5882 4.48737 229.126
52.0998 80.9483 18.6473 4.49408 229.067
52.1998 80.8613 18.7064 4.50078 229.007
52.2998 80.7745 18.7656 4.50746 228.948
52.3998 80.6877 18.825 4.51414 228.889
52.4998 80.6011 18.8844 4.52081 228.829
52.5998 80.5146 18.9438 4.52746 228.77
52.6998 80.4282 19.0034 4.53411 228.71
52.7998 80.3419 19.063 4.54074 228.651
52.8998 80.2557 19.1227 4.54736 228.591
52.9998 80.1696 19.1825 4.55397 228.531
53.0998 80.0837 19.2424 4.56057 228.471
53.1998 79.9978 19.3023 4.56716 228.411
53.2998 79.9121 19.3624 4.57374 228.351
53.3998 79.8265 19.4225 4.5803 228.291
53.4998 79.741 19.4827 4.58686 228.231
53.5998 79.6556 19.5429 4.5934 228.171
53.6998 79.5703 19.6033 4.59993 228.111
53.7998 79.4851 19.6637 4.60645 228.05
53.8997 79.4 19.7242 4.61296 227.99
53.9997 79.3151 19.7847 4.61946 227.929
54.0997 79.2302 19.8454 4.62594 227.868
54.1997 79.1454 19.9061 4.63242 227.808
54.2997 79.0608 19.9669 4.63888 227.747
54.3997 78.9762 20.0278 4.64533 227.686
54.4997 78.8918 20.0888 4.65177 227.625
54.5997 78.8075 20.1498 4.6582 227.564
54.6997 78.7232 20.2109 4.66462 227.503
54.7997 78.6391 20.2721 4.67102 227.442
54.8997 78.5551 20.3333 4.67742 227.381
54.9997 78.4711 20.3947 4.6838 227.319
55.0997 78.3873 20.4561 4.69017 227.258
55.1997 78.3036 20.5175 4.69653 227.196
55.2997 78.22 20.5791 4.70288 227.135
55.3997 78.1364 20.6407 4.70921 227.073
55.4997 78.053 20.7024 4.71554 227.011
55.5997 77.9697 20.7642 4.72185 226.95
55.6997 77.8865 20.8261 4.72815 226.888
55.7997 77.8033 20.888 4.73444 226.826
55.8997 77.7203 20.95 4.74071 226.764
55.9997 77.6374 21.0121 4.74698 226.702
56.0997 77.5545 21.0742 4.75323 226.64
56.1997 77.4718 21.1364 4.75947 226.577
56.2997 77.3892 21.1987 4.7657 226.515
56.3997 77.3066 21.2611 4.77192 226.453
56.4997 77.2242 21.3235 4.77812 226.39
56.5997 77.1418 21.386 4.78432 226.328
56.6997 77.0595 21.4486 4.7905 226.265
56.7997 76.9774 21.5113 4.79667 226.203
56.8997 76.8953 21.574 4.80283 226.14
56.9997 76.8133 21.6368 4.80897 226.077
57.0997 76.7314 21.6996 4.8151 226.014
57.1997 76.6496 21.7626 4.82123 225.951
57.2997 76.5679 21.8256 4.82733 225.888
57.3997 76.4863 21.8887 4.83343 225.825
57.4997 76.4048 21.9518 4.83952 225.762
57.5997 76.3234 22.015 4.84559 225.699
57.6997 76.242 22.0783 4.85165 225.636
57.7997 76.1608 22.1417 4.8577 225.572
57.8997 76.0796 22.2051 4.86374 225.509
57.9997 75.9985 22.2686 4.86976 225.445
58.0997 75.9176 22.3322 4.87577 225.382
58.1997 75.8367 22.3958 4.88177 225.318
58.2997 75.7559 22.4595 4.88776 225.254
58.3997 75.6751 22.5233 4.89373 225.191
58.4997 75.5945 22.5871 4.8997 225.127
58.5997 75.514 22.651 4.90565 225.063
58.6997 75.4335 22.715 4.91158 224.999
58.7997 75.3531 22.7791 4.91751 224.935
58.8997 75.2728 22.8432 4.92342 224.871
58.9997 75.1926 22.9074 4.92932 224.806
59.0997 75.1125 22.9716 4.93521 224.742
59.1997 75.0325 23.0359 4.94109 224.678
59.2997 74.9525 23.1003 4.94695 224.613
59.3997 74.8726 23.1648 4.9528 224.549
59.4997 74.7929 23.2293 4.95864 224.485
59.5997 74.7132 23.2939 4.96446 224.42
59.6997 74.6335 23.3585 4.97028 224.355
59.7997 74.554 23.4232 4.97608 224.291
59.8997 74.4745 23.488 4.98187 224.226
59.9997 74.3952 23.5529 4.98764 224.161
60.0997 74.3159 23.6178 4.9934 224.096
60.1997 74.2367 23.6828 4.99915 224.031
60.2997 74.1575 23.7478 5.00489 223.966
60.3997 74.0785 23.8129 5.01061 223.901
60.4996 73.9995 23.8781 5.01633 223.836
60.5996 73.9206 23.9433 5.02203 223.771
60.6996 73.8418 24.0086 5.02771 223.705
60.7996 73.763 24.074 5.03339 223.64
60.8996 73.6844 24.1394 5.03905 223.574
60.9996 73.6058 24.2049 5.04469 223.509
61.0996 73.5273 24.2705 5.05033 223.443
61.1996 73.4489 24.3361 5.05595 223.378
61.2996 73.3705 24.4018 5.06156 223.312
61.3996 73.2923 24.4675 5.06716 223.246
61.4996 73.2141 24.5333 5.07274 223.181
61.5996 73.1359 24.5992 5.07831 223.115
61.6996 73.0579 24.6651 5.08387 223.049
61.7996 72.9799 24.7311 5.08941 222.983
61.8996 72.902 24.7972 5.09494 222.917
61.9996 72.8242 24.8633 5.10046 222.851
62.0996 72.7465 24.9295 5.10596 222.784
62.1996 72.6688 24.9957 5.11146 222.718
62.2996 72.5912 25.062 5.11694 222.652
62.3996 72.5137 25.1284 5.1224 222.585
62.4996 72.4362 25.1948 5.12785 222.519
62.5996 72.3588 25.2613 5.13329 222.453
62.6996 72.2815 25.3278 5.13872 222.386
62.7996 72.2043 25.3944 5.14413 222.319
62.8996 72.1271 25.4611 5.14953 222.253
62.9996 72.05 25.5278 5.15492 222.186
63.0996 71.973 25.5946 5.16029 222.119
63.1996 71.8961 25.6614 5.16565 222.052
63.2996 71.8192 25.7283 5.171 221.986
63.3996 71.7424 25.7953 5.17633 221.919
63.4996 71.6657 25.8623 5.18165 221.852
63.5996 71.589 25.9294 5.18696 221.784
63.6996 71.5124 25.9965 5.19226 221.717
63.7996 71.4359 26.0637 5.19754 221.65
63.8996 71.3594 26.1309 5.2028 221.583
63.9996 71.283 26.1982 5.20806 221.516
64.0996 71.2067 26.2656 5.2133 221.448
64.1996 71.1304 26.333 5.21852 221.381
64.2996 71.0542 26.4005 5.22373 221.313
64.3996 70.9781 26.468 5.22893 221.246
64.4996 70.9021 26.5356 5.23412 221.178
64.5996 70.8261 26.6033 5.23929 221.111
64.6996 70.7502 26.671 5.24445 221.043
64.7996 70.6743 26.7387 5.2496 220.975
64.8996 70.5985 26.8066 5.25473 220.907
64.9996 70.5228 26.8744 5.25985 220.839
65.0996 70.4471 26.9424 5.26495 220.771
65.1996 70.3715 27.0103 5.27004 220.703
65.2996 70.296 27.0784 5.27512 220.635
65.3996 70.2206 27.1465 5.28018 220.567
65.4996 70.1452 27.2146 5.28523 220.499
65.5996 70.0698 27.2828 5.29026 220.431
65.6996 69.9946 27.3511 5.29529 220.363
65.7996 69.9194 27.4194 5.30029 220.294
65.8996 69.8442 27.4877 5.30529 220.226
65.9996 69.7691 27.5561 5.31027 220.158
66.0996 69.6941 27.6246 5.31524 220.089
66.1996 69.6192 27.6931 5.32019 220.021
66.2996 69.5443 27.7617 5.32513 219.952
66.3996 69.4695 27.8303 5.33005 219.884
66.4996 69.3947 27.899 5.33496 219.815
66.5996 69.32 27.9677 5.33986 219.746
66.6996 69.2453 28.0365 5.34474 219.677
66.7996 69.1708 28.1053 5.34961 219.608
66.8996 69.0962 28.1742 5.35447 219.54
66.9995 69.0218 28.2432 5.35931 219.471
67.0995 68.9474 28.3121 5.36414 219.402
67.1995 68.873 28.3812 5.36895 219.333
67.2995 68.7988 28.4503 5.37375 219.264
67.3995 68.7245 28.5194 5.37853 219.194
67.4995 68.6504 28.5886 5.3833 219.125
67.5995 68.5763 28.6578 5.38806 219.056
67.6995 68.5022 28.7271 5.3928 218.987
67.7995 68.4282 28.7965 5.39753 218.917
67.8995 68.3543 28.8659 5.40225 218.848
67.9995 68.2805 28.9353 5.40695 218.779
68.0995 68.2066 29.0048 5.41163 218.709
68.1995 68.1329 29.0743 5.4163 218.64
68.2995 68.0592 29.1439 5.42096 218.57
68.3995 67.9856 29.2135 5.4256 218.5
68.4995 67.912 29.2832 5.43023 218.431
68.5995 67.8385 29.3529 5.43484 218.361
68.6995 67.765 29.4227 5.43944 218.291
68.7995 67.6916 29.4925 5.44403 218.221
68.8995 67.6182 29.5624 5.4486 218.151
68.9995 67.5449 29.6323 5.45316 218.081
69.0995 67.4717 29.7023 5.4577 218.012
69.1995 67.3985 29.7723 5.46223 217.942
69.2995 67.3254 29.8424 5.46674 217.871
69.3995 67.2523 29.9125 5.47124 217.801
69.4995 67.1793 29.9826 5.47572 217.731
69.5995 67.1063 30.0528 5.48019 217.661
69.6995 67.0334 30.1231 5.48465 217.591
69.7995 66.9606 30.1933 5.48909 217.52
69.8995 66.8878 30.2637 5.49352 217.45
69.9995 66.815 30.334 5.49793 217.38
70.0995 66.7423 30.4045 5.50232 217.309
70.1995 66.6697 30.4749 5.50671 217.239
70.2995 66.5971 30.5454 5.51107 217.168
70.3995 66.5246 30.616 5.51543 217.098
70.4995 66.4521 30.6866 5.51977 217.027
70.5995 66.3797 30.7572 5.52409 216.957
70.6995 66.3073 30.8279 5.5284 216.886
70.7995 66.235 30.8987 5.53269 216.815
70.8995 66.1627 30.9694 5.53697 216.744
70.9995 66.0905 31.0402 5.54124 216.674
71.0995 66.0183 31.1111 5.54549 216.603
71.1995 65.9462 31.182 5.54972 216.532
71.2995 65.8741 31.2529 5.55394 216.461
71.3995 65.8021 31.3239 5.55815 216.39
71.4995 65.7301 31.3949 5.56234 216.319
71.5995 65.6582 31.466 5.56651 216.248
71.6995 65.5864 31.5371 5.57067 216.177
71.7995 65.5146 31.6083 5.57482 216.106
71.8995 65.4428 31.6795 5.57895 216.034
71.9995 65.3711 31.7507 5.58307 215.963
72.0995 65.2994 31.822 5.58717 215.892
72.1995 65.2278 31.8933 5.59125 215.821
72.2995 65.1563 31.9646 5.59532 215.749
72.3995 65.0847 32.036 5.59938 215.678
72.4995 65.0133 32.1074 5.60342 215.606
72.5995 64.9419 32.1789 5.60744 215.535
72.6995 64.8705 32.2504 5.61146 215.463
72.7995 64.7992 32.322 5.61545 215.392
72.8995 64.7279 32.3935 5.61943 215.32
72.9995 64.6567 32.4652 5.6234 215.249
73.0995 64.5855 32.5368 5.62735 215.177
73.1995 64.5144 32.6085 5.63128 215.105
73.2995 64.4433 32.6803 5.6352 215.034
73.3995 64.3723 32.7521 5.6391 214.962
73.4995 64.3013 32.8239 5.64299 214.89
73.5994 64.2304 32.8957 5.64687 214.818
73.6994 64.1595 32.9676 5.65073 214.746
73.7994 64.0886 33.0395 5.65457 214.674
73.8994 64.0178 33.1115 5.6584 214.602
73.9994 63.9471 33.1835 5.66221 214.53
74.0994 63.8764 33.2555 5.66601 214.458
74.1994 63.8057 33.3276 5.66979 214.386
74.2994 63.7351 33.3997 5.67355 214.314
74.3994 63.6645 33.4718 5.67731 214.242
74.4994 63.594 33.544 5.68104 214.17
74.5994 63.5236 33.6162 5.68476 214.098
74.6994 63.4531 33.6885 5.68847 214.025
74.7994 63.3827 33.7607 5.69216 213.953
74.8994 63.3124 33.8331 5.69583 213.881
74.9994 63.2421 33.9054 5.69949 213.808
75.0994 63.1719 33.9778 5.70313 213.736
75.1994 63.1017 34.0502 5.70676 213.664
75.2994 63.0315 34.1226 5.71037 213.591
75.3994 62.9614 34.1951 5.71396 213.519
75.4994 62.8913 34.2676 5.71755 213.446
75.5994 62.8213 34.3402 5.72111 213.374
75.6994 62.7513 34.4128 5.72466 213.301
75.7994 62.6813 34.4854 5.72819 213.228
75.8994 62.6114 34.558 5.73171 213.156
75.9994 62.5416 34.6307 5.73521 213.083
76.0994 62.4718 34.7034 5.7387 213.01
76.1994 62.402 34.7761 5.74217 212.938
76.2994 62.3323 34.8489 5.74562 212.865
76.3994 62.2626 34.9217 5.74906 212.792
76.4994 62.193 34.9945 5.75249 212.719
76.5994 62.1234 35.0674 5.75589 212.646
76.6994 62.0538 35.1403 5.75929 212.574
76.7994 61.9843 35.2132 5.76266 212.501
76.8994 61.9148 35.2862 5.76602 212.428
76.9994 61.8454 35.3592 5.76937 212.355
77.0994 61.776 35.4322 5.77269 212.282
77.1994 61.7066 35.5052 5.77601 212.209
77.2994 61.6373 35.5783 5.7793 212.136
77.3994 61.5681 35.6514 5.78258 212.062
77.4994 61.4988 35.7245 5.78585 211.989
77.5994 61.4296 35.7977 5.7891 211.916
77.6994 61.3605 35.8708 5.79233 211.843
77.7994 61.2914 35.9441 5.79555 211.77
77.8994 61.2223 36.0173 5.79875 211.697
77.9994 61.1533 36.0906 5.80193 211.623
78.0994 61.0843 36.1639 5.8051 211.55
78.1994 61.0154 36.2372 5.80825 211.477
78.2994 60.9465 36.3105 5.81139 211.403
78.3994 60.8776 36.3839 5.81451 211.33
78.4994 60.8088 36.4573 5.81761 211.257
78.5994 60.74 36.5307 5.8207 211.183
78.6994 60.6712 36.6042 5.82377 211.11
78.7994 60.6025 36.6777 5.82683 211.036
78.8994 60.5339 36.7512 5.82987 210.963
78.9994 60.4652 36.8247 5.83289 210.889
79.0994 60.3966 36.8982 5.8359 210.816
79.1994 60.3281 36.9718 5.83889 210.742
79.2994 60.2596 37.0454 5.84186 210.668
79.3994 60.1911 37.119 5.84482 210.595
79.4994 60.1227 37.1927 5.84776 210.521
79.5994 60.0543 37.2664 5.85069 210.447
79.6994 59.9859 37.3401 5.8536 210.374
79.7994 59.9176 37.4138 5.85649 210.3
79.8994 59.8493 37.4875 5.85937 210.226
79.9994 59.781 37.5613 5.86223 210.153
80.0993 59.7128 37.6351 5.86507 210.079
80.1993 59.6447 37.7089 5.8679 210.005
80.2993 59.5765 37.7827 5.87071 209.931
80.3993 59.5084 37.8566 5.87351 209.857
80.4993 59.4404 37.9305 5.87628 209.783
80.5993 59.3723 38.0044 5.87905 209.709
80.6993 59.3043 38.0783 5.88179 209.636
80.7993 59.2364 38.1522 5.88452 209.562
80.8993 59.1685 38.2262 5.88723 209.488
80.9993 59.1006 38.3002 5.88993 209.414
81.0993 59.0328 38.3742 5.89261 209.34
81.1993 58.9649 38.4482 5.89527 209.266
81.2993 58.8972 38.5223 5.89791 209.192
81.3993 58.8294 38.5963 5.90054 209.117
81.4993 58.7617 38.6704 5.90316 209.043
81.5993 58.6941 38.7445 5.90575 208.969
81.6993 58.6264 38.8186 5.90833 208.895
81.7993 58.5588 38.8928 5.91089 208.821
81.8993 58.4913 38.9669 5.91344 208.747
81.9993 58.4238 39.0411 5.91597 208.673
82.0993 58.3563 39.1153 5.91848 208.598
82.1993 58.2888 39.1895 5.92098 208.524
82.2993 58.2214 39.2638 5.92346 208.45
82.3993 58.154 39.338 5.92592 208.376
82.4993 58.0867 39.4123 5.92836 208.302
82.5993 58.0193 39.4866 5.93079 208.227
82.6993 57.9521 39.5609 5.9332 208.153
82.7993 57.8848 39.6352 5.9356 208.079
82.8993 57.8176 39.7095 5.93798 208.004
82.9993 57.7504 39.7839 5.94034 207.93
83.0993 57.6833 39.8582 5.94268 207.856
83.1993 57.6162 39.9326 5.94501 207.781
83.2993 57.5491 40.007 5.94732 207.707
83.3993 57.482 40.0814 5.94961 207.632
83.4993 57.415 40.1559 5.95189 207.558
83.5993 57.348 40.2303 5.95415 207.484
83.6993 57.2811 40.3048 5.95639 207.409
83.7993 57.2142 40.3792 5.95862 207.335
83.8993 57.1473 40.4537 5.96083 207.26
83.9993 57.0804 40.5282 5.96302 207.186
84.0993 57.0136 40.6027 5.96519 207.111
84.1993 56.9469 40.6773 5.96735 207.037
84.2993 56.8801 40.7518 5.96949 206.962
84.3993 56.8134 40.8264 5.97161 206.887
84.4993 56.7467 40.9009 5.97372 206.813
84.5993 56.68 40.9755 5.97581 206.738
84.6993 56.6134 41.0501 5.97788 206.664
84.7993 56.5468 41.1247 5.97994 206.589
84.8993 56.4803 41.1993 5.98197 206.515
84.9993 56.4138 41.2739 5.98399 206.44
85.0993 56.3473 41.3486 5.986 206.365
85.1993 56.2808 41.4232 5.98798 206.291
85.2993 56.2144 41.4979 5.98995 206.216
85.3993 56.148 41.5726 5.9919 206.141
85.4993 56.0816 41.6472 5.99384 206.067
85.5993 56.0153 41.7219 5.99576 205.992
85.6993 55.949 41.7966 5.99766 205.917
85.7993 55.8827 41.8713 5.99954 205.842
85.8993 55.8164 41.9461 6.0014 205.768
85.9993 55.7502 42.0208 6.00325 205.693
86.0993 55.684 42.0955 6.00508 205.618
86.1993 55.6179 42.1703 6.0069 205.544
86.2993 55.5518 42.245 6.00869 205.469
86.3993 55.4857 42.3198 6.01047 205.394
86.4993 55.4196 42.3946 6.01223 205.319
86.5993 55.3536 42.4694 6.01397 205.244
86.6992 55.2876 42.5441 6.0157 205.17
86.7992 55.2216 42.6189 6.01741 205.095
86.8992 55.1557 42.6937 6.0191 205.02
86.9992 55.0898 42.7686 6.02078 204.945
87.0992 55.0239 42.8434 6.02243 204.87
87.1992 54.958 42.9182 6.02407 204.796
87.2992 54.8922 42.993 6.02569 204.721
87.3992 54.8264 43.0679 6.0273 204.646
87.4992 54.7606 43.1427 6.02888 204.571
87.5992 54.6949 43.2176 6.03045 204.496
87.6992 54.6292 43.2924 6.032 204.421
87.7992 54.5635 43.3673 6.03353 204.347
87.8992 54.4979 43.4421 6.03505 204.272
87.9992 54.4323 43.517 6.03655 204.197
88.0992 54.3667 43.5919 6.03803 204.122
88.1992 54.3011 43.6668 6.03949 204.047
88.2992 54.2356 43.7416 6.04094 203.972
88.3992 54.1701 43.8165 6.04237 203.897
88.4992 54.1046 43.8914 6.04378 203.822
88.5992 54.0392 43.9663 6.04517 203.748
88.6992 53.9737 44.0412 6.04654 203.673
88.7992 53.9083 44.1161 6.0479 203.598
88.8992 53.843 44.191 6.04924 203.523
88.9992 53.7776 44.2659 6.05056 203.448
89.0992 53.7123 44.3408 6.05186 203.373
89.1992 53.6471 44.4157 6.05315 203.298
89.2992 53.5818 44.4906 6.05442 203.223
89.3992 53.5166 44.5656 6.05567 203.148
89.4992 53.4514 44.6405 6.0569 203.073
89.5992 53.3862 44.7154 6.05811 202.998
89.6992 53.3211 44.7903 6.05931 202.924
89.7992 53.256 44.8652 6.06049 202.849
89.8992 53.1909 44.9401 6.06165 202.774
89.9992 53.1258 45.015 6.06279 202.699
90.0992 53.0608 45.09 6.06392 202.624
90.1992 52.9958 45.1649 6.06503 202.549
90.2992 52.9308 45.2398 6.06612 202.474
90.3992 52.8658 45.3147 6.06719 202.399
90.4992 52.8009 45.3896 6.06824 202.324
90.5992 52.736 45.4645 6.06928 202.249
90.6992 52.6711 45.5395 6.07029 202.174
90.7992 52.6063 45.6144 6.07129 202.099
90.8992 52.5415 45.6893 6.07227 202.025
90.9992 52.4767 45.7642 6.07324 201.95
91.0992 52.4119 45.8391 6.07418 201.875
91.1992 52.3472 45.914 6.07511 201.8
91.2992 52.2825 45.9889 6.07602 201.725
91.3992 52.2178 46.0638 6.07691 201.65
91.4992 52.1531 46.1387 6.07778 201.575
91.5992 52.0885 46.2136 6.07864 201.5
91.6992 52.0238 46.2885 6.07947 201.425
91.7992 51.9593 46.3633 6.08029 201.35
91.8992 51.8947 46.4382 6.08109 201.276
91.9992 51.8302 46.5131 6.08188 201.201
92.0992 51.7657 46.588 6.08264 201.126
92.1992 51.7012 46.6628 6.08339 201.051
92.2992 51.6367 46.7377 6.08411 200.976
92.3992 51.5723 46.8125 6.08482 200.901
92.4992 51.5079 46.8874 6.08551 200.826
92.5992 51.4435 46.9622 6.08619 200.752
92.6992 51.3791 47.0371 6.08684 200.677
92.7992 51.3148 47.1119 6.08748 200.602
92.8992 51.2505 47.1867 6.0881 200.527
92.9992 51.1862 47.2615 6.0887 200.452
93.0992 51.1219 47.3364 6.08928 200.377
93.1992 51.0577 47.4112 6.08984 200.303
93.2991 50.9935 47.486 6.09039 200.228
93.3991 50.9293 47.5607 6.09092 200.153
93.4991 50.8651 47.6355 6.09142 200.078
93.5991 50.801 47.7103 6.09191 200.004
93.6991 50.7369 47.7851 6.09239 199.929
93.7991 50.6728 47.8598 6.09284 199.854
93.8991 50.6087 47.9346 6.09328 199.779
93.9991 50.5447 48.0093 6.09369 199.705
94.0991 50.4807 48.084 6.09409 199.63
94.1991 50.4167 48.1588 6.09447 199.555
94.2991 50.3527 48.2335 6.09483 199.48
94.3991 50.2888 48.3082 6.09517 199.406
94.4991 50.2248 48.3829 6.0955 199.331
94.5991 50.1609 48.4575 6.09581 199.256
94.6991 50.0971 48.5322 6.09609 199.182
94.7991 50.0332 48.6069 6.09636 199.107
94.8991 49.9694 48.6815 6.09661 199.032
94.9991 49.9056 48.7562 6.09684 198.958
95.0991 49.8418 48.8308 6.09706 198.883
95.1991 49.778 48.9054 6.09725 198.808
95.2991 49.7143 48.98 6.09743 198.734
95.3991 49.6506 49.0546 6.09759 198.659
95.4991 49.5869 49.1292 6.09773 198.585
95.5991 49.5232 49.2037 6.09785 198.51
95.6991 49.4596 49.2783 6.09795 198.436
95.7991 49.396 49.3528 6.09803 198.361
95.8991 49.3324 49.4274 6.0981 198.286
95.9991 49.2688 49.5019 6.09815 198.212
96.0991 49.2052 49.5764 6.09817 198.137
96.1991 49.1417 49.6509 6.09818 198.063
96.2991 49.0782 49.7253 6.09817 197.988
96.3991 49.0147 49.7998 6.09814 197.914
96.4991 48.9512 49.8742 6.0981 197.84
96.5991 48.8878 49.9487 6.09803 197.765
96.6991 48.8244 50.0231 6.09795 197.691
96.7991 48.761 50.0975 6.09784 197.616
96.8991 48.6976 50.1719 6.09772 197.542
96.9991 48.6342 50.2462 6.09758 197.468
97.0991 48.5709 50.3206 6.09742 197.393
97.1991 48.5076 50.3949 6.09725 197.319
97.2991 48.4443 50.4692 6.09705 197.245
97.3991 48.381 50.5435 6.09683 197.17
97.4991 48.3178 50.6178 6.0966 197.096
97.5991 48.2546 50.6921 6.09635 197.022
97.6991 48.1914 50.7663 6.09607 196.947
97.7991 48.1282 50.8406 6.09578 196.873
97.8991 48.065 50.9148 6.09547 196.799
97.9991 48.0019 50.989 6.09515 196.725
98.0991 47.9388 51.0632 6.0948 196.651
98.1991 47.8757 51.1373 6.09443 196.576
98.2991 47.8126 51.2115 6.09405 196.502
98.3991 47.7495 51.2856 6.09365 196.428
98.4991 47.6865 51.3597 6.09322 196.354
98.5991 47.6235 51.4338 6.09278 196.28
98.6991 47.5605 51.5078 6.09232 196.206
98.7991 47.4975 51.5819 6.09184 196.132
98.8991 47.4346 51.6559 6.09134 196.058
98.9991 47.3717 51.7299 6.09083 195.984
99.0991 47.3088 51.8039 6.09029 195.91
99.1991 47.2459 51.8779 6.08974 195.836
99.2991 47.183 51.9518 6.08916 195.762
99.3991 47.1202 52.0257 6.08857 195.688
99.4991 47.0573 52.0996 6.08796 195.614
99.5991 46.9945 52.1735 6.08733 195.54
99.6991 46.9317 52.2474 6.08668 195.466
99.799 46.869 52.3212 6.08601 195.393
99.899 46.8062 52.395 6.08532 195.319
99.999 46.7435 52.4688 6.08461 195.245
100.099 46.6808 52.5426 6.08389 195.171
100.199 46.6181 52.6163 6.08314 195.097
100.299 46.5555 52.69 6.08238 195.024
100.399 46.4928 52.7637 6.0816 194.95
100.499 46.4302 52.8374 6.0808 194.876
100.599 46.3676 52.9111 6.07997 194.803
100.699 46.305 52.9847 6.07913 194.729
100.799 46.2424 53.0583 6.07828 194.656
100.899 46.1799 53.1319 6.0774 194.582
100.999 46.1174 53.2054 6.0765 194.508
101.099 46.0548 53.279 6.07558 194.435
101.199 45.9924 53.3525 6.07465 194.361
101.299 45.9299 53.4259 6.07369 194.288
101.399 45.8674 53.4994 6.07272 194.214
101.499 45.805 53.5728 6.07173 194.141
101.599 45.7426 53.6462 6.07071 194.068
101.699 45.6802 53.7196 6.06968 193.994
101.799 45.6178 53.7929 6.06863 193.921
101.899 45.5555 53.8663 6.06756 193.848
101.999 45.4932 53.9396 6.06647 193.774
102.099 45.4308 54.0128 6.06537 193.701
102.199 45.3685 54.0861 6.06424 193.628
102.299 45.3063 54.1593 6.06309 193.555
102.399 45.244 54.2325 6.06193 193.481
102.499 45.1818 54.3056 6.06074 193.408
102.599 45.1195 54.3787 6.05954 193.335
102.699 45.0573 54.4518 6.05832 193.262
102.799 44.9952 54.5249 6.05707 193.189
102.899 44.933 54.598 6.05581 193.116
102.999 44.8709 54.671 6.05453 193.043
103.099 44.8087 54.744 6.05323 192.97
103.199 44.7466 54.8169 6.05191 192.897
103.299 44.6845 54.8898 6.05057 192.824
103.399 44.6225 54.9627 6.04922 192.751
103.499 44.5604 55.0356 6.04784 192.678
103.599 44.4984 55.1084 6.04644 192.605
103.699 44.4363 55.1812 6.04503 192.533
103.799 44.3743 55.254 6.04359 192.46
103.899 44.3124 55.3267 6.04214 192.387
103.999 44.2504 55.3994 6.04066 192.314
104.099 44.1884 55.4721 6.03917 192.242
104.199 44.1265 55.5448 6.03766 192.169
104.299 44.0646 55.6174 6.03613 192.096
104.399 44.0027 55.69 6.03458 192.024
104.499 43.9408 55.7625 6.03301 191.951
104.599 43.879 55.835 6.03142 191.879
104.699 43.8171 55.9075 6.02981 191.806
104.799 43.7553 55.9799 6.02818 191.734
104.899 43.6935 56.0524 6.02653 191.661
104.999 43.6317 56.1247 6.02486 191.589
105.099 43.57 56.1971 6.02318 191.517
105.199 43.5082 56.2694 6.02147 191.444
105.299 43.4465 56.3417 6.01975 191.372
105.399 43.3848 56.4139 6.018 191.3
105.499 43.3231 56.4861 6.01624 191.228
105.599 43.2614 56.5583 6.01445 191.156
105.699 43.1997 56.6305 6.01265 191.083
105.799 43.1381 56.7026 6.01083 191.011
105.899 43.0764 56.7746 6.00899 190.939
105.999 43.0148 56.8467 6.00713 190.867
106.099 42.9532 56.9187 6.00525 190.795
106.199 42.8916 56.9906 6.00335 190.723
106.299 42.8301 57.0625 6.00143 190.651
106.399 42.7685 57.1344 5.99949 190.579
106.499 42.707 57.2063 5.99753 190.508
106.599 42.6455 57.2781 5.99555 190.436
106.699 42.584 57.3499 5.99355 190.364
106.799 42.5225 57.4216 5.99154 190.292
106.899 42.461 57.4933 5.9895 190.221
106.999 42.3996 57.565 5.98745 190.149
107.099 42.3381 57.6366 5.98537 190.077
107.199 42.2767 57.7082 5.98328 190.006
107.299 42.2153 57.7797 5.98116 189.934
107.399 42.154 57.8512 5.97903 189.863
107.499 42.0926 57.9227 5.97687 189.791
107.599 42.0312 57.9941 5.9747 189.72
107.699 41.9699 58.0655 5.97251 189.648
107.799 41.9086 58.1369 5.9703 189.577
107.899 41.8473 58.2082 5.96807 189.506
107.999 41.786 58.2795 5.96582 189.434
108.099 41.7247 58.3507 5.96355 189.363
108.199 41.6635 58.4219 5.96126 189.292
108.299 41.6022 58.493 5.95895 189.221
108.399 41.541 58.5642 5.95662 189.15
108.499 41.4798 58.6352 5.95427 189.079
108.599 41.4186 58.7062 5.9519 189.008
108.699 41.3575 58.7772 5.94951 188.937
108.799 41.2963 58.8482 5.94711 188.866
108.899 41.2352 58.9191 5.94468 188.795
108.999 41.174 58.9899 5.94223 188.724
109.099 41.1129 59.0607 5.93977 188.653
109.199 41.0518 59.1315 5.93728 188.582
109.299 40.9907 59.2022 5.93478 188.512
109.399 40.9297 59.2729 5.93226 188.441
109.499 40.8686 59.3436 5.92971 188.37
109.599 40.8076 59.4142 5.92715 188.3
109.699 40.7466 59.4847 5.92456 188.229
109.799 40.6856 59.5552 5.92196 188.159
109.899 40.6246 59.6257 5.91934 188.088
109.999 40.5636 59.6961 5.9167 188.018
110.099 40.5027 59.7665 5.91404 187.947
110.199 40.4417 59.8368 5.91136 187.877
110.299 40.3808 59.9071 5.90866 187.807
110.399 40.3199 59.9774 5.90594 187.736
110.499 40.259 60.0476 5.9032 187.666
110.599 40.1981 60.1177 5.90044 187.596
110.699 40.1372 60.1878 5.89766 187.526
110.799 40.0764 60.2579 5.89486 187.456
110.899 40.0155 60.3279 5.89204 187.386
110.999 39.9547 60.3979 5.8892 187.316
111.099 39.8939 60.4678 5.88635 187.246
111.199 39.8331 60.5376 5.88347 187.176
111.299 39.7723 60.6075 5.88057 187.106
111.399 39.7116 60.6772 5.87766 187.037
111.499 39.6508 60.747 5.87472 186.967
111.599 39.5901 60.8167 5.87177 186.897
111.699 39.5294 60.8863 5.86879 186.828
111.799 39.4687 60.9559 5.8658 186.758
111.899 39.408 61.0254 5.86278 186.688
111.999 39.3473 61.0949 5.85975 186.619
112.099 39.2867 61.1643 5.8567 186.549
112.199 39.226 61.2337 5.85362 186.48
112.299 39.1654 61.3031 5.85053 186.411
112.399 39.1048 61.3723 5.84742 186.341
112.499 39.0442 61.4416 5.84429 186.272
112.599 38.9836 61.5108 5.84114 186.203
112.699 38.923 61.5799 5.83796 186.134
112.799 38.8624 61.649 5.83477 186.065
112.899 38.8019 61.718 5.83156 185.996
112.999 38.7413 61.787 5.82833 185.927
113.099 38.6808 61.856 5.82508 185.858
113.199 38.6203 61.9249 5.82181 185.789
113.299 38.5598 61.9937 5.81853 185.72
113.399 38.4993 62.0625 5.81522 185.651
113.499 38.4389 62.1312 5.81189 185.583
113.599 38.3784 62.1999 5.80854 185.514
113.699 38.318 62.2685 5.80518 185.445
113.799 38.2576 62.3371 5.80179 185.377
113.899 38.1972 62.4056 5.79838 185.308
113.999 38.1368 62.4741 5.79496 185.24
114.099 38.0764 62.5425 5.79151 185.171
114.199 38.016 62.6108 5.78804 185.103
114.299 37.9557 62.6792 5.78456 185.035
114.399 37.8953 62.7474 5.78106 184.966
114.499 37.835 62.8156 5.77753 184.898
114.599 37.7747 62.8837 5.77399 184.83
114.699 37.7144 62.9518 5.77042 184.762
114.799 37.6541 63.0199 5.76684 184.694
114.899 37.5938 63.0879 5.76324 184.626
114.999 37.5336 63.1558 5.75962 184.558
115.099 37.4733 63.2237 5.75597 184.49
115.199 37.4131 63.2915 5.75231 184.422
115.299 37.3529 63.3592 5.74863 184.355
115.399 37.2927 63.4269 5.74493 184.287
115.499 37.2325 63.4946 5.74121 184.219
115.599 37.1723 63.5622 5.73747 184.152
115.699 37.1121 63.6297 5.73371 184.084
115.799 37.052 63.6972 5.72993 184.017
115.899 36.9918 63.7646 5.72613 183.949
115.999 36.9317 63.832 5.72232 183.882
116.099 36.8716 63.8993 5.71848 183.815
116.199 36.8115 63.9665 5.71462 183.747
116.299 36.7514 64.0337 5.71074 183.68
116.399 36.6913 64.1009 5.70685 183.613
116.499 36.6312 64.1679 5.70293 183.546
116.599 36.5712 64.235 5.699 183.479
116.699 36.5111 64.3019 5.69504 183.412
116.799 36.4511 64.3688 5.69107 183.345
116.899 36.3911 64.4357 5.68707 183.278
116.999 36.3311 64.5024 5.68306 183.211
117.099 36.2711 64.5692 5.67902 183.145
117.199 36.2111 64.6358 5.67497 183.078
117.299 36.1512 64.7024 5.6709 183.011
117.399 36.0912 64.769 5.66681 182.945
117.499 36.0313 64.8355 5.6627 182.878
117.599 35.9713 64.9019 5.65856 182.812
117.699 35.9114 64.9682 5.65441 182.746
117.799 35.8515 65.0345 5.65024 182.679
117.899 35.7916 65.1008 5.64605 182.613
117.999 35.7318 65.167 5.64184 182.547
118.099 35.6719 65.2331 5.63761 182.481
118.199 35.612 65.2991 5.63337 182.415
118.299 35.5522 65.3651 5.6291 182.349
118.399 35.4924 65.4311 5.62481 182.283
118.499 35.4326 65.4969 5.6205 182.217
118.599 35.3728 65.5627 5.61618 182.151
118.699 35.313 65.6285 5.61183 182.085
118.799 35.2532 65.6942 5.60747 182.02
118.899 35.1934 65.7598 5.60308 181.954
118.999 35.1337 65.8253 5.59868 181.888
119.099 35.0739 65.8908 5.59425 181.823
119.199 35.0142 65.9563 5.58981 181.758
119.299 34.9545 66.0216 5.58535 181.692
119.399 34.8947 66.0869 5.58086 181.627
119.499 34.8351 66.1522 5.57636 181.562
119.599 34.7754 66.2173 5.57184 181.496
119.699 34.7157 66.2825 5.5673 181.431
119.799 34.656 66.3475 5.56274 181.366
119.899 34.5964 66.4125 5.55816 181.301
119.999 34.5367 66.4774 5.55356 181.236
120.099 34.4771 66.5422 5.54894 181.172
120.199 34.4175 66.607 5.54431 181.107
120.299 34.3579 66.6717 5.53965 181.042
120.399 34.2983 66.7364 5.53497 180.977
120.499 34.2387 66.801 5.53027 180.913
120.599 34.1792 66.8655 5.52556 180.848
120.699 34.1196 66.9299 5.52082 180.784
120.799 34.06 66.9943 5.51607 180.719
120.899 34.0005 67.0586 5.5113 180.655
120.999 33.941 67.1229 5.5065 180.591
121.099 33.8815 67.1871 5.50169 180.527
121.199 33.822 67.2512 5.49686 180.463
121.299 33.7625 67.3152 5.49201 180.399
121.399 33.703 67.3792 5.48714 180.335
121.499 33.6435 67.4431 5.48225 180.271
121.599 33.5841 67.507 5.47734 180.207
121.699 33.5246 67.5708 5.47241 180.143
121.799 33.4652 67.6345 5.46746 180.079
121.899 33.4058 67.6981 5.46249 180.016
121.999 33.3464 67.7617 5.45751 179.952
122.099 33.287 67.8252 5.4525 179.889
122.199 33.2276 67.8886 5.44748 179.825
122.299 33.1682 67.952 5.44243 179.762
122.399 33.1088 68.0153 5.43737 179.699
122.499 33.0495 68.0785 5.43229 179.635
122.599 32.9901 68.1416 5.42718 179.572
122.699 32.9308 68.2047 5.42206 179.509
122.799 32.8715 68.2677 5.41692 179.446
122.899 32.8121 68.3307 5.41176 179.383
122.999 32.7528 68.3935 5.40658 179.32
123.099 32.6935 68.4563 5.40138 179.258
123.199 32.6343 68.519 5.39617 179.195
123.299 32.575 68.5817 5.39093 179.132
123.399 32.5157 68.6443 5.38567 179.07
123.499 32.4565 68.7068 5.3804 179.007
123.599 32.3972 68.7692 5.3751 178.945
123.699 32.338 68.8316 5.36979 178.882
123.799 32.2788 68.8939 5.36446 178.82
123.899 32.2196 68.9561 5.3591 178.758
123.999 32.1604 69.0182 5.35373 178.696
124.099 32.1012 69.0803 5.34834 178.633
124.199 32.042 69.1423 5.34293 178.571
124.299 31.9829 69.2043 5.33751 178.51
124.399 31.9237 69.2661 5.33206 178.448
124.499 31.8645 69.3279 5.32659 178.386
124.599 31.8054 69.3896 5.3211 178.324
124.699 31.7463 69.4512 5.3156 178.263
124.799 31.6872 69.5128 5.31008 178.201
124.899 31.6281 69.5743 5.30453 178.14
124.999 31.569 69.6357 5.29897 178.078
125.099 31.5099 69.697 5.29339 178.017
125.199 31.4508 69.7583 5.28779 177.956
125.299 31.3917 69.8194 5.28217 177.894
125.399 31.3327 69.8805 5.27653 177.833
125.499 31.2736 69.9416 5.27088 177.772
125.599 31.2146 70.0025 5.2652 177.711
125.699 31.1556 70.0634 5.2595 177.65
125.799 31.0966 70.1242 5.25379 177.59
125.899 31.0376 70.1849 5.24806 177.529
125.999 30.9786 70.2456 5.2423 177.468
126.099 30.9196 70.3062 5.23653 177.408
126.199 30.8606 70.3666 5.23074 177.347
126.299 30.8016 70.4271 5.22494 177.287
126.399 30.7427 70.4874 5.21911 177.226
126.499 30.6837 70.5477 5.21326 177.166
126.599 30.6248 70.6079 5.2074 177.106
126.699 30.5659 70.668 5.20151 177.046
126.799 30.507 70.728 5.19561 176.986
126.899 30.4481 70.7879 5.18969 176.926
126.999 30.3892 70.8478 5.18374 176.866
127.099 30.3303 70.9076 5.17778 176.806
127.199 30.2714 70.9673 5.17181 176.747
127.299 30.2125 71.027 5.16581 176.687
127.399 30.1537 71.0865 5.15979 176.627
127.499 30.0948 71.146 5.15376 176.568
127.599 30.036 71.2054 5.1477 176.508
127.699 29.9771 71.2647 5.14163 176.449
127.799 29.9183 71.3239 5.13554 176.39
127.899 29.8595 71.3831 5.12943 176.331
127.999 29.8007 71.4422 5.1233 176.272
128.099 29.7419 71.5012 5.11716 176.213
128.199 29.6831 71.5601 5.11099 176.154
128.299 29.6243 71.6189 5.1048 176.095
128.399 29.5656 71.6777 5.0986 176.036
128.499 29.5068 71.7364 5.09238 175.977
128.599 29.4481 71.795 5.08614 175.919
128.699 29.3893 71.8535 5.07988 175.86
128.799 29.3306 71.9119 5.0736 175.802
128.899 29.2719 71.9703 5.0673 175.744
128.999 29.2131 72.0285 5.06099 175.685
129.099 29.1544 72.0867 5.05465 175.627
129.199 29.0957 72.1448 5.0483 175.569
129.299 29.0371 72.2028 5.04193 175.511
129.399 28.9784 72.2608 5.03554 175.453
129.499 28.9197 72.3186 5.02913 175.395
129.599 28.861 72.3764 5.0227 175.337
129.699 28.8024 72.4341 5.01626 175.28
129.799 28.7437 72.4917 5.0098 175.222
129.899 28.6851 72.5492 5.00331 175.165
129.999 28.6265 72.6067 4.99681 175.107
130.099 28.5679 72.664 4.99029 175.05
130.199 28.5093 72.7213 4.98376 174.993
130.299 28.4507 72.7785 4.9772 174.935
130.399 28.3921 72.8356 4.97063 174.878
130.499 28.3335 72.8926 4.96403 174.821
130.599 28.2749 72.9495 4.95742 174.764
130.699 28.2164 73.0064 4.95079 174.707
130.799 28.1578 73.0631 4.94415 174.651
130.899 28.0993 73.1198 4.93748 174.594
130.999 28.0407 73.1764 4.9308 174.537
131.099 27.9822 73.2329 4.92409 174.481
131.199 27.9237 73.2893 4.91737 174.425
131.299 27.8651 73.3456 4.91064 174.368
131.399 27.8066 73.4019 4.90388 174.312
131.499 27.7481 73.458 4.8971 174.256
131.599 27.6897 73.5141 4.89031 174.2
131.699 27.6312 73.5701 4.8835 174.144
131.799 27.5727 73.626 4.87667 174.088
131.899 27.5143 73.6818 4.86982 174.032
131.999 27.4558 73.7375 4.86295 173.976
132.099 27.3974 73.7932 4.85607 173.921
132.199 27.3389 73.8487 4.84917 173.865
132.299 27.2805 73.9042 4.84225 173.81
132.399 27.2221 73.9595 4.83531 173.754
132.499 27.1637 74.0148 4.82835 173.699
132.599 27.1053 74.07 4.82138 173.644
132.699 27.0469 74.1251 4.81439 173.589
132.799 26.9885 74.1801 4.80738 173.534
132.899 26.9301 74.2351 4.80035 173.479
132.999 26.8717 74.2899 4.7933 173.424
133.099 26.8134 74.3447 4.78624 173.369
133.199 26.755 74.3993 4.77915 173.314
133.299 26.6967 74.4539 4.77205 173.26
133.399 26.6383 74.5084 4.76494 173.205
133.499 26.58 74.5628 4.7578 173.151
133.599 26.5217 74.6171 4.75065 173.097
133.699 26.4633 74.6713 4.74347 173.043
133.799 26.405 74.7254 4.73629 172.988
133.899 26.3467 74.7794 4.72908 172.934
133.999 26.2884 74.8334 4.72185 172.88
134.099 26.2302 74.8872 4.71461 172.827
134.199 26.1719 74.941 4.70735 172.773
134.299 26.1136 74.9947 4.70007 172.719
134.399 26.0554 75.0482 4.69278 172.666
134.499 25.9971 75.1017 4.68546 172.612
134.599 25.9389 75.1551 4.67813 172.559
134.699 25.8806 75.2084 4.67078 172.505
134.799 25.8224 75.2616 4.66342 172.452
134.899 25.7642 75.3148 4.65603 172.399
134.999 25.706 75.3678 4.64863 172.346
135.099 25.6478 75.4207 4.64121 172.293
135.199 25.5896 75.4736 4.63378 172.24
135.299 25.5314 75.5263 4.62632 172.188
135.399 25.4732 75.579 4.61885 172.135
135.499 25.415 75.6315 4.61136 172.082
135.599 25.3568 75.684 4.60385 172.03
135.699 25.2987 75.7364 4.59633 171.977
135.799 25.2405 75.7886 4.58879 171.925
135.899 25.1824 75.8408 4.58123 171.873
135.999 25.1243 75.8929 4.57365 171.821
136.099 25.0661 75.9449 4.56606 171.769
136.199 25.008 75.9968 4.55845 171.717
136.299 24.9499 76.0486 4.55082 171.665
136.399 24.8918 76.1004 4.54317 171.613
136.499 24.8337 76.152 4.53551 171.562
136.599 24.7756 76.2035 4.52783 171.51
136.699 24.7175 76.2549 4.52013 171.459
136.799 24.6594 76.3063 4.51242 171.408
136.899 24.6013 76.3575 4.50469 171.356
136.999 24.5433 76.4087 4.49694 171.305
137.099 24.4852 76.4597 4.48917 171.254
137.199 24.4272 76.5107 4.48139 171.203
137.299 24.3691 76.5615 4.47359 171.152
137.399 24.3111 76.6123 4.46577 171.102
137.499 24.2531 76.663 4.45794 171.051
137.599 24.1951 76.7135 4.45009 171
137.699 24.137 76.764 4.44222 170.95
137.799 24.079 76.8144 4.43433 170.899
137.899 24.021 76.8647 4.42643 170.849
137.999 23.963 76.9148 4.41851 170.799
138.099 23.9051 76.9649 4.41057 170.749
138.199 23.8471 77.0149 4.40262 170.699
138.299 23.7891 77.0648 4.39465 170.649
138.399 23.7311 77.1146 4.38666 170.599
138.499 23.6732 77.1643 4.37866 170.55
138.599 23.6152 77.2139 4.37064 170.5
138.699 23.5573 77.2634 4.3626 170.45
138.799 23.4993 77.3128 4.35455 170.401
138.899 23.4414 77.3621 4.34648 170.352
138.999 23.3835 77.4113 4.33839 170.303
139.099 23.3256 77.4604 4.33029 170.253
139.199 23.2677 77.5094 4.32217 170.204
139.299 23.2098 77.5583 4.31403 170.156
139.399 23.1519 77.6071 4.30587 170.107
139.499 23.094 77.6558 4.2977 170.058
139.599 23.0361 77.7044 4.28952 170.009
139.699 22.9782 77.7529 4.28131 169.961
139.799 22.9203 77.8014 4.27309 169.912
139.899 22.8625 77.8497 4.26486 169.864
139.999 22.8046 77.8979 4.2566 169.816
140.099 22.7468 77.946 4.24833 169.768
140.199 22.6889 77.994 4.24005 169.72
140.299 22.6311 78.0419 4.23174 169.672
140.399 22.5733 78.0897 4.22343 169.624
140.499 22.5154 78.1374 4.21509 169.576
140.599 22.4576 78.185 4.20674 169.529
140.699 22.3998 78.2325 4.19837 169.481
140.799 22.342 78.2799 4.18999 169.434
140.899 22.2842 78.3272 4.18159 169.387
140.999 22.2264 78.3744 4.17317 169.339
141.099 22.1686 78.4215 4.16474 169.292
141.199 22.1108 78.4685 4.15629 169.245
141.299 22.0531 78.5154 4.14782 169.198
141.399 21.9953 78.5622 4.13934 169.152
141.499 21.9375 78.6089 4.13084 169.105
141.599 21.8798 78.6555 4.12233 169.058
141.699 21.822 78.702 4.1138 169.012
141.799 21.7643 78.7484 4.10526 168.965
141.899 21.7066 78.7947 4.09669 168.919
141.999 21.6488 78.8409 4.08812 168.873
142.099 21.5911 78.8869 4.07952 168.827
142.199 21.5334 78.9329 4.07091 168.781
142.299 21.4757 78.9788 4.06229 168.735
142.399 21.418 79.0245 4.05365 168.689
142.499 21.3603 79.0702 4.04499 168.644
142.6 21.3026 79.1158 4.03632 168.598
142.7 21.2449 79.1612 4.02763 168.553
142.8 21.1872 79.2066 4.01893 168.507
142.9 21.1296 79.2518 4.01021 168.462
143 21.0719 79.297 4.00147 168.417
143.1 21.0142 79.342 3.99272 168.372
143.2 20.9566 79.3869 3.98395 168.327
143.3 20.8989 79.4318 3.97517 168.282
143.4 20.8413 79.4765 3.96637 168.237
143.5 20.7836 79.5211 3.95756 168.193
143.6 20.726 79.5656 3.94873 168.148
143.7 20.6684 79.61 3.93989 168.104
143.8 20.6108 79.6543 3.93103 168.059
143.9 20.5531 79.6985 3.92215 168.015
144 20.4955 79.7426 3.91326 167.971
144.1 20.4379 79.7866 3.90436 167.927
144.2 20.3803 79.8305 3.89543 167.883
144.3 20.3227 79.8743 3.8865 167.84
144.4 20.2652 79.9179 3.87755 167.796
144.5 20.2076 79.9615 3.86858 167.752
144.6 20.15 80.0049 3.8596 167.709
144.7 20.0924 80.0483 3.8506 167.666
144.8 20.0349 80.0915 3.84159 167.622
144.9 19.9773 80.1347 3.83256 167.579
145 19.9198 80.1777 3.82352 167.536
145.1 19.8622 80.2206 3.81446 167.493
145.2 19.8047 80.2634 3.80538 167.45
145.3 19.7471 80.3061 3.7963 167.408
145.4 19.6896 80.3487 3.78719 167.365
145.5 19.6321 80.3912 3.77807 167.323
145.6 19.5746 80.4336 3.76894 167.28
145.7 19.5171 80.4759 3.75979 167.238
145.8 19.4596 80.5181 3.75063 167.196
145.9 19.4021 80.5601 3.74145 167.154
146 19.3446 80.6021 3.73226 167.112
146.1 19.2871 80.6439 3.72305 167.07
146.2 19.2296 80.6856 3.71383 167.028
146.3 19.1721 80.7273 3.70459 166.987
146.4 19.1146 80.7688 3.69534 166.945
146.5 19.0572 80.8102 3.68608 166.904
146.6 18.9997 80.8515 3.6768 166.862
146.7 18.9422 80.8927 3.6675 166.821
146.8 18.8848 80.9338 3.65819 166.78
146.9 18.8273 80.9747 3.64887 166.739
147 18.7699 81.0156 3.63953 166.698
147.1 18.7125 81.0563 3.63017 166.657
147.2 18.655 81.097 3.62081 166.617
147.3 18.5976 81.1375 3.61142 166.576
147.4 18.5402 81.1779 3.60203 166.536
147.5 18.4828 81.2182 3.59262 166.496
147.6 18.4253 81.2584 3.58319 166.455
147.7 18.3679 81.2985 3.57375 166.415
147.8 18.3105 81.3385 3.5643 166.375
147.9 18.2531 81.3784 3.55483 166.335
148 18.1957 81.4181 3.54535 166.296
148.1 18.1384 81.4578 3.53585 166.256
148.2 18.081 81.4973 3.52634 166.216
148.3 18.0236 81.5368 3.51682 166.177
148.4 17.9662 81.5761 3.50728 166.138
148.5 17.9089 81.6153 3.49773 166.099
148.6 17.8515 81.6544 3.48816 166.059
148.7 17.7941 81.6933 3.47858 166.02
148.8 17.7368 81.7322 3.46899 165.982
148.9 17.6794 81.771 3.45938 165.943
149 17.6221 81.8096 3.44976 165.904
149.1 17.5648 81.8481 3.44012 165.866
149.2 17.5074 81.8866 3.43047 165.827
149.3 17.4501 81.9249 3.42081 165.789
149.4 17.3928 81.9631 3.41113 165.751
149.5 17.3355 82.0012 3.40144 165.713
149.6 17.2782 82.0391 3.39174 165.675
149.7 17.2209 82.077 3.38202 165.637
149.8 17.1635 82.1147 3.37229 165.599
149.9 17.1062 82.1524 3.36254 165.561
150 17.049 82.1899 3.35278 165.524
150.1 16.9917 82.2273 3.34301 165.487
150.2 16.9344 82.2646 3.33323 165.449
150.3 16.8771 82.3017 3.32343 165.412
150.4 16.8198 82.3388 3.31362 165.375
150.5 16.7626 82.3758 3.30379 165.338
150.6 16.7053 82.4126 3.29395 165.301
150.7 16.648 82.4493 3.2841 165.264
150.8 16.5908 82.4859 3.27423 165.228
150.9 16.5335 82.5224 3.26435 165.191
151 16.4763 82.5588 3.25446 165.155
151.1 16.419 82.5951 3.24456 165.119
151.2 16.3618 82.6312 3.23464 165.083
151.3 16.3046 82.6673 3.22471 165.047
151.4 16.2473 82.7032 3.21477 165.011
151.5 16.1901 82.739 3.20481 164.975
151.6 16.1329 82.7747 3.19484 164.939
151.7 16.0757 82.8103 3.18486 164.904
151.8 16.0185 82.8457 3.17486 164.868
151.9 15.9612 82.8811 3.16485 164.833
152 15.904 82.9163 3.15483 164.798
152.1 15.8468 82.9514 3.1448 164.762
152.2 15.7897 82.9864 3.13475 164.727
152.3 15.7325 83.0213 3.12469 164.693
152.4 15.6753 83.0561 3.11462 164.658
152.5 15.6181 83.0907 3.10454 164.623
152.6 15.5609 83.1253 3.09444 164.589
152.7 15.5037 83.1597 3.08433 164.554
152.8 15.4466 83.194 3.07421 164.52
152.9 15.3894 83.2282 3.06407 164.486
153 15.3323 83.2623 3.05392 164.452
153.1 15.2751 83.2962 3.04377 164.418
153.2 15.2179 83.33 3.03359 164.384
153.3 15.1608 83.3638 3.02341 164.35
153.4 15.1037 83.3974 3.01321 164.316
153.5 15.0465 83.4309 3.003 164.283
153.6 14.9894 83.4642 2.99278 164.25
153.7 14.9322 83.4975 2.98255 164.216
153.8 14.8751 83.5306 2.97231 164.183
153.9 14.818 83.5636 2.96205 164.15
154 14.7609 83.5966 2.95178 164.117
154.1 14.7038 83.6293 2.9415 164.084
154.2 14.6466 83.662 2.9312 164.052
154.3 14.5895 83.6946 2.9209 164.019
154.4 14.5324 83.727 2.91058 163.987
154.5 14.4753 83.7593 2.90025 163.955
154.6 14.4182 83.7915 2.88991 163.922
154.7 14.3612 83.8236 2.87956 163.89
154.8 14.3041 83.8555 2.8692 163.858
154.9 14.247 83.8874 2.85882 163.826
155 14.1899 83.9191 2.84843 163.795
155.1 14.1328 83.9507 2.83803 163.763
155.2 14.0757 83.9822 2.82762 163.732
155.3 14.0187 84.0136 2.8172 163.7
155.4 13.9616 84.0448 2.80676 163.669
155.5 13.9046 84.0759 2.79632 163.638
155.6 13.8475 84.1069 2.78586 163.607
155.7 13.7904 84.1378 2.77539 163.576
155.8 13.7334 84.1686 2.76491 163.545
155.9 13.6763 84.1993 2.75442 163.515
156 13.6193 84.2298 2.74392 163.484
156.1 13.5623 84.2602 2.73341 163.454
156.2 13.5052 84.2905 2.72288 163.423
156.3 13.4482 84.3207 2.71235 163.393
156.4 13.3912 84.3507 2.7018 163.363
156.5 13.3341 84.3807 2.69124 163.333
156.6 13.2771 84.4105 2.68067 163.303
156.7 13.2201 84.4402 2.67009 163.274
156.8 13.1631 84.4697 2.6595 163.244
156.9 13.1061 84.4992 2.6489 163.215
157 13.0491 84.5285 2.63829 163.185
157.1 12.9921 84.5578 2.62767 163.156
157.2 12.9351 84.5868 2.61703 163.127
157.3 12.8781 84.6158 2.60639 163.098
157.4 12.8211 84.6447 2.59573 163.069
157.5 12.7641 84.6734 2.58506 163.04
157.6 12.7071 84.702 2.57439 163.012
157.7 12.6501 84.7305 2.5637 162.983
157.8 12.5932 84.7589 2.553 162.955
157.9 12.5362 84.7871 2.54229 162.927
158 12.4792 84.8152 2.53157 162.899
158.1 12.4222 84.8433 2.52084 162.871
158.2 12.3653 84.8711 2.5101 162.843
158.3 12.3083 84.8989 2.49935 162.815
158.4 12.2514 84.9265 2.48859 162.787
158.5 12.1944 84.9541 2.47782 162.76
158.6 12.1374 84.9815 2.46704 162.732
158.7 12.0805 85.0087 2.45625 162.705
158.8 12.0236 85.0359 2.44545 162.678
158.9 11.9666 85.0629 2.43464 162.651
159.001 11.9097 85.0898 2.42382 162.624
159.101 11.8527 85.1166 2.41298 162.597
159.201 11.7958 85.1433 2.40214 162.571
159.301 11.7389 85.1698 2.39129 162.544
159.401 11.6819 85.1963 2.38043 162.518
159.501 11.625 85.2226 2.36956 162.491
159.601 11.5681 85.2487 2.35868 162.465
159.701 11.5112 85.2748 2.34779 162.439
159.801 11.4543 85.3007 2.33689 162.413
159.901 11.3974 85.3265 2.32598 162.387
160.001 11.3404 85.3522 2.31506 162.362
160.101 11.2835 85.3778 2.30413 162.336
160.201 11.2266 85.4032 2.29319 162.311
160.301 11.1697 85.4285 2.28224 162.285
160.401 11.1128 85.4537 2.27128 162.26
160.501 11.056 85.4788 2.26032 162.235
160.601 10.9991 85.5037 2.24934 162.21
160.701 10.9422 85.5286 2.23836 162.185
160.801 10.8853 85.5533 2.22736 162.161
160.901 10.8284 85.5778 2.21636 162.136
161.001 10.7715 85.6023 2.20534 162.112
161.101 10.7147 85.6266 2.19432 162.087
161.201 10.6578 85.6508 2.18329 162.063
161.301 10.6009 85.6749 2.17225 162.039
161.401 10.544 85.6989 2.1612 162.015
161.501 10.4872 85.7227 2.15014 161.991
161.601 10.4303 85.7464 2.13907 161.967
161.701 10.3735 85.77 2.128 161.944
161.801 10.3166 85.7935 2.11691 161.92
161.901 10.2597 85.8168 2.10582 161.897
162.001 10.2029 85.84 2.09471 161.874
162.101 10.146 85.8631 2.0836 161.851
162.201 10.0892 85.8861 2.07248 161.828
162.301 10.0324 85.9089 2.06135 161.805
162.401 9.97552 85.9316 2.05022 161.782
162.501 9.91868 85.9542 2.03907 161.76
162.601 9.86185 85.9767 2.02792 161.737
162.701 9.80502 85.999 2.01675 161.715
162.801 9.74819 86.0212 2.00558 161.693
162.901 9.69136 86.0433 1.9944 161.67
163.001 9.63454 86.0653 1.98321 161.649
163.101 9.57771 86.0871 1.97202 161.627
163.201 9.52089 86.1089 1.96081 161.605
163.301 9.46408 86.1305 1.9496 161.583
163.401 9.40726 86.1519 1.93838 161.562
163.501 9.35045 86.1733 1.92715 161.541
163.601 9.29364 86.1945 1.91591 161.519
163.701 9.23684 86.2156 1.90467 161.498
163.801 9.18003 86.2365 1.89342 161.477
163.901 9.12323 86.2574 1.88216 161.456
164.001 9.06643 86.2781 1.87089 161.436
164.101 9.00963 86.2987 1.85961 161.415
164.201 8.95284 86.3191 1.84833 161.395
164.301 8.89605 86.3395 1.83704 161.374
164.401 8.83926 86.3597 1.82574 161.354
164.501 8.78247 86.3798 1.81443 161.334
164.601 8.72568 86.3997 1.80311 161.314
164.701 8.6689 86.4196 1.79179 161.294
164.801 8.61212 86.4393 1.78046 161.275
164.901 8.55534 86.4588 1.76913 161.255
165.001 8.49856 86.4783 1.75778 161.236
165.101 8.44179 86.4976 1.74643 161.216
165.201 8.38502 86.5168 1.73507 161.197
165.301 8.32825 86.5359 1.7237 161.178
165.401 8.27148 86.5548 1.71233 161.159
165.501 8.21471 86.5737 1.70095 161.14
165.601 8.15795 86.5924 1.68956 161.121
165.701 8.10119 86.6109 1.67817 161.103
165.801 8.04443 86.6294 1.66677 161.084
165.901 7.98768 86.6477 1.65536 161.066
166.001 7.93092 86.6659 1.64394 161.048
166.101 7.87417 86.6839 1.63252 161.03
166.201 7.81742 86.7019 1.62109 161.012
166.301 7.76067 86.7197 1.60965 160.994
166.401 7.70392 86.7374 1.59821 160.976
166.501 7.64718 86.7549 1.58676 160.959
166.601 7.59044 86.7723 1.5753 160.941
166.701 7.5337 86.7896 1.56384 160.924
166.801 7.47696 86.8068 1.55237 160.907
166.901 7.42022 86.8238 1.54089 160.89
167.001 7.36349 86.8408 1.52941 160.873
167.101 7.30675 86.8576 1.51792 160.856
167.201 7.25002 86.8742 1.50643 160.84
167.301 7.1933 86.8907 1.49492 160.823
167.401 7.13657 86.9072 1.48342 160.807
167.501 7.07984 86.9234 1.4719 160.79
167.601 7.02312 86.9396 1.46038 160.774
167.701 6.9664 86.9556 1.44886 160.758
167.801 6.90968 86.9715 1.43732 160.742
167.901 6.85296 86.9873 1.42578 160.727
168.001 6.79625 87.0029 1.41424 160.711
168.101 6.73953 87.0184 1.40269 160.695
168.201 6.68282 87.0338 1.39113 160.68
168.301 6.62611 87.0491 1.37957 160.665
168.401 6.5694 87.0642 1.368 160.65
168.501 6.51269 87.0792 1.35643 160.635
168.601 6.45599 87.0941 1.34485 160.62
168.701 6.39929 87.1088 1.33326 160.605
168.801 6.34258 87.1234 1.32167 160.59
168.901 6.28588 87.1379 1.31008 160.576
169.001 6.22919 87.1523 1.29847 160.562
169.101 6.17249 87.1665 1.28687 160.547
169.201 6.11579 87.1806 1.27525 160.533
169.301 6.0591 87.1946 1.26364 160.519
169.401 6.00241 87.2084 1.25201 160.505
169.501 5.94572 87.2221 1.24038 160.492
169.601 5.88903 87.2357 1.22875 160.478
169.701 5.83234 87.2492 1.21711 160.465
169.801 5.77565 87.2625 1.20547 160.451
169.901 5.71897 87.2757 1.19382 160.438
170.001 5.66229 87.2888 1.18216 160.425
170.101 5.6056 87.3017 1.1705 160.412
170.201 5.54892 87.3145 1.15884 160.399
170.301 5.49225 87.3272 1.14717 160.387
170.401 5.43557 87.3398 1.1355 160.374
170.501 5.37889 87.3522 1.12382 160.362
170.601 5.32222 87.3645 1.11213 160.349
170.701 5.26555 87.3767 1.10045 160.337
170.801 5.20887 87.3887 1.08875 160.325
170.901 5.1522 87.4006 1.07705 160.313
171.001 5.09554 87.4124 1.06535 160.301
171.101 5.03887 87.4241 1.05365 160.29
171.201 4.9822 87.4356 1.04194 160.278
171.301 4.92554 87.447 1.03022 160.267
171.401 4.86887 87.4583 1.0185 160.256
171.501 4.81221 87.4694 1.00678 160.244
171.601 4.75555 87.4804 0.995048 160.233
171.701 4.69889 87.4913 0.983316 160.223
171.801 4.64223 87.502 0.971579 160.212
171.901 4.58557 87.5127 0.959839 160.201
172.001 4.52892 87.5232 0.948094 160.191
172.101 4.47226 87.5335 0.936345 160.18
172.201 4.41561 87.5437 0.924592 160.17
172.301 4.35896 87.5538 0.912836 160.16
172.401 4.30231 87.5638 0.901075 160.15
172.501 4.24565 87.5737 0.889311 160.14
172.601 4.18901 87.5834 0.877543 160.13
172.701 4.13236 87.593 0.865772 160.121
172.801 4.07571 87.6024 0.853996 160.111
172.901 4.01906 87.6117 0.842217 160.102
173.001 3.96242 87.6209 0.830435 160.093
173.101 3.90578 87.63 0.818649 160.084
173.201 3.84913 87.6389 0.806859 160.075
173.301 3.79249 87.6477 0.795066 160.066
173.401 3.73585 87.6564 0.78327 160.057
173.501 3.67921 87.665 0.77147 160.049
173.601 3.62257 87.6734 0.759668 160.04
173.701 3.56593 87.6817 0.747861 160.032
173.801 3.5093 87.6898 0.736052 160.024
173.901 3.45266 87.6978 0.72424 160.016
174.001 3.39602 87.7057 0.712424 160.008
174.101 3.33939 87.7135 0.700606 160
174.201 3.28276 87.7211 0.688785 159.993
174.301 3.22612 87.7286 0.67696 159.985
174.401 3.16949 87.736 0.665133 159.978
174.501 3.11286 87.7433 0.653303 159.971
174.601 3.05623 87.7504 0.641471 159.963
174.701 2.9996 87.7573 0.629635 159.956
174.801 2.94297 87.7642 0.617797 159.95
174.901 2.88634 87.7709 0.605956 159.943
175.001 2.82972 87.7775 0.594113 159.936
175.101 2.77309 87.784 0.582267 159.93
175.201 2.71646 87.7903 0.570419 159.924
175.301 2.65984 87.7965 0.558568 159.917
175.402 2.60321 87.8026 0.546715 159.911
175.502 2.54659 87.8085 0.53486 159.905
175.602 2.48997 87.8143 0.523002 159.899
175.702 2.43335 87.82 0.511142 159.894
175.802 2.37672 87.8256 0.49928 159.888
175.902 2.3201 87.831 0.487416 159.883
176.002 2.26348 87.8363 0.47555 159.878
176.102 2.20686 87.8414 0.463682 159.872
176.202 2.15024 87.8465 0.451812 159.867
176.302 2.09362 87.8514 0.43994 159.862
176.402 2.03701 87.8561 0.428066 159.858
176.502 1.98039 87.8608 0.41619 159.853
176.602 1.92377 87.8653 0.404312 159.849
176.702 1.86715 87.8697 0.392433 159.844
176.802 1.81054 87.8739 0.380552 159.84
176.902 1.75392 87.878 0.36867 159.836
177.002 1.69731 87.882 0.356786 159.832
177.102 1.64069 87.8859 0.3449 159.828
177.202 1.58408 87.8896 0.333013 159.824
177.302 1.52746 87.8932 0.321125 159.821
177.402 1.47085 87.8966 0.309235 159.817
177.502 1.41424 87.9 0.297344 159.814
177.602 1.35763 87.9032 0.285451 159.811
177.702 1.30101 87.9062 0.273558 159.808
177.802 1.2444 87.9092 0.261663 159.805
177.902 1.18779 87.912 0.249767 159.802
178.002 1.13118 87.9147 0.23787 159.799
178.102 1.07457 87.9172 0.225972 159.797
178.202 1.01796 87.9196 0.214074 159.794
178.302 0.961344 87.9219 0.202174 159.792
178.402 0.904734 87.9241 0.190273 159.79
178.502 0.848124 87.9261 0.178372 159.788
178.602 0.791514 87.928 0.166469 159.786
178.702 0.734904 87.9297 0.154567 159.784
178.802 0.678295 87.9314 0.142663 159.782
178.902 0.621685 87.9329 0.130759 159.781
179.002 0.565076 87.9342 0.118854 159.78
179.102 0.508467 87.9355 0.106949 159.778
179.202 0.451858 87.9366 0.0950432 159.777
179.302 0.395249 87.9376 0.0831371 159.776
179.402 0.33864 87.9384 0.0712307 159.775
179.502 0.282032 87.9391 0.0593239 159.775
179.602 0.225423 87.9397 0.0474169 159.774
179.702 0.168815 87.9402 0.0355097 159.774
179.802 0.112206 87.9405 0.0236024 159.773
179.902 0.055598 87.9407 0.0116949 159.773
