0 180 1.95078 0 188.116
0.1 179.652 1.95083 0.0098325 188.116
0.2 179.303 1.95099 0.019665 188.116
0.3 178.955 1.95124 0.0294974 188.116
0.4 178.607 1.9516 0.0393298 188.116
0.5 178.258 1.95206 0.0491621 188.115
0.6 177.91 1.95262 0.0589942 188.115
0.7 177.562 1.95329 0.0688263 188.114
0.8 177.214 1.95405 0.0786582 188.113
0.9 176.866 1.95492 0.0884899 188.112
1 176.518 1.95589 0.0983214 188.111
1.1 176.171 1.95697 0.108153 188.11
1.2 175.823 1.95814 0.117984 188.109
1.3 175.476 1.95942 0.127815 188.108
1.4 175.129 1.9608 0.137645 188.106
1.5 174.783 1.96228 0.147475 188.105
1.6 174.436 1.96387 0.157305 188.103
1.7 174.09 1.96555 0.167135 188.102
1.8 173.744 1.96734 0.176964 188.1
1.9 173.398 1.96923 0.186793 188.098
2 173.052 1.97123 0.196621 188.096
2.1 172.707 1.97332 0.206449 188.094
2.2 172.362 1.97552 0.216277 188.092
2.3 172.018 1.97782 0.226104 188.089
2.4 171.674 1.98022 0.23593 188.087
2.5 171.33 1.98273 0.245756 188.084
2.6 170.986 1.98533 0.255582 188.082
2.7 170.643 1.98804 0.265407 188.079
2.8 170.301 1.99085 0.275231 188.076
2.9 169.959 1.99376 0.285055 188.073
3 169.617 1.99678 0.294878 188.07
3.1 169.275 1.99989 0.3047 188.067
3.2 168.935 2.00311 0.314522 188.064
3.3 168.594 2.00643 0.324343 188.061
3.4 168.254 2.00986 0.334164 188.057
3.5 167.915 2.01338 0.343983 188.054
3.6 167.576 2.01701 0.353802 188.05
3.7 167.238 2.02074 0.36362 188.046
3.8 166.9 2.02457 0.373437 188.043
3.9 166.562 2.0285 0.383254 188.039
4 166.226 2.03254 0.39307 188.035
4.1 165.889 2.03668 0.402884 188.03
4.2 165.554 2.04092 0.412698 188.026
4.3 165.219 2.04526 0.422511 188.022
4.4 164.885 2.0497 0.432323 188.017
4.5 164.551 2.05424 0.442135 188.013
4.6 164.218 2.05889 0.451945 188.008
4.7 163.885 2.06364 0.461754 188.003
4.8 163.553 2.06849 0.471562 187.999
4.9 163.222 2.07344 0.481369 187.994
5 162.892 2.0785 0.491175 187.989
5.1 162.562 2.08365 0.50098 187.983
5.2 162.233 2.08891 0.510784 187.978
5.3 161.905 2.09427 0.520587 187.973
5.4 161.577 2.09973 0.530388 187.967
5.5 161.25 2.1053 0.540189 187.962
5.6 160.924 2.11096 0.549988 187.956
5.7 160.598 2.11673 0.559786 187.95
5.8 160.274 2.1226 0.569583 187.945
5.9 159.95 2.12857 0.579378 187.939
6 159.626 2.13464 0.589173 187.932
6.1 159.304 2.14082 0.598966 187.926
6.2 158.982 2.14709 0.608757 187.92
6.3 158.662 2.15347 0.618548 187.914
6.4 158.342 2.15995 0.628337 187.907
6.5 158.022 2.16653 0.638124 187.901
6.6 157.704 2.17321 0.64791 187.894
6.7 157.387 2.17999 0.657695 187.887
6.8 157.07 2.18688 0.667478 187.88
6.9 156.754 2.19387 0.67726 187.873
7 156.439 2.20095 0.687041 187.866
7.1 156.125 2.20814 0.69682 187.859
7.2 155.812 2.21543 0.706597 187.852
7.3 155.499 2.22283 0.716373 187.844
7.4 155.188 2.23032 0.726147 187.837
7.5 154.877 2.23792 0.735919 187.829
7.6 154.567 2.24561 0.74569 187.822
7.7 154.258 2.25341 0.75546 187.814
7.79999 153.95 2.26131 0.765227 187.806
7.89999 153.643 2.26931 0.774993 187.798
7.99999 153.337 2.27741 0.784758 187.79
8.09999 153.032 2.28562 0.79452 187.782
8.2 152.727 2.29392 0.804281 187.773
8.3 152.424 2.30233 0.81404 187.765
8.4 152.121 2.31083 0.823797 187.756
8.5 151.82 2.31944 0.833553 187.748
8.6 151.519 2.32815 0.843306 187.739
8.7 151.219 2.33696 0.853058 187.73
8.8 150.921 2.34587 0.862808 187.721
8.9 150.623 2.35488 0.872556 187.712
9 150.326 2.364 0.882302 187.703
9.1 150.03 2.37321 0.892046 187.694
9.2 149.735 2.38253 0.901788 187.685
9.3 149.441 2.39194 0.911529 187.675
9.4 149.148 2.40146 0.921267 187.666
9.5 148.856 2.41108 0.931003 187.656
9.6 148.565 2.4208 0.940737 187.646
9.7 148.275 2.43062 0.950469 187.637
9.8 147.985 2.44054 0.960199 187.627
9.9 147.697 2.45056 0.969927 187.617
10 147.41 2.46068 0.979652 187.606
10.1 147.124 2.4709 0.989376 187.596
10.2 146.838 2.48122 0.999097 187.586
10.3 146.554 2.49165 1.00882 187.575
10.4 146.271 2.50217 1.01853 187.565
10.5 145.988 2.5128 1.02825 187.554
10.6 145.707 2.52352 1.03796 187.544
10.7 145.427 2.53435 1.04767 187.533
10.8 145.147 2.54527 1.05738 187.522
10.9 144.869 2.5563 1.06708 187.511
11 144.591 2.56743 1.07679 187.5
11.1 144.315 2.57866 1.08649 187.488
11.2 144.04 2.58998 1.09619 187.477
11.3 143.765 2.60141 1.10588 187.466
11.4 143.492 2.61294 1.11558 187.454
11.5 143.219 2.62457 1.12527 187.443
11.6 142.948 2.6363 1.13495 187.431
11.7 142.677 2.64813 1.14464 187.419
11.8 142.407 2.66006 1.15432 187.407
11.9 142.139 2.67208 1.16401 187.395
12 141.871 2.68421 1.17368 187.383
12.1 141.605 2.69644 1.18336 187.371
12.2 141.339 2.70877 1.19303 187.358
12.3 141.074 2.7212 1.2027 187.346
12.4 140.811 2.73373 1.21237 187.333
12.5 140.548 2.74636 1.22204 187.321
12.6 140.286 2.75909 1.2317 187.308
12.7 140.026 2.77192 1.24136 187.295
12.8 139.766 2.78484 1.25102 187.282
12.9 139.507 2.79787 1.26067 187.269
13 139.249 2.811 1.27032 187.256
13.1 138.992 2.82423 1.27997 187.243
13.2 138.736 2.83755 1.28962 187.23
13.3 138.482 2.85098 1.29926 187.216
13.4 138.228 2.86451 1.3089 187.203
13.5 137.975 2.87813 1.31854 187.189
13.6 137.722 2.89186 1.32817 187.175
13.7 137.471 2.90568 1.3378 187.161
13.8 137.221 2.9196 1.34743 187.148
13.9 136.972 2.93363 1.35706 187.133
14 136.724 2.94775 1.36668 187.119
14.1 136.477 2.96197 1.3763 187.105
14.2 136.23 2.97629 1.38591 187.091
14.3 135.985 2.99071 1.39553 187.076
14.4 135.74 3.00523 1.40514 187.062
14.5 135.497 3.01984 1.41474 187.047
14.6 135.254 3.03456 1.42435 187.033
14.7 135.013 3.04938 1.43395 187.018
14.8 134.772 3.06429 1.44355 187.003
14.9 134.532 3.0793 1.45314 186.988
15 134.293 3.09441 1.46273 186.973
15.1 134.055 3.10963 1.47232 186.957
15.2 133.818 3.12493 1.48191 186.942
15.3 133.582 3.14034 1.49149 186.927
15.4 133.347 3.15585 1.50106 186.911
15.5 133.112 3.17145 1.51064 186.896
15.6 132.879 3.18716 1.52021 186.88
15.7 132.647 3.20296 1.52978 186.864
15.8 132.415 3.21886 1.53934 186.848
15.9 132.184 3.23486 1.54891 186.832
16 131.954 3.25096 1.55846 186.816
16.1 131.725 3.26715 1.56802 186.8
16.2 131.497 3.28345 1.57757 186.784
16.3 131.27 3.29984 1.58712 186.767
16.4 131.044 3.31633 1.59666 186.751
16.5 130.818 3.33292 1.6062 186.734
16.6 130.594 3.3496 1.61574 186.718
16.7 130.37 3.36639 1.62527 186.701
16.8 130.147 3.38327 1.6348 186.684
16.9 129.925 3.40025 1.64433 186.667
17 129.704 3.41733 1.65385 186.65
17.1 129.484 3.4345 1.66337 186.633
17.2 129.265 3.45178 1.67288 186.615
17.3 129.046 3.46915 1.68239 186.598
17.4 128.828 3.48662 1.6919 186.581
17.5 128.611 3.50418 1.7014 186.563
17.6 128.395 3.52185 1.7109 186.545
17.7 128.18 3.53961 1.7204 186.528
17.8 127.966 3.55747 1.72989 186.51
17.9 127.752 3.57542 1.73938 186.492
18 127.539 3.59348 1.74887 186.474
18.1 127.327 3.61163 1.75835 186.455
18.2 127.116 3.62987 1.76782 186.437
18.3 126.906 3.64822 1.7773 186.419
18.4 126.696 3.66666 1.78676 186.4
18.5 126.488 3.6852 1.79623 186.382
18.6 126.28 3.70383 1.80569 186.363
18.7 126.073 3.72257 1.81515 186.345
18.8 125.866 3.7414 1.8246 186.326
18.9 125.661 3.76032 1.83405 186.307
19 125.456 3.77935 1.84349 186.288
19.1 125.252 3.79847 1.85293 186.269
19.2 125.048 3.81768 1.86237 186.249
19.3 124.846 3.83699 1.8718 186.23
19.4 124.644 3.8564 1.88123 186.211
19.5 124.443 3.87591 1.89065 186.191
19.6 124.243 3.89551 1.90007 186.172
19.7 124.044 3.91521 1.90949 186.152
19.8 123.845 3.93501 1.9189 186.132
19.9 123.647 3.9549 1.92831 186.112
20 123.45 3.97488 1.93771 186.092
20.1 123.253 3.99497 1.94711 186.072
20.2 123.058 4.01515 1.9565 186.052
20.3 122.863 4.03542 1.96589 186.032
20.4 122.668 4.05579 1.97528 186.011
20.5 122.475 4.07626 1.98466 185.991
20.6 122.282 4.09682 1.99404 185.97
20.7 122.09 4.11748 2.00341 185.95
20.8 121.898 4.13823 2.01278 185.929
20.9 121.707 4.15908 2.02214 185.908
21 121.517 4.18003 2.0315 185.887
21.1 121.328 4.20107 2.04085 185.866
21.2 121.139 4.2222 2.0502 185.845
21.3 120.952 4.24344 2.05954 185.824
21.4 120.764 4.26476 2.06888 185.802
21.5 120.578 4.28618 2.07822 185.781
21.6 120.392 4.3077 2.08755 185.759
21.7 120.207 4.32931 2.09688 185.738
21.8 120.022 4.35102 2.1062 185.716
21.9 119.838 4.37282 2.11552 185.694
22 119.655 4.39472 2.12483 185.672
22.1 119.472 4.41671 2.13414 185.65
22.2 119.29 4.43879 2.14344 185.628
22.3 119.109 4.46097 2.15274 185.606
22.4 118.929 4.48325 2.16203 185.584
22.5 118.749 4.50562 2.17132 185.562
22.6 118.569 4.52808 2.1806 185.539
22.7001 118.391 4.55064 2.18988 185.516
22.8001 118.213 4.5733 2.19915 185.494
22.9001 118.035 4.59604 2.20842 185.471
23.0001 117.858 4.61889 2.21768 185.448
23.1001 117.682 4.64182 2.22694 185.425
23.2001 117.507 4.66485 2.2362 185.402
23.3001 117.332 4.68797 2.24544 185.379
23.4001 117.157 4.71119 2.25469 185.356
23.5001 116.984 4.7345 2.26393 185.333
23.6001 116.811 4.75791 2.27316 185.309
23.7001 116.638 4.78141 2.28239 185.286
23.8001 116.466 4.805 2.29161 185.262
23.9001 116.295 4.82868 2.30083 185.238
24.0001 116.124 4.85246 2.31004 185.215
24.1001 115.954 4.87634 2.31925 185.191
24.2001 115.785 4.9003 2.32845 185.167
24.3001 115.616 4.92436 2.33765 185.143
24.4001 115.447 4.94852 2.34684 185.119
24.5001 115.279 4.97276 2.35603 185.094
24.6001 115.112 4.9971 2.36521 185.07
24.7001 114.945 5.02153 2.37439 185.046
24.8001 114.779 5.04606 2.38356 185.021
24.9001 114.614 5.07067 2.39272 184.996
25.0001 114.449 5.09538 2.40188 184.972
25.1001 114.284 5.12019 2.41104 184.947
25.2001 114.12 5.14508 2.42018 184.922
25.3001 113.957 5.17007 2.42933 184.897
25.4001 113.794 5.19515 2.43847 184.872
25.5001 113.632 5.22032 2.4476 184.847
25.6001 113.47 5.24559 2.45673 184.822
25.7001 113.309 5.27094 2.46585 184.796
25.8001 113.149 5.29639 2.47496 184.771
25.9001 112.988 5.32193 2.48407 184.745
26.0001 112.829 5.34757 2.49318 184.72
26.1001 112.67 5.37329 2.50228 184.694
26.2001 112.511 5.39911 2.51137 184.668
26.3001 112.353 5.42502 2.52046 184.642
26.4001 112.196 5.45102 2.52954 184.616
26.5001 112.039 5.47711 2.53862 184.59
26.6001 111.882 5.50329 2.54769 184.564
26.7001 111.726 5.52957 2.55676 184.538
26.8001 111.571 5.55594 2.56581 184.511
26.9001 111.416 5.58239 2.57487 184.485
27.0001 111.261 5.60894 2.58392 184.458
27.1001 111.107 5.63558 2.59296 184.432
27.2001 110.954 5.66231 2.60199 184.405
27.3001 110.801 5.68913 2.61102 184.378
27.4001 110.648 5.71605 2.62005 184.351
27.5001 110.496 5.74305 2.62907 184.324
27.6001 110.344 5.77014 2.63808 184.297
27.7001 110.193 5.79733 2.64708 184.27
27.8001 110.042 5.8246 2.65609 184.243
27.9001 109.892 5.85197 2.66508 184.215
28.0001 109.743 5.87943 2.67407 184.188
28.1001 109.593 5.90697 2.68305 184.16
28.2001 109.444 5.93461 2.69203 184.133
28.3001 109.296 5.96233 2.701 184.105
28.4001 109.148 5.99015 2.70996 184.077
28.5001 109.001 6.01806 2.71892 184.049
28.6001 108.854 6.04605 2.72787 184.021
28.7001 108.707 6.07414 2.73682 183.993
28.8001 108.561 6.10232 2.74575 183.965
28.9001 108.415 6.13058 2.75469 183.937
29.0001 108.27 6.15894 2.76361 183.908
29.1001 108.125 6.18738 2.77253 183.88
29.2001 107.981 6.21591 2.78145 183.851
29.3001 107.837 6.24454 2.79036 183.823
29.4001 107.694 6.27325 2.79926 183.794
29.5001 107.551 6.30205 2.80815 183.765
29.6001 107.408 6.33094 2.81704 183.736
29.7001 107.266 6.35992 2.82592 183.707
29.8001 107.124 6.38899 2.8348 183.678
29.9001 106.982 6.41814 2.84367 183.649
30.0001 106.841 6.44739 2.85253 183.62
30.1001 106.701 6.47672 2.86139 183.59
30.2001 106.561 6.50614 2.87024 183.561
30.3001 106.421 6.53565 2.87908 183.531
30.4001 106.282 6.56525 2.88792 183.502
30.5001 106.143 6.59494 2.89675 183.472
30.6001 106.004 6.62471 2.90557 183.442
30.7001 105.866 6.65458 2.91439 183.413
30.8001 105.728 6.68453 2.9232 183.383
30.9001 105.591 6.71457 2.932 183.353
31.0001 105.454 6.74469 2.9408 183.322
31.1001 105.317 6.77491 2.94959 183.292
31.2001 105.181 6.80521 2.95838 183.262
31.3001 105.045 6.8356 2.96715 183.232
31.4001 104.909 6.86607 2.97592 183.201
31.5001 104.774 6.89664 2.98469 183.17
31.6001 104.64 6.92729 2.99344 183.14
31.7001 104.505 6.95803 3.00219 183.109
31.8001 104.371 6.98885 3.01093 183.078
31.9001 104.238 7.01976 3.01967 183.047
32.0001 104.104 7.05076 3.0284 183.016
32.1001 103.972 7.08185 3.03712 182.985
32.2001 103.839 7.11302 3.04584 182.954
32.3001 103.707 7.14428 3.05454 182.923
32.4001 103.575 7.17562 3.06325 182.892
32.5001 103.444 7.20705 3.07194 182.86
32.6001 103.312 7.23857 3.08063 182.829
32.7001 103.182 7.27017 3.08931 182.797
32.8001 103.051 7.30186 3.09798 182.765
32.9001 102.921 7.33363 3.10664 182.733
33.0001 102.792 7.3655 3.1153 182.702
33.1001 102.662 7.39744 3.12395 182.67
33.2001 102.533 7.42947 3.1326 182.638
33.3001 102.404 7.46159 3.14124 182.606
33.4001 102.276 7.4938 3.14987 182.573
33.5001 102.148 7.52608 3.15849 182.541
33.6001 102.02 7.55846 3.1671 182.509
33.7001 101.893 7.59092 3.17571 182.476
33.8001 101.766 7.62346 3.18431 182.444
33.9001 101.639 7.65609 3.19291 182.411
34.0001 101.513 7.6888 3.20149 182.378
34.1001 101.387 7.7216 3.21007 182.346
34.2001 101.261 7.75448 3.21864 182.313
34.3 101.136 7.78745 3.22721 182.28
34.4 101.011 7.8205 3.23576 182.247
34.5 100.886 7.85364 3.24431 182.213
34.6 100.761 7.88686 3.25285 182.18
34.7 100.637 7.92017 3.26139 182.147
34.8 100.513 7.95356 3.26991 182.114
34.9 100.39 7.98703 3.27843 182.08
35 100.267 8.02059 3.28695 182.047
35.1 100.144 8.05423 3.29545 182.013
35.2 100.021 8.08795 3.30395 181.979
35.3 99.8987 8.12176 3.31243 181.945
35.4 99.7767 8.15565 3.32092 181.911
35.5 99.6549 8.18962 3.32939 181.877
35.6 99.5335 8.22368 3.33786 181.843
35.7 99.4123 8.25782 3.34631 181.809
35.8 99.2915 8.29205 3.35476 181.775
35.9 99.1709 8.32635 3.36321 181.741
36 99.0506 8.36074 3.37164 181.706
36.1 98.9307 8.39522 3.38007 181.672
36.2 98.8109 8.42977 3.38849 181.637
36.3 98.6915 8.46441 3.3969 181.603
36.4 98.5724 8.49913 3.4053 181.568
36.5 98.4535 8.53393 3.4137 181.533
36.6 98.335 8.56881 3.42209 181.498
36.7 98.2167 8.60378 3.43046 181.463
36.8 98.0986 8.63883 3.43884 181.428
36.9 97.9809 8.67396 3.4472 181.393
37 97.8634 8.70917 3.45556 181.358
37.1 97.7462 8.74446 3.4639 181.323
37.2 97.6292 8.77984 3.47224 181.287
37.3 97.5126 8.8153 3.48058 181.252
37.4 97.3962 8.85083 3.4889 181.216
37.5 97.28 8.88645 3.49722 181.181
37.6 97.1641 8.92215 3.50552 181.145
37.7 97.0485 8.95794 3.51382 181.109
37.8 96.9332 8.9938 3.52211 181.073
37.9 96.8181 9.02974 3.5304 181.037
38 96.7032 9.06576 3.53867 181.001
38.1 96.5886 9.10187 3.54694 180.965
38.2 96.4743 9.13805 3.5552 180.929
38.3 96.3602 9.17432 3.56345 180.893
38.4 96.2464 9.21066 3.57169 180.856
38.5 96.1328 9.24709 3.57992 180.82
38.6 96.0195 9.28359 3.58815 180.784
38.7 95.9064 9.32018 3.59636 180.747
38.8 95.7936 9.35684 3.60457 180.71
38.9 95.681 9.39359 3.61277 180.674
39 95.5686 9.43041 3.62096 180.637
39.1 95.4565 9.46732 3.62915 180.6
39.2 95.3446 9.5043 3.63732 180.563
39.3 95.233 9.54136 3.64549 180.526
39.4 95.1216 9.5785 3.65364 180.489
39.5 95.0105 9.61572 3.66179 180.451
39.6 94.8995 9.65302 3.66993 180.414
39.7 94.7889 9.6904 3.67806 180.377
39.8 94.6784 9.72786 3.68619 180.339
39.9 94.5682 9.76539 3.6943 180.302
40 94.4582 9.80301 3.70241 180.264
40.1 94.3484 9.8407 3.71051 180.226
40.2 94.2389 9.87847 3.71859 180.189
40.3 94.1296 9.91632 3.72667 180.151
40.4 94.0205 9.95424 3.73475 180.113
40.5 93.9116 9.99225 3.74281 180.075
40.6 93.803 10.0303 3.75086 180.037
40.7 93.6946 10.0685 3.75891 179.999
40.7999 93.5863 10.1067 3.76694 179.96
40.8999 93.4784 10.145 3.77497 179.922
40.9999 93.3706 10.1834 3.78299 179.884
41.0999 93.2631 10.2219 3.791 179.845
41.1999 93.1557 10.2604 3.799 179.807
41.2999 93.0486 10.2991 3.80699 179.768
41.3999 92.9417 10.3378 3.81497 179.729
41.4999 92.835 10.3765 3.82295 179.691
41.5999 92.7285 10.4154 3.83091 179.652
41.6999 92.6222 10.4543 3.83887 179.613
41.7999 92.5162 10.4933 3.84682 179.574
41.8999 92.4103 10.5324 3.85475 179.535
41.9999 92.3046 10.5716 3.86268 179.496
42.0999 92.1992 10.6108 3.8706 179.456
42.1999 92.0939 10.6501 3.87851 179.417
42.2999 91.9889 10.6895 3.88641 179.378
42.3999 91.884 10.729 3.89431 179.338
42.4999 91.7794 10.7685 3.90219 179.299
42.5999 91.675 10.8081 3.91006 179.259
42.6999 91.5707 10.8478 3.91793 179.219
42.7999 91.4667 10.8876 3.92578 179.18
42.8999 91.3628 10.9274 3.93363 179.14
42.9999 91.2591 10.9673 3.94146 179.1
43.0999 91.1557 11.0073 3.94929 179.06
43.1999 91.0524 11.0474 3.95711 179.02
43.2999 90.9493 11.0875 3.96492 178.98
43.3999 90.8464 11.1277 3.97272 178.939
43.4999 90.7437 11.168 3.98051 178.899
43.5999 90.6412 11.2084 3.98829 178.859
43.6999 90.5389 11.2488 3.99606 178.818
43.7999 90.4367 11.2893 4.00382 178.778
43.8999 90.3348 11.3299 4.01157 178.737
43.9999 90.233 11.3705 4.01932 178.697
44.0999 90.1314 11.4113 4.02705 178.656
44.1999 90.03 11.4521 4.03477 178.615
44.2999 89.9288 11.4929 4.04249 178.574
44.3999 89.8278 11.5339 4.05019 178.533
44.4999 89.7269 11.5749 4.05789 178.492
44.5999 89.6262 11.616 4.06557 178.451
44.6999 89.5257 11.6572 4.07325 178.41
44.7999 89.4254 11.6984 4.08091 178.369
44.8999 89.3253 11.7397 4.08857 178.327
44.9999 89.2253 11.7811 4.09621 178.286
45.0999 89.1255 11.8226 4.10385 178.245
45.1999 89.0259 11.8641 4.11148 178.203
45.2999 88.9264 11.9057 4.11909 178.161
45.3999 88.8271 11.9474 4.1267 178.12
45.4999 88.728 11.9891 4.1343 178.078
45.5999 88.6291 12.0309 4.14189 178.036
45.6999 88.5303 12.0728 4.14946 177.994
45.7999 88.4317 12.1148 4.15703 177.952
45.8999 88.3333 12.1568 4.16459 177.91
45.9999 88.235 12.1989 4.17214 177.868
46.0999 88.1369 12.2411 4.17968 177.826
46.1999 88.039 12.2833 4.1872 177.784
46.2999 87.9412 12.3256 4.19472 177.741
46.3999 87.8436 12.368 4.20223 177.699
46.4999 87.7461 12.4105 4.20973 177.657
46.5999 87.6488 12.453 4.21722 177.614
46.6999 87.5517 12.4956 4.22469 177.572
46.7999 87.4547 12.5383 4.23216 177.529
46.8999 87.3579 12.581 4.23962 177.486
46.9999 87.2613 12.6238 4.24707 177.443
47.0999 87.1648 12.6667 4.2545 177.4
47.1999 87.0684 12.7096 4.26193 177.358
47.2999 86.9723 12.7526 4.26935 177.314
47.3998 86.8762 12.7957 4.27675 177.271
47.4998 86.7804 12.8389 4.28415 177.228
47.5998 86.6846 12.8821 4.29154 177.185
47.6998 86.5891 12.9254 4.29891 177.142
47.7998 86.4936 12.9687 4.30628 177.098
47.8998 86.3984 13.0122 4.31363 177.055
47.9998 86.3033 13.0557 4.32098 177.011
48.0998 86.2083 13.0992 4.32831 176.968
48.1998 86.1135 13.1429 4.33563 176.924
48.2998 86.0188 13.1866 4.34295 176.881
48.3998 85.9243 13.2303 4.35025 176.837
48.4998 85.8299 13.2742 4.35754 176.793
48.5998 85.7357 13.3181 4.36483 176.749
48.6998 85.6416 13.3621 4.3721 176.705
48.7998 85.5476 13.4061 4.37936 176.661
48.8998 85.4538 13.4502 4.38661 176.617
48.9998 85.3602 13.4944 4.39385 176.573
49.0998 85.2667 13.5386 4.40108 176.529
49.1998 85.1733 13.5829 4.4083 176.484
49.2998 85.0801 13.6273 4.4155 176.44
49.3998 84.987 13.6717 4.4227 176.395
49.4998 84.894 13.7163 4.42989 176.351
49.5998 84.8012 13.7608 4.43706 176.306
49.6998 84.7085 13.8055 4.44423 176.262
49.7998 84.616 13.8502 4.45138 176.217
49.8998 84.5236 13.895 4.45853 176.172
49.9998 84.4313 13.9398 4.46566 176.127
50.0998 84.3392 13.9847 4.47278 176.082
50.1998 84.2472 14.0297 4.47989 176.037
50.2998 84.1553 14.0747 4.48699 175.992
50.3998 84.0636 14.1198 4.49408 175.947
50.4998 83.972 14.165 4.50116 175.902
50.5998 83.8805 14.2102 4.50823 175.857
50.6998 83.7892 14.2555 4.51528 175.812
50.7998 83.698 14.3009 4.52233 175.766
50.8998 83.6069 14.3463 4.52936 175.721
50.9998 83.516 14.3918 4.53639 175.675
51.0998 83.4252 14.4373 4.5434 175.63
51.1998 83.3345 14.483 4.5504 175.584
51.2998 83.2439 14.5286 4.55739 175.538
51.3998 83.1535 14.5744 4.56437 175.493
51.4998 83.0632 14.6202 4.57134 175.447
51.5998 82.973 14.6661 4.5783 175.401
51.6998 82.883 14.712 4.58524 175.355
51.7998 82.793 14.758 4.59218 175.309
51.8998 82.7032 14.8041 4.5991 175.263
51.9998 82.6135 14.8502 4.60601 175.217
52.0998 82.524 14.8964 4.61291 175.171
52.1998 82.4345 14.9427 4.6198 175.124
52.2998 82.3452 14.989 4.62668 175.078
52.3998 82.256 15.0354 4.63355 175.032
52.4998 82.167 15.0818 4.6404 174.985
52.5998 82.078 15.1283 4.64725 174.939
52.6998 81.9892 15.1749 4.65408 174.892
52.7998 81.9005 15.2215 4.6609 174.846
52.8998 81.8119 15.2682 4.66771 174.799
52.9998 81.7234 15.3149 4.67451 174.752
53.0998 81.635 15.3617 4.6813 174.705
53.1998 81.5468 15.4086 4.68808 174.659
53.2998 81.4586 15.4556 4.69484 174.612
53.3998 81.3706 15.5026 4.70159 174.565
53.4998 81.2827 15.5496 4.70833 174.518
53.5998 81.1949 15.5967 4.71506 174.47
53.6998 81.1072 15.6439 4.72178 174.423
53.7998 81.0197 15.6911 4.72849 174.376
53.8997 80.9322 15.7384 4.73518 174.329
53.9997 80.8449 15.7858 4.74187 174.281
54.0997 80.7577 15.8332 4.74854 174.234
54.1997 80.6706 15.8807 4.7552 174.186
54.2997 80.5836 15.9282 4.76185 174.139
54.3997 80.4967 15.9758 4.76848 174.091
54.4997 80.4099 16.0235 4.77511 174.044
54.5997 80.3232 16.0712 4.78172 173.996
54.6997 80.2366 16.119 4.78832 173.948
54.7997 80.1502 16.1668 4.79491 173.9
54.8997 80.0638 16.2147 4.80149 173.852
54.9997 79.9776 16.2627 4.80806 173.804
55.0997 79.8915 16.3107 4.81461 173.756
55.1997 79.8054 16.3588 4.82115 173.708
55.2997 79.7195 16.4069 4.82768 173.66
55.3997 79.6337 16.4551 4.8342 173.612
55.4997 79.548 16.5033 4.8407 173.564
55.5997 79.4624 16.5516 4.8472 173.515
55.6997 79.3769 16.6 4.85368 173.467
55.7997 79.2914 16.6484 4.86015 173.419
55.8997 79.2061 16.6969 4.86661 173.37
55.9997 79.1209 16.7454 4.87305 173.322
56.0997 79.0359 16.794 4.87949 173.273
56.1997 78.9509 16.8427 4.88591 173.224
56.2997 78.866 16.8914 4.89232 173.176
56.3997 78.7812 16.9401 4.89872 173.127
56.4997 78.6965 16.989 4.9051 173.078
56.5997 78.6119 17.0378 4.91147 173.029
56.6997 78.5274 17.0868 4.91784 172.98
56.7997 78.443 17.1358 4.92418 172.931
56.8997 78.3587 17.1848 4.93052 172.882
56.9997 78.2745 17.2339 4.93684 172.833
57.0997 78.1904 17.283 4.94316 172.784
57.1997 78.1064 17.3323 4.94945 172.735
57.2997 78.0225 17.3815 4.95574 172.686
57.3997 77.9387 17.4308 4.96202 172.636
57.4997 77.8549 17.4802 4.96828 172.587
57.5997 77.7713 17.5297 4.97453 172.537
57.6997 77.6878 17.5791 4.98077 172.488
57.7997 77.6043 17.6287 4.98699 172.438
57.8997 77.521 17.6783 4.9932 172.389
57.9997 77.4378 17.7279 4.9994 172.339
58.0997 77.3546 17.7776 5.00559 172.289
58.1997 77.2715 17.8274 5.01177 172.24
58.2997 77.1886 17.8772 5.01793 172.19
58.3997 77.1057 17.9271 5.02408 172.14
58.4997 77.0229 17.977 5.03021 172.09
58.5997 76.9402 18.027 5.03634 172.04
58.6997 76.8576 18.077 5.04245 171.99
58.7997 76.7751 18.1271 5.04855 171.94
58.8997 76.6927 18.1772 5.05464 171.89
58.9997 76.6103 18.2274 5.06071 171.84
59.0997 76.5281 18.2776 5.06677 171.79
59.1997 76.4459 18.3279 5.07282 171.739
59.2997 76.3639 18.3782 5.07886 171.689
59.3997 76.2819 18.4286 5.08488 171.638
59.4997 76.2 18.4791 5.09089 171.588
59.5997 76.1182 18.5296 5.09689 171.538
59.6997 76.0365 18.5801 5.10287 171.487
59.7997 75.9548 18.6307 5.10884 171.436
59.8997 75.8733 18.6814 5.1148 171.386
59.9997 75.7918 18.7321 5.12075 171.335
60.0997 75.7105 18.7828 5.12668 171.284
60.1997 75.6292 18.8336 5.1326 171.233
60.2997 75.548 18.8845 5.13851 171.183
60.3997 75.4668 18.9354 5.1444 171.132
60.4996 75.3858 18.9864 5.15028 171.081
60.5996 75.3048 19.0374 5.15615 171.03
60.6996 75.224 19.0884 5.162 170.979
60.7996 75.1432 19.1395 5.16784 170.928
60.8996 75.0625 19.1907 5.17367 170.876
60.9996 74.9818 19.2419 5.17949 170.825
61.0996 74.9013 19.2932 5.18529 170.774
61.1996 74.8208 19.3445 5.19108 170.723
61.2996 74.7405 19.3958 5.19686 170.671
61.3996 74.6602 19.4472 5.20262 170.62
61.4996 74.5799 19.4987 5.20837 170.568
61.5996 74.4998 19.5502 5.2141 170.517
61.6996 74.4197 19.6017 5.21983 170.465
61.7996 74.3398 19.6533 5.22554 170.414
61.8996 74.2599 19.705 5.23123 170.362
61.9996 74.18 19.7567 5.23692 170.31
62.0996 74.1003 19.8084 5.24259 170.259
62.1996 74.0206 19.8602 5.24824 170.207
62.2996 73.941 19.9121 5.25389 170.155
62.3996 73.8615 19.964 5.25951 170.103
62.4996 73.7821 20.0159 5.26513 170.051
62.5996 73.7027 20.0679 5.27073 169.999
62.6996 73.6234 20.1199 5.27632 169.947
62.7996 73.5442 20.172 5.2819 169.895
62.8996 73.4651 20.2241 5.28746 169.843
62.9996 73.386 20.2763 5.29301 169.791
63.0996 73.3071 20.3285 5.29854 169.739
63.1996 73.2282 20.3807 5.30407 169.686
63.2996 73.1493 20.4331 5.30957 169.634
63.3996 73.0706 20.4854 5.31507 169.582
63.4996 72.9919 20.5378 5.32055 169.529
63.5996 72.9133 20.5903 5.32602 169.477
63.6996 72.8347 20.6427 5.33147 169.424
63.7996 72.7563 20.6953 5.33691 169.372
63.8996 72.6779 20.7479 5.34234 169.319
63.9996 72.5996 20.8005 5.34775 169.267
64.0996 72.5213 20.8532 5.35315 169.214
64.1996 72.4431 20.9059 5.35853 169.161
64.2996 72.365 20.9586 5.3639 169.108
64.3996 72.287 21.0114 5.36926 169.056
64.4996 72.209 21.0643 5.3746 169.003
64.5996 72.1312 21.1172 5.37993 168.95
64.6996 72.0533 21.1701 5.38525 168.897
64.7996 71.9756 21.2231 5.39055 168.844
64.8996 71.8979 21.2761 5.39584 168.791
64.9996 71.8203 21.3292 5.40111 168.738
65.0996 71.7428 21.3823 5.40637 168.685
65.1996 71.6653 21.4355 5.41162 168.632
65.2996 71.5879 21.4887 5.41685 168.578
65.3996 71.5105 21.5419 5.42207 168.525
65.4996 71.4333 21.5952 5.42727 168.472
65.5996 71.3561 21.6485 5.43246 168.419
65.6996 71.2789 21.7019 5.43764 168.365
65.7996 71.2019 21.7553 5.4428 168.312
65.8996 71.1249 21.8087 5.44795 168.258
65.9996 71.0479 21.8622 5.45308 168.205
66.0996 70.9711 21.9158 5.4582 168.151
66.1996 70.8943 21.9693 5.4633 168.098
66.2996 70.8175 22.0229 5.4684 168.044
66.3996 70.7409 22.0766 5.47347 167.991
66.4996 70.6643 22.1303 5.47853 167.937
66.5996 70.5877 22.184 5.48358 167.883
66.6996 70.5113 22.2378 5.48862 167.829
66.7996 70.4348 22.2916 5.49364 167.775
66.8996 70.3585 22.3455 5.49864 167.722
66.9995 70.2822 22.3994 5.50363 167.668
67.0995 70.206 22.4533 5.50861 167.614
67.1995 70.1299 22.5073 5.51357 167.56
67.2995 70.0538 22.5613 5.51852 167.506
67.3995 69.9777 22.6154 5.52345 167.452
67.4995 69.9018 22.6695 5.52837 167.398
67.5995 69.8259 22.7236 5.53328 167.343
67.6995 69.75 22.7778 5.53817 167.289
67.7995 69.6743 22.832 5.54304 167.235
67.8995 69.5985 22.8863 5.5479 167.181
67.9995 69.5229 22.9406 5.55275 167.127
68.0995 69.4473 22.9949 5.55758 167.072
68.1995 69.3718 23.0493 5.5624 167.018
68.2995 69.2963 23.1037 5.5672 166.963
68.3995 69.2209 23.1581 5.57199 166.909
68.4995 69.1455 23.2126 5.57676 166.855
68.5995 69.0702 23.2671 5.58152 166.8
68.6995 68.995 23.3217 5.58626 166.745
68.7995 68.9198 23.3763 5.59099 166.691
68.8995 68.8447 23.4309 5.59571 166.636
68.9995 68.7697 23.4856 5.60041 166.582
69.0995 68.6947 23.5403 5.60509 166.527
69.1995 68.6198 23.595 5.60976 166.472
69.2995 68.5449 23.6498 5.61442 166.417
69.3995 68.4701 23.7046 5.61906 166.362
69.4995 68.3953 23.7595 5.62369 166.308
69.5995 68.3206 23.8144 5.6283 166.253
69.6995 68.246 23.8693 5.63289 166.198
69.7995 68.1714 23.9242 5.63748 166.143
69.8995 68.0969 23.9792 5.64204 166.088
69.9995 68.0224 24.0343 5.64659 166.033
70.0995 67.948 24.0893 5.65113 165.978
70.1995 67.8736 24.1444 5.65565 165.923
70.2995 67.7993 24.1995 5.66016 165.868
70.3995 67.7251 24.2547 5.66465 165.812
70.4995 67.6509 24.3099 5.66913 165.757
70.5995 67.5767 24.3651 5.67359 165.702
70.6995 67.5027 24.4204 5.67804 165.647
70.7995 67.4286 24.4757 5.68247 165.591
70.8995 67.3547 24.5311 5.68688 165.536
70.9995 67.2808 24.5864 5.69128 165.481
71.0995 67.2069 24.6418 5.69567 165.425
71.1995 67.1331 24.6973 5.70004 165.37
71.2995 67.0593 24.7527 5.7044 165.314
71.3995 66.9857 24.8082 5.70874 165.259
71.4995 66.912 24.8638 5.71306 165.203
71.5995 66.8384 24.9193 5.71737 165.148
71.6995 66.7649 24.9749 5.72167 165.092
71.7995 66.6914 25.0306 5.72595 165.037
71.8995 66.618 25.0862 5.73021 164.981
71.9995 66.5446 25.1419 5.73446 164.925
72.0995 66.4713 25.1976 5.73869 164.869
72.1995 66.398 25.2534 5.74291 164.814
72.2995 66.3248 25.3092 5.74712 164.758
72.3995 66.2516 25.365 5.7513 164.702
72.4995 66.1785 25.4209 5.75547 164.646
72.5995 66.1054 25.4767 5.75963 164.59
72.6995 66.0324 25.5327 5.76377 164.534
72.7995 65.9595 25.5886 5.7679 164.479
72.8995 65.8866 25.6446 5.77201 164.423
72.9995 65.8137 25.7006 5.7761 164.367
73.0995 65.7409 25.7566 5.78018 164.311
73.1995 65.6681 25.8127 5.78425 164.254
73.2995 65.5954 25.8688 5.78829 164.198
73.3995 65.5228 25.9249 5.79233 164.142
73.4995 65.4502 25.981 5.79634 164.086
73.5994 65.3776 26.0372 5.80034 164.03
73.6994 65.3051 26.0934 5.80433 163.974
73.7994 65.2327 26.1497 5.8083 163.917
73.8994 65.1602 26.2059 5.81225 163.861
73.9994 65.0879 26.2622 5.81619 163.805
74.0994 65.0156 26.3185 5.82012 163.749
74.1994 64.9433 26.3749 5.82402 163.692
74.2994 64.8711 26.4313 5.82791 163.636
74.3994 64.7989 26.4877 5.83179 163.579
74.4994 64.7268 26.5441 5.83565 163.523
74.5994 64.6547 26.6006 5.83949 163.467
74.6994 64.5827 26.6571 5.84332 163.41
74.7994 64.5108 26.7136 5.84713 163.354
74.8994 64.4388 26.7701 5.85093 163.297
74.9994 64.367 26.8267 5.85471 163.24
75.0994 64.2951 26.8833 5.85848 163.184
75.1994 64.2233 26.9399 5.86223 163.127
75.2994 64.1516 26.9965 5.86596 163.071
75.3994 64.0799 27.0532 5.86967 163.014
75.4994 64.0083 27.1099 5.87338 162.957
75.5994 63.9367 27.1666 5.87706 162.9
75.6994 63.8651 27.2234 5.88073 162.844
75.7994 63.7936 27.2802 5.88438 162.787
75.8994 63.7221 27.337 5.88802 162.73
75.9994 63.6507 27.3938 5.89164 162.673
76.0994 63.5794 27.4506 5.89524 162.616
76.1994 63.508 27.5075 5.89883 162.56
76.2994 63.4368 27.5644 5.90241 162.503
76.3994 63.3655 27.6213 5.90596 162.446
76.4994 63.2943 27.6783 5.9095 162.389
76.5994 63.2232 27.7353 5.91303 162.332
76.6994 63.1521 27.7922 5.91653 162.275
76.7994 63.081 27.8493 5.92003 162.218
76.8994 63.01 27.9063 5.9235 162.161
76.9994 62.9391 27.9634 5.92696 162.104
77.0994 62.8681 28.0205 5.9304 162.047
77.1994 62.7972 28.0776 5.93383 161.99
77.2994 62.7264 28.1347 5.93724 161.932
77.3994 62.6556 28.1919 5.94063 161.875
77.4994 62.5849 28.249 5.94401 161.818
77.5994 62.5142 28.3062 5.94737 161.761
77.6994 62.4435 28.3635 5.95072 161.704
77.7994 62.3729 28.4207 5.95405 161.646
77.8994 62.3023 28.478 5.95736 161.589
77.9994 62.2318 28.5353 5.96065 161.532
78.0994 62.1613 28.5926 5.96393 161.475
78.1994 62.0908 28.6499 5.9672 161.417
78.2994 62.0204 28.7072 5.97044 161.36
78.3994 61.95 28.7646 5.97367 161.303
78.4994 61.8797 28.822 5.97688 161.245
78.5994 61.8094 28.8794 5.98008 161.188
78.6994 61.7392 28.9368 5.98326 161.13
78.7994 61.669 28.9943 5.98642 161.073
78.8994 61.5988 29.0518 5.98957 161.015
78.9994 61.5287 29.1093 5.9927 160.958
79.0994 61.4586 29.1668 5.99582 160.9
79.1994 61.3886 29.2243 5.99891 160.843
79.2994 61.3186 29.2818 6.00199 160.785
79.3994 61.2486 29.3394 6.00506 160.728
79.4994 61.1787 29.397 6.0081 160.67
79.5994 61.1089 29.4546 6.01113 160.613
79.6994 61.039 29.5122 6.01415 160.555
79.7994 60.9692 29.5699 6.01714 160.497
79.8994 60.8995 29.6275 6.02012 160.44
79.9994 60.8297 29.6852 6.02309 160.382
80.0993 60.7601 29.7429 6.02603 160.324
80.1993 60.6904 29.8006 6.02896 160.266
80.2993 60.6208 29.8584 6.03188 160.209
80.3993 60.5513 29.9161 6.03477 160.151
80.4993 60.4818 29.9739 6.03765 160.093
80.5993 60.4123 30.0317 6.04051 160.035
80.6993 60.3428 30.0895 6.04336 159.978
80.7993 60.2734 30.1473 6.04619 159.92
80.8993 60.2041 30.2051 6.049 159.862
80.9993 60.1347 30.2629 6.05179 159.804
81.0993 60.0654 30.3208 6.05457 159.746
81.1993 59.9962 30.3787 6.05733 159.688
81.2993 59.927 30.4366 6.06008 159.631
81.3993 59.8578 30.4945 6.0628 159.573
81.4993 59.7887 30.5524 6.06551 159.515
81.5993 59.7196 30.6104 6.0682 159.457
81.6993 59.6505 30.6683 6.07088 159.399
81.7993 59.5815 30.7263 6.07354 159.341
81.8993 59.5125 30.7843 6.07618 159.283
81.9993 59.4435 30.8423 6.0788 159.225
82.0993 59.3746 30.9003 6.08141 159.167
82.1993 59.3058 30.9583 6.084 159.109
82.2993 59.2369 31.0164 6.08657 159.051
82.3993 59.1681 31.0744 6.08913 158.993
82.4993 59.0993 31.1325 6.09167 158.935
82.5993 59.0306 31.1906 6.09419 158.877
82.6993 58.9619 31.2487 6.09669 158.818
82.7993 58.8933 31.3068 6.09918 158.76
82.8993 58.8246 31.3649 6.10165 158.702
82.9993 58.756 31.423 6.1041 158.644
83.0993 58.6875 31.4812 6.10653 158.586
83.1993 58.619 31.5393 6.10895 158.528
83.2993 58.5505 31.5975 6.11135 158.47
83.3993 58.4821 31.6557 6.11373 158.411
83.4993 58.4136 31.7139 6.1161 158.353
83.5993 58.3453 31.7721 6.11845 158.295
83.6993 58.2769 31.8303 6.12078 158.237
83.7993 58.2086 31.8885 6.12309 158.179
83.8993 58.1404 31.9468 6.12538 158.12
83.9993 58.0721 32.005 6.12766 158.062
84.0993 58.0039 32.0633 6.12992 158.004
84.1993 57.9357 32.1216 6.13217 157.946
84.2993 57.8676 32.1799 6.13439 157.887
84.3993 57.7995 32.2381 6.1366 157.829
84.4993 57.7315 32.2965 6.13879 157.771
84.5993 57.6634 32.3548 6.14096 157.712
84.6993 57.5954 32.4131 6.14312 157.654
84.7993 57.5275 32.4714 6.14526 157.596
84.8993 57.4595 32.5298 6.14738 157.537
84.9993 57.3916 32.5881 6.14948 157.479
85.0993 57.3238 32.6465 6.15157 157.421
85.1993 57.256 32.7048 6.15363 157.362
85.2993 57.1882 32.7632 6.15568 157.304
85.3993 57.1204 32.8216 6.15771 157.246
85.4993 57.0527 32.88 6.15973 157.187
85.5993 56.985 32.9384 6.16173 157.129
85.6993 56.9173 32.9968 6.1637 157.07
85.7993 56.8497 33.0552 6.16567 157.012
85.8993 56.7821 33.1136 6.16761 156.953
85.9993 56.7145 33.1721 6.16954 156.895
86.0993 56.647 33.2305 6.17144 156.837
86.1993 56.5795 33.289 6.17333 156.778
86.2993 56.512 33.3474 6.17521 156.72
86.3993 56.4446 33.4059 6.17706 156.661
86.4993 56.3772 33.4643 6.1789 156.603
86.5993 56.3098 33.5228 6.18072 156.544
86.6992 56.2424 33.5813 6.18252 156.486
86.7992 56.1751 33.6398 6.1843 156.427
86.8992 56.1079 33.6982 6.18606 156.369
86.9992 56.0406 33.7567 6.18781 156.31
87.0992 55.9734 33.8152 6.18954 156.252
87.1992 55.9062 33.8737 6.19125 156.193
87.2992 55.8391 33.9323 6.19294 156.135
87.3992 55.7719 33.9908 6.19462 156.076
87.4992 55.7048 34.0493 6.19628 156.018
87.5992 55.6378 34.1078 6.19792 155.959
87.6992 55.5708 34.1663 6.19954 155.901
87.7992 55.5038 34.2249 6.20114 155.842
87.8992 55.4368 34.2834 6.20273 155.784
87.9992 55.3698 34.342 6.20429 155.725
88.0992 55.3029 34.4005 6.20584 155.667
88.1992 55.2361 34.459 6.20737 155.608
88.2992 55.1692 34.5176 6.20889 155.55
88.3992 55.1024 34.5761 6.21038 155.491
88.4992 55.0356 34.6347 6.21186 155.432
88.5992 54.9689 34.6933 6.21331 155.374
88.6992 54.9021 34.7518 6.21476 155.315
88.7992 54.8354 34.8104 6.21618 155.257
88.8992 54.7688 34.869 6.21758 155.198
88.9992 54.7021 34.9275 6.21897 155.14
89.0992 54.6355 34.9861 6.22033 155.081
89.1992 54.5689 35.0447 6.22168 155.022
89.2992 54.5024 35.1032 6.22301 154.964
89.3992 54.4359 35.1618 6.22433 154.905
89.4992 54.3694 35.2204 6.22562 154.847
89.5992 54.3029 35.279 6.2269 154.788
89.6992 54.2365 35.3375 6.22815 154.73
89.7992 54.1701 35.3961 6.22939 154.671
89.8992 54.1037 35.4547 6.23061 154.612
89.9992 54.0373 35.5133 6.23182 154.554
90.0992 53.971 35.5718 6.233 154.495
90.1992 53.9047 35.6304 6.23417 154.437
90.2992 53.8385 35.689 6.23531 154.378
90.3992 53.7722 35.7476 6.23644 154.32
90.4992 53.706 35.8061 6.23755 154.261
90.5992 53.6398 35.8647 6.23864 154.202
90.6992 53.5737 35.9233 6.23972 154.144
90.7992 53.5076 35.9819 6.24077 154.085
90.8992 53.4415 36.0404 6.24181 154.027
90.9992 53.3754 36.099 6.24283 153.968
91.0992 53.3094 36.1576 6.24383 153.91
91.1992 53.2433 36.2161 6.24481 153.851
91.2992 53.1774 36.2747 6.24577 153.792
91.3992 53.1114 36.3333 6.24671 153.734
91.4992 53.0455 36.3918 6.24764 153.675
91.5992 52.9796 36.4504 6.24855 153.617
91.6992 52.9137 36.5089 6.24943 153.558
91.7992 52.8478 36.5675 6.2503 153.5
91.8992 52.782 36.626 6.25116 153.441
91.9992 52.7162 36.6846 6.25199 153.383
92.0992 52.6504 36.7431 6.2528 153.324
92.1992 52.5847 36.8017 6.2536 153.265
92.2992 52.519 36.8602 6.25437 153.207
92.3992 52.4533 36.9187 6.25513 153.148
92.4992 52.3876 36.9772 6.25587 153.09
92.5992 52.322 37.0358 6.25659 153.031
92.6992 52.2564 37.0943 6.25729 152.973
92.7992 52.1908 37.1528 6.25797 152.914
92.8992 52.1252 37.2113 6.25864 152.856
92.9992 52.0597 37.2698 6.25928 152.797
93.0992 51.9942 37.3283 6.25991 152.739
93.1992 51.9287 37.3868 6.26052 152.68
93.2991 51.8633 37.4453 6.26111 152.622
93.3991 51.7978 37.5037 6.26168 152.563
93.4991 51.7324 37.5622 6.26223 152.505
93.5991 51.6671 37.6207 6.26276 152.446
93.6991 51.6017 37.6791 6.26327 152.388
93.7991 51.5364 37.7376 6.26377 152.33
93.8991 51.4711 37.796 6.26424 152.271
93.9991 51.4058 37.8545 6.2647 152.213
94.0991 51.3406 37.9129 6.26514 152.154
94.1991 51.2753 37.9713 6.26556 152.096
94.2991 51.2101 38.0297 6.26596 152.037
94.3991 51.145 38.0881 6.26634 151.979
94.4991 51.0798 38.1465 6.2667 151.921
94.5991 51.0147 38.2049 6.26704 151.862
94.6991 50.9496 38.2633 6.26737 151.804
94.7991 50.8845 38.3217 6.26767 151.745
94.8991 50.8195 38.3801 6.26796 151.687
94.9991 50.7544 38.4384 6.26823 151.629
95.0991 50.6894 38.4968 6.26847 151.57
95.1991 50.6244 38.5551 6.2687 151.512
95.2991 50.5595 38.6135 6.26891 151.454
95.3991 50.4946 38.6718 6.2691 151.395
95.4991 50.4297 38.7301 6.26928 151.337
95.5991 50.3648 38.7884 6.26943 151.279
95.6991 50.2999 38.8467 6.26956 151.22
95.7991 50.2351 38.905 6.26968 151.162
95.8991 50.1703 38.9632 6.26977 151.104
95.9991 50.1055 39.0215 6.26985 151.046
96.0991 50.0407 39.0798 6.26991 150.987
96.1991 49.976 39.138 6.26995 150.929
96.2991 49.9113 39.1962 6.26996 150.871
96.3991 49.8466 39.2544 6.26996 150.813
96.4991 49.7819 39.3126 6.26995 150.754
96.5991 49.7173 39.3708 6.26991 150.696
96.6991 49.6526 39.429 6.26985 150.638
96.7991 49.588 39.4872 6.26977 150.58
96.8991 49.5235 39.5454 6.26968 150.522
96.9991 49.4589 39.6035 6.26956 150.464
97.0991 49.3944 39.6616 6.26943 150.405
97.1991 49.3299 39.7198 6.26927 150.347
97.2991 49.2654 39.7779 6.2691 150.289
97.3991 49.2009 39.836 6.26891 150.231
97.4991 49.1365 39.894 6.26869 150.173
97.5991 49.0721 39.9521 6.26846 150.115
97.6991 49.0077 40.0102 6.26821 150.057
97.7991 48.9433 40.0682 6.26794 149.999
97.8991 48.879 40.1262 6.26765 149.941
97.9991 48.8147 40.1843 6.26734 149.883
98.0991 48.7504 40.2423 6.26702 149.825
98.1991 48.6861 40.3002 6.26667 149.767
98.2991 48.6218 40.3582 6.2663 149.709
98.3991 48.5576 40.4162 6.26592 149.651
98.4991 48.4934 40.4741 6.26551 149.593
98.5991 48.4292 40.532 6.26509 149.535
98.6991 48.365 40.59 6.26464 149.477
98.7991 48.3009 40.6479 6.26418 149.419
98.8991 48.2367 40.7057 6.2637 149.361
98.9991 48.1726 40.7636 6.26319 149.304
99.0991 48.1085 40.8214 6.26267 149.246
99.1991 48.0445 40.8793 6.26213 149.188
99.2991 47.9804 40.9371 6.26157 149.13
99.3991 47.9164 40.9949 6.26099 149.072
99.4991 47.8524 41.0527 6.26039 149.014
99.5991 47.7885 41.1104 6.25977 148.957
99.6991 47.7245 41.1682 6.25913 148.899
99.799 47.6606 41.2259 6.25847 148.841
99.899 47.5967 41.2836 6.25779 148.783
99.999 47.5328 41.3413 6.2571 148.726
100.099 47.4689 41.399 6.25638 148.668
100.199 47.4051 41.4567 6.25564 148.61
100.299 47.3412 41.5143 6.25489 148.553
100.399 47.2774 41.5719 6.25411 148.495
100.499 47.2136 41.6295 6.25332 148.438
100.599 47.1499 41.6871 6.2525 148.38
100.699 47.0861 41.7447 6.25167 148.322
100.799 47.0224 41.8022 6.25081 148.265
100.899 46.9587 41.8598 6.24994 148.207
100.999 46.895 41.9173 6.24904 148.15
101.099 46.8314 41.9748 6.24813 148.092
101.199 46.7677 42.0323 6.2472 148.035
101.299 46.7041 42.0897 6.24625 147.977
101.399 46.6405 42.1471 6.24527 147.92
101.499 46.5769 42.2046 6.24428 147.863
101.599 46.5134 42.2619 6.24327 147.805
101.699 46.4498 42.3193 6.24224 147.748
101.799 46.3863 42.3767 6.24119 147.69
101.899 46.3228 42.434 6.24012 147.633
101.999 46.2593 42.4913 6.23903 147.576
102.099 46.1959 42.5486 6.23792 147.519
102.199 46.1324 42.6059 6.23679 147.461
102.299 46.069 42.6631 6.23564 147.404
102.399 46.0056 42.7203 6.23447 147.347
102.499 45.9422 42.7775 6.23328 147.29
102.599 45.8789 42.8347 6.23207 147.232
102.699 45.8155 42.8919 6.23084 147.175
102.799 45.7522 42.949 6.22959 147.118
102.899 45.6889 43.0061 6.22833 147.061
102.999 45.6256 43.0632 6.22704 147.004
103.099 45.5624 43.1203 6.22573 146.947
103.199 45.4991 43.1773 6.2244 146.89
103.299 45.4359 43.2343 6.22305 146.833
103.399 45.3727 43.2913 6.22169 146.776
103.499 45.3095 43.3483 6.2203 146.719
103.599 45.2463 43.4052 6.21889 146.662
103.699 45.1832 43.4621 6.21747 146.605
103.799 45.1201 43.519 6.21602 146.548
103.899 45.0569 43.5759 6.21455 146.491
103.999 44.9938 43.6328 6.21307 146.434
104.099 44.9308 43.6896 6.21156 146.378
104.199 44.8677 43.7464 6.21004 146.321
104.299 44.8047 43.8032 6.20849 146.264
104.399 44.7417 43.8599 6.20692 146.207
104.499 44.6787 43.9166 6.20534 146.15
104.599 44.6157 43.9733 6.20373 146.094
104.699 44.5527 44.03 6.20211 146.037
104.799 44.4898 44.0867 6.20046 145.98
104.899 44.4269 44.1433 6.1988 145.924
104.999 44.364 44.1999 6.19711 145.867
105.099 44.3011 44.2565 6.1954 145.811
105.199 44.2382 44.313 6.19368 145.754
105.299 44.1753 44.3695 6.19193 145.698
105.399 44.1125 44.426 6.19017 145.641
105.499 44.0497 44.4825 6.18838 145.585
105.599 43.9869 44.5389 6.18658 145.528
105.699 43.9241 44.5953 6.18475 145.472
105.799 43.8614 44.6517 6.18291 145.415
105.899 43.7986 44.708 6.18104 145.359
105.999 43.7359 44.7644 6.17916 145.303
106.099 43.6732 44.8206 6.17725 145.246
106.199 43.6105 44.8769 6.17533 145.19
106.299 43.5478 44.9331 6.17338 145.134
106.399 43.4852 44.9894 6.17142 145.078
106.499 43.4225 45.0455 6.16943 145.022
106.599 43.3599 45.1017 6.16743 144.965
106.699 43.2973 45.1578 6.1654 144.909
106.799 43.2347 45.2139 6.16336 144.853
106.899 43.1722 45.27 6.16129 144.797
106.999 43.1096 45.326 6.15921 144.741
107.099 43.0471 45.382 6.1571 144.685
107.199 42.9846 45.438 6.15497 144.629
107.299 42.9221 45.4939 6.15283 144.573
107.399 42.8596 45.5498 6.15066 144.517
107.499 42.7971 45.6057 6.14848 144.461
107.599 42.7347 45.6616 6.14627 144.406
107.699 42.6722 45.7174 6.14405 144.35
107.799 42.6098 45.7732 6.1418 144.294
107.899 42.5474 45.8289 6.13953 144.238
107.999 42.485 45.8847 6.13725 144.182
108.099 42.4227 45.9404 6.13494 144.127
108.199 42.3603 45.996 6.13261 144.071
108.299 42.298 46.0516 6.13027 144.015
108.399 42.2357 46.1072 6.1279 143.96
108.499 42.1734 46.1628 6.12552 143.904
108.599 42.1111 46.2183 6.12311 143.849
108.699 42.0489 46.2739 6.12068 143.793
108.799 41.9866 46.3293 6.11823 143.738
108.899 41.9244 46.3848 6.11577 143.682
108.999 41.8622 46.4402 6.11328 143.627
109.099 41.8 46.4955 6.11077 143.572
109.199 41.7378 46.5509 6.10824 143.516
109.299 41.6756 46.6062 6.1057 143.461
109.399 41.6135 46.6614 6.10313 143.406
109.499 41.5513 46.7167 6.10054 143.35
109.599 41.4892 46.7719 6.09793 143.295
109.699 41.4271 46.827 6.0953 143.24
109.799 41.365 46.8822 6.09266 143.185
109.899 41.303 46.9373 6.08999 143.13
109.999 41.2409 46.9923 6.0873 143.075
110.099 41.1789 47.0474 6.08459 143.02
110.199 41.1169 47.1024 6.08186 142.965
110.299 41.0549 47.1573 6.07911 142.91
110.399 40.9929 47.2122 6.07634 142.855
110.499 40.9309 47.2671 6.07355 142.8
110.599 40.8689 47.322 6.07074 142.745
110.699 40.807 47.3768 6.06791 142.69
110.799 40.7451 47.4316 6.06506 142.636
110.899 40.6832 47.4863 6.06219 142.581
110.999 40.6213 47.541 6.0593 142.526
111.099 40.5594 47.5957 6.05639 142.471
111.199 40.4975 47.6503 6.05346 142.417
111.299 40.4357 47.7049 6.05051 142.362
111.399 40.3738 47.7595 6.04753 142.308
111.499 40.312 47.814 6.04454 142.253
111.599 40.2502 47.8685 6.04153 142.199
111.699 40.1884 47.9229 6.0385 142.144
111.799 40.1266 47.9773 6.03545 142.09
111.899 40.0649 48.0317 6.03237 142.035
111.999 40.0031 48.086 6.02928 141.981
112.099 39.9414 48.1403 6.02617 141.927
112.199 39.8797 48.1946 6.02303 141.873
112.299 39.818 48.2488 6.01988 141.818
112.399 39.7563 48.303 6.01671 141.764
112.499 39.6947 48.3571 6.01351 141.71
112.599 39.633 48.4112 6.0103 141.656
112.699 39.5714 48.4653 6.00707 141.602
112.799 39.5097 48.5193 6.00381 141.548
112.899 39.4481 48.5733 6.00054 141.494
112.999 39.3865 48.6272 5.99724 141.44
113.099 39.325 48.6811 5.99393 141.386
113.199 39.2634 48.735 5.99059 141.332
113.299 39.2018 48.7888 5.98724 141.278
113.399 39.1403 48.8426 5.98386 141.225
113.499 39.0788 48.8963 5.98046 141.171
113.599 39.0173 48.95 5.97705 141.117
113.699 38.9558 49.0037 5.97361 141.063
113.799 38.8943 49.0573 5.97015 141.01
113.899 38.8328 49.1109 5.96668 140.956
113.999 38.7714 49.1644 5.96318 140.903
114.099 38.71 49.2179 5.95966 140.849
114.199 38.6485 49.2713 5.95613 140.796
114.299 38.5871 49.3247 5.95257 140.742
114.399 38.5257 49.3781 5.94899 140.689
114.499 38.4644 49.4314 5.94539 140.636
114.599 38.403 49.4847 5.94177 140.582
114.699 38.3416 49.538 5.93813 140.529
114.799 38.2803 49.5912 5.93448 140.476
114.899 38.219 49.6443 5.9308 140.423
114.999 38.1577 49.6974 5.9271 140.37
115.099 38.0964 49.7505 5.92338 140.317
115.199 38.0351 49.8035 5.91964 140.264
115.299 37.9738 49.8565 5.91588 140.211
115.399 37.9126 49.9094 5.9121 140.158
115.499 37.8513 49.9623 5.9083 140.105
115.599 37.7901 50.0152 5.90448 140.052
115.699 37.7289 50.068 5.90064 139.999
115.799 37.6677 50.1207 5.89677 139.946
115.899 37.6065 50.1735 5.89289 139.894
115.999 37.5453 50.2261 5.88899 139.841
116.099 37.4842 50.2788 5.88507 139.788
116.199 37.423 50.3313 5.88113 139.736
116.299 37.3619 50.3839 5.87717 139.683
116.399 37.3008 50.4364 5.87318 139.631
116.499 37.2397 50.4888 5.86918 139.578
116.599 37.1786 50.5412 5.86516 139.526
116.699 37.1175 50.5936 5.86112 139.474
116.799 37.0564 50.6459 5.85705 139.421
116.899 36.9954 50.6981 5.85297 139.369
116.999 36.9343 50.7504 5.84887 139.317
117.099 36.8733 50.8025 5.84474 139.265
117.199 36.8123 50.8547 5.8406 139.212
117.299 36.7513 50.9067 5.83644 139.16
117.399 36.6903 50.9588 5.83225 139.108
117.499 36.6293 51.0107 5.82805 139.056
117.599 36.5684 51.0627 5.82382 139.004
117.699 36.5074 51.1146 5.81958 138.953
117.799 36.4465 51.1664 5.81531 138.901
117.899 36.3856 51.2182 5.81103 138.849
117.999 36.3247 51.27 5.80672 138.797
118.099 36.2638 51.3216 5.8024 138.745
118.199 36.2029 51.3733 5.79805 138.694
118.299 36.142 51.4249 5.79369 138.642
118.399 36.0811 51.4765 5.7893 138.591
118.499 36.0203 51.528 5.7849 138.539
118.599 35.9595 51.5794 5.78047 138.488
118.699 35.8986 51.6308 5.77603 138.436
118.799 35.8378 51.6822 5.77156 138.385
118.899 35.777 51.7335 5.76707 138.334
118.999 35.7162 51.7847 5.76257 138.282
119.099 35.6555 51.8359 5.75804 138.231
119.199 35.5947 51.8871 5.75349 138.18
119.299 35.534 51.9382 5.74893 138.129
119.399 35.4732 51.9893 5.74434 138.078
119.499 35.4125 52.0403 5.73973 138.027
119.599 35.3518 52.0912 5.73511 137.976
119.699 35.2911 52.1422 5.73046 137.925
119.799 35.2304 52.193 5.72579 137.874
119.899 35.1697 52.2438 5.72111 137.823
119.999 35.1091 52.2946 5.7164 137.773
120.099 35.0484 52.3453 5.71167 137.722
120.199 34.9878 52.3959 5.70693 137.671
120.299 34.9272 52.4465 5.70216 137.621
120.399 34.8666 52.4971 5.69737 137.57
120.499 34.806 52.5476 5.69256 137.52
120.599 34.7454 52.598 5.68774 137.469
120.699 34.6848 52.6484 5.68289 137.419
120.799 34.6242 52.6988 5.67802 137.368
120.899 34.5637 52.7491 5.67313 137.318
120.999 34.5031 52.7993 5.66823 137.268
121.099 34.4426 52.8495 5.6633 137.218
121.199 34.3821 52.8996 5.65835 137.168
121.299 34.3216 52.9497 5.65338 137.117
121.399 34.2611 52.9997 5.6484 137.067
121.499 34.2006 53.0497 5.64339 137.017
121.599 34.1401 53.0996 5.63836 136.968
121.699 34.0797 53.1495 5.63332 136.918
121.799 34.0192 53.1993 5.62825 136.868
121.899 33.9588 53.249 5.62316 136.818
121.999 33.8983 53.2988 5.61805 136.768
122.099 33.8379 53.3484 5.61293 136.719
122.199 33.7775 53.398 5.60778 136.669
122.299 33.7171 53.4475 5.60261 136.62
122.399 33.6567 53.497 5.59743 136.57
122.499 33.5964 53.5465 5.59222 136.521
122.599 33.536 53.5958 5.58699 136.471
122.699 33.4757 53.6452 5.58175 136.422
122.799 33.4153 53.6944 5.57648 136.373
122.899 33.355 53.7436 5.57119 136.323
122.999 33.2947 53.7928 5.56589 136.274
123.099 33.2344 53.8419 5.56056 136.225
123.199 33.1741 53.8909 5.55522 136.176
123.299 33.1138 53.9399 5.54985 136.127
123.399 33.0536 53.9889 5.54446 136.078
123.499 32.9933 54.0377 5.53906 136.029
123.599 32.933 54.0865 5.53363 135.981
123.699 32.8728 54.1353 5.52819 135.932
123.799 32.8126 54.184 5.52273 135.883
123.899 32.7524 54.2327 5.51724 135.834
123.999 32.6922 54.2813 5.51174 135.786
124.099 32.632 54.3298 5.50621 135.737
124.199 32.5718 54.3783 5.50067 135.689
124.299 32.5116 54.4267 5.49511 135.64
124.399 32.4515 54.4751 5.48952 135.592
124.499 32.3913 54.5234 5.48392 135.544
124.599 32.3312 54.5716 5.4783 135.496
124.699 32.271 54.6198 5.47265 135.447
124.799 32.2109 54.6679 5.46699 135.399
124.899 32.1508 54.716 5.46131 135.351
124.999 32.0907 54.764 5.45561 135.303
125.099 32.0306 54.812 5.44989 135.255
125.199 31.9706 54.8599 5.44415 135.207
125.299 31.9105 54.9077 5.43839 135.159
125.399 31.8504 54.9555 5.43261 135.112
125.499 31.7904 55.0032 5.42681 135.064
125.599 31.7304 55.0509 5.42099 135.016
125.699 31.6703 55.0985 5.41515 134.969
125.799 31.6103 55.146 5.40929 134.921
125.899 31.5503 55.1935 5.40341 134.874
125.999 31.4903 55.2409 5.39751 134.826
126.099 31.4303 55.2883 5.3916 134.779
126.199 31.3704 55.3356 5.38566 134.732
126.299 31.3104 55.3828 5.3797 134.684
126.399 31.2504 55.43 5.37373 134.637
126.499 31.1905 55.4771 5.36773 134.59
126.599 31.1306 55.5242 5.36172 134.543
126.699 31.0707 55.5712 5.35568 134.496
126.799 31.0107 55.6181 5.34963 134.449
126.899 30.9508 55.665 5.34355 134.402
126.999 30.8909 55.7118 5.33746 134.355
127.099 30.8311 55.7585 5.33135 134.309
127.199 30.7712 55.8052 5.32522 134.262
127.299 30.7113 55.8519 5.31907 134.215
127.399 30.6515 55.8984 5.31289 134.169
127.499 30.5916 55.9449 5.3067 134.122
127.599 30.5318 55.9914 5.3005 134.076
127.699 30.472 56.0378 5.29427 134.029
127.799 30.4122 56.0841 5.28802 133.983
127.899 30.3524 56.1303 5.28175 133.937
127.999 30.2926 56.1765 5.27546 133.891
128.099 30.2328 56.2226 5.26916 133.844
128.199 30.173 56.2687 5.26283 133.798
128.299 30.1132 56.3147 5.25649 133.752
128.399 30.0535 56.3607 5.25012 133.706
128.499 29.9937 56.4065 5.24374 133.661
128.599 29.934 56.4524 5.23733 133.615
128.699 29.8742 56.4981 5.23091 133.569
128.799 29.8145 56.5438 5.22447 133.523
128.899 29.7548 56.5894 5.21801 133.478
128.999 29.6951 56.635 5.21153 133.432
129.099 29.6354 56.6805 5.20503 133.387
129.199 29.5757 56.7259 5.19851 133.341
129.299 29.5161 56.7713 5.19197 133.296
129.399 29.4564 56.8166 5.18542 133.251
129.499 29.3967 56.8618 5.17884 133.205
129.599 29.3371 56.907 5.17225 133.16
129.699 29.2774 56.9521 5.16563 133.115
129.799 29.2178 56.9971 5.159 133.07
129.899 29.1582 57.0421 5.15235 133.025
129.999 29.0986 57.087 5.14567 132.98
130.099 29.039 57.1319 5.13898 132.935
130.199 28.9794 57.1766 5.13227 132.89
130.299 28.9198 57.2214 5.12555 132.846
130.399 28.8602 57.266 5.1188 132.801
130.499 28.8007 57.3106 5.11203 132.757
130.599 28.7411 57.3551 5.10525 132.712
130.699 28.6816 57.3995 5.09844 132.668
130.799 28.622 57.4439 5.09162 132.623
130.899 28.5625 57.4882 5.08478 132.579
130.999 28.503 57.5325 5.07791 132.535
131.099 28.4435 57.5767 5.07103 132.49
131.199 28.384 57.6208 5.06414 132.446
131.299 28.3245 57.6648 5.05722 132.402
131.399 28.265 57.7088 5.05028 132.358
131.499 28.2055 57.7527 5.04333 132.314
131.599 28.1461 57.7965 5.03635 132.271
131.699 28.0866 57.8403 5.02936 132.227
131.799 28.0271 57.884 5.02235 132.183
131.899 27.9677 57.9277 5.01531 132.139
131.999 27.9083 57.9712 5.00827 132.096
132.099 27.8488 58.0147 5.0012 132.052
132.199 27.7894 58.0582 4.99411 132.009
132.299 27.73 58.1015 4.987 131.966
132.399 27.6706 58.1448 4.97988 131.922
132.499 27.6112 58.1881 4.97274 131.879
132.599 27.5519 58.2312 4.96558 131.836
132.699 27.4925 58.2743 4.9584 131.793
132.799 27.4331 58.3173 4.9512 131.75
132.899 27.3738 58.3603 4.94398 131.707
132.999 27.3144 58.4032 4.93674 131.664
133.099 27.2551 58.446 4.92949 131.621
133.199 27.1957 58.4887 4.92222 131.578
133.299 27.1364 58.5314 4.91492 131.536
133.399 27.0771 58.574 4.90761 131.493
133.499 27.0178 58.6165 4.90028 131.451
133.599 26.9585 58.659 4.89294 131.408
133.699 26.8992 58.7013 4.88557 131.366
133.799 26.8399 58.7437 4.87819 131.323
133.899 26.7807 58.7859 4.87079 131.281
133.999 26.7214 58.8281 4.86336 131.239
134.099 26.6621 58.8702 4.85593 131.197
134.199 26.6029 58.9122 4.84847 131.155
134.299 26.5437 58.9542 4.84099 131.113
134.399 26.4844 58.9961 4.8335 131.071
134.499 26.4252 59.0379 4.82599 131.029
134.599 26.366 59.0797 4.81845 130.987
134.699 26.3068 59.1213 4.81091 130.946
134.799 26.2476 59.1629 4.80334 130.904
134.899 26.1884 59.2045 4.79575 130.863
134.999 26.1292 59.2459 4.78815 130.821
135.099 26.07 59.2873 4.78053 130.78
135.199 26.0109 59.3286 4.77289 130.738
135.299 25.9517 59.3699 4.76523 130.697
135.399 25.8925 59.411 4.75755 130.656
135.499 25.8334 59.4521 4.74986 130.615
135.599 25.7743 59.4932 4.74215 130.574
135.699 25.7151 59.5341 4.73442 130.533
135.799 25.656 59.575 4.72667 130.492
135.899 25.5969 59.6158 4.7189 130.451
135.999 25.5378 59.6565 4.71112 130.411
136.099 25.4787 59.6972 4.70331 130.37
136.199 25.4196 59.7378 4.69549 130.329
136.299 25.3605 59.7783 4.68766 130.289
136.399 25.3014 59.8187 4.6798 130.248
136.499 25.2424 59.8591 4.67193 130.208
136.599 25.1833 59.8994 4.66403 130.168
136.699 25.1243 59.9396 4.65612 130.128
136.799 25.0652 59.9797 4.6482 130.087
136.899 25.0062 60.0198 4.64025 130.047
136.999 24.9472 60.0598 4.63229 130.007
137.099 24.8881 60.0997 4.62431 129.967
137.199 24.8291 60.1395 4.61631 129.928
137.299 24.7701 60.1793 4.60829 129.888
137.399 24.7111 60.219 4.60026 129.848
137.499 24.6521 60.2586 4.59221 129.809
137.599 24.5931 60.2982 4.58414 129.769
137.699 24.5341 60.3376 4.57605 129.729
137.799 24.4752 60.377 4.56795 129.69
137.899 24.4162 60.4163 4.55982 129.651
137.999 24.3573 60.4556 4.55168 129.612
138.099 24.2983 60.4947 4.54353 129.572
138.199 24.2394 60.5338 4.53535 129.533
138.299 24.1804 60.5728 4.52716 129.494
138.399 24.1215 60.6118 4.51895 129.455
138.499 24.0626 60.6506 4.51072 129.417
138.599 24.0037 60.6894 4.50248 129.378
138.699 23.9448 60.7281 4.49422 129.339
138.799 23.8859 60.7667 4.48594 129.3
138.899 23.827 60.8053 4.47764 129.262
138.999 23.7681 60.8437 4.46933 129.223
139.099 23.7092 60.8821 4.461 129.185
139.199 23.6503 60.9205 4.45265 129.147
139.299 23.5915 60.9587 4.44428 129.108
139.399 23.5326 60.9969 4.4359 129.07
139.499 23.4738 61.0349 4.4275 129.032
139.599 23.4149 61.073 4.41908 128.994
139.699 23.3561 61.1109 4.41065 128.956
139.799 23.2972 61.1487 4.4022 128.918
139.899 23.2384 61.1865 4.39373 128.881
139.999 23.1796 61.2242 4.38524 128.843
140.099 23.1208 61.2618 4.37674 128.805
140.199 23.062 61.2994 4.36822 128.768
140.299 23.0032 61.3368 4.35968 128.73
140.399 22.9444 61.3742 4.35113 128.693
140.499 22.8856 61.4115 4.34256 128.656
140.599 22.8268 61.4487 4.33397 128.618
140.699 22.7681 61.4859 4.32537 128.581
140.799 22.7093 61.5229 4.31675 128.544
140.899 22.6506 61.5599 4.30811 128.507
140.999 22.5918 61.5968 4.29946 128.47
141.099 22.5331 61.6337 4.29078 128.433
141.199 22.4743 61.6704 4.2821 128.397
141.299 22.4156 61.7071 4.27339 128.36
141.399 22.3569 61.7437 4.26467 128.323
141.499 22.2982 61.7802 4.25593 128.287
141.599 22.2395 61.8166 4.24718 128.251
141.699 22.1807 61.8529 4.2384 128.214
141.799 22.122 61.8892 4.22962 128.178
141.899 22.0634 61.9254 4.22081 128.142
141.999 22.0047 61.9615 4.21199 128.106
142.099 21.946 61.9975 4.20315 128.07
142.199 21.8873 62.0335 4.1943 128.034
142.299 21.8287 62.0693 4.18543 127.998
142.399 21.77 62.1051 4.17654 127.962
142.499 21.7113 62.1408 4.16764 127.926
142.6 21.6527 62.1765 4.15872 127.891
142.7 21.5941 62.212 4.14978 127.855
142.8 21.5354 62.2475 4.14083 127.82
142.9 21.4768 62.2828 4.13186 127.784
143 21.4182 62.3181 4.12287 127.749
143.1 21.3596 62.3533 4.11387 127.714
143.2 21.3009 62.3885 4.10486 127.679
143.3 21.2423 62.4235 4.09582 127.644
143.4 21.1837 62.4585 4.08677 127.609
143.5 21.1252 62.4934 4.07771 127.574
143.6 21.0666 62.5282 4.06862 127.539
143.7 21.008 62.5629 4.05953 127.504
143.8 20.9494 62.5976 4.05041 127.47
143.9 20.8908 62.6321 4.04128 127.435
144 20.8323 62.6666 4.03214 127.401
144.1 20.7737 62.701 4.02297 127.366
144.2 20.7152 62.7353 4.0138 127.332
144.3 20.6566 62.7695 4.0046 127.298
144.4 20.5981 62.8037 3.99539 127.263
144.5 20.5396 62.8377 3.98617 127.229
144.6 20.481 62.8717 3.97693 127.195
144.7 20.4225 62.9056 3.96767 127.162
144.8 20.364 62.9394 3.9584 127.128
144.9 20.3055 62.9731 3.94911 127.094
145 20.247 63.0068 3.9398 127.06
145.1 20.1885 63.0403 3.93049 127.027
145.2 20.13 63.0738 3.92115 126.993
145.3 20.0715 63.1072 3.9118 126.96
145.4 20.013 63.1405 3.90243 126.927
145.5 19.9546 63.1737 3.89305 126.893
145.6 19.8961 63.2069 3.88365 126.86
145.7 19.8376 63.2399 3.87424 126.827
145.8 19.7792 63.2729 3.86481 126.794
145.9 19.7207 63.3058 3.85537 126.761
146 19.6623 63.3386 3.84591 126.729
146.1 19.6038 63.3713 3.83644 126.696
146.2 19.5454 63.4039 3.82695 126.663
146.3 19.487 63.4365 3.81744 126.631
146.4 19.4286 63.4689 3.80792 126.598
146.5 19.3701 63.5013 3.79839 126.566
146.6 19.3117 63.5336 3.78884 126.534
146.7 19.2533 63.5658 3.77927 126.501
146.8 19.1949 63.5979 3.76969 126.469
146.9 19.1365 63.63 3.76009 126.437
147 19.0781 63.6619 3.75048 126.405
147.1 19.0198 63.6938 3.74086 126.373
147.2 18.9614 63.7256 3.73122 126.342
147.3 18.903 63.7573 3.72156 126.31
147.4 18.8446 63.7889 3.71189 126.278
147.5 18.7863 63.8204 3.70221 126.247
147.6 18.7279 63.8518 3.69251 126.215
147.7 18.6695 63.8832 3.68279 126.184
147.8 18.6112 63.9144 3.67306 126.153
147.9 18.5529 63.9456 3.66332 126.122
148 18.4945 63.9767 3.65356 126.09
148.1 18.4362 64.0077 3.64378 126.059
148.2 18.3779 64.0386 3.634 126.029
148.3 18.3195 64.0694 3.62419 125.998
148.4 18.2612 64.1002 3.61437 125.967
148.5 18.2029 64.1308 3.60454 125.936
148.6 18.1446 64.1614 3.5947 125.906
148.7 18.0863 64.1919 3.58483 125.875
148.8 18.028 64.2222 3.57496 125.845
148.9 17.9697 64.2526 3.56507 125.815
149 17.9114 64.2828 3.55516 125.784
149.1 17.8531 64.3129 3.54525 125.754
149.2 17.7949 64.3429 3.53531 125.724
149.3 17.7366 64.3729 3.52537 125.694
149.4 17.6783 64.4028 3.5154 125.664
149.5 17.6201 64.4325 3.50543 125.635
149.6 17.5618 64.4622 3.49544 125.605
149.7 17.5036 64.4918 3.48544 125.575
149.8 17.4453 64.5213 3.47542 125.546
149.9 17.3871 64.5508 3.46539 125.516
150 17.3288 64.5801 3.45534 125.487
150.1 17.2706 64.6093 3.44528 125.458
150.2 17.2124 64.6385 3.43521 125.429
150.3 17.1541 64.6676 3.42512 125.4
150.4 17.0959 64.6965 3.41502 125.371
150.5 17.0377 64.7254 3.4049 125.342
150.6 16.9795 64.7542 3.39477 125.313
150.7 16.9213 64.783 3.38463 125.284
150.8 16.8631 64.8116 3.37447 125.256
150.9 16.8049 64.8401 3.3643 125.227
151 16.7467 64.8686 3.35412 125.199
151.1 16.6885 64.8969 3.34392 125.17
151.2 16.6303 64.9252 3.33371 125.142
151.3 16.5722 64.9534 3.32348 125.114
151.4 16.514 64.9814 3.31325 125.086
151.5 16.4558 65.0094 3.30299 125.058
151.6 16.3977 65.0374 3.29273 125.03
151.7 16.3395 65.0652 3.28245 125.002
151.8 16.2814 65.0929 3.27216 124.974
151.9 16.2232 65.1205 3.26185 124.947
152 16.1651 65.1481 3.25153 124.919
152.1 16.1069 65.1755 3.2412 124.892
152.2 16.0488 65.2029 3.23086 124.864
152.3 15.9907 65.2302 3.2205 124.837
152.4 15.9325 65.2574 3.21013 124.81
152.5 15.8744 65.2845 3.19974 124.783
152.6 15.8163 65.3115 3.18935 124.756
152.7 15.7582 65.3384 3.17894 124.729
152.8 15.7001 65.3652 3.16851 124.702
152.9 15.642 65.3919 3.15808 124.675
153 15.5839 65.4186 3.14763 124.649
153.1 15.5258 65.4451 3.13717 124.622
153.2 15.4677 65.4716 3.12669 124.596
153.3 15.4096 65.498 3.1162 124.569
153.4 15.3515 65.5242 3.1057 124.543
153.5 15.2934 65.5504 3.09519 124.517
153.6 15.2353 65.5765 3.08466 124.491
153.7 15.1773 65.6025 3.07413 124.465
153.8 15.1192 65.6284 3.06357 124.439
153.9 15.0611 65.6542 3.05301 124.413
154 15.0031 65.68 3.04244 124.387
154.1 14.945 65.7056 3.03185 124.362
154.2 14.887 65.7311 3.02125 124.336
154.3 14.8289 65.7566 3.01063 124.311
154.4 14.7709 65.782 3.00001 124.285
154.5 14.7128 65.8072 2.98937 124.26
154.6 14.6548 65.8324 2.97872 124.235
154.7 14.5968 65.8575 2.96806 124.21
154.8 14.5388 65.8825 2.95738 124.185
154.9 14.4807 65.9074 2.94669 124.16
155 14.4227 65.9322 2.936 124.135
155.1 14.3647 65.9569 2.92528 124.11
155.2 14.3067 65.9815 2.91456 124.086
155.3 14.2487 66.006 2.90383 124.061
155.4 14.1907 66.0305 2.89308 124.037
155.5 14.1327 66.0548 2.88232 124.012
155.6 14.0747 66.079 2.87155 123.988
155.7 14.0167 66.1032 2.86077 123.964
155.8 13.9587 66.1273 2.84997 123.94
155.9 13.9007 66.1512 2.83917 123.916
156 13.8427 66.1751 2.82835 123.892
156.1 13.7848 66.1989 2.81752 123.868
156.2 13.7268 66.2226 2.80668 123.845
156.3 13.6688 66.2462 2.79583 123.821
156.4 13.6109 66.2697 2.78496 123.797
156.5 13.5529 66.2931 2.77409 123.774
156.6 13.4949 66.3164 2.7632 123.751
156.7 13.437 66.3396 2.7523 123.728
156.8 13.379 66.3627 2.74139 123.704
156.9 13.3211 66.3857 2.73047 123.681
157 13.2631 66.4087 2.71954 123.658
157.1 13.2052 66.4315 2.70859 123.636
157.2 13.1473 66.4543 2.69764 123.613
157.3 13.0893 66.4769 2.68667 123.59
157.4 13.0314 66.4995 2.67569 123.568
157.5 12.9735 66.522 2.66471 123.545
157.6 12.9156 66.5443 2.65371 123.523
157.7 12.8576 66.5666 2.6427 123.501
157.8 12.7997 66.5888 2.63168 123.478
157.9 12.7418 66.6109 2.62064 123.456
158 12.6839 66.6329 2.6096 123.434
158.1 12.626 66.6548 2.59855 123.412
158.2 12.5681 66.6766 2.58748 123.391
158.3 12.5102 66.6983 2.57641 123.369
158.4 12.4523 66.7199 2.56532 123.347
158.5 12.3944 66.7414 2.55422 123.326
158.6 12.3365 66.7628 2.54312 123.304
158.7 12.2786 66.7841 2.532 123.283
158.8 12.2208 66.8054 2.52087 123.262
158.9 12.1629 66.8265 2.50973 123.241
159.001 12.105 66.8476 2.49858 123.22
159.101 12.0471 66.8685 2.48742 123.199
159.201 11.9893 66.8894 2.47625 123.178
159.301 11.9314 66.9101 2.46507 123.157
159.401 11.8735 66.9308 2.45388 123.136
159.501 11.8157 66.9513 2.44268 123.116
159.601 11.7578 66.9718 2.43147 123.095
159.701 11.7 66.9922 2.42025 123.075
159.801 11.6421 67.0124 2.40902 123.055
159.901 11.5843 67.0326 2.39778 123.034
160.001 11.5264 67.0527 2.38652 123.014
160.101 11.4686 67.0727 2.37526 122.994
160.201 11.4108 67.0926 2.36399 122.975
160.301 11.3529 67.1124 2.35271 122.955
160.401 11.2951 67.1321 2.34142 122.935
160.501 11.2373 67.1517 2.33012 122.915
160.601 11.1795 67.1712 2.31881 122.896
160.701 11.1216 67.1906 2.30749 122.877
160.801 11.0638 67.2099 2.29616 122.857
160.901 11.006 67.2291 2.28482 122.838
161.001 10.9482 67.2483 2.27347 122.819
161.101 10.8904 67.2673 2.26211 122.8
161.201 10.8326 67.2862 2.25075 122.781
161.301 10.7748 67.305 2.23937 122.762
161.401 10.717 67.3238 2.22798 122.743
161.501 10.6592 67.3424 2.21659 122.725
161.601 10.6014 67.3609 2.20518 122.706
161.701 10.5436 67.3794 2.19377 122.688
161.801 10.4858 67.3977 2.18234 122.669
161.901 10.428 67.416 2.17091 122.651
162.001 10.3702 67.4341 2.15947 122.633
162.101 10.3124 67.4522 2.14802 122.615
162.201 10.2547 67.4701 2.13656 122.597
162.301 10.1969 67.488 2.12509 122.579
162.401 10.1391 67.5058 2.11361 122.561
162.501 10.0813 67.5234 2.10213 122.544
162.601 10.0236 67.541 2.09063 122.526
162.701 9.96581 67.5585 2.07913 122.509
162.801 9.90805 67.5758 2.06762 122.491
162.901 9.85029 67.5931 2.05609 122.474
163.001 9.79253 67.6103 2.04456 122.457
163.101 9.73478 67.6274 2.03303 122.44
163.201 9.67702 67.6443 2.02148 122.423
163.301 9.61927 67.6612 2.00992 122.406
163.401 9.56153 67.678 1.99836 122.389
163.501 9.50378 67.6947 1.98679 122.372
163.601 9.44604 67.7113 1.97521 122.356
163.701 9.3883 67.7278 1.96362 122.339
163.801 9.33057 67.7442 1.95202 122.323
163.901 9.27283 67.7605 1.94041 122.307
164.001 9.2151 67.7766 1.9288 122.29
164.101 9.15737 67.7927 1.91718 122.274
164.201 9.09964 67.8087 1.90555 122.258
164.301 9.04192 67.8246 1.89391 122.242
164.401 8.9842 67.8404 1.88226 122.227
164.501 8.92648 67.8562 1.87061 122.211
164.601 8.86876 67.8718 1.85895 122.195
164.701 8.81105 67.8873 1.84728 122.18
164.801 8.75333 67.9027 1.8356 122.164
164.901 8.69562 67.918 1.82392 122.149
165.001 8.63792 67.9332 1.81222 122.134
165.101 8.58021 67.9483 1.80052 122.119
165.201 8.52251 67.9633 1.78882 122.104
165.301 8.46481 67.9782 1.7771 122.089
165.401 8.40711 67.993 1.76538 122.074
165.501 8.34941 68.0078 1.75365 122.059
165.601 8.29172 68.0224 1.74191 122.045
165.701 8.23402 68.0369 1.73016 122.03
165.801 8.17633 68.0513 1.71841 122.016
165.901 8.11865 68.0656 1.70665 122.001
166.001 8.06096 68.0799 1.69489 121.987
166.101 8.00328 68.094 1.68311 121.973
166.201 7.9456 68.108 1.67133 121.959
166.301 7.88792 68.1219 1.65954 121.945
166.401 7.83024 68.1357 1.64775 121.931
166.501 7.77256 68.1495 1.63594 121.918
166.601 7.71489 68.1631 1.62414 121.904
166.701 7.65722 68.1766 1.61232 121.89
166.801 7.59955 68.19 1.6005 121.877
166.901 7.54188 68.2034 1.58867 121.864
167.001 7.48422 68.2166 1.57683 121.851
167.101 7.42656 68.2297 1.56499 121.837
167.201 7.3689 68.2428 1.55314 121.824
167.301 7.31124 68.2557 1.54128 121.811
167.401 7.25358 68.2685 1.52942 121.799
167.501 7.19592 68.2812 1.51755 121.786
167.601 7.13827 68.2939 1.50568 121.773
167.701 7.08062 68.3064 1.49379 121.761
167.801 7.02297 68.3188 1.48191 121.748
167.901 6.96532 68.3312 1.47001 121.736
168.001 6.90768 68.3434 1.45811 121.724
168.101 6.85003 68.3555 1.4462 121.712
168.201 6.79239 68.3675 1.43429 121.7
168.301 6.73475 68.3795 1.42237 121.688
168.401 6.67711 68.3913 1.41045 121.676
168.501 6.61947 68.403 1.39852 121.664
168.601 6.56184 68.4147 1.38658 121.652
168.701 6.5042 68.4262 1.37464 121.641
168.801 6.44657 68.4376 1.36269 121.63
168.901 6.38894 68.4489 1.35073 121.618
169.001 6.33131 68.4602 1.33877 121.607
169.101 6.27369 68.4713 1.32681 121.596
169.201 6.21606 68.4823 1.31483 121.585
169.301 6.15844 68.4932 1.30286 121.574
169.401 6.10082 68.5041 1.29087 121.563
169.501 6.0432 68.5148 1.27889 121.552
169.601 5.98558 68.5254 1.26689 121.542
169.701 5.92796 68.5359 1.25489 121.531
169.801 5.87034 68.5464 1.24289 121.521
169.901 5.81273 68.5567 1.23088 121.51
170.001 5.75512 68.5669 1.21887 121.5
170.101 5.69751 68.577 1.20685 121.49
170.201 5.6399 68.5871 1.19482 121.48
170.301 5.58229 68.597 1.18279 121.47
170.401 5.52468 68.6068 1.17076 121.46
170.501 5.46708 68.6165 1.15871 121.451
170.601 5.40947 68.6261 1.14667 121.441
170.701 5.35187 68.6356 1.13462 121.431
170.801 5.29427 68.6451 1.12257 121.422
170.901 5.23667 68.6544 1.11051 121.413
171.001 5.17907 68.6636 1.09844 121.404
171.101 5.12148 68.6727 1.08637 121.394
171.201 5.06388 68.6817 1.0743 121.385
171.301 5.00629 68.6906 1.06222 121.377
171.401 4.9487 68.6994 1.05014 121.368
171.501 4.8911 68.7081 1.03805 121.359
171.601 4.83351 68.7167 1.02596 121.35
171.701 4.77592 68.7253 1.01386 121.342
171.801 4.71834 68.7337 1.00176 121.333
171.901 4.66075 68.742 0.989659 121.325
172.001 4.60317 68.7502 0.97755 121.317
172.101 4.54558 68.7583 0.965437 121.309
172.201 4.488 68.7663 0.95332 121.301
172.301 4.43042 68.7742 0.941199 121.293
172.401 4.37284 68.782 0.929074 121.285
172.501 4.31526 68.7897 0.916945 121.277
172.601 4.25768 68.7972 0.904813 121.27
172.701 4.2001 68.8047 0.892676 121.262
172.801 4.14253 68.8121 0.880535 121.255
172.901 4.08495 68.8194 0.868391 121.248
173.001 4.02738 68.8266 0.856243 121.241
173.101 3.96981 68.8337 0.844091 121.233
173.201 3.91223 68.8407 0.831936 121.226
173.301 3.85466 68.8476 0.819777 121.22
173.401 3.79709 68.8544 0.807615 121.213
173.501 3.73952 68.861 0.795449 121.206
173.601 3.68196 68.8676 0.78328 121.2
173.701 3.62439 68.8741 0.771108 121.193
173.801 3.56682 68.8805 0.758932 121.187
173.901 3.50926 68.8867 0.746753 121.18
174.001 3.4517 68.8929 0.734571 121.174
174.101 3.39413 68.899 0.722386 121.168
174.201 3.33657 68.905 0.710197 121.162
174.301 3.27901 68.9108 0.698006 121.156
174.401 3.22145 68.9166 0.685811 121.151
174.501 3.16389 68.9223 0.673614 121.145
174.601 3.10633 68.9278 0.661414 121.139
174.701 3.04877 68.9333 0.649211 121.134
174.801 2.99122 68.9386 0.637005 121.128
174.901 2.93366 68.9439 0.624797 121.123
175.001 2.8761 68.949 0.612586 121.118
175.101 2.81855 68.9541 0.600372 121.113
175.201 2.761 68.9591 0.588155 121.108
175.301 2.70344 68.9639 0.575937 121.103
175.402 2.64589 68.9686 0.563715 121.098
175.502 2.58834 68.9733 0.551492 121.094
175.602 2.53079 68.9778 0.539266 121.089
175.702 2.47324 68.9823 0.527037 121.085
175.802 2.41569 68.9866 0.514807 121.081
175.902 2.35814 68.9909 0.502574 121.076
176.002 2.30059 68.995 0.490339 121.072
176.102 2.24304 68.999 0.478102 121.068
176.202 2.18549 69.003 0.465863 121.064
176.302 2.12795 69.0068 0.453622 121.06
176.402 2.0704 69.0105 0.441379 121.057
176.502 2.01285 69.0141 0.429134 121.053
176.602 1.95531 69.0177 0.416887 121.049
176.702 1.89776 69.0211 0.404638 121.046
176.802 1.84022 69.0244 0.392388 121.043
176.902 1.78268 69.0276 0.380136 121.039
177.002 1.72513 69.0307 0.367883 121.036
177.102 1.66759 69.0338 0.355628 121.033
177.202 1.61005 69.0367 0.343371 121.03
177.302 1.5525 69.0395 0.331113 121.028
177.402 1.49496 69.0422 0.318853 121.025
177.502 1.43742 69.0448 0.306592 121.022
177.602 1.37988 69.0473 0.29433 121.02
177.702 1.32234 69.0497 0.282067 121.017
177.802 1.2648 69.052 0.269802 121.015
177.902 1.20726 69.0542 0.257536 121.013
178.002 1.14972 69.0563 0.245269 121.011
178.102 1.09218 69.0583 0.233001 121.009
178.202 1.03464 69.0602 0.220732 121.007
178.302 0.977104 69.0619 0.208463 121.005
178.402 0.919565 69.0636 0.196192 121.003
178.502 0.862027 69.0652 0.18392 121.002
178.602 0.804489 69.0667 0.171648 121
178.702 0.746951 69.0681 0.159375 120.999
178.802 0.689414 69.0693 0.147101 120.998
178.902 0.631876 69.0705 0.134826 120.997
179.002 0.574339 69.0716 0.122551 120.996
179.102 0.516802 69.0726 0.110276 120.995
179.202 0.459265 69.0734 0.0979997 120.994
179.302 0.401728 69.0742 0.0857233 120.993
179.402 0.344192 69.0749 0.0734465 120.992
179.502 0.286655 69.0754 0.0611693 120.992
179.602 0.229119 69.0759 0.048892 120.991
179.702 0.171582 69.0762 0.0366144 120.991
179.802 0.114046 69.0765 0.0243366 120.991
179.902 0.0565094 69.0766 0.0120588 120.99
