0 0.0261045 0 0 18.1245
0.1 89.95 1.1266e-05 0.0285458 18.1245
0.2 89.8999 4.50641e-05 0.0570916 18.1245
0.3 89.8499 0.000101394 0.0856373 18.1244
0.4 89.7998 0.000180256 0.114183 18.1243
0.5 89.7498 0.000281649 0.142728 18.1242
0.6 89.6997 0.000405574 0.171274 18.1241
0.7 89.6497 0.000552029 0.199819 18.1239
0.8 89.5996 0.000721015 0.228364 18.1238
0.9 89.5496 0.000912531 0.256909 18.1236
1 89.4995 0.00112658 0.285454 18.1234
1.1 89.4495 0.00136315 0.313998 18.1231
1.2 89.3994 0.00162225 0.342542 18.1229
1.3 89.3494 0.00190388 0.371086 18.1226
1.4 89.2993 0.00220804 0.399629 18.1223
1.5 89.2493 0.00253472 0.428172 18.122
1.6 89.1992 0.00288392 0.456715 18.1216
1.7 89.1492 0.00325565 0.485257 18.1212
1.8 89.0991 0.0036499 0.513799 18.1208
1.9 89.0491 0.00406667 0.54234 18.1204
2 88.999 0.00450596 0.57088 18.12
2.1 88.949 0.00496777 0.599421 18.1195
2.2 88.8989 0.0054521 0.62796 18.119
2.3 88.8489 0.00595894 0.656499 18.1185
2.4 88.7988 0.00648829 0.685038 18.118
2.5 88.7488 0.00704016 0.713576 18.1175
2.6 88.6987 0.00761454 0.742113 18.1169
2.7 88.6487 0.00821142 0.770649 18.1163
2.8 88.5986 0.00883082 0.799185 18.1157
2.9 88.5486 0.00947272 0.82772 18.115
3 88.4985 0.0101371 0.856254 18.1144
3.1 88.4485 0.010824 0.884787 18.1137
3.2 88.3984 0.0115334 0.91332 18.113
3.3 88.3484 0.0122653 0.941852 18.1122
3.4 88.2983 0.0130197 0.970382 18.1115
3.5 88.2483 0.0137966 0.998912 18.1107
3.6 88.1982 0.014596 1.02744 18.1099
3.7 88.1482 0.0154178 1.05597 18.1091
3.8 88.0981 0.0162622 1.0845 18.1082
3.9 88.0481 0.017129 1.11302 18.1074
4 87.998 0.0180183 1.14155 18.1065
4.1 87.948 0.0189301 1.17007 18.1056
4.2 87.8979 0.0198644 1.19859 18.1046
4.3 87.8479 0.0208211 1.22712 18.1037
4.4 87.7978 0.0218003 1.25564 18.1027
4.5 87.7478 0.022802 1.28416 18.1017
4.6 87.6977 0.0238261 1.31267 18.1007
4.7 87.6477 0.0248727 1.34119 18.0996
4.8 87.5976 0.0259418 1.36971 18.0986
4.9 87.5476 0.0270333 1.39822 18.0975
5 87.4975 0.0281472 1.42673 18.0963
5.1 87.4475 0.0292836 1.45525 18.0952
5.2 87.3974 0.0304424 1.48376 18.0941
5.3 87.3474 0.0316237 1.51227 18.0929
5.4 87.2973 0.0328274 1.54077 18.0917
5.5 87.2473 0.0340536 1.56928 18.0904
5.6 87.1972 0.0353022 1.59778 18.0892
5.7 87.1472 0.0365732 1.62629 18.0879
5.8 87.0971 0.0378666 1.65479 18.0866
5.9 87.0471 0.0391824 1.68329 18.0853
6 86.997 0.0405207 1.71179 18.084
6.1 86.947 0.0418813 1.74029 18.0826
6.2 86.8969 0.0432644 1.76878 18.0812
6.3 86.8469 0.0446698 1.79727 18.0798
6.4 86.7968 0.0460977 1.82577 18.0784
6.5 86.7468 0.047548 1.85426 18.0769
6.6 86.6967 0.0490206 1.88275 18.0755
6.7 86.6467 0.0505156 1.91123 18.074
6.8 86.5966 0.052033 1.93972 18.0725
6.9 86.5466 0.0535728 1.9682 18.0709
7 86.4965 0.0551349 1.99668 18.0694
7.1 86.4465 0.0567194 2.02516 18.0678
7.2 86.3964 0.0583263 2.05364 18.0662
7.3 86.3464 0.0599555 2.08212 18.0645
7.4 86.2963 0.0616071 2.11059 18.0629
7.5 86.2463 0.063281 2.13906 18.0612
7.6 86.1962 0.0649772 2.16753 18.0595
7.7 86.1462 0.0666958 2.196 18.0578
7.79999 86.0961 0.0684367 2.22446 18.0561
7.89999 86.0461 0.0702 2.25293 18.0543
7.99999 85.996 0.0719855 2.28139 18.0525
8.09999 85.946 0.0737934 2.30985 18.0507
8.2 85.896 0.0756236 2.33831 18.0489
8.3 85.8459 0.0774761 2.36676 18.047
8.4 85.7959 0.0793508 2.39521 18.0451
8.5 85.7458 0.0812479 2.42367 18.0432
8.6 85.6958 0.0831673 2.45211 18.0413
8.7 85.6457 0.0851089 2.48056 18.0394
8.8 85.5957 0.0870728 2.509 18.0374
8.9 85.5456 0.089059 2.53745 18.0354
9 85.4956 0.0910674 2.56588 18.0334
9.1 85.4455 0.0930981 2.59432 18.0314
9.2 85.3955 0.0951511 2.62276 18.0293
9.3 85.3454 0.0972263 2.65119 18.0273
9.4 85.2954 0.0993237 2.67962 18.0252
9.5 85.2453 0.101443 2.70804 18.0231
9.6 85.1953 0.103585 2.73647 18.0209
9.7 85.1452 0.105749 2.76489 18.0187
9.8 85.0952 0.107936 2.79331 18.0166
9.9 85.0451 0.110144 2.82173 18.0144
10 84.9951 0.112375 2.85014 18.0121
10.1 84.945 0.114628 2.87855 18.0099
10.2 84.895 0.116903 2.90696 18.0076
10.3 84.8449 0.1192 2.93536 18.0053
10.4 84.7949 0.121519 2.96377 18.003
10.5 84.7448 0.123861 2.99217 18.0006
10.6 84.6948 0.126225 3.02056 17.9983
10.7 84.6447 0.128611 3.04896 17.9959
10.8 84.5947 0.131019 3.07735 17.9935
10.9 84.5446 0.133449 3.10574 17.991
11 84.4946 0.135901 3.13413 17.9886
11.1 84.4445 0.138375 3.16251 17.9861
11.2 84.3945 0.140872 3.19089 17.9836
11.3 84.3444 0.143391 3.21926 17.9811
11.4 84.2944 0.145931 3.24764 17.9786
11.5 84.2443 0.148494 3.27601 17.976
11.6 84.1943 0.151079 3.30438 17.9734
11.7 84.1442 0.153686 3.33274 17.9708
11.8 84.0942 0.156315 3.3611 17.9682
11.9 84.0441 0.158966 3.38946 17.9655
12 83.9941 0.161639 3.41782 17.9629
12.1 83.944 0.164334 3.44617 17.9602
12.2 83.894 0.167051 3.47452 17.9574
12.3 83.8439 0.169791 3.50286 17.9547
12.4 83.7939 0.172552 3.5312 17.9519
12.5 83.7438 0.175335 3.55954 17.9492
12.6 83.6938 0.17814 3.58788 17.9464
12.7 83.6437 0.180968 3.61621 17.9435
12.8 83.5937 0.183817 3.64454 17.9407
12.9 83.5437 0.186688 3.67286 17.9378
13 83.4936 0.189581 3.70119 17.9349
13.1 83.4436 0.192496 3.7295 17.932
13.2 83.3935 0.195433 3.75782 17.9291
13.3 83.3435 0.198392 3.78613 17.9261
13.4 83.2934 0.201373 3.81444 17.9231
13.5 83.2434 0.204376 3.84274 17.9201
13.6 83.1933 0.207401 3.87104 17.9171
13.7 83.1433 0.210447 3.89934 17.914
13.8 83.0932 0.213516 3.92763 17.911
13.9 83.0432 0.216606 3.95592 17.9079
14 82.9931 0.219719 3.9842 17.9048
14.1 82.9431 0.222853 4.01249 17.9016
14.2 82.893 0.226009 4.04076 17.8985
14.3 82.843 0.229187 4.06904 17.8953
14.4 82.7929 0.232386 4.09731 17.8921
14.5 82.7429 0.235608 4.12557 17.8889
14.6 82.6928 0.238851 4.15384 17.8856
14.7 82.6428 0.242116 4.18209 17.8824
14.8 82.5927 0.245403 4.21035 17.8791
14.9 82.5427 0.248712 4.2386 17.8758
15 82.4926 0.252042 4.26685 17.8725
15.1 82.4426 0.255394 4.29509 17.8691
15.2 82.3925 0.258768 4.32333 17.8657
15.3 82.3425 0.262164 4.35156 17.8623
15.4 82.2924 0.265582 4.37979 17.8589
15.5 82.2424 0.269021 4.40802 17.8555
15.6 82.1924 0.272482 4.43624 17.852
15.7 82.1423 0.275964 4.46445 17.8485
15.8 82.0923 0.279469 4.49267 17.845
15.9 82.0422 0.282995 4.52088 17.8415
16 81.9922 0.286542 4.54908 17.838
16.1 81.9421 0.290112 4.57728 17.8344
16.2 81.8921 0.293703 4.60548 17.8308
16.3 81.842 0.297315 4.63367 17.8272
16.4 81.792 0.300949 4.66186 17.8235
16.5 81.7419 0.304605 4.69004 17.8199
16.6 81.6919 0.308283 4.71822 17.8162
16.7 81.6418 0.311982 4.74639 17.8125
16.8 81.5918 0.315702 4.77456 17.8088
16.9 81.5417 0.319444 4.80272 17.8051
17 81.4917 0.323208 4.83088 17.8013
17.1 81.4416 0.326993 4.85904 17.7975
17.2 81.3916 0.3308 4.88719 17.7937
17.3 81.3415 0.334629 4.91533 17.7899
17.4 81.2915 0.338479 4.94348 17.786
17.5 81.2414 0.34235 4.97161 17.7821
17.6 81.1914 0.346243 4.99974 17.7783
17.7 81.1413 0.350157 5.02787 17.7743
17.8 81.0913 0.354093 5.05599 17.7704
17.9 81.0413 0.35805 5.08411 17.7664
18 80.9912 0.362029 5.11222 17.7625
18.1 80.9412 0.366029 5.14033 17.7585
18.2 80.8911 0.37005 5.16843 17.7544
18.3 80.8411 0.374093 5.19653 17.7504
18.4 80.791 0.378158 5.22462 17.7463
18.5 80.741 0.382243 5.25271 17.7423
18.6 80.6909 0.386351 5.28079 17.7381
18.7 80.6409 0.390479 5.30887 17.734
18.8 80.5908 0.394629 5.33694 17.7299
18.9 80.5408 0.3988 5.36501 17.7257
19 80.4907 0.402992 5.39307 17.7215
19.1 80.4407 0.407206 5.42113 17.7173
19.2 80.3906 0.411441 5.44918 17.7131
19.3 80.3406 0.415697 5.47723 17.7088
19.4 80.2905 0.419975 5.50527 17.7045
19.5 80.2405 0.424274 5.53331 17.7002
19.6 80.1905 0.428594 5.56134 17.6959
19.7 80.1404 0.432935 5.58936 17.6916
19.8 80.0904 0.437298 5.61738 17.6872
19.9 80.0403 0.441681 5.6454 17.6828
20 79.9903 0.446086 5.6734 17.6784
20.1 79.9402 0.450512 5.70141 17.674
20.2 79.8902 0.45496 5.72941 17.6695
20.3 79.8401 0.459428 5.7574 17.6651
20.4 79.7901 0.463917 5.78539 17.6606
20.5 79.74 0.468428 5.81337 17.6561
20.6 79.69 0.47296 5.84134 17.6515
20.7 79.6399 0.477513 5.86931 17.647
20.8 79.5899 0.482087 5.89728 17.6424
20.9 79.5398 0.486682 5.92524 17.6378
21 79.4898 0.491298 5.95319 17.6332
21.1 79.4398 0.495935 5.98114 17.6286
21.2 79.3897 0.500593 6.00908 17.6239
21.3 79.3397 0.505272 6.03701 17.6192
21.4 79.2896 0.509972 6.06494 17.6145
21.5 79.2396 0.514693 6.09287 17.6098
21.6 79.1895 0.519435 6.12078 17.6051
21.7 79.1395 0.524198 6.1487 17.6003
21.8 79.0894 0.528982 6.1766 17.5955
21.9 79.0394 0.533787 6.2045 17.5907
22 78.9893 0.538612 6.23239 17.5859
22.1 78.9393 0.543459 6.26028 17.581
22.2 78.8892 0.548326 6.28816 17.5762
22.3 78.8392 0.553215 6.31604 17.5713
22.4 78.7892 0.558124 6.34391 17.5664
22.5 78.7391 0.563054 6.37177 17.5614
22.6 78.6891 0.568005 6.39963 17.5565
22.7001 78.639 0.572977 6.42748 17.5515
22.8001 78.589 0.577969 6.45533 17.5465
22.9001 78.5389 0.582982 6.48316 17.5415
23.0001 78.4889 0.588016 6.511 17.5365
23.1001 78.4388 0.593071 6.53882 17.5314
23.2001 78.3888 0.598146 6.56664 17.5263
23.3001 78.3387 0.603242 6.59445 17.5213
23.4001 78.2887 0.608359 6.62226 17.5161
23.5001 78.2386 0.613497 6.65006 17.511
23.6001 78.1886 0.618655 6.67785 17.5058
23.7001 78.1386 0.623834 6.70564 17.5007
23.8001 78.0885 0.629033 6.73342 17.4955
23.9001 78.0385 0.634253 6.76119 17.4902
24.0001 77.9884 0.639494 6.78896 17.485
24.1001 77.9384 0.644755 6.81672 17.4797
24.2001 77.8883 0.650037 6.84447 17.4745
24.3001 77.8383 0.65534 6.87222 17.4692
24.4001 77.7882 0.660662 6.89996 17.4638
24.5001 77.7382 0.666006 6.92769 17.4585
24.6001 77.6881 0.67137 6.95542 17.4531
24.7001 77.6381 0.676754 6.98314 17.4477
24.8001 77.5881 0.682159 7.01085 17.4423
24.9001 77.538 0.687585 7.03856 17.4369
25.0001 77.488 0.69303 7.06626 17.4315
25.1001 77.4379 0.698497 7.09395 17.426
25.2001 77.3879 0.703983 7.12164 17.4205
25.3001 77.3378 0.70949 7.14931 17.415
25.4001 77.2878 0.715018 7.17699 17.4095
25.5001 77.2377 0.720565 7.20465 17.4039
25.6001 77.1877 0.726133 7.23231 17.3984
25.7001 77.1377 0.731722 7.25996 17.3928
25.8001 77.0876 0.73733 7.2876 17.3872
25.9001 77.0376 0.742959 7.31523 17.3815
26.0001 76.9875 0.748609 7.34286 17.3759
26.1001 76.9375 0.754278 7.37048 17.3702
26.2001 76.8874 0.759968 7.3981 17.3645
26.3001 76.8374 0.765678 7.4257 17.3588
26.4001 76.7873 0.771408 7.4533 17.3531
26.5001 76.7373 0.777158 7.48089 17.3473
26.6001 76.6873 0.782929 7.50848 17.3416
26.7001 76.6372 0.788719 7.53605 17.3358
26.8001 76.5872 0.79453 7.56362 17.33
26.9001 76.5371 0.800361 7.59118 17.3241
27.0001 76.4871 0.806212 7.61874 17.3183
27.1001 76.437 0.812083 7.64628 17.3124
27.2001 76.387 0.817974 7.67382 17.3065
27.3001 76.3369 0.823885 7.70135 17.3006
27.4001 76.2869 0.829817 7.72888 17.2947
27.5001 76.2369 0.835768 7.75639 17.2887
27.6001 76.1868 0.841739 7.7839 17.2828
27.7001 76.1368 0.84773 7.8114 17.2768
27.8001 76.0867 0.853741 7.83889 17.2708
27.9001 76.0367 0.859772 7.86638 17.2647
28.0001 75.9866 0.865823 7.89386 17.2587
28.1001 75.9366 0.871894 7.92132 17.2526
28.2001 75.8865 0.877985 7.94879 17.2465
28.3001 75.8365 0.884095 7.97624 17.2404
28.4001 75.7865 0.890226 8.00368 17.2343
28.5001 75.7364 0.896376 8.03112 17.2281
28.6001 75.6864 0.902546 8.05855 17.222
28.7001 75.6363 0.908736 8.08597 17.2158
28.8001 75.5863 0.914945 8.11338 17.2096
28.9001 75.5362 0.921175 8.14079 17.2033
29.0001 75.4862 0.927424 8.16819 17.1971
29.1001 75.4361 0.933692 8.19557 17.1908
29.2001 75.3861 0.939981 8.22295 17.1845
29.3001 75.3361 0.946289 8.25033 17.1782
29.4001 75.286 0.952617 8.27769 17.1719
29.5001 75.236 0.958964 8.30504 17.1655
29.6001 75.1859 0.965331 8.33239 17.1592
29.7001 75.1359 0.971718 8.35973 17.1528
29.8001 75.0858 0.978124 8.38706 17.1464
29.9001 75.0358 0.98455 8.41438 17.1399
30.0001 74.9858 0.990995 8.44169 17.1335
30.1001 74.9357 0.99746 8.469 17.127
30.2001 74.8857 1.00394 8.49629 17.1206
30.3001 74.8356 1.01045 8.52358 17.114
30.4001 74.7856 1.01697 8.55086 17.1075
30.5001 74.7355 1.02351 8.57813 17.101
30.6001 74.6855 1.03008 8.60539 17.0944
30.7001 74.6355 1.03666 8.63264 17.0878
30.8001 74.5854 1.04326 8.65989 17.0812
30.9001 74.5354 1.04988 8.68712 17.0746
31.0001 74.4853 1.05652 8.71435 17.068
31.1001 74.4353 1.06318 8.74157 17.0613
31.2001 74.3852 1.06985 8.76878 17.0546
31.3001 74.3352 1.07655 8.79598 17.0479
31.4001 74.2852 1.08327 8.82317 17.0412
31.5001 74.2351 1.09 8.85035 17.0345
31.6001 74.1851 1.09676 8.87752 17.0277
31.7001 74.135 1.10353 8.90468 17.021
31.8001 74.085 1.11033 8.93184 17.0142
31.9001 74.0349 1.11714 8.95899 17.0074
32.0001 73.9849 1.12397 8.98612 17.0005
32.1001 73.9349 1.13082 9.01325 16.9937
32.2001 73.8848 1.13769 9.04037 16.9868
32.3001 73.8348 1.14458 9.06747 16.9799
32.4001 73.7847 1.15149 9.09457 16.973
32.5001 73.7347 1.15842 9.12166 16.9661
32.6001 73.6847 1.16536 9.14874 16.9591
32.7001 73.6346 1.17233 9.17581 16.9522
32.8001 73.5846 1.17931 9.20287 16.9452
32.9001 73.5345 1.18631 9.22993 16.9382
33.0001 73.4845 1.19333 9.25697 16.9312
33.1001 73.4345 1.20037 9.284 16.9241
33.2001 73.3844 1.20743 9.31103 16.9171
33.3001 73.3344 1.21451 9.33804 16.91
33.4001 73.2843 1.22161 9.36504 16.9029
33.5001 73.2343 1.22873 9.39204 16.8958
33.6001 73.1843 1.23586 9.41902 16.8886
33.7001 73.1342 1.24301 9.446 16.8815
33.8001 73.0842 1.25019 9.47296 16.8743
33.9001 73.0341 1.25738 9.49992 16.8671
34.0001 72.9841 1.26459 9.52687 16.8599
34.1001 72.9341 1.27182 9.5538 16.8527
34.2001 72.884 1.27906 9.58073 16.8454
34.3 72.834 1.28633 9.60765 16.8382
34.4 72.7839 1.29361 9.63455 16.8309
34.5 72.7339 1.30092 9.66145 16.8236
34.6 72.6839 1.30824 9.68833 16.8163
34.7 72.6338 1.31558 9.71521 16.8089
34.8 72.5838 1.32294 9.74208 16.8016
34.9 72.5337 1.33031 9.76893 16.7942
35 72.4837 1.33771 9.79578 16.7868
35.1 72.4337 1.34512 9.82262 16.7794
35.2 72.3836 1.35255 9.84944 16.7719
35.3 72.3336 1.36 9.87626 16.7645
35.4 72.2835 1.36747 9.90306 16.757
35.5 72.2335 1.37496 9.92986 16.7495
35.6 72.1835 1.38247 9.95664 16.742
35.7 72.1334 1.38999 9.98341 16.7345
35.8 72.0834 1.39753 10.0102 16.727
35.9 72.0333 1.4051 10.0369 16.7194
36 71.9833 1.41267 10.0637 16.7118
36.1 71.9333 1.42027 10.0904 16.7042
36.2 71.8832 1.42789 10.1171 16.6966
36.3 71.8332 1.43552 10.1438 16.689
36.4 71.7831 1.44317 10.1705 16.6813
36.5 71.7331 1.45084 10.1972 16.6737
36.6 71.6831 1.45853 10.2239 16.666
36.7 71.633 1.46624 10.2506 16.6583
36.8 71.583 1.47396 10.2772 16.6505
36.9 71.5329 1.4817 10.3039 16.6428
37 71.4829 1.48946 10.3305 16.635
37.1 71.4329 1.49724 10.3571 16.6273
37.2 71.3828 1.50504 10.3838 16.6195
37.3 71.3328 1.51285 10.4104 16.6116
37.4 71.2827 1.52068 10.4369 16.6038
37.5 71.2327 1.52853 10.4635 16.596
37.6 71.1827 1.5364 10.4901 16.5881
37.7 71.1326 1.54429 10.5167 16.5802
37.8 71.0826 1.55219 10.5432 16.5723
37.9 71.0326 1.56011 10.5697 16.5644
38 70.9825 1.56805 10.5963 16.5564
38.1 70.9325 1.57601 10.6228 16.5485
38.2 70.8824 1.58398 10.6493 16.5405
38.3 70.8324 1.59198 10.6758 16.5325
38.4 70.7824 1.59999 10.7023 16.5245
38.5 70.7323 1.60801 10.7287 16.5165
38.6 70.6823 1.61606 10.7552 16.5084
38.7 70.6323 1.62412 10.7816 16.5004
38.8 70.5822 1.6322 10.8081 16.4923
38.9 70.5322 1.6403 10.8345 16.4842
39 70.4821 1.64842 10.8609 16.4761
39.1 70.4321 1.65655 10.8873 16.4679
39.2 70.3821 1.6647 10.9137 16.4598
39.3 70.332 1.67287 10.9401 16.4516
39.4 70.282 1.68105 10.9664 16.4434
39.5 70.232 1.68926 10.9928 16.4352
39.6 70.1819 1.69748 11.0191 16.427
39.7 70.1319 1.70571 11.0454 16.4188
39.8 70.0818 1.71397 11.0718 16.4105
39.9 70.0318 1.72224 11.0981 16.4023
40 69.9818 1.73053 11.1244 16.394
40.1 69.9317 1.73884 11.1506 16.3857
40.2 69.8817 1.74716 11.1769 16.3773
40.3 69.8317 1.7555 11.2032 16.369
40.4 69.7816 1.76386 11.2294 16.3606
40.5 69.7316 1.77224 11.2556 16.3523
40.6 69.6815 1.78063 11.2819 16.3439
40.7 69.6315 1.78904 11.3081 16.3355
40.7999 69.5815 1.79747 11.3343 16.327
40.8999 69.5314 1.80591 11.3605 16.3186
40.9999 69.4814 1.81437 11.3866 16.3101
41.0999 69.4314 1.82285 11.4128 16.3016
41.1999 69.3813 1.83134 11.4389 16.2932
41.2999 69.3313 1.83986 11.4651 16.2846
41.3999 69.2812 1.84839 11.4912 16.2761
41.4999 69.2312 1.85693 11.5173 16.2676
41.5999 69.1812 1.86549 11.5434 16.259
41.6999 69.1311 1.87407 11.5695 16.2504
41.7999 69.0811 1.88267 11.5956 16.2418
41.8999 69.0311 1.89128 11.6216 16.2332
41.9999 68.981 1.89991 11.6477 16.2246
42.0999 68.931 1.90856 11.6737 16.2159
42.1999 68.881 1.91722 11.6997 16.2073
42.2999 68.8309 1.9259 11.7257 16.1986
42.3999 68.7809 1.9346 11.7517 16.1899
42.4999 68.7309 1.94331 11.7777 16.1812
42.5999 68.6808 1.95204 11.8037 16.1725
42.6999 68.6308 1.96079 11.8296 16.1637
42.7999 68.5807 1.96955 11.8556 16.1549
42.8999 68.5307 1.97833 11.8815 16.1462
42.9999 68.4807 1.98713 11.9074 16.1374
43.0999 68.4306 1.99594 11.9333 16.1286
43.1999 68.3806 2.00477 11.9592 16.1197
43.2999 68.3306 2.01362 11.9851 16.1109
43.3999 68.2805 2.02248 12.011 16.102
43.4999 68.2305 2.03136 12.0368 16.0931
43.5999 68.1805 2.04025 12.0627 16.0842
43.6999 68.1304 2.04916 12.0885 16.0753
43.7999 68.0804 2.05809 12.1143 16.0664
43.8999 68.0304 2.06703 12.1401 16.0575
43.9999 67.9803 2.07599 12.1659 16.0485
44.0999 67.9303 2.08497 12.1916 16.0395
44.1999 67.8803 2.09396 12.2174 16.0305
44.2999 67.8302 2.10297 12.2432 16.0215
44.3999 67.7802 2.11199 12.2689 16.0125
44.4999 67.7301 2.12103 12.2946 16.0035
44.5999 67.6801 2.13009 12.3203 15.9944
44.6999 67.6301 2.13916 12.346 15.9853
44.7999 67.58 2.14825 12.3717 15.9762
44.8999 67.53 2.15736 12.3973 15.9671
44.9999 67.48 2.16648 12.423 15.958
45.0999 67.4299 2.17561 12.4486 15.9489
45.1999 67.3799 2.18477 12.4742 15.9397
45.2999 67.3299 2.19393 12.4998 15.9306
45.3999 67.2798 2.20312 12.5254 15.9214
45.4999 67.2298 2.21232 12.551 15.9122
45.5999 67.1798 2.22153 12.5766 15.903
45.6999 67.1297 2.23076 12.6021 15.8937
45.7999 67.0797 2.24001 12.6277 15.8845
45.8999 67.0297 2.24928 12.6532 15.8752
45.9999 66.9796 2.25855 12.6787 15.8659
46.0999 66.9296 2.26785 12.7042 15.8566
46.1999 66.8796 2.27716 12.7297 15.8473
46.2999 66.8295 2.28648 12.7551 15.838
46.3999 66.7795 2.29582 12.7806 15.8287
46.4999 66.7295 2.30518 12.806 15.8193
46.5999 66.6794 2.31455 12.8314 15.8099
46.6999 66.6294 2.32394 12.8568 15.8006
46.7999 66.5794 2.33334 12.8822 15.7912
46.8999 66.5293 2.34276 12.9076 15.7817
46.9999 66.4793 2.3522 12.933 15.7723
47.0999 66.4293 2.36165 12.9583 15.7629
47.1999 66.3792 2.37111 12.9836 15.7534
47.2999 66.3292 2.38059 13.009 15.7439
47.3998 66.2792 2.39009 13.0343 15.7344
47.4998 66.2291 2.3996 13.0596 15.7249
47.5998 66.1791 2.40912 13.0848 15.7154
47.6998 66.1291 2.41866 13.1101 15.7058
47.7998 66.079 2.42822 13.1353 15.6963
47.8998 66.029 2.43779 13.1606 15.6867
47.9998 65.979 2.44738 13.1858 15.6771
48.0998 65.9289 2.45698 13.211 15.6675
48.1998 65.8789 2.46659 13.2362 15.6579
48.2998 65.8289 2.47622 13.2613 15.6483
48.3998 65.7788 2.48587 13.2865 15.6386
48.4998 65.7288 2.49553 13.3116 15.629
48.5998 65.6788 2.50521 13.3367 15.6193
48.6998 65.6288 2.5149 13.3618 15.6096
48.7998 65.5787 2.52461 13.3869 15.5999
48.8998 65.5287 2.53433 13.412 15.5902
48.9998 65.4787 2.54406 13.4371 15.5804
49.0998 65.4286 2.55381 13.4621 15.5707
49.1998 65.3786 2.56358 13.4871 15.5609
49.2998 65.3286 2.57336 13.5122 15.5511
49.3998 65.2785 2.58315 13.5372 15.5413
49.4998 65.2285 2.59296 13.5621 15.5315
49.5998 65.1785 2.60279 13.5871 15.5217
49.6998 65.1284 2.61262 13.6121 15.5119
49.7998 65.0784 2.62248 13.637 15.502
49.8998 65.0284 2.63234 13.6619 15.4922
49.9998 64.9783 2.64223 13.6868 15.4823
50.0998 64.9283 2.65212 13.7117 15.4724
50.1998 64.8783 2.66203 13.7366 15.4625
50.2998 64.8282 2.67196 13.7614 15.4525
50.3998 64.7782 2.6819 13.7863 15.4426
50.4998 64.7282 2.69185 13.8111 15.4326
50.5998 64.6782 2.70182 13.8359 15.4227
50.6998 64.6281 2.71181 13.8607 15.4127
50.7998 64.5781 2.7218 13.8854 15.4027
50.8998 64.5281 2.73181 13.9102 15.3927
50.9998 64.478 2.74184 13.9349 15.3827
51.0998 64.428 2.75188 13.9597 15.3726
51.1998 64.378 2.76193 13.9844 15.3626
51.2998 64.3279 2.772 14.0091 15.3525
51.3998 64.2779 2.78208 14.0337 15.3424
51.4998 64.2279 2.79218 14.0584 15.3323
51.5998 64.1779 2.80229 14.083 15.3222
51.6998 64.1278 2.81241 14.1077 15.3121
51.7998 64.0778 2.82255 14.1323 15.3019
51.8998 64.0278 2.83271 14.1569 15.2918
51.9998 63.9777 2.84287 14.1814 15.2816
52.0998 63.9277 2.85305 14.206 15.2714
52.1998 63.8777 2.86324 14.2305 15.2613
52.2998 63.8276 2.87345 14.2551 15.251
52.3998 63.7776 2.88367 14.2796 15.2408
52.4998 63.7276 2.89391 14.3041 15.2306
52.5998 63.6776 2.90416 14.3285 15.2203
52.6998 63.6275 2.91442 14.353 15.2101
52.7998 63.5775 2.9247 14.3774 15.1998
52.8998 63.5275 2.93499 14.4018 15.1895
52.9998 63.4774 2.94529 14.4262 15.1792
53.0998 63.4274 2.95561 14.4506 15.1689
53.1998 63.3774 2.96594 14.475 15.1586
53.2998 63.3274 2.97628 14.4993 15.1482
53.3998 63.2773 2.98664 14.5237 15.1379
53.4998 63.2273 2.99701 14.548 15.1275
53.5998 63.1773 3.00739 14.5723 15.1171
53.6998 63.1272 3.01779 14.5966 15.1067
53.7998 63.0772 3.0282 14.6208 15.0963
53.8997 63.0272 3.03863 14.6451 15.0859
53.9997 62.9772 3.04906 14.6693 15.0754
54.0997 62.9271 3.05951 14.6935 15.065
54.1997 62.8771 3.06998 14.7177 15.0545
54.2997 62.8271 3.08046 14.7419 15.044
54.3997 62.777 3.09095 14.766 15.0336
54.4997 62.727 3.10145 14.7902 15.023
54.5997 62.677 3.11197 14.8143 15.0125
54.6997 62.627 3.1225 14.8384 15.002
54.7997 62.5769 3.13304 14.8625 14.9915
54.8997 62.5269 3.14359 14.8865 14.9809
54.9997 62.4769 3.15416 14.9106 14.9703
55.0997 62.4268 3.16474 14.9346 14.9598
55.1997 62.3768 3.17534 14.9586 14.9492
55.2997 62.3268 3.18595 14.9826 14.9386
55.3997 62.2768 3.19657 15.0066 14.9279
55.4997 62.2267 3.2072 15.0306 14.9173
55.5997 62.1767 3.21784 15.0545 14.9067
55.6997 62.1267 3.2285 15.0784 14.896
55.7997 62.0767 3.23917 15.1023 14.8853
55.8997 62.0266 3.24986 15.1262 14.8746
55.9997 61.9766 3.26055 15.15 14.8639
56.0997 61.9266 3.27126 15.1739 14.8532
56.1997 61.8765 3.28198 15.1977 14.8425
56.2997 61.8265 3.29272 15.2215 14.8318
56.3997 61.7765 3.30346 15.2453 14.821
56.4997 61.7265 3.31422 15.2691 14.8103
56.5997 61.6764 3.32499 15.2928 14.7995
56.6997 61.6264 3.33578 15.3166 14.7887
56.7997 61.5764 3.34657 15.3403 14.7779
56.8997 61.5264 3.35738 15.364 14.7671
56.9997 61.4763 3.3682 15.3876 14.7563
57.0997 61.4263 3.37904 15.4113 14.7455
57.1997 61.3763 3.38988 15.4349 14.7346
57.2997 61.3263 3.40074 15.4585 14.7238
57.3997 61.2762 3.41161 15.4821 14.7129
57.4997 61.2262 3.42249 15.5057 14.702
57.5997 61.1762 3.43339 15.5292 14.6911
57.6997 61.1262 3.44429 15.5528 14.6802
57.7997 61.0761 3.45521 15.5763 14.6693
57.8997 61.0261 3.46614 15.5998 14.6584
57.9997 60.9761 3.47708 15.6233 14.6474
58.0997 60.926 3.48804 15.6467 14.6365
58.1997 60.876 3.499 15.6702 14.6255
58.2997 60.826 3.50998 15.6936 14.6145
58.3997 60.776 3.52097 15.717 14.6035
58.4997 60.7259 3.53197 15.7404 14.5925
58.5997 60.6759 3.54298 15.7637 14.5815
58.6997 60.6259 3.55401 15.787 14.5705
58.7997 60.5759 3.56505 15.8104 14.5595
58.8997 60.5258 3.57609 15.8337 14.5484
58.9997 60.4758 3.58715 15.8569 14.5373
59.0997 60.4258 3.59823 15.8802 14.5263
59.1997 60.3758 3.60931 15.9034 14.5152
59.2997 60.3257 3.6204 15.9266 14.5041
59.3997 60.2757 3.63151 15.9498 14.493
59.4997 60.2257 3.64263 15.973 14.4819
59.5997 60.1757 3.65376 15.9962 14.4707
59.6997 60.1257 3.6649 16.0193 14.4596
59.7997 60.0756 3.67605 16.0424 14.4484
59.8997 60.0256 3.68721 16.0655 14.4373
59.9997 59.9756 3.69839 16.0886 14.4261
60.0997 59.9256 3.70957 16.1116 14.4149
60.1997 59.8755 3.72077 16.1347 14.4037
60.2997 59.8255 3.73198 16.1577 14.3925
60.3997 59.7755 3.7432 16.1806 14.3813
60.4996 59.7255 3.75443 16.2036 14.3701
60.5996 59.6754 3.76567 16.2266 14.3588
60.6996 59.6254 3.77692 16.2495 14.3476
60.7996 59.5754 3.78818 16.2724 14.3363
60.8996 59.5254 3.79946 16.2953 14.325
60.9996 59.4753 3.81074 16.3181 14.3138
61.0996 59.4253 3.82204 16.341 14.3025
61.1996 59.3753 3.83335 16.3638 14.2911
61.2996 59.3253 3.84467 16.3866 14.2798
61.3996 59.2753 3.856 16.4093 14.2685
61.4996 59.2252 3.86734 16.4321 14.2572
61.5996 59.1752 3.87869 16.4548 14.2458
61.6996 59.1252 3.89005 16.4775 14.2344
61.7996 59.0752 3.90142 16.5002 14.2231
61.8996 59.0251 3.9128 16.5229 14.2117
61.9996 58.9751 3.9242 16.5455 14.2003
62.0996 58.9251 3.9356 16.5682 14.1889
62.1996 58.8751 3.94701 16.5908 14.1775
62.2996 58.825 3.95844 16.6133 14.1661
62.3996 58.775 3.96987 16.6359 14.1546
62.4996 58.725 3.98132 16.6584 14.1432
62.5996 58.675 3.99278 16.6809 14.1317
62.6996 58.625 4.00424 16.7034 14.1203
62.7996 58.5749 4.01572 16.7259 14.1088
62.8996 58.5249 4.02721 16.7483 14.0973
62.9996 58.4749 4.0387 16.7708 14.0858
63.0996 58.4249 4.05021 16.7932 14.0743
63.1996 58.3749 4.06173 16.8155 14.0628
63.2996 58.3248 4.07326 16.8379 14.0512
63.3996 58.2748 4.0848 16.8602 14.0397
63.4996 58.2248 4.09634 16.8825 14.0282
63.5996 58.1748 4.1079 16.9048 14.0166
63.6996 58.1247 4.11947 16.9271 14.005
63.7996 58.0747 4.13105 16.9493 13.9934
63.8996 58.0247 4.14264 16.9715 13.9819
63.9996 57.9747 4.15424 16.9937 13.9703
64.0996 57.9247 4.16584 17.0159 13.9587
64.1996 57.8746 4.17746 17.038 13.947
64.2996 57.8246 4.18909 17.0602 13.9354
64.3996 57.7746 4.20073 17.0823 13.9238
64.4996 57.7246 4.21238 17.1044 13.9121
64.5996 57.6746 4.22403 17.1264 13.9005
64.6996 57.6245 4.2357 17.1484 13.8888
64.7996 57.5745 4.24737 17.1704 13.8771
64.8996 57.5245 4.25906 17.1924 13.8654
64.9996 57.4745 4.27076 17.2144 13.8537
65.0996 57.4245 4.28246 17.2363 13.842
65.1996 57.3744 4.29418 17.2582 13.8303
65.2996 57.3244 4.3059 17.2801 13.8186
65.3996 57.2744 4.31763 17.302 13.8069
65.4996 57.2244 4.32938 17.3238 13.7951
65.5996 57.1744 4.34113 17.3457 13.7834
65.6996 57.1243 4.35289 17.3675 13.7716
65.7996 57.0743 4.36466 17.3892 13.7598
65.8996 57.0243 4.37644 17.411 13.7481
65.9996 56.9743 4.38823 17.4327 13.7363
66.0996 56.9243 4.40003 17.4544 13.7245
66.1996 56.8742 4.41183 17.4761 13.7127
66.2996 56.8242 4.42365 17.4977 13.7008
66.3996 56.7742 4.43548 17.5193 13.689
66.4996 56.7242 4.44731 17.5409 13.6772
66.5996 56.6742 4.45915 17.5625 13.6653
66.6996 56.6241 4.47101 17.5841 13.6535
66.7996 56.5741 4.48287 17.6056 13.6416
66.8996 56.5241 4.49474 17.6271 13.6298
66.9995 56.4741 4.50662 17.6486 13.6179
67.0995 56.4241 4.5185 17.67 13.606
67.1995 56.3741 4.5304 17.6914 13.5941
67.2995 56.324 4.54231 17.7128 13.5822
67.3995 56.274 4.55422 17.7342 13.5703
67.4995 56.224 4.56614 17.7556 13.5584
67.5995 56.174 4.57807 17.7769 13.5464
67.6995 56.124 4.59001 17.7982 13.5345
67.7995 56.0739 4.60196 17.8195 13.5225
67.8995 56.0239 4.61392 17.8407 13.5106
67.9995 55.9739 4.62588 17.862 13.4986
68.0995 55.9239 4.63786 17.8832 13.4866
68.1995 55.8739 4.64984 17.9043 13.4747
68.2995 55.8239 4.66183 17.9255 13.4627
68.3995 55.7738 4.67383 17.9466 13.4507
68.4995 55.7238 4.68584 17.9677 13.4387
68.5995 55.6738 4.69785 17.9888 13.4266
68.6995 55.6238 4.70988 18.0098 13.4146
68.7995 55.5738 4.72191 18.0308 13.4026
68.8995 55.5237 4.73395 18.0518 13.3905
68.9995 55.4737 4.746 18.0728 13.3785
69.0995 55.4237 4.75805 18.0937 13.3664
69.1995 55.3737 4.77012 18.1147 13.3544
69.2995 55.3237 4.78219 18.1355 13.3423
69.3995 55.2737 4.79427 18.1564 13.3302
69.4995 55.2236 4.80636 18.1772 13.3181
69.5995 55.1736 4.81845 18.198 13.306
69.6995 55.1236 4.83056 18.2188 13.2939
69.7995 55.0736 4.84267 18.2396 13.2818
69.8995 55.0236 4.85479 18.2603 13.2697
69.9995 54.9736 4.86692 18.281 13.2576
70.0995 54.9236 4.87905 18.3017 13.2454
70.1995 54.8735 4.89119 18.3223 13.2333
70.2995 54.8235 4.90334 18.343 13.2212
70.3995 54.7735 4.9155 18.3636 13.209
70.4995 54.7235 4.92767 18.3841 13.1968
70.5995 54.6735 4.93984 18.4047 13.1847
70.6995 54.6235 4.95202 18.4252 13.1725
70.7995 54.5734 4.96421 18.4457 13.1603
70.8995 54.5234 4.9764 18.4661 13.1481
70.9995 54.4734 4.98861 18.4866 13.1359
71.0995 54.4234 5.00082 18.507 13.1237
71.1995 54.3734 5.01304 18.5274 13.1115
71.2995 54.3234 5.02526 18.5477 13.0992
71.3995 54.2733 5.03749 18.568 13.087
71.4995 54.2233 5.04973 18.5883 13.0748
71.5995 54.1733 5.06198 18.6086 13.0625
71.6995 54.1233 5.07423 18.6288 13.0503
71.7995 54.0733 5.08649 18.649 13.038
71.8995 54.0233 5.09876 18.6692 13.0257
71.9995 53.9733 5.11103 18.6894 13.0135
72.0995 53.9232 5.12331 18.7095 13.0012
72.1995 53.8732 5.1356 18.7296 12.9889
72.2995 53.8232 5.1479 18.7497 12.9766
72.3995 53.7732 5.1602 18.7697 12.9643
72.4995 53.7232 5.17251 18.7897 12.952
72.5995 53.6732 5.18482 18.8097 12.9397
72.6995 53.6232 5.19715 18.8297 12.9274
72.7995 53.5731 5.20947 18.8496 12.915
72.8995 53.5231 5.22181 18.8695 12.9027
72.9995 53.4731 5.23415 18.8894 12.8903
73.0995 53.4231 5.2465 18.9092 12.878
73.1995 53.3731 5.25886 18.929 12.8656
73.2995 53.3231 5.27122 18.9488 12.8533
73.3995 53.2731 5.28359 18.9686 12.8409
73.4995 53.2231 5.29596 18.9883 12.8285
73.5994 53.173 5.30834 19.008 12.8162
73.6994 53.123 5.32073 19.0276 12.8038
73.7994 53.073 5.33312 19.0473 12.7914
73.8994 53.023 5.34553 19.0669 12.779
73.9994 52.973 5.35793 19.0865 12.7666
74.0994 52.923 5.37034 19.106 12.7542
74.1994 52.873 5.38276 19.1255 12.7417
74.2994 52.8229 5.39519 19.145 12.7293
74.3994 52.7729 5.40762 19.1645 12.7169
74.4994 52.7229 5.42006 19.1839 12.7044
74.5994 52.6729 5.4325 19.2033 12.692
74.6994 52.6229 5.44495 19.2227 12.6795
74.7994 52.5729 5.4574 19.242 12.6671
74.8994 52.5229 5.46986 19.2613 12.6546
74.9994 52.4729 5.48233 19.2806 12.6422
75.0994 52.4228 5.4948 19.2999 12.6297
75.1994 52.3728 5.50728 19.3191 12.6172
75.2994 52.3228 5.51977 19.3383 12.6047
75.3994 52.2728 5.53226 19.3574 12.5922
75.4994 52.2228 5.54475 19.3766 12.5797
75.5994 52.1728 5.55725 19.3957 12.5672
75.6994 52.1228 5.56976 19.4147 12.5547
75.7994 52.0728 5.58227 19.4338 12.5422
75.8994 52.0228 5.59479 19.4528 12.5297
75.9994 51.9727 5.60732 19.4717 12.5172
76.0994 51.9227 5.61984 19.4907 12.5047
76.1994 51.8727 5.63238 19.5096 12.4921
76.2994 51.8227 5.64492 19.5285 12.4796
76.3994 51.7727 5.65746 19.5473 12.467
76.4994 51.7227 5.67001 19.5662 12.4545
76.5994 51.6727 5.68257 19.5849 12.4419
76.6994 51.6227 5.69513 19.6037 12.4294
76.7994 51.5727 5.7077 19.6224 12.4168
76.8994 51.5226 5.72027 19.6411 12.4042
76.9994 51.4726 5.73284 19.6598 12.3917
77.0994 51.4226 5.74543 19.6784 12.3791
77.1994 51.3726 5.75801 19.697 12.3665
77.2994 51.3226 5.7706 19.7156 12.3539
77.3994 51.2726 5.7832 19.7341 12.3413
77.4994 51.2226 5.7958 19.7526 12.3287
77.5994 51.1726 5.80841 19.7711 12.3161
77.6994 51.1226 5.82102 19.7895 12.3035
77.7994 51.0726 5.83363 19.8079 12.2909
77.8994 51.0225 5.84625 19.8263 12.2782
77.9994 50.9725 5.85888 19.8446 12.2656
78.0994 50.9225 5.87151 19.8629 12.253
78.1994 50.8725 5.88414 19.8812 12.2404
78.2994 50.8225 5.89678 19.8994 12.2277
78.3994 50.7725 5.90943 19.9176 12.2151
78.4994 50.7225 5.92207 19.9358 12.2024
78.5994 50.6725 5.93473 19.954 12.1898
78.6994 50.6225 5.94738 19.9721 12.1771
78.7994 50.5725 5.96005 19.9901 12.1644
78.8994 50.5225 5.97271 20.0082 12.1518
78.9994 50.4724 5.98538 20.0262 12.1391
79.0994 50.4224 5.99806 20.0442 12.1264
79.1994 50.3724 6.01074 20.0621 12.1138
79.2994 50.3224 6.02342 20.08 12.1011
79.3994 50.2724 6.03611 20.0979 12.0884
79.4994 50.2224 6.0488 20.1157 12.0757
79.5994 50.1724 6.06149 20.1336 12.063
79.6994 50.1224 6.07419 20.1513 12.0503
79.7994 50.0724 6.0869 20.1691 12.0376
79.8994 50.0224 6.09961 20.1868 12.0249
79.9994 49.9724 6.11232 20.2044 12.0122
80.0993 49.9224 6.12503 20.2221 11.9995
80.1993 49.8723 6.13775 20.2397 11.9867
80.2993 49.8223 6.15047 20.2573 11.974
80.3993 49.7723 6.1632 20.2748 11.9613
80.4993 49.7223 6.17593 20.2923 11.9486
80.5993 49.6723 6.18867 20.3098 11.9358
80.6993 49.6223 6.20141 20.3272 11.9231
80.7993 49.5723 6.21415 20.3446 11.9103
80.8993 49.5223 6.22689 20.3619 11.8976
80.9993 49.4723 6.23964 20.3793 11.8849
81.0993 49.4223 6.25239 20.3966 11.8721
81.1993 49.3723 6.26515 20.4138 11.8593
81.2993 49.3223 6.27791 20.431 11.8466
81.3993 49.2723 6.29067 20.4482 11.8338
81.4993 49.2223 6.30344 20.4654 11.8211
81.5993 49.1722 6.31621 20.4825 11.8083
81.6993 49.1222 6.32898 20.4996 11.7955
81.7993 49.0722 6.34176 20.5166 11.7827
81.8993 49.0222 6.35454 20.5336 11.77
81.9993 48.9722 6.36732 20.5506 11.7572
82.0993 48.9222 6.3801 20.5675 11.7444
82.1993 48.8722 6.39289 20.5844 11.7316
82.2993 48.8222 6.40569 20.6013 11.7188
82.3993 48.7722 6.41848 20.6181 11.706
82.4993 48.7222 6.43128 20.6349 11.6932
82.5993 48.6722 6.44408 20.6517 11.6804
82.6993 48.6222 6.45688 20.6684 11.6676
82.7993 48.5722 6.46969 20.6851 11.6548
82.8993 48.5222 6.4825 20.7017 11.642
82.9993 48.4722 6.49531 20.7183 11.6292
83.0993 48.4222 6.50813 20.7349 11.6164
83.1993 48.3722 6.52094 20.7514 11.6036
83.2993 48.3222 6.53376 20.7679 11.5907
83.3993 48.2721 6.54659 20.7844 11.5779
83.4993 48.2221 6.55941 20.8008 11.5651
83.5993 48.1721 6.57224 20.8172 11.5523
83.6993 48.1221 6.58507 20.8336 11.5394
83.7993 48.0721 6.5979 20.8499 11.5266
83.8993 48.0221 6.61074 20.8661 11.5138
83.9993 47.9721 6.62358 20.8824 11.5009
84.0993 47.9221 6.63642 20.8986 11.4881
84.1993 47.8721 6.64926 20.9147 11.4752
84.2993 47.8221 6.6621 20.9309 11.4624
84.3993 47.7721 6.67495 20.947 11.4495
84.4993 47.7221 6.6878 20.963 11.4367
84.5993 47.6721 6.70065 20.979 11.4238
84.6993 47.6221 6.7135 20.995 11.411
84.7993 47.5721 6.72636 21.0109 11.3981
84.8993 47.5221 6.73922 21.0268 11.3853
84.9993 47.4721 6.75208 21.0427 11.3724
85.0993 47.4221 6.76494 21.0585 11.3596
85.1993 47.3721 6.7778 21.0743 11.3467
85.2993 47.3221 6.79067 21.09 11.3338
85.3993 47.2721 6.80353 21.1057 11.321
85.4993 47.2221 6.8164 21.1214 11.3081
85.5993 47.1721 6.82927 21.137 11.2952
85.6993 47.1221 6.84215 21.1526 11.2823
85.7993 47.0721 6.85502 21.1681 11.2695
85.8993 47.0221 6.8679 21.1836 11.2566
85.9993 46.972 6.88077 21.1991 11.2437
86.0993 46.922 6.89365 21.2145 11.2308
86.1993 46.872 6.90653 21.2299 11.218
86.2993 46.822 6.91942 21.2453 11.2051
86.3993 46.772 6.9323 21.2606 11.1922
86.4993 46.722 6.94519 21.2758 11.1793
86.5993 46.672 6.95807 21.2911 11.1664
86.6992 46.622 6.97096 21.3063 11.1535
86.7992 46.572 6.98385 21.3214 11.1406
86.8992 46.522 6.99674 21.3365 11.1278
86.9992 46.472 7.00963 21.3516 11.1149
87.0992 46.422 7.02252 21.3666 11.102
87.1992 46.372 7.03542 21.3816 11.0891
87.2992 46.322 7.04831 21.3965 11.0762
87.3992 46.272 7.06121 21.4114 11.0633
87.4992 46.222 7.0741 21.4263 11.0504
87.5992 46.172 7.087 21.4411 11.0375
87.6992 46.122 7.0999 21.4559 11.0246
87.7992 46.072 7.1128 21.4707 11.0117
87.8992 46.022 7.1257 21.4853 10.9988
87.9992 45.972 7.1386 21.5 10.9859
88.0992 45.922 7.1515 21.5146 10.973
88.1992 45.872 7.16441 21.5292 10.9601
88.2992 45.822 7.17731 21.5437 10.9472
88.3992 45.772 7.19022 21.5582 10.9343
88.4992 45.722 7.20312 21.5727 10.9214
88.5992 45.672 7.21603 21.5871 10.9085
88.6992 45.622 7.22893 21.6014 10.8956
88.7992 45.572 7.24184 21.6158 10.8827
88.8992 45.522 7.25475 21.63 10.8697
88.9992 45.472 7.26765 21.6443 10.8568
89.0992 45.422 7.28056 21.6585 10.8439
89.1992 45.372 7.29347 21.6726 10.831
89.2992 45.322 7.30638 21.6867 10.8181
89.3992 45.272 7.31929 21.7008 10.8052
89.4992 45.222 7.3322 21.7148 10.7923
89.5992 45.172 7.34511 21.7288 10.7794
89.6992 45.122 7.35802 21.7428 10.7665
89.7992 45.072 7.37093 21.7566 10.7536
89.8992 45.022 7.38384 21.7705 10.7407
89.9992 44.972 7.39674 21.7843 10.7278
90.0992 44.922 7.40965 21.7981 10.7148
90.1992 44.872 7.42256 21.8118 10.7019
90.2992 44.822 7.43547 21.8255 10.689
90.3992 44.772 7.44838 21.8391 10.6761
90.4992 44.722 7.46129 21.8527 10.6632
90.5992 44.672 7.4742 21.8662 10.6503
90.6992 44.622 7.48711 21.8797 10.6374
90.7992 44.572 7.50002 21.8932 10.6245
90.8992 44.522 7.51293 21.9066 10.6116
90.9992 44.472 7.52584 21.92 10.5987
91.0992 44.422 7.53874 21.9333 10.5858
91.1992 44.372 7.55165 21.9466 10.5728
91.2992 44.322 7.56456 21.9598 10.5599
91.3992 44.272 7.57746 21.973 10.547
91.4992 44.222 7.59037 21.9861 10.5341
91.5992 44.172 7.60327 21.9992 10.5212
91.6992 44.122 7.61618 22.0123 10.5083
91.7992 44.072 7.62908 22.0253 10.4954
91.8992 44.022 7.64199 22.0383 10.4825
91.9992 43.972 7.65489 22.0512 10.4696
92.0992 43.922 7.66779 22.0641 10.4567
92.1992 43.872 7.68069 22.0769 10.4438
92.2992 43.8221 7.69359 22.0897 10.4309
92.3992 43.7721 7.70649 22.1024 10.418
92.4992 43.7221 7.71939 22.1151 10.4051
92.5992 43.6721 7.73228 22.1277 10.3922
92.6992 43.6221 7.74518 22.1403 10.3793
92.7992 43.5721 7.75807 22.1529 10.3664
92.8992 43.5221 7.77097 22.1654 10.3535
92.9992 43.4721 7.78386 22.1778 10.3406
93.0992 43.4221 7.79675 22.1902 10.3277
93.1992 43.3721 7.80964 22.2026 10.3149
93.2991 43.3221 7.82253 22.2149 10.302
93.3991 43.2721 7.83542 22.2272 10.2891
93.4991 43.2221 7.84831 22.2394 10.2762
93.5991 43.1721 7.86119 22.2516 10.2633
93.6991 43.1221 7.87407 22.2637 10.2504
93.7991 43.0721 7.88696 22.2758 10.2375
93.8991 43.0221 7.89984 22.2878 10.2247
93.9991 42.9721 7.91272 22.2998 10.2118
94.0991 42.9221 7.92559 22.3117 10.1989
94.1991 42.8721 7.93847 22.3236 10.186
94.2991 42.8221 7.95134 22.3354 10.1732
94.3991 42.7721 7.96422 22.3472 10.1603
94.4991 42.7221 7.97709 22.359 10.1474
94.5991 42.6721 7.98996 22.3707 10.1345
94.6991 42.6221 8.00282 22.3823 10.1217
94.7991 42.5721 8.01569 22.3939 10.1088
94.8991 42.5222 8.02855 22.4055 10.0959
94.9991 42.4722 8.04141 22.4169 10.0831
95.0991 42.4222 8.05427 22.4284 10.0702
95.1991 42.3722 8.06713 22.4398 10.0574
95.2991 42.3222 8.07999 22.4511 10.0445
95.3991 42.2722 8.09284 22.4624 10.0317
95.4991 42.2222 8.10569 22.4737 10.0188
95.5991 42.1722 8.11854 22.4849 10.006
95.6991 42.1222 8.13139 22.496 9.99311
95.7991 42.0722 8.14423 22.5072 9.98026
95.8991 42.0222 8.15707 22.5182 9.96742
95.9991 41.9722 8.16991 22.5292 9.95458
96.0991 41.9222 8.18275 22.5402 9.94174
96.1991 41.8722 8.19559 22.5511 9.92891
96.2991 41.8222 8.20842 22.5619 9.91607
96.3991 41.7722 8.22125 22.5727 9.90324
96.4991 41.7222 8.23408 22.5835 9.89042
96.5991 41.6723 8.24691 22.5941 9.87759
96.6991 41.6223 8.25973 22.6048 9.86477
96.7991 41.5723 8.27255 22.6154 9.85195
96.8991 41.5223 8.28537 22.6259 9.83913
96.9991 41.4723 8.29818 22.6364 9.82632
97.0991 41.4223 8.31099 22.6469 9.8135
97.1991 41.3723 8.3238 22.6573 9.80069
97.2991 41.3223 8.33661 22.6676 9.78789
97.3991 41.2723 8.34941 22.6779 9.77508
97.4991 41.2223 8.36221 22.6881 9.76228
97.5991 41.1723 8.37501 22.6983 9.74948
97.6991 41.1223 8.38781 22.7084 9.73669
97.7991 41.0723 8.4006 22.7185 9.7239
97.8991 41.0223 8.41339 22.7285 9.71111
97.9991 40.9724 8.42617 22.7385 9.69832
98.0991 40.9224 8.43896 22.7484 9.68554
98.1991 40.8724 8.45173 22.7583 9.67276
98.2991 40.8224 8.46451 22.7681 9.65999
98.3991 40.7724 8.47728 22.7779 9.64721
98.4991 40.7224 8.49005 22.7876 9.63444
98.5991 40.6724 8.50282 22.7972 9.62168
98.6991 40.6224 8.51558 22.8068 9.60891
98.7991 40.5724 8.52834 22.8164 9.59615
98.8991 40.5224 8.5411 22.8259 9.5834
98.9991 40.4724 8.55385 22.8353 9.57065
99.0991 40.4224 8.5666 22.8447 9.5579
99.1991 40.3724 8.57935 22.854 9.54515
99.2991 40.3225 8.59209 22.8633 9.53241
99.3991 40.2725 8.60483 22.8725 9.51967
99.4991 40.2225 8.61756 22.8817 9.50694
99.5991 40.1725 8.63029 22.8908 9.49421
99.6991 40.1225 8.64302 22.8998 9.48148
99.799 40.0725 8.65574 22.9088 9.46875
99.899 40.0225 8.66846 22.9178 9.45604
99.999 39.9725 8.68118 22.9267 9.44332
100.099 39.9225 8.69389 22.9355 9.43061
100.199 39.8725 8.7066 22.9443 9.4179
100.299 39.8225 8.7193 22.953 9.4052
100.399 39.7726 8.732 22.9617 9.3925
100.499 39.7226 8.74469 22.9703 9.3798
100.599 39.6726 8.75739 22.9789 9.36711
100.699 39.6226 8.77007 22.9874 9.35442
100.799 39.5726 8.78276 22.9958 9.34174
100.899 39.5226 8.79544 23.0042 9.32906
100.999 39.4726 8.80811 23.0125 9.31639
101.099 39.4226 8.82078 23.0208 9.30372
101.199 39.3726 8.83345 23.029 9.29105
101.299 39.3227 8.84611 23.0372 9.27839
101.399 39.2727 8.85877 23.0453 9.26573
101.499 39.2227 8.87142 23.0533 9.25308
101.599 39.1727 8.88407 23.0613 9.24043
101.699 39.1227 8.89671 23.0693 9.22778
101.799 39.0727 8.90935 23.0771 9.21515
101.899 39.0227 8.92199 23.085 9.20251
101.999 38.9727 8.93462 23.0927 9.18988
102.099 38.9227 8.94724 23.1004 9.17726
102.199 38.8727 8.95986 23.1081 9.16463
102.299 38.8228 8.97248 23.1157 9.15202
102.399 38.7728 8.98509 23.1232 9.13941
102.499 38.7228 8.99769 23.1306 9.1268
102.599 38.6728 9.0103 23.1381 9.1142
102.699 38.6228 9.02289 23.1454 9.1016
102.799 38.5728 9.03548 23.1527 9.08901
102.899 38.5228 9.04807 23.1599 9.07643
102.999 38.4728 9.06065 23.1671 9.06384
103.099 38.4229 9.07323 23.1742 9.05127
103.199 38.3729 9.0858 23.1813 9.0387
103.299 38.3229 9.09837 23.1883 9.02613
103.399 38.2729 9.11093 23.1952 9.01357
103.499 38.2229 9.12348 23.2021 9.00101
103.599 38.1729 9.13603 23.2089 8.98846
103.699 38.1229 9.14858 23.2156 8.97592
103.799 38.0729 9.16112 23.2223 8.96338
103.899 38.023 9.17365 23.229 8.95084
103.999 37.973 9.18618 23.2355 8.93832
104.099 37.923 9.1987 23.242 8.92579
104.199 37.873 9.21122 23.2485 8.91327
104.299 37.823 9.22374 23.2549 8.90076
104.399 37.773 9.23624 23.2612 8.88825
104.499 37.723 9.24874 23.2675 8.87575
104.599 37.673 9.26124 23.2737 8.86326
104.699 37.6231 9.27373 23.2798 8.85077
104.799 37.5731 9.28621 23.2859 8.83828
104.899 37.5231 9.29869 23.2919 8.8258
104.999 37.4731 9.31117 23.2979 8.81333
105.099 37.4231 9.32363 23.3038 8.80086
105.199 37.3731 9.33609 23.3096 8.7884
105.299 37.3231 9.34855 23.3154 8.77595
105.399 37.2732 9.361 23.3211 8.7635
105.499 37.2232 9.37344 23.3267 8.75106
105.599 37.1732 9.38588 23.3323 8.73862
105.699 37.1232 9.39831 23.3378 8.72619
105.799 37.0732 9.41073 23.3433 8.71376
105.899 37.0232 9.42315 23.3487 8.70134
105.999 36.9732 9.43557 23.354 8.68893
106.099 36.9233 9.44797 23.3593 8.67652
106.199 36.8733 9.46037 23.3645 8.66412
106.299 36.8233 9.47277 23.3696 8.65173
106.399 36.7733 9.48516 23.3747 8.63934
106.499 36.7233 9.49754 23.3797 8.62696
106.599 36.6733 9.50991 23.3846 8.61458
106.699 36.6233 9.52228 23.3895 8.60222
106.799 36.5734 9.53464 23.3943 8.58985
106.899 36.5234 9.547 23.399 8.5775
106.999 36.4734 9.55935 23.4037 8.56515
107.099 36.4234 9.57169 23.4083 8.55281
107.199 36.3734 9.58402 23.4129 8.54047
107.299 36.3234 9.59635 23.4174 8.52814
107.399 36.2734 9.60868 23.4218 8.51582
107.499 36.2235 9.62099 23.4262 8.5035
107.599 36.1735 9.6333 23.4304 8.4912
107.699 36.1235 9.6456 23.4347 8.47889
107.799 36.0735 9.6579 23.4388 8.4666
107.899 36.0235 9.67019 23.4429 8.45431
107.999 35.9735 9.68247 23.4469 8.44203
108.099 35.9236 9.69474 23.4509 8.42975
108.199 35.8736 9.70701 23.4548 8.41749
108.299 35.8236 9.71927 23.4586 8.40523
108.399 35.7736 9.73152 23.4623 8.39297
108.499 35.7236 9.74377 23.466 8.38073
108.599 35.6736 9.75601 23.4696 8.36849
108.699 35.6237 9.76824 23.4732 8.35626
108.799 35.5737 9.78047 23.4767 8.34403
108.899 35.5237 9.79268 23.4801 8.33181
108.999 35.4737 9.80489 23.4834 8.3196
109.099 35.4237 9.8171 23.4867 8.3074
109.199 35.3737 9.82929 23.4899 8.2952
109.299 35.3238 9.84148 23.4931 8.28302
109.399 35.2738 9.85366 23.4961 8.27084
109.499 35.2238 9.86583 23.4991 8.25866
109.599 35.1738 9.878 23.5021 8.2465
109.699 35.1238 9.89016 23.5049 8.23434
109.799 35.0738 9.90231 23.5077 8.22219
109.899 35.0239 9.91445 23.5104 8.21005
109.999 34.9739 9.92659 23.5131 8.19791
110.099 34.9239 9.93871 23.5157 8.18578
110.199 34.8739 9.95083 23.5182 8.17366
110.299 34.8239 9.96294 23.5206 8.16155
110.399 34.774 9.97505 23.523 8.14945
110.499 34.724 9.98714 23.5253 8.13735
110.599 34.674 9.99923 23.5275 8.12526
110.699 34.624 10.0113 23.5297 8.11318
110.799 34.574 10.0234 23.5318 8.10111
110.899 34.524 10.0355 23.5338 8.08905
110.999 34.4741 10.0475 23.5357 8.07699
111.099 34.4241 10.0596 23.5376 8.06494
111.199 34.3741 10.0716 23.5394 8.0529
111.299 34.3241 10.0836 23.5411 8.04087
111.399 34.2741 10.0957 23.5428 8.02885
111.499 34.2242 10.1077 23.5444 8.01683
111.599 34.1742 10.1197 23.5459 8.00482
111.699 34.1242 10.1317 23.5473 7.99282
111.799 34.0742 10.1437 23.5487 7.98083
111.899 34.0242 10.1556 23.55 7.96885
111.999 33.9743 10.1676 23.5512 7.95688
112.099 33.9243 10.1796 23.5524 7.94491
112.199 33.8743 10.1915 23.5534 7.93295
112.299 33.8243 10.2035 23.5544 7.921
112.399 33.7743 10.2154 23.5554 7.90906
112.499 33.7243 10.2274 23.5562 7.89713
112.599 33.6744 10.2393 23.557 7.88521
112.699 33.6244 10.2512 23.5577 7.8733
112.799 33.5744 10.2631 23.5583 7.86139
112.899 33.5244 10.275 23.5589 7.84949
112.999 33.4744 10.2869 23.5593 7.83761
113.099 33.4245 10.2988 23.5598 7.82573
113.199 33.3745 10.3106 23.5601 7.81386
113.299 33.3245 10.3225 23.5603 7.80199
113.399 33.2745 10.3344 23.5605 7.79014
113.499 33.2246 10.3462 23.5606 7.7783
113.599 33.1746 10.358 23.5606 7.76646
113.699 33.1246 10.3699 23.5606 7.75464
113.799 33.0746 10.3817 23.5605 7.74282
113.899 33.0246 10.3935 23.5603 7.73101
113.999 32.9747 10.4053 23.56 7.71922
114.099 32.9247 10.4171 23.5596 7.70743
114.199 32.8747 10.4288 23.5592 7.69565
114.299 32.8247 10.4406 23.5587 7.68388
114.399 32.7747 10.4524 23.5581 7.67211
114.499 32.7248 10.4641 23.5574 7.66036
114.599 32.6748 10.4759 23.5567 7.64862
114.699 32.6248 10.4876 23.5558 7.63689
114.799 32.5748 10.4993 23.5549 7.62516
114.899 32.5248 10.511 23.554 7.61345
114.999 32.4749 10.5228 23.5529 7.60174
115.099 32.4249 10.5344 23.5518 7.59005
115.199 32.3749 10.5461 23.5506 7.57836
115.299 32.3249 10.5578 23.5493 7.56669
115.399 32.275 10.5695 23.5479 7.55502
115.499 32.225 10.5811 23.5464 7.54336
115.599 32.175 10.5928 23.5449 7.53171
115.699 32.125 10.6044 23.5433 7.52008
115.799 32.075 10.616 23.5416 7.50845
115.899 32.0251 10.6277 23.5398 7.49683
115.999 31.9751 10.6393 23.538 7.48522
116.099 31.9251 10.6509 23.536 7.47362
116.199 31.8751 10.6625 23.534 7.46204
116.299 31.8252 10.674 23.5319 7.45046
116.399 31.7752 10.6856 23.5298 7.43889
116.499 31.7252 10.6972 23.5275 7.42733
116.599 31.6752 10.7087 23.5252 7.41578
116.699 31.6252 10.7203 23.5228 7.40424
116.799 31.5753 10.7318 23.5203 7.39271
116.899 31.5253 10.7433 23.5177 7.3812
116.999 31.4753 10.7548 23.515 7.36969
117.099 31.4253 10.7663 23.5123 7.35819
117.199 31.3754 10.7778 23.5094 7.3467
117.299 31.3254 10.7893 23.5065 7.33523
117.399 31.2754 10.8007 23.5035 7.32376
117.499 31.2254 10.8122 23.5004 7.3123
117.599 31.1755 10.8236 23.4973 7.30086
117.699 31.1255 10.8351 23.494 7.28942
117.799 31.0755 10.8465 23.4907 7.278
117.899 31.0255 10.8579 23.4873 7.26658
117.999 30.9756 10.8693 23.4838 7.25518
118.099 30.9256 10.8807 23.4802 7.24378
118.199 30.8756 10.8921 23.4766 7.2324
118.299 30.8256 10.9035 23.4728 7.22103
118.399 30.7757 10.9148 23.469 7.20967
118.499 30.7257 10.9262 23.4651 7.19832
118.599 30.6757 10.9375 23.4611 7.18698
118.699 30.6257 10.9488 23.457 7.17565
118.799 30.5757 10.9602 23.4528 7.16433
118.899 30.5258 10.9715 23.4486 7.15302
118.999 30.4758 10.9828 23.4442 7.14173
119.099 30.4258 10.9941 23.4398 7.13044
119.199 30.3758 11.0053 23.4353 7.11916
119.299 30.3259 11.0166 23.4307 7.1079
119.399 30.2759 11.0278 23.426 7.09665
119.499 30.2259 11.0391 23.4212 7.08541
119.599 30.1759 11.0503 23.4163 7.07418
119.699 30.126 11.0615 23.4114 7.06296
119.799 30.076 11.0727 23.4063 7.05175
119.899 30.026 11.0839 23.4012 7.04055
119.999 29.976 11.0951 23.396 7.02936
120.099 29.9261 11.1063 23.3907 7.01819
120.199 29.8761 11.1175 23.3853 7.00703
120.299 29.8261 11.1286 23.3798 6.99587
120.399 29.7762 11.1398 23.3743 6.98473
120.499 29.7262 11.1509 23.3686 6.9736
120.599 29.6762 11.162 23.3629 6.96249
120.699 29.6262 11.1731 23.357 6.95138
120.799 29.5763 11.1842 23.3511 6.94029
120.899 29.5263 11.1953 23.3451 6.9292
120.999 29.4763 11.2064 23.339 6.91813
121.099 29.4263 11.2174 23.3328 6.90707
121.199 29.3764 11.2285 23.3265 6.89602
121.299 29.3264 11.2395 23.3202 6.88498
121.399 29.2764 11.2505 23.3137 6.87396
121.499 29.2264 11.2615 23.3072 6.86295
121.599 29.1765 11.2726 23.3005 6.85194
121.699 29.1265 11.2835 23.2938 6.84095
121.799 29.0765 11.2945 23.287 6.82998
121.899 29.0265 11.3055 23.2801 6.81901
121.999 28.9766 11.3164 23.273 6.80806
122.099 28.9266 11.3274 23.2659 6.79711
122.199 28.8766 11.3383 23.2588 6.78618
122.299 28.8267 11.3492 23.2515 6.77527
122.399 28.7767 11.3601 23.2441 6.76436
122.499 28.7267 11.371 23.2366 6.75347
122.599 28.6767 11.3819 23.2291 6.74258
122.699 28.6268 11.3928 23.2214 6.73171
122.799 28.5768 11.4036 23.2137 6.72086
122.899 28.5268 11.4145 23.2058 6.71001
122.999 28.4768 11.4253 23.1979 6.69918
123.099 28.4269 11.4361 23.1899 6.68836
123.199 28.3769 11.4469 23.1818 6.67755
123.299 28.3269 11.4577 23.1735 6.66675
123.399 28.277 11.4685 23.1652 6.65597
123.499 28.227 11.4793 23.1568 6.64519
123.599 28.177 11.4901 23.1483 6.63444
123.699 28.127 11.5008 23.1397 6.62369
123.799 28.0771 11.5115 23.1311 6.61295
123.899 28.0271 11.5223 23.1223 6.60223
123.999 27.9771 11.533 23.1134 6.59152
124.099 27.9272 11.5437 23.1044 6.58083
124.199 27.8772 11.5544 23.0953 6.57014
124.299 27.8272 11.565 23.0862 6.55947
124.399 27.7772 11.5757 23.0769 6.54881
124.499 27.7273 11.5863 23.0676 6.53817
124.599 27.6773 11.597 23.0581 6.52754
124.699 27.6273 11.6076 23.0486 6.51691
124.799 27.5774 11.6182 23.0389 6.50631
124.899 27.5274 11.6288 23.0292 6.49571
124.999 27.4774 11.6394 23.0193 6.48513
125.099 27.4274 11.6499 23.0094 6.47456
125.199 27.3775 11.6605 22.9993 6.46401
125.299 27.3275 11.671 22.9892 6.45346
125.399 27.2775 11.6816 22.979 6.44293
125.499 27.2276 11.6921 22.9686 6.43242
125.599 27.1776 11.7026 22.9582 6.42191
125.699 27.1276 11.7131 22.9477 6.41142
125.799 27.0777 11.7236 22.937 6.40095
125.899 27.0277 11.734 22.9263 6.39048
125.999 26.9777 11.7445 22.9155 6.38003
126.099 26.9277 11.7549 22.9045 6.36959
126.199 26.8778 11.7653 22.8935 6.35917
126.299 26.8278 11.7757 22.8824 6.34876
126.399 26.7778 11.7861 22.8712 6.33836
126.499 26.7279 11.7965 22.8598 6.32797
126.599 26.6779 11.8069 22.8484 6.3176
126.699 26.6279 11.8173 22.8369 6.30725
126.799 26.578 11.8276 22.8252 6.2969
126.899 26.528 11.8379 22.8135 6.28657
126.999 26.478 11.8482 22.8017 6.27625
127.099 26.428 11.8585 22.7897 6.26595
127.199 26.3781 11.8688 22.7777 6.25566
127.299 26.3281 11.8791 22.7655 6.24538
127.399 26.2781 11.8894 22.7533 6.23512
127.499 26.2282 11.8996 22.741 6.22487
127.599 26.1782 11.9099 22.7285 6.21464
127.699 26.1282 11.9201 22.716 6.20442
127.799 26.0783 11.9303 22.7033 6.19421
127.899 26.0283 11.9405 22.6905 6.18401
127.999 25.9783 11.9507 22.6777 6.17383
128.099 25.9284 11.9608 22.6647 6.16367
128.199 25.8784 11.971 22.6516 6.15351
128.299 25.8284 11.9811 22.6385 6.14338
128.399 25.7784 11.9912 22.6252 6.13325
128.499 25.7285 12.0014 22.6118 6.12314
128.599 25.6785 12.0115 22.5983 6.11304
128.699 25.6285 12.0215 22.5847 6.10296
128.799 25.5786 12.0316 22.571 6.09289
128.899 25.5286 12.0417 22.5572 6.08283
128.999 25.4786 12.0517 22.5433 6.07279
129.099 25.4286 12.0617 22.5293 6.06277
129.199 25.3787 12.0717 22.5152 6.05275
129.299 25.3287 12.0817 22.501 6.04276
129.399 25.2787 12.0917 22.4866 6.03277
129.499 25.2287 12.1017 22.4722 6.0228
129.599 25.1788 12.1116 22.4577 6.01285
129.699 25.1288 12.1216 22.443 6.00291
129.799 25.0788 12.1315 22.4283 5.99298
129.899 25.0289 12.1414 22.4134 5.98307
129.999 24.9789 12.1513 22.3984 5.97317
130.099 24.9289 12.1612 22.3833 5.96329
130.199 24.879 12.1711 22.3681 5.95342
130.299 24.829 12.1809 22.3528 5.94356
130.399 24.779 12.1908 22.3374 5.93373
130.499 24.729 12.2006 22.3219 5.9239
130.599 24.6791 12.2104 22.3063 5.91409
130.699 24.6291 12.2202 22.2906 5.90429
130.799 24.5791 12.23 22.2747 5.89451
130.899 24.5292 12.2397 22.2588 5.88475
130.999 24.4792 12.2495 22.2427 5.875
131.099 24.4292 12.2592 22.2266 5.86526
131.199 24.3792 12.269 22.2103 5.85554
131.299 24.3293 12.2787 22.1939 5.84583
131.399 24.2793 12.2884 22.1774 5.83614
131.499 24.2293 12.298 22.1608 5.82646
131.599 24.1794 12.3077 22.1441 5.8168
131.699 24.1294 12.3173 22.1272 5.80715
131.799 24.0794 12.327 22.1103 5.79752
131.899 24.0295 12.3366 22.0932 5.7879
131.999 23.9795 12.3462 22.0761 5.7783
132.099 23.9295 12.3558 22.0588 5.76871
132.199 23.8795 12.3654 22.0414 5.75914
132.299 23.8296 12.3749 22.0239 5.74958
132.399 23.7796 12.3845 22.0063 5.74004
132.499 23.7296 12.394 21.9886 5.73052
132.599 23.6797 12.4035 21.9707 5.721
132.699 23.6297 12.413 21.9528 5.71151
132.799 23.5797 12.4225 21.9347 5.70203
132.899 23.5298 12.4319 21.9166 5.69256
132.999 23.4798 12.4414 21.8983 5.68311
133.099 23.4298 12.4508 21.8799 5.67368
133.199 23.3798 12.4602 21.8613 5.66426
133.299 23.3299 12.4696 21.8427 5.65485
133.399 23.2799 12.479 21.824 5.64547
133.499 23.2299 12.4884 21.8051 5.63609
133.599 23.18 12.4978 21.7861 5.62673
133.699 23.13 12.5071 21.767 5.61739
133.799 23.08 12.5164 21.7478 5.60807
133.899 23.0301 12.5257 21.7285 5.59876
133.999 22.9801 12.535 21.7091 5.58946
134.099 22.9301 12.5443 21.6895 5.58018
134.199 22.8802 12.5536 21.6699 5.57092
134.299 22.8302 12.5628 21.6501 5.56167
134.399 22.7802 12.5721 21.6302 5.55244
134.499 22.7303 12.5813 21.6102 5.54322
134.599 22.6803 12.5905 21.5901 5.53402
134.699 22.6303 12.5997 21.5698 5.52483
134.799 22.5803 12.6088 21.5495 5.51566
134.899 22.5304 12.618 21.529 5.50651
134.999 22.4804 12.6271 21.5084 5.49737
135.099 22.4304 12.6362 21.4877 5.48825
135.199 22.3805 12.6453 21.4668 5.47915
135.299 22.3305 12.6544 21.4459 5.47006
135.399 22.2805 12.6635 21.4248 5.46098
135.499 22.2306 12.6726 21.4036 5.45193
135.599 22.1806 12.6816 21.3823 5.44289
135.699 22.1306 12.6906 21.3609 5.43386
135.799 22.0807 12.6996 21.3394 5.42485
135.899 22.0307 12.7086 21.3177 5.41586
135.999 21.9807 12.7176 21.2959 5.40688
136.099 21.9308 12.7266 21.274 5.39792
136.199 21.8808 12.7355 21.252 5.38898
136.299 21.8308 12.7444 21.2299 5.38005
136.399 21.7809 12.7534 21.2076 5.37114
136.499 21.7309 12.7623 21.1852 5.36224
136.599 21.6809 12.7711 21.1628 5.35336
136.699 21.631 12.78 21.1401 5.3445
136.799 21.581 12.7888 21.1174 5.33565
136.899 21.531 12.7977 21.0945 5.32682
136.999 21.4811 12.8065 21.0716 5.31801
137.099 21.4311 12.8153 21.0485 5.30921
137.199 21.3811 12.8241 21.0252 5.30043
137.299 21.3312 12.8328 21.0019 5.29167
137.399 21.2812 12.8416 20.9784 5.28292
137.499 21.2312 12.8503 20.9549 5.27419
137.599 21.1813 12.859 20.9312 5.26548
137.699 21.1313 12.8677 20.9073 5.25678
137.799 21.0813 12.8764 20.8834 5.2481
137.899 21.0314 12.8851 20.8593 5.23943
137.999 20.9814 12.8937 20.8351 5.23079
138.099 20.9314 12.9023 20.8108 5.22215
138.199 20.8815 12.911 20.7863 5.21354
138.299 20.8315 12.9196 20.7618 5.20494
138.399 20.7815 12.9281 20.7371 5.19636
138.499 20.7316 12.9367 20.7123 5.1878
138.599 20.6816 12.9452 20.6874 5.17925
138.699 20.6316 12.9538 20.6623 5.17072
138.799 20.5817 12.9623 20.6371 5.16221
138.899 20.5317 12.9708 20.6118 5.15372
138.999 20.4817 12.9793 20.5864 5.14524
139.099 20.4318 12.9877 20.5608 5.13677
139.199 20.3818 12.9962 20.5352 5.12833
139.299 20.3318 13.0046 20.5094 5.1199
139.399 20.2819 13.013 20.4834 5.11149
139.499 20.2319 13.0214 20.4574 5.1031
139.599 20.1819 13.0298 20.4312 5.09472
139.699 20.132 13.0381 20.4049 5.08636
139.799 20.082 13.0465 20.3785 5.07802
139.899 20.0321 13.0548 20.3519 5.0697
139.999 19.9821 13.0631 20.3252 5.06139
140.099 19.9321 13.0714 20.2984 5.0531
140.199 19.8822 13.0797 20.2715 5.04482
140.299 19.8322 13.0879 20.2444 5.03657
140.399 19.7822 13.0962 20.2173 5.02833
140.499 19.7323 13.1044 20.19 5.02011
140.599 19.6823 13.1126 20.1625 5.01191
140.699 19.6323 13.1208 20.135 5.00372
140.799 19.5824 13.1289 20.1073 4.99555
140.899 19.5324 13.1371 20.0794 4.9874
140.999 19.4824 13.1452 20.0515 4.97927
141.099 19.4325 13.1533 20.0234 4.97115
141.199 19.3825 13.1614 19.9952 4.96305
141.299 19.3325 13.1695 19.9669 4.95497
141.399 19.2826 13.1776 19.9385 4.94691
141.499 19.2326 13.1856 19.9099 4.93886
141.599 19.1827 13.1937 19.8812 4.93083
141.699 19.1327 13.2017 19.8523 4.92282
141.799 19.0827 13.2097 19.8234 4.91483
141.899 19.0328 13.2176 19.7943 4.90685
141.999 18.9828 13.2256 19.765 4.89889
142.099 18.9328 13.2335 19.7357 4.89095
142.199 18.8829 13.2415 19.7062 4.88303
142.299 18.8329 13.2494 19.6766 4.87513
142.399 18.7829 13.2573 19.6469 4.86724
142.499 18.733 13.2651 19.617 4.85937
142.6 18.683 13.273 19.587 4.85152
142.7 18.633 13.2808 19.5569 4.84369
142.8 18.5831 13.2886 19.5266 4.83587
142.9 18.5331 13.2964 19.4962 4.82808
143 18.4832 13.3042 19.4657 4.8203
143.1 18.4332 13.312 19.4351 4.81254
143.2 18.3832 13.3197 19.4043 4.80479
143.3 18.3333 13.3274 19.3734 4.79707
143.4 18.2833 13.3351 19.3424 4.78936
143.5 18.2333 13.3428 19.3112 4.78167
143.6 18.1834 13.3505 19.2799 4.774
143.7 18.1334 13.3581 19.2485 4.76635
143.8 18.0835 13.3658 19.2169 4.75872
143.9 18.0335 13.3734 19.1852 4.7511
144 17.9835 13.381 19.1534 4.7435
144.1 17.9336 13.3886 19.1214 4.73592
144.2 17.8836 13.3961 19.0894 4.72836
144.3 17.8336 13.4037 19.0572 4.72082
144.4 17.7837 13.4112 19.0248 4.71329
144.5 17.7337 13.4187 18.9923 4.70579
144.6 17.6837 13.4262 18.9597 4.6983
144.7 17.6338 13.4337 18.927 4.69083
144.8 17.5838 13.4411 18.8941 4.68338
144.9 17.5339 13.4486 18.8611 4.67594
145 17.4839 13.456 18.828 4.66853
145.1 17.4339 13.4634 18.7947 4.66113
145.2 17.384 13.4707 18.7613 4.65376
145.3 17.334 13.4781 18.7278 4.6464
145.4 17.284 13.4854 18.6941 4.63906
145.5 17.2341 13.4928 18.6603 4.63173
145.6 17.1841 13.5001 18.6264 4.62443
145.7 17.1342 13.5073 18.5923 4.61715
145.8 17.0842 13.5146 18.5582 4.60988
145.9 17.0342 13.5219 18.5238 4.60263
146 16.9843 13.5291 18.4894 4.5954
146.1 16.9343 13.5363 18.4548 4.58819
146.2 16.8844 13.5435 18.4201 4.581
146.3 16.8344 13.5507 18.3852 4.57383
146.4 16.7844 13.5578 18.3502 4.56667
146.5 16.7345 13.565 18.3151 4.55954
146.6 16.6845 13.5721 18.2798 4.55242
146.7 16.6345 13.5792 18.2444 4.54533
146.8 16.5846 13.5863 18.2089 4.53825
146.9 16.5346 13.5933 18.1733 4.53119
147 16.4847 13.6004 18.1375 4.52414
147.1 16.4347 13.6074 18.1016 4.51712
147.2 16.3847 13.6144 18.0655 4.51012
147.3 16.3348 13.6214 18.0293 4.50313
147.4 16.2848 13.6283 17.993 4.49617
147.5 16.2349 13.6353 17.9565 4.48922
147.6 16.1849 13.6422 17.9199 4.4823
147.7 16.1349 13.6491 17.8832 4.47539
147.8 16.085 13.656 17.8464 4.4685
147.9 16.035 13.6629 17.8094 4.46163
148 15.985 13.6697 17.7722 4.45478
148.1 15.9351 13.6766 17.735 4.44794
148.2 15.8851 13.6834 17.6976 4.44113
148.3 15.8352 13.6902 17.6601 4.43434
148.4 15.7852 13.6969 17.6224 4.42756
148.5 15.7352 13.7037 17.5846 4.42081
148.6 15.6853 13.7104 17.5467 4.41407
148.7 15.6353 13.7171 17.5086 4.40735
148.8 15.5854 13.7238 17.4704 4.40066
148.9 15.5354 13.7305 17.4321 4.39398
149 15.4854 13.7372 17.3936 4.38732
149.1 15.4355 13.7438 17.355 4.38068
149.2 15.3855 13.7504 17.3163 4.37406
149.3 15.3356 13.757 17.2774 4.36746
149.4 15.2856 13.7636 17.2384 4.36088
149.5 15.2356 13.7702 17.1993 4.35431
149.6 15.1857 13.7767 17.16 4.34777
149.7 15.1357 13.7833 17.1206 4.34125
149.8 15.0858 13.7898 17.0811 4.33474
149.9 15.0358 13.7962 17.0414 4.32826
150 14.9858 13.8027 17.0016 4.32179
150.1 14.9359 13.8091 16.9616 4.31535
150.2 14.8859 13.8156 16.9216 4.30892
150.3 14.836 13.822 16.8813 4.30251
150.4 14.786 13.8284 16.841 4.29613
150.5 14.736 13.8347 16.8005 4.28976
150.6 14.6861 13.8411 16.7599 4.28341
150.7 14.6361 13.8474 16.7192 4.27708
150.8 14.5862 13.8537 16.6783 4.27078
150.9 14.5362 13.86 16.6373 4.26449
151 14.4862 13.8663 16.5961 4.25822
151.1 14.4363 13.8725 16.5548 4.25197
151.2 14.3863 13.8788 16.5134 4.24574
151.3 14.3364 13.885 16.4718 4.23953
151.4 14.2864 13.8912 16.4302 4.23334
151.5 14.2364 13.8973 16.3883 4.22717
151.6 14.1865 13.9035 16.3464 4.22102
151.7 14.1365 13.9096 16.3043 4.21489
151.8 14.0866 13.9157 16.2621 4.20878
151.9 14.0366 13.9218 16.2197 4.20268
152 13.9866 13.9279 16.1772 4.19661
152.1 13.9367 13.9339 16.1346 4.19056
152.2 13.8867 13.94 16.0918 4.18453
152.3 13.8368 13.946 16.049 4.17852
152.4 13.7868 13.952 16.0059 4.17253
152.5 13.7368 13.9579 15.9628 4.16656
152.6 13.6869 13.9639 15.9195 4.16061
152.7 13.6369 13.9698 15.8761 4.15467
152.8 13.587 13.9757 15.8325 4.14876
152.9 13.537 13.9816 15.7888 4.14287
153 13.487 13.9875 15.745 4.137
153.1 13.4371 13.9933 15.701 4.13115
153.2 13.3871 13.9992 15.6569 4.12532
153.3 13.3372 14.005 15.6127 4.11951
153.4 13.2872 14.0108 15.5684 4.11372
153.5 13.2373 14.0166 15.5239 4.10794
153.6 13.1873 14.0223 15.4792 4.10219
153.7 13.1373 14.028 15.4345 4.09646
153.8 13.0874 14.0337 15.3896 4.09075
153.9 13.0374 14.0394 15.3446 4.08506
154 12.9875 14.0451 15.2994 4.07939
154.1 12.9375 14.0508 15.2542 4.07374
154.2 12.8875 14.0564 15.2087 4.06811
154.3 12.8376 14.062 15.1632 4.06251
154.4 12.7876 14.0676 15.1175 4.05692
154.5 12.7377 14.0731 15.0717 4.05135
154.6 12.6877 14.0787 15.0258 4.0458
154.7 12.6378 14.0842 14.9797 4.04027
154.8 12.5878 14.0897 14.9335 4.03477
154.9 12.5378 14.0952 14.8872 4.02928
155 12.4879 14.1007 14.8407 4.02381
155.1 12.4379 14.1061 14.7941 4.01837
155.2 12.388 14.1116 14.7474 4.01294
155.3 12.338 14.117 14.7005 4.00754
155.4 12.288 14.1223 14.6535 4.00215
155.5 12.2381 14.1277 14.6064 3.99679
155.6 12.1881 14.1331 14.5591 3.99144
155.7 12.1382 14.1384 14.5118 3.98612
155.8 12.0882 14.1437 14.4643 3.98082
155.9 12.0383 14.149 14.4166 3.97554
156 11.9883 14.1542 14.3688 3.97027
156.1 11.9383 14.1595 14.3209 3.96503
156.2 11.8884 14.1647 14.2729 3.95981
156.3 11.8384 14.1699 14.2248 3.95461
156.4 11.7885 14.1751 14.1765 3.94943
156.5 11.7385 14.1802 14.1281 3.94428
156.6 11.6886 14.1854 14.0795 3.93914
156.7 11.6386 14.1905 14.0308 3.93402
156.8 11.5886 14.1956 13.982 3.92892
156.9 11.5387 14.2006 13.9331 3.92385
157 11.4887 14.2057 13.8841 3.91879
157.1 11.4388 14.2107 13.8349 3.91376
157.2 11.3888 14.2157 13.7856 3.90875
157.3 11.3388 14.2207 13.7361 3.90375
157.4 11.2889 14.2257 13.6866 3.89878
157.5 11.2389 14.2307 13.6369 3.89383
157.6 11.189 14.2356 13.5871 3.8889
157.7 11.139 14.2405 13.5371 3.88399
157.8 11.0891 14.2454 13.487 3.8791
157.9 11.0391 14.2503 13.4368 3.87423
158 10.9891 14.2551 13.3865 3.86939
158.1 10.9392 14.2599 13.3361 3.86456
158.2 10.8892 14.2647 13.2855 3.85976
158.3 10.8393 14.2695 13.2348 3.85497
158.4 10.7893 14.2743 13.184 3.85021
158.5 10.7394 14.279 13.133 3.84547
158.6 10.6894 14.2837 13.082 3.84075
158.7 10.6394 14.2884 13.0308 3.83605
158.8 10.5895 14.2931 12.9795 3.83137
158.9 10.5395 14.2978 12.928 3.82671
159.001 10.4896 14.3024 12.8764 3.82207
159.101 10.4396 14.307 12.8248 3.81746
159.201 10.3897 14.3116 12.7729 3.81286
159.301 10.3397 14.3162 12.721 3.80829
159.401 10.2898 14.3208 12.6689 3.80373
159.501 10.2398 14.3253 12.6168 3.7992
159.601 10.1898 14.3298 12.5645 3.79469
159.701 10.1399 14.3343 12.512 3.7902
159.801 10.0899 14.3388 12.4595 3.78573
159.901 10.04 14.3432 12.4068 3.78129
160.001 9.99001 14.3476 12.3541 3.77686
160.101 9.94006 14.352 12.3012 3.77245
160.201 9.8901 14.3564 12.2481 3.76807
160.301 9.84014 14.3608 12.195 3.76371
160.401 9.79019 14.3651 12.1417 3.75937
160.501 9.74023 14.3695 12.0883 3.75505
160.601 9.69027 14.3737 12.0348 3.75075
160.701 9.64032 14.378 11.9812 3.74647
160.801 9.59036 14.3823 11.9275 3.74221
160.901 9.54041 14.3865 11.8736 3.73798
161.001 9.49045 14.3907 11.8196 3.73376
161.101 9.44049 14.3949 11.7656 3.72957
161.201 9.39054 14.3991 11.7114 3.7254
161.301 9.34058 14.4032 11.657 3.72125
161.401 9.29062 14.4074 11.6026 3.71712
161.501 9.24067 14.4115 11.548 3.71301
161.601 9.19071 14.4156 11.4934 3.70893
161.701 9.14076 14.4196 11.4386 3.70486
161.801 9.0908 14.4237 11.3837 3.70082
161.901 9.04084 14.4277 11.3287 3.6968
162.001 8.99089 14.4317 11.2735 3.6928
162.101 8.94093 14.4357 11.2183 3.68882
162.201 8.89098 14.4396 11.1629 3.68486
162.301 8.84102 14.4436 11.1075 3.68093
162.401 8.79106 14.4475 11.0519 3.67701
162.501 8.74111 14.4514 10.9962 3.67312
162.601 8.69115 14.4552 10.9404 3.66925
162.701 8.6412 14.4591 10.8845 3.6654
162.801 8.59124 14.4629 10.8284 3.66157
162.901 8.54129 14.4667 10.7723 3.65776
163.001 8.49133 14.4705 10.7161 3.65398
163.101 8.44137 14.4743 10.6597 3.65021
163.201 8.39142 14.478 10.6032 3.64647
163.301 8.34146 14.4817 10.5466 3.64275
163.401 8.29151 14.4854 10.49 3.63905
163.501 8.24155 14.4891 10.4332 3.63538
163.601 8.1916 14.4928 10.3763 3.63172
163.701 8.14164 14.4964 10.3193 3.62809
163.801 8.09169 14.5 10.2621 3.62447
163.901 8.04173 14.5036 10.2049 3.62088
164.001 7.99177 14.5072 10.1476 3.61731
164.101 7.94182 14.5107 10.0902 3.61376
164.201 7.89186 14.5143 10.0326 3.61024
164.301 7.84191 14.5178 9.97498 3.60673
164.401 7.79195 14.5212 9.91723 3.60325
164.501 7.742 14.5247 9.85938 3.59979
164.601 7.69204 14.5281 9.80142 3.59635
164.701 7.64209 14.5316 9.74336 3.59293
164.801 7.59213 14.535 9.6852 3.58954
164.901 7.54218 14.5383 9.62694 3.58616
165.001 7.49222 14.5417 9.56857 3.58281
165.101 7.44227 14.545 9.51011 3.57948
165.201 7.39231 14.5483 9.45154 3.57617
165.301 7.34236 14.5516 9.39287 3.57289
165.401 7.2924 14.5549 9.33411 3.56962
165.501 7.24245 14.5581 9.27524 3.56638
165.601 7.19249 14.5613 9.21628 3.56316
165.701 7.14254 14.5645 9.15721 3.55996
165.801 7.09258 14.5677 9.09805 3.55678
165.901 7.04263 14.5709 9.0388 3.55362
166.001 6.99267 14.574 8.97944 3.55049
166.101 6.94272 14.5771 8.91999 3.54738
166.201 6.89276 14.5802 8.86045 3.54429
166.301 6.84281 14.5833 8.8008 3.54122
166.401 6.79285 14.5863 8.74107 3.53817
166.501 6.7429 14.5894 8.68124 3.53515
166.601 6.69294 14.5924 8.62131 3.53214
166.701 6.64299 14.5953 8.5613 3.52916
166.801 6.59303 14.5983 8.50119 3.5262
166.901 6.54308 14.6012 8.44098 3.52327
167.001 6.49312 14.6041 8.38069 3.52035
167.101 6.44317 14.607 8.32031 3.51746
167.201 6.39321 14.6099 8.25983 3.51459
167.301 6.34326 14.6128 8.19927 3.51174
167.401 6.2933 14.6156 8.13861 3.50891
167.501 6.24335 14.6184 8.07787 3.50611
167.601 6.19339 14.6212 8.01704 3.50332
167.701 6.14344 14.6239 7.95612 3.50056
167.801 6.09348 14.6267 7.89511 3.49782
167.901 6.04353 14.6294 7.83402 3.49511
168.001 5.99357 14.6321 7.77284 3.49241
168.101 5.94362 14.6348 7.71157 3.48974
168.201 5.89367 14.6374 7.65022 3.48709
168.301 5.84371 14.64 7.58879 3.48446
168.401 5.79376 14.6426 7.52727 3.48185
168.501 5.7438 14.6452 7.46567 3.47927
168.601 5.69385 14.6478 7.40399 3.4767
168.701 5.64389 14.6503 7.34222 3.47416
168.801 5.59394 14.6529 7.28038 3.47164
168.901 5.54398 14.6553 7.21845 3.46915
169.001 5.49403 14.6578 7.15644 3.46667
169.101 5.44407 14.6603 7.09435 3.46422
169.201 5.39412 14.6627 7.03219 3.46179
169.301 5.34417 14.6651 6.96994 3.45938
169.401 5.29421 14.6675 6.90762 3.457
169.501 5.24426 14.6699 6.84522 3.45463
169.601 5.1943 14.6722 6.78274 3.45229
169.701 5.14435 14.6745 6.72019 3.44997
169.801 5.09439 14.6768 6.65756 3.44768
169.901 5.04444 14.6791 6.59486 3.4454
170.001 4.99449 14.6813 6.53208 3.44315
170.101 4.94453 14.6836 6.46923 3.44092
170.201 4.89458 14.6858 6.40631 3.43871
170.301 4.84462 14.688 6.34331 3.43652
170.401 4.79467 14.6901 6.28025 3.43436
170.501 4.74471 14.6923 6.21711 3.43222
170.601 4.69476 14.6944 6.1539 3.4301
170.701 4.64481 14.6965 6.09062 3.428
170.801 4.59485 14.6986 6.02728 3.42593
170.901 4.5449 14.7006 5.96386 3.42387
171.001 4.49494 14.7027 5.90038 3.42184
171.101 4.44499 14.7047 5.83683 3.41983
171.201 4.39504 14.7066 5.77321 3.41785
171.301 4.34508 14.7086 5.70953 3.41588
171.401 4.29513 14.7106 5.64579 3.41394
171.501 4.24517 14.7125 5.58198 3.41202
171.601 4.19522 14.7144 5.5181 3.41013
171.701 4.14527 14.7162 5.45416 3.40825
171.801 4.09531 14.7181 5.39016 3.4064
171.901 4.04536 14.7199 5.3261 3.40457
172.001 3.9954 14.7217 5.26198 3.40276
172.101 3.94545 14.7235 5.1978 3.40098
172.201 3.8955 14.7253 5.13356 3.39921
172.301 3.84554 14.727 5.06925 3.39747
172.401 3.79559 14.7287 5.0049 3.39575
172.501 3.74563 14.7304 4.94048 3.39406
172.601 3.69568 14.7321 4.876 3.39238
172.701 3.64573 14.7338 4.81147 3.39073
172.801 3.59577 14.7354 4.74689 3.3891
172.901 3.54582 14.737 4.68225 3.3875
173.001 3.49586 14.7386 4.61756 3.38591
173.101 3.44591 14.7401 4.55281 3.38435
173.201 3.39596 14.7417 4.48801 3.38281
173.301 3.346 14.7432 4.42316 3.38129
173.401 3.29605 14.7447 4.35825 3.3798
173.501 3.24609 14.7462 4.2933 3.37833
173.601 3.19614 14.7476 4.2283 3.37688
173.701 3.14619 14.749 4.16325 3.37545
173.801 3.09623 14.7505 4.09814 3.37404
173.901 3.04628 14.7518 4.033 3.37266
174.001 2.99633 14.7532 3.9678 3.3713
174.101 2.94637 14.7545 3.90256 3.36996
174.201 2.89642 14.7558 3.83727 3.36865
174.301 2.84646 14.7571 3.77194 3.36735
174.401 2.79651 14.7584 3.70657 3.36608
174.501 2.74656 14.7597 3.64115 3.36484
174.601 2.6966 14.7609 3.57569 3.36361
174.701 2.64665 14.7621 3.51019 3.36241
174.801 2.5967 14.7633 3.44464 3.36122
174.901 2.54674 14.7644 3.37906 3.36007
175.001 2.49679 14.7656 3.31344 3.35893
175.101 2.44683 14.7667 3.24778 3.35782
175.201 2.39688 14.7678 3.18208 3.35673
175.301 2.34693 14.7688 3.11634 3.35566
175.402 2.29697 14.7699 3.05057 3.35461
175.502 2.24702 14.7709 2.98476 3.35359
175.602 2.19707 14.7719 2.91891 3.35258
175.702 2.14711 14.7729 2.85304 3.35161
175.802 2.09716 14.7738 2.78712 3.35065
175.902 2.0472 14.7748 2.72118 3.34972
176.002 1.99725 14.7757 2.6552 3.3488
176.102 1.9473 14.7766 2.58919 3.34791
176.202 1.89734 14.7774 2.52316 3.34705
176.302 1.84739 14.7783 2.45709 3.3462
176.402 1.79744 14.7791 2.39099 3.34538
176.502 1.74748 14.7799 2.32487 3.34458
176.602 1.69753 14.7807 2.25872 3.34381
176.702 1.64758 14.7814 2.19254 3.34305
176.802 1.59762 14.7822 2.12633 3.34232
176.902 1.54767 14.7829 2.0601 3.34161
177.002 1.49771 14.7836 1.99385 3.34093
177.102 1.44776 14.7842 1.92757 3.34026
177.202 1.39781 14.7849 1.86127 3.33962
177.302 1.34785 14.7855 1.79495 3.339
177.402 1.2979 14.7861 1.72861 3.3384
177.502 1.24795 14.7867 1.66224 3.33783
177.602 1.19799 14.7872 1.59586 3.33728
177.702 1.14804 14.7877 1.52946 3.33675
177.802 1.09809 14.7883 1.46304 3.33624
177.902 1.04813 14.7887 1.3966 3.33576
178.002 0.998179 14.7892 1.33015 3.3353
178.102 0.948225 14.7896 1.26368 3.33486
178.202 0.898272 14.7901 1.19719 3.33444
178.302 0.848318 14.7904 1.13069 3.33405
178.402 0.798365 14.7908 1.06418 3.33368
178.502 0.748411 14.7912 0.997657 3.33333
178.602 0.698458 14.7915 0.93112 3.333
178.702 0.648504 14.7918 0.864573 3.3327
178.802 0.598551 14.7921 0.798015 3.33242
178.902 0.548597 14.7923 0.731448 3.33216
179.002 0.498644 14.7926 0.664872 3.33192
179.102 0.44869 14.7928 0.598288 3.33171
179.202 0.398737 14.793 0.531698 3.33152
179.302 0.348783 14.7931 0.465101 3.33135
179.402 0.298829 14.7933 0.398498 3.3312
179.502 0.248876 14.7934 0.331891 3.33108
179.602 0.198922 14.7935 0.265279 3.33098
179.702 0.148969 14.7936 0.198665 3.3309
179.802 0.0990154 14.7937 0.132048 3.33084
179.902 0.0490619 14.7937 0.06543 3.33081
