0 180 2.74706 0 247.497
0.1 179.659 2.74712 0.00993429 247.497
0.2 179.319 2.74733 0.0198686 247.496
0.3 178.978 2.74767 0.0298028 247.496
0.4 178.638 2.74814 0.0397369 247.496
0.5 178.297 2.74876 0.049671 247.495
0.6 177.957 2.7495 0.059605 247.494
0.7 177.617 2.75039 0.0695388 247.493
0.8 177.276 2.75141 0.0794725 247.492
0.9 176.936 2.75256 0.089406 247.491
1 176.596 2.75386 0.0993393 247.49
1.1 176.257 2.75528 0.109272 247.489
1.2 175.917 2.75685 0.119205 247.487
1.3 175.577 2.75855 0.129138 247.485
1.4 175.238 2.76038 0.13907 247.483
1.5 174.899 2.76236 0.149002 247.481
1.6 174.56 2.76446 0.158934 247.479
1.7 174.221 2.76671 0.168865 247.477
1.8 173.883 2.76909 0.178796 247.475
1.9 173.545 2.7716 0.188727 247.472
2 173.207 2.77426 0.198657 247.47
2.1 172.869 2.77704 0.208587 247.467
2.2 172.532 2.77997 0.218516 247.464
2.3 172.195 2.78303 0.228445 247.461
2.4 171.858 2.78622 0.238373 247.458
2.5 171.522 2.78955 0.248301 247.454
2.6 171.186 2.79302 0.258228 247.451
2.7 170.85 2.79662 0.268155 247.447
2.8 170.515 2.80036 0.278081 247.443
2.9 170.18 2.80424 0.288006 247.44
3 169.846 2.80825 0.297931 247.436
3.1 169.512 2.81239 0.307855 247.431
3.2 169.178 2.81668 0.317779 247.427
3.3 168.845 2.82109 0.327702 247.423
3.4 168.512 2.82565 0.337624 247.418
3.5 168.18 2.83034 0.347545 247.413
3.6 167.848 2.83516 0.357466 247.409
3.7 167.516 2.84012 0.367385 247.404
3.8 167.185 2.84522 0.377304 247.399
3.9 166.855 2.85045 0.387223 247.393
4 166.525 2.85582 0.39714 247.388
4.1 166.196 2.86132 0.407057 247.382
4.2 165.867 2.86696 0.416972 247.377
4.3 165.539 2.87274 0.426887 247.371
4.4 165.211 2.87865 0.436801 247.365
4.5 164.884 2.8847 0.446713 247.359
4.6 164.558 2.89088 0.456625 247.353
4.7 164.232 2.8972 0.466536 247.347
4.8 163.907 2.90365 0.476446 247.34
4.9 163.582 2.91024 0.486355 247.334
5 163.258 2.91696 0.496262 247.327
5.1 162.934 2.92382 0.506169 247.32
5.2 162.612 2.93082 0.516074 247.313
5.3 162.29 2.93795 0.525979 247.306
5.4 161.968 2.94521 0.535882 247.299
5.5 161.647 2.95261 0.545784 247.291
5.6 161.327 2.96015 0.555685 247.284
5.7 161.008 2.96782 0.565585 247.276
5.8 160.689 2.97563 0.575483 247.268
5.9 160.371 2.98357 0.58538 247.26
6 160.054 2.99165 0.595276 247.252
6.1 159.737 2.99987 0.605171 247.244
6.2 159.421 3.00821 0.615064 247.236
6.3 159.106 3.0167 0.624956 247.227
6.4 158.792 3.02532 0.634846 247.219
6.5 158.478 3.03407 0.644736 247.21
6.6 158.165 3.04296 0.654623 247.201
6.7 157.853 3.05199 0.66451 247.192
6.8 157.542 3.06114 0.674394 247.183
6.9 157.232 3.07044 0.684278 247.173
7 156.922 3.07987 0.69416 247.164
7.1 156.613 3.08943 0.70404 247.154
7.2 156.305 3.09913 0.713919 247.145
7.3 155.998 3.10897 0.723796 247.135
7.4 155.691 3.11894 0.733672 247.125
7.5 155.385 3.12904 0.743546 247.115
7.6 155.081 3.13928 0.753418 247.105
7.7 154.777 3.14965 0.763289 247.094
7.79999 154.473 3.16016 0.773158 247.084
7.89999 154.171 3.17081 0.783026 247.073
7.99999 153.87 3.18158 0.792892 247.062
8.09999 153.569 3.1925 0.802755 247.051
8.2 153.269 3.20355 0.812618 247.04
8.3 152.97 3.21473 0.822478 247.029
8.4 152.672 3.22604 0.832337 247.018
8.5 152.375 3.2375 0.842194 247.006
8.6 152.079 3.24908 0.852049 246.995
8.7 151.783 3.2608 0.861902 246.983
8.8 151.489 3.27266 0.871753 246.971
8.9 151.195 3.28465 0.881603 246.959
9 150.902 3.29677 0.89145 246.947
9.1 150.61 3.30903 0.901296 246.935
9.2 150.319 3.32142 0.911139 246.922
9.3 150.029 3.33395 0.920981 246.91
9.4 149.74 3.34661 0.93082 246.897
9.5 149.452 3.3594 0.940658 246.884
9.6 149.164 3.37233 0.950493 246.871
9.7 148.878 3.38539 0.960326 246.858
9.8 148.592 3.39859 0.970157 246.845
9.9 148.308 3.41192 0.979987 246.832
10 148.024 3.42539 0.989813 246.818
10.1 147.741 3.43899 0.999638 246.805
10.2 147.459 3.45272 1.00946 246.791
10.3 147.178 3.46659 1.01928 246.777
10.4 146.898 3.48059 1.0291 246.763
10.5 146.619 3.49472 1.03892 246.749
10.6 146.341 3.50899 1.04873 246.735
10.7 146.064 3.52339 1.05854 246.72
10.8 145.787 3.53793 1.06835 246.706
10.9 145.512 3.5526 1.07816 246.691
11 145.238 3.5674 1.08796 246.676
11.1 144.964 3.58234 1.09776 246.661
11.2 144.691 3.59741 1.10756 246.646
11.3 144.42 3.61261 1.11736 246.631
11.4 144.149 3.62795 1.12715 246.616
11.5 143.879 3.64342 1.13694 246.6
11.6 143.61 3.65902 1.14673 246.585
11.7 143.342 3.67476 1.15652 246.569
11.8 143.075 3.69063 1.16631 246.553
11.9 142.809 3.70663 1.17609 246.537
12 142.544 3.72276 1.18587 246.521
12.1 142.28 3.73903 1.19564 246.505
12.2 142.016 3.75543 1.20542 246.488
12.3 141.754 3.77197 1.21519 246.472
12.4 141.492 3.78864 1.22496 246.455
12.5 141.232 3.80544 1.23472 246.438
12.6 140.972 3.82237 1.24449 246.421
12.7 140.714 3.83944 1.25425 246.404
12.8 140.456 3.85664 1.26401 246.387
12.9 140.199 3.87397 1.27376 246.37
13 139.943 3.89143 1.28351 246.352
13.1 139.688 3.90903 1.29326 246.335
13.2 139.434 3.92676 1.30301 246.317
13.3 139.181 3.94462 1.31275 246.299
13.4 138.929 3.96261 1.3225 246.281
13.5 138.677 3.98074 1.33223 246.263
13.6 138.427 3.999 1.34197 246.245
13.7 138.177 4.01739 1.3517 246.226
13.8 137.929 4.03591 1.36143 246.208
13.9 137.681 4.05456 1.37116 246.189
14 137.434 4.07335 1.38088 246.17
14.1 137.188 4.09227 1.3906 246.152
14.2 136.943 4.11132 1.40032 246.133
14.3 136.699 4.1305 1.41003 246.113
14.4 136.456 4.14982 1.41974 246.094
14.5 136.214 4.16926 1.42945 246.075
14.6 135.972 4.18884 1.43915 246.055
14.7 135.732 4.20855 1.44886 246.035
14.8 135.492 4.22839 1.45855 246.015
14.9 135.254 4.24836 1.46825 245.995
15 135.016 4.26847 1.47794 245.975
15.1 134.779 4.2887 1.48763 245.955
15.2 134.543 4.30907 1.49731 245.935
15.3 134.308 4.32957 1.507 245.914
15.4 134.073 4.3502 1.51667 245.894
15.5 133.84 4.37096 1.52635 245.873
15.6 133.607 4.39185 1.53602 245.852
15.7 133.375 4.41287 1.54569 245.831
15.8 133.145 4.43402 1.55536 245.81
15.9 132.914 4.45531 1.56502 245.789
16 132.685 4.47672 1.57468 245.767
16.1 132.457 4.49827 1.58433 245.746
16.2 132.23 4.51994 1.59398 245.724
16.3 132.003 4.54175 1.60363 245.702
16.4 131.777 4.56369 1.61327 245.68
16.5 131.552 4.58575 1.62291 245.658
16.6 131.328 4.60795 1.63255 245.636
16.7 131.105 4.63028 1.64218 245.614
16.8 130.883 4.65274 1.65181 245.591
16.9 130.661 4.67533 1.66144 245.568
17 130.44 4.69805 1.67106 245.546
17.1 130.22 4.7209 1.68068 245.523
17.2 130.001 4.74388 1.6903 245.5
17.3 129.783 4.76699 1.69991 245.477
17.4 129.565 4.79023 1.70952 245.454
17.5 129.349 4.81359 1.71912 245.43
17.6 129.133 4.83709 1.72872 245.407
17.7 128.918 4.86072 1.73832 245.383
17.8 128.703 4.88448 1.74791 245.359
17.9 128.49 4.90837 1.7575 245.335
18 128.277 4.93238 1.76708 245.311
18.1 128.065 4.95653 1.77666 245.287
18.2 127.854 4.9808 1.78624 245.263
18.3 127.644 5.00521 1.79581 245.239
18.4 127.434 5.02974 1.80538 245.214
18.5 127.225 5.05441 1.81495 245.189
18.6 127.017 5.0792 1.82451 245.165
18.7 126.81 5.10412 1.83406 245.14
18.8 126.604 5.12917 1.84362 245.115
18.9 126.398 5.15435 1.85316 245.089
19 126.193 5.17965 1.86271 245.064
19.1 125.989 5.20509 1.87225 245.039
19.2 125.785 5.23065 1.88179 245.013
19.3 125.582 5.25635 1.89132 244.987
19.4 125.38 5.28217 1.90085 244.962
19.5 125.179 5.30812 1.91037 244.936
19.6 124.979 5.33419 1.91989 244.91
19.7 124.779 5.3604 1.9294 244.883
19.8 124.58 5.38673 1.93892 244.857
19.9 124.381 5.41319 1.94842 244.831
20 124.184 5.43978 1.95792 244.804
20.1 123.987 5.4665 1.96742 244.777
20.2 123.791 5.49334 1.97692 244.75
20.3 123.595 5.52032 1.9864 244.724
20.4 123.4 5.54742 1.99589 244.696
20.5 123.206 5.57465 2.00537 244.669
20.6 123.013 5.602 2.01485 244.642
20.7 122.82 5.62948 2.02432 244.614
20.8 122.628 5.65709 2.03378 244.587
20.9 122.437 5.68483 2.04325 244.559
21 122.246 5.71269 2.0527 244.531
21.1 122.056 5.74068 2.06216 244.503
21.2 121.867 5.7688 2.07161 244.475
21.3 121.679 5.79705 2.08105 244.447
21.4 121.491 5.82542 2.09049 244.418
21.5 121.304 5.85391 2.09992 244.39
21.6 121.117 5.88254 2.10935 244.361
21.7 120.931 5.91129 2.11878 244.333
21.8 120.746 5.94017 2.1282 244.304
21.9 120.561 5.96917 2.13762 244.275
22 120.377 5.9983 2.14703 244.246
22.1 120.194 6.02756 2.15643 244.216
22.2 120.011 6.05694 2.16584 244.187
22.3 119.829 6.08645 2.17523 244.157
22.4 119.648 6.11608 2.18462 244.128
22.5 119.467 6.14584 2.19401 244.098
22.6 119.287 6.17572 2.20339 244.068
22.7001 119.107 6.20573 2.21277 244.038
22.8001 118.928 6.23587 2.22214 244.008
22.9001 118.75 6.26613 2.23151 243.978
23.0001 118.573 6.29652 2.24087 243.947
23.1001 118.395 6.32703 2.25023 243.917
23.2001 118.219 6.35767 2.25958 243.886
23.3001 118.043 6.38843 2.26893 243.855
23.4001 117.868 6.41932 2.27827 243.825
23.5001 117.693 6.45033 2.28761 243.793
23.6001 117.519 6.48147 2.29694 243.762
23.7001 117.346 6.51273 2.30627 243.731
23.8001 117.173 6.54411 2.31559 243.7
23.9001 117.001 6.57562 2.32491 243.668
24.0001 116.829 6.60726 2.33422 243.637
24.1001 116.658 6.63902 2.34352 243.605
24.2001 116.487 6.6709 2.35283 243.573
24.3001 116.317 6.70291 2.36212 243.541
24.4001 116.148 6.73504 2.37141 243.509
24.5001 115.979 6.76729 2.3807 243.477
24.6001 115.811 6.79967 2.38998 243.444
24.7001 115.643 6.83217 2.39925 243.412
24.8001 115.476 6.8648 2.40852 243.379
24.9001 115.309 6.89755 2.41778 243.346
25.0001 115.143 6.93042 2.42704 243.313
25.1001 114.978 6.96342 2.4363 243.28
25.2001 114.813 6.99653 2.44554 243.247
25.3001 114.648 7.02978 2.45478 243.214
25.4001 114.485 7.06314 2.46402 243.181
25.5001 114.321 7.09663 2.47325 243.147
25.6001 114.158 7.13024 2.48248 243.114
25.7001 113.996 7.16397 2.4917 243.08
25.8001 113.834 7.19783 2.50091 243.046
25.9001 113.673 7.23181 2.51012 243.012
26.0001 113.512 7.26591 2.51932 242.978
26.1001 113.352 7.30013 2.52852 242.944
26.2001 113.192 7.33448 2.53771 242.909
26.3001 113.033 7.36894 2.5469 242.875
26.4001 112.875 7.40353 2.55608 242.84
26.5001 112.716 7.43824 2.56525 242.806
26.6001 112.559 7.47308 2.57442 242.771
26.7001 112.401 7.50803 2.58358 242.736
26.8001 112.245 7.54311 2.59274 242.701
26.9001 112.089 7.5783 2.60189 242.666
27.0001 111.933 7.61362 2.61104 242.63
27.1001 111.778 7.64906 2.62018 242.595
27.2001 111.623 7.68462 2.62931 242.559
27.3001 111.469 7.72031 2.63844 242.524
27.4001 111.315 7.75611 2.64756 242.488
27.5001 111.162 7.79203 2.65667 242.452
27.6001 111.009 7.82808 2.66578 242.416
27.7001 110.856 7.86424 2.67489 242.38
27.8001 110.704 7.90052 2.68399 242.343
27.9001 110.553 7.93693 2.69308 242.307
28.0001 110.402 7.97346 2.70216 242.27
28.1001 110.251 8.0101 2.71124 242.234
28.2001 110.101 8.04687 2.72032 242.197
28.3001 109.952 8.08375 2.72938 242.16
28.4001 109.803 8.12076 2.73845 242.123
28.5001 109.654 8.15788 2.7475 242.086
28.6001 109.506 8.19513 2.75655 242.049
28.7001 109.358 8.23249 2.76559 242.011
28.8001 109.21 8.26997 2.77463 241.974
28.9001 109.064 8.30758 2.78366 241.936
29.0001 108.917 8.3453 2.79268 241.899
29.1001 108.771 8.38314 2.8017 241.861
29.2001 108.625 8.4211 2.81071 241.823
29.3001 108.48 8.45917 2.81971 241.785
29.4001 108.335 8.49737 2.82871 241.746
29.5001 108.191 8.53569 2.8377 241.708
29.6001 108.047 8.57412 2.84669 241.67
29.7001 107.903 8.61267 2.85567 241.631
29.8001 107.76 8.65134 2.86464 241.592
29.9001 107.618 8.69013 2.87361 241.554
30.0001 107.475 8.72903 2.88257 241.515
30.1001 107.333 8.76806 2.89152 241.476
30.2001 107.192 8.8072 2.90047 241.437
30.3001 107.051 8.84646 2.90941 241.397
30.4001 106.91 8.88583 2.91834 241.358
30.5001 106.77 8.92533 2.92727 241.318
30.6001 106.63 8.96494 2.93619 241.279
30.7001 106.49 9.00466 2.9451 241.239
30.8001 106.351 9.04451 2.95401 241.199
30.9001 106.213 9.08447 2.96291 241.159
31.0001 106.074 9.12455 2.9718 241.119
31.1001 105.936 9.16474 2.98069 241.079
31.2001 105.799 9.20506 2.98957 241.039
31.3001 105.662 9.24548 2.99844 240.998
31.4001 105.525 9.28603 3.00731 240.958
31.5001 105.388 9.32669 3.01617 240.917
31.6001 105.252 9.36746 3.02502 240.876
31.7001 105.117 9.40835 3.03387 240.835
31.8001 104.981 9.44936 3.0427 240.794
31.9001 104.846 9.49048 3.05154 240.753
32.0001 104.712 9.53172 3.06036 240.712
32.1001 104.578 9.57308 3.06918 240.671
32.2001 104.444 9.61454 3.07799 240.629
32.3001 104.31 9.65613 3.08679 240.588
32.4001 104.177 9.69782 3.09559 240.546
32.5001 104.044 9.73964 3.10438 240.504
32.6001 103.912 9.78157 3.11316 240.462
32.7001 103.78 9.82361 3.12194 240.42
32.8001 103.648 9.86577 3.13071 240.378
32.9001 103.517 9.90804 3.13947 240.336
33.0001 103.386 9.95042 3.14822 240.293
33.1001 103.255 9.99292 3.15697 240.251
33.2001 103.124 10.0355 3.16571 240.208
33.3001 102.994 10.0783 3.17444 240.166
33.4001 102.865 10.1211 3.18317 240.123
33.5001 102.735 10.1641 3.19188 240.08
33.6001 102.606 10.2071 3.20059 240.037
33.7001 102.478 10.2503 3.2093 239.994
33.8001 102.349 10.2936 3.21799 239.95
33.9001 102.221 10.337 3.22668 239.907
34.0001 102.094 10.3805 3.23536 239.863
34.1001 101.966 10.4242 3.24404 239.82
34.2001 101.839 10.4679 3.2527 239.776
34.3 101.712 10.5118 3.26136 239.732
34.4 101.586 10.5557 3.27001 239.688
34.5 101.46 10.5998 3.27866 239.644
34.6 101.334 10.644 3.28729 239.6
34.7 101.208 10.6883 3.29592 239.556
34.8 101.083 10.7327 3.30454 239.511
34.9 100.958 10.7773 3.31316 239.467
35 100.834 10.8219 3.32176 239.422
35.1 100.71 10.8667 3.33036 239.377
35.2 100.586 10.9115 3.33895 239.332
35.3 100.462 10.9565 3.34754 239.287
35.4 100.339 11.0016 3.35611 239.242
35.5 100.215 11.0468 3.36468 239.197
35.6 100.093 11.0921 3.37324 239.152
35.7 99.9702 11.1375 3.38179 239.106
35.8 99.848 11.183 3.39034 239.061
35.9 99.7261 11.2287 3.39887 239.015
36 99.6045 11.2744 3.4074 238.969
36.1 99.4832 11.3203 3.41592 238.924
36.2 99.3622 11.3663 3.42444 238.878
36.3 99.2414 11.4123 3.43294 238.831
36.4 99.1209 11.4585 3.44144 238.785
36.5 99.0008 11.5048 3.44993 238.739
36.6 98.8809 11.5512 3.45841 238.693
36.7 98.7612 11.5978 3.46689 238.646
36.8 98.6419 11.6444 3.47535 238.599
36.9 98.5228 11.6911 3.48381 238.553
37 98.404 11.738 3.49226 238.506
37.1 98.2855 11.7849 3.5007 238.459
37.2 98.1672 11.832 3.50913 238.412
37.3 98.0492 11.8791 3.51756 238.365
37.4 97.9315 11.9264 3.52598 238.317
37.5 97.8141 11.9738 3.53438 238.27
37.6 97.6969 12.0213 3.54279 238.223
37.7 97.5799 12.0689 3.55118 238.175
37.8 97.4633 12.1166 3.55956 238.127
37.9 97.3469 12.1644 3.56794 238.079
38 97.2307 12.2123 3.57631 238.031
38.1 97.1148 12.2604 3.58467 237.983
38.2 96.9992 12.3085 3.59302 237.935
38.3 96.8838 12.3568 3.60136 237.887
38.4 96.7687 12.4051 3.6097 237.839
38.5 96.6538 12.4536 3.61802 237.79
38.6 96.5392 12.5021 3.62634 237.742
38.7 96.4248 12.5508 3.63465 237.693
38.8 96.3107 12.5996 3.64295 237.644
38.9 96.1968 12.6485 3.65124 237.595
39 96.0831 12.6974 3.65953 237.546
39.1 95.9697 12.7465 3.6678 237.497
39.2 95.8566 12.7957 3.67607 237.448
39.3 95.7437 12.845 3.68433 237.399
39.4 95.631 12.8945 3.69258 237.349
39.5 95.5186 12.944 3.70082 237.3
39.6 95.4064 12.9936 3.70905 237.25
39.7 95.2944 13.0433 3.71728 237.201
39.8 95.1827 13.0931 3.72549 237.151
39.9 95.0712 13.1431 3.7337 237.101
40 94.9599 13.1931 3.7419 237.051
40.1 94.8488 13.2433 3.75009 237.001
40.2 94.738 13.2935 3.75827 236.95
40.3 94.6275 13.3439 3.76644 236.9
40.4 94.5171 13.3943 3.7746 236.85
40.5 94.407 13.4449 3.78276 236.799
40.6 94.2971 13.4955 3.7909 236.748
40.7 94.1874 13.5463 3.79904 236.698
40.7999 94.0779 13.5972 3.80717 236.647
40.8999 93.9687 13.6481 3.81529 236.596
40.9999 93.8596 13.6992 3.8234 236.545
41.0999 93.7508 13.7504 3.8315 236.493
41.1999 93.6423 13.8017 3.83959 236.442
41.2999 93.5339 13.853 3.84767 236.391
41.3999 93.4257 13.9045 3.85575 236.339
41.4999 93.3178 13.9561 3.86381 236.288
41.5999 93.2101 14.0078 3.87187 236.236
41.6999 93.1025 14.0596 3.87992 236.184
41.7999 92.9952 14.1115 3.88795 236.132
41.8999 92.8881 14.1635 3.89598 236.08
41.9999 92.7812 14.2156 3.904 236.028
42.0999 92.6745 14.2678 3.91201 235.976
42.1999 92.568 14.3201 3.92002 235.924
42.2999 92.4618 14.3725 3.92801 235.871
42.3999 92.3557 14.4249 3.93599 235.819
42.4999 92.2498 14.4775 3.94396 235.766
42.5999 92.1441 14.5302 3.95193 235.714
42.6999 92.0387 14.583 3.95988 235.661
42.7999 91.9334 14.6359 3.96783 235.608
42.8999 91.8283 14.6889 3.97577 235.555
42.9999 91.7235 14.742 3.98369 235.502
43.0999 91.6188 14.7952 3.99161 235.449
43.1999 91.5143 14.8485 3.99952 235.395
43.2999 91.41 14.9019 4.00742 235.342
43.3999 91.3059 14.9554 4.01531 235.288
43.4999 91.202 15.009 4.02319 235.235
43.5999 91.0983 15.0627 4.03106 235.181
43.6999 90.9947 15.1165 4.03892 235.127
43.7999 90.8914 15.1704 4.04677 235.073
43.8999 90.7882 15.2244 4.05461 235.019
43.9999 90.6853 15.2784 4.06245 234.965
44.0999 90.5825 15.3326 4.07027 234.911
44.1999 90.4799 15.3869 4.07808 234.857
44.2999 90.3775 15.4413 4.08589 234.803
44.3999 90.2753 15.4958 4.09368 234.748
44.4999 90.1732 15.5503 4.10146 234.693
44.5999 90.0714 15.605 4.10924 234.639
44.6999 89.9697 15.6598 4.117 234.584
44.7999 89.8682 15.7146 4.12476 234.529
44.8999 89.7668 15.7696 4.13251 234.474
44.9999 89.6657 15.8246 4.14024 234.419
45.0999 89.5647 15.8798 4.14797 234.364
45.1999 89.4639 15.935 4.15568 234.309
45.2999 89.3633 15.9904 4.16339 234.253
45.3999 89.2628 16.0458 4.17108 234.198
45.4999 89.1626 16.1013 4.17877 234.142
45.5999 89.0625 16.157 4.18645 234.087
45.6999 88.9625 16.2127 4.19411 234.031
45.7999 88.8628 16.2685 4.20177 233.975
45.8999 88.7632 16.3244 4.20942 233.919
45.9999 88.6637 16.3804 4.21705 233.863
46.0999 88.5645 16.4365 4.22468 233.807
46.1999 88.4654 16.4927 4.2323 233.751
46.2999 88.3665 16.549 4.2399 233.695
46.3999 88.2677 16.6054 4.2475 233.638
46.4999 88.1691 16.6619 4.25509 233.582
46.5999 88.0707 16.7185 4.26266 233.525
46.6999 87.9724 16.7751 4.27023 233.469
46.7999 87.8743 16.8319 4.27778 233.412
46.8999 87.7764 16.8888 4.28533 233.355
46.9999 87.6786 16.9457 4.29286 233.298
47.0999 87.5809 17.0027 4.30039 233.241
47.1999 87.4835 17.0599 4.3079 233.184
47.2999 87.3862 17.1171 4.31541 233.127
47.3998 87.289 17.1744 4.3229 233.069
47.4998 87.192 17.2318 4.33039 233.012
47.5998 87.0952 17.2893 4.33786 232.955
47.6998 86.9985 17.3469 4.34532 232.897
47.7998 86.9019 17.4046 4.35278 232.839
47.8998 86.8056 17.4624 4.36022 232.781
47.9998 86.7093 17.5202 4.36765 232.724
48.0998 86.6132 17.5782 4.37507 232.666
48.1998 86.5173 17.6362 4.38248 232.608
48.2998 86.4215 17.6944 4.38988 232.549
48.3998 86.3259 17.7526 4.39727 232.491
48.4998 86.2304 17.8109 4.40465 232.433
48.5998 86.1351 17.8693 4.41202 232.374
48.6998 86.0399 17.9278 4.41938 232.316
48.7998 85.9449 17.9864 4.42673 232.257
48.8998 85.85 18.0451 4.43406 232.199
48.9998 85.7552 18.1039 4.44139 232.14
49.0998 85.6606 18.1627 4.44871 232.081
49.1998 85.5662 18.2217 4.45601 232.022
49.2998 85.4719 18.2807 4.46331 231.963
49.3998 85.3777 18.3398 4.47059 231.904
49.4998 85.2837 18.399 4.47786 231.845
49.5998 85.1898 18.4583 4.48512 231.785
49.6998 85.096 18.5177 4.49237 231.726
49.7998 85.0024 18.5772 4.49962 231.667
49.8998 84.9089 18.6368 4.50684 231.607
49.9998 84.8156 18.6964 4.51406 231.547
50.0998 84.7224 18.7562 4.52127 231.488
50.1998 84.6293 18.816 4.52847 231.428
50.2998 84.5364 18.8759 4.53565 231.368
50.3998 84.4436 18.9359 4.54283 231.308
50.4998 84.351 18.996 4.54999 231.248
50.5998 84.2584 19.0562 4.55714 231.188
50.6998 84.166 19.1164 4.56429 231.127
50.7998 84.0738 19.1768 4.57142 231.067
50.8998 83.9817 19.2372 4.57854 231.007
50.9998 83.8897 19.2977 4.58565 230.946
51.0998 83.7978 19.3583 4.59274 230.885
51.1998 83.7061 19.419 4.59983 230.825
51.2998 83.6145 19.4798 4.60691 230.764
51.3998 83.523 19.5407 4.61397 230.703
51.4998 83.4317 19.6016 4.62102 230.642
51.5998 83.3405 19.6626 4.62806 230.581
51.6998 83.2494 19.7237 4.63509 230.52
51.7998 83.1584 19.7849 4.64211 230.459
51.8998 83.0676 19.8462 4.64912 230.398
51.9998 82.9769 19.9076 4.65612 230.336
52.0998 82.8863 19.969 4.6631 230.275
52.1998 82.7958 20.0306 4.67008 230.213
52.2998 82.7055 20.0922 4.67704 230.152
52.3998 82.6153 20.1539 4.68399 230.09
52.4998 82.5252 20.2157 4.69093 230.028
52.5998 82.4352 20.2775 4.69786 229.966
52.6998 82.3454 20.3395 4.70478 229.904
52.7998 82.2556 20.4015 4.71168 229.842
52.8998 82.166 20.4636 4.71858 229.78
52.9998 82.0765 20.5258 4.72546 229.718
53.0998 81.9872 20.5881 4.73233 229.656
53.1998 81.8979 20.6504 4.73919 229.593
53.2998 81.8088 20.7129 4.74604 229.531
53.3998 81.7198 20.7754 4.75287 229.468
53.4998 81.6309 20.838 4.7597 229.406
53.5998 81.5421 20.9007 4.76651 229.343
53.6998 81.4534 20.9635 4.77331 229.28
53.7998 81.3649 21.0263 4.7801 229.218
53.8997 81.2764 21.0892 4.78688 229.155
53.9997 81.1881 21.1522 4.79364 229.092
54.0997 81.0999 21.2153 4.8004 229.029
54.1997 81.0118 21.2785 4.80714 228.965
54.2997 80.9238 21.3417 4.81387 228.902
54.3997 80.836 21.405 4.82059 228.839
54.4997 80.7482 21.4684 4.8273 228.775
54.5997 80.6606 21.5319 4.83399 228.712
54.6997 80.573 21.5955 4.84067 228.648
54.7997 80.4856 21.6591 4.84735 228.585
54.8997 80.3983 21.7228 4.854 228.521
54.9997 80.3111 21.7866 4.86065 228.457
55.0997 80.224 21.8505 4.86729 228.393
55.1997 80.137 21.9145 4.87391 228.329
55.2997 80.0501 21.9785 4.88052 228.265
55.3997 79.9633 22.0426 4.88712 228.201
55.4997 79.8766 22.1068 4.89371 228.137
55.5997 79.7901 22.171 4.90028 228.073
55.6997 79.7036 22.2354 4.90685 228.008
55.7997 79.6173 22.2998 4.9134 227.944
55.8997 79.531 22.3643 4.91994 227.88
55.9997 79.4449 22.4288 4.92647 227.815
56.0997 79.3588 22.4935 4.93298 227.75
56.1997 79.2729 22.5582 4.93948 227.686
56.2997 79.1871 22.623 4.94597 227.621
56.3997 79.1013 22.6879 4.95245 227.556
56.4997 79.0157 22.7528 4.95892 227.491
56.5997 78.9302 22.8178 4.96537 227.426
56.6997 78.8448 22.8829 4.97181 227.361
56.7997 78.7594 22.9481 4.97824 227.296
56.8997 78.6742 23.0133 4.98466 227.23
56.9997 78.5891 23.0787 4.99106 227.165
57.0997 78.5041 23.1441 4.99745 227.1
57.1997 78.4191 23.2095 5.00383 227.034
57.2997 78.3343 23.2751 5.0102 226.969
57.3997 78.2496 23.3407 5.01655 226.903
57.4997 78.1649 23.4064 5.02289 226.837
57.5997 78.0804 23.4721 5.02922 226.772
57.6997 77.996 23.538 5.03554 226.706
57.7997 77.9116 23.6039 5.04184 226.64
57.8997 77.8274 23.6698 5.04813 226.574
57.9997 77.7432 23.7359 5.05441 226.508
58.0997 77.6592 23.802 5.06068 226.442
58.1997 77.5752 23.8682 5.06693 226.376
58.2997 77.4913 23.9345 5.07318 226.309
58.3997 77.4076 24.0008 5.0794 226.243
58.4997 77.3239 24.0672 5.08562 226.177
58.5997 77.2403 24.1337 5.09182 226.11
58.6997 77.1568 24.2002 5.09801 226.044
58.7997 77.0734 24.2669 5.10419 225.977
58.8997 76.9901 24.3336 5.11036 225.91
58.9997 76.9069 24.4003 5.11651 225.844
59.0997 76.8237 24.4672 5.12265 225.777
59.1997 76.7407 24.5341 5.12877 225.71
59.2997 76.6578 24.601 5.13489 225.643
59.3997 76.5749 24.6681 5.14099 225.576
59.4997 76.4921 24.7352 5.14708 225.509
59.5997 76.4095 24.8024 5.15315 225.441
59.6997 76.3269 24.8696 5.15921 225.374
59.7997 76.2444 24.9369 5.16526 225.307
59.8997 76.1619 25.0043 5.1713 225.24
59.9997 76.0796 25.0718 5.17732 225.172
60.0997 75.9974 25.1393 5.18333 225.105
60.1997 75.9152 25.2069 5.18933 225.037
60.2997 75.8332 25.2745 5.19531 224.969
60.3997 75.7512 25.3422 5.20128 224.902
60.4996 75.6693 25.41 5.20724 224.834
60.5996 75.5875 25.4779 5.21318 224.766
60.6996 75.5057 25.5458 5.21911 224.698
60.7996 75.4241 25.6138 5.22503 224.63
60.8996 75.3425 25.6819 5.23094 224.562
60.9996 75.2611 25.75 5.23683 224.494
61.0996 75.1797 25.8182 5.24271 224.426
61.1996 75.0984 25.8864 5.24857 224.357
61.2996 75.0172 25.9548 5.25442 224.289
61.3996 74.936 26.0231 5.26026 224.221
61.4996 74.855 26.0916 5.26609 224.152
61.5996 74.774 26.1601 5.2719 224.084
61.6996 74.6931 26.2287 5.2777 224.015
61.7996 74.6123 26.2973 5.28348 223.946
61.8996 74.5315 26.366 5.28925 223.878
61.9996 74.4509 26.4348 5.29501 223.809
62.0996 74.3703 26.5037 5.30076 223.74
62.1996 74.2898 26.5726 5.30649 223.671
62.2996 74.2094 26.6415 5.31221 223.602
62.3996 74.1291 26.7106 5.31791 223.533
62.4996 74.0488 26.7796 5.3236 223.464
62.5996 73.9686 26.8488 5.32928 223.395
62.6996 73.8885 26.918 5.33494 223.326
62.7996 73.8085 26.9873 5.34059 223.257
62.8996 73.7286 27.0566 5.34623 223.187
62.9996 73.6487 27.126 5.35185 223.118
63.0996 73.5689 27.1955 5.35746 223.048
63.1996 73.4892 27.265 5.36306 222.979
63.2996 73.4096 27.3346 5.36864 222.909
63.3996 73.33 27.4043 5.37421 222.84
63.4996 73.2505 27.474 5.37976 222.77
63.5996 73.1711 27.5437 5.3853 222.7
63.6996 73.0918 27.6136 5.39083 222.63
63.7996 73.0125 27.6835 5.39634 222.56
63.8996 72.9333 27.7534 5.40184 222.49
63.9996 72.8542 27.8234 5.40733 222.42
64.0996 72.7752 27.8935 5.4128 222.35
64.1996 72.6962 27.9636 5.41826 222.28
64.2996 72.6173 28.0338 5.4237 222.21
64.3996 72.5385 28.1041 5.42913 222.14
64.4996 72.4598 28.1744 5.43454 222.069
64.5996 72.3811 28.2447 5.43995 221.999
64.6996 72.3025 28.3152 5.44533 221.929
64.7996 72.224 28.3856 5.45071 221.858
64.8996 72.1455 28.4562 5.45607 221.788
64.9996 72.0671 28.5268 5.46141 221.717
65.0996 71.9888 28.5974 5.46675 221.646
65.1996 71.9106 28.6681 5.47206 221.576
65.2996 71.8324 28.7389 5.47737 221.505
65.3996 71.7543 28.8097 5.48266 221.434
65.4996 71.6762 28.8806 5.48793 221.363
65.5996 71.5983 28.9516 5.49319 221.292
65.6996 71.5204 29.0226 5.49844 221.221
65.7996 71.4426 29.0936 5.50367 221.15
65.8996 71.3648 29.1647 5.50889 221.079
65.9996 71.2871 29.2359 5.51409 221.008
66.0996 71.2095 29.3071 5.51928 220.937
66.1996 71.1319 29.3784 5.52446 220.865
66.2996 71.0544 29.4497 5.52962 220.794
66.3996 70.977 29.5211 5.53477 220.723
66.4996 70.8997 29.5925 5.5399 220.651
66.5996 70.8224 29.664 5.54502 220.58
66.6996 70.7452 29.7355 5.55012 220.508
66.7996 70.668 29.8071 5.55521 220.437
66.8996 70.5909 29.8788 5.56029 220.365
66.9995 70.5139 29.9505 5.56535 220.293
67.0995 70.4369 30.0223 5.57039 220.222
67.1995 70.3601 30.0941 5.57542 220.15
67.2995 70.2832 30.1659 5.58044 220.078
67.3995 70.2065 30.2379 5.58544 220.006
67.4995 70.1298 30.3098 5.59043 219.934
67.5995 70.0531 30.3818 5.59541 219.862
67.6995 69.9766 30.4539 5.60036 219.79
67.7995 69.9001 30.526 5.60531 219.718
67.8995 69.8236 30.5982 5.61024 219.646
67.9995 69.7472 30.6704 5.61515 219.573
68.0995 69.6709 30.7427 5.62005 219.501
68.1995 69.5947 30.8151 5.62494 219.429
68.2995 69.5185 30.8874 5.62981 219.356
68.3995 69.4424 30.9599 5.63466 219.284
68.4995 69.3663 31.0323 5.63951 219.211
68.5995 69.2903 31.1049 5.64433 219.139
68.6995 69.2143 31.1775 5.64914 219.066
68.7995 69.1385 31.2501 5.65394 218.994
68.8995 69.0626 31.3228 5.65872 218.921
68.9995 68.9869 31.3955 5.66349 218.848
69.0995 68.9112 31.4683 5.66824 218.776
69.1995 68.8355 31.5411 5.67298 218.703
69.2995 68.76 31.614 5.6777 218.63
69.3995 68.6845 31.6869 5.68241 218.557
69.4995 68.609 31.7598 5.6871 218.484
69.5995 68.5336 31.8329 5.69178 218.411
69.6995 68.4583 31.9059 5.69644 218.338
69.7995 68.383 31.979 5.70109 218.265
69.8995 68.3078 32.0522 5.70572 218.192
69.9995 68.2326 32.1254 5.71034 218.118
70.0995 68.1575 32.1987 5.71494 218.045
70.1995 68.0824 32.272 5.71953 217.972
70.2995 68.0074 32.3453 5.7241 217.899
70.3995 67.9325 32.4187 5.72866 217.825
70.4995 67.8576 32.4921 5.7332 217.752
70.5995 67.7828 32.5656 5.73773 217.678
70.6995 67.7081 32.6391 5.74224 217.605
70.7995 67.6334 32.7127 5.74673 217.531
70.8995 67.5587 32.7863 5.75121 217.458
70.9995 67.4841 32.86 5.75568 217.384
71.0995 67.4096 32.9337 5.76013 217.31
71.1995 67.3351 33.0074 5.76457 217.236
71.2995 67.2607 33.0812 5.76899 217.163
71.3995 67.1863 33.155 5.77339 217.089
71.4995 67.112 33.2289 5.77778 217.015
71.5995 67.0378 33.3028 5.78215 216.941
71.6995 66.9636 33.3768 5.78651 216.867
71.7995 66.8894 33.4508 5.79086 216.793
71.8995 66.8153 33.5249 5.79518 216.719
71.9995 66.7413 33.599 5.79949 216.645
72.0995 66.6673 33.6731 5.80379 216.571
72.1995 66.5934 33.7473 5.80807 216.497
72.2995 66.5195 33.8215 5.81234 216.422
72.3995 66.4457 33.8957 5.81659 216.348
72.4995 66.3719 33.97 5.82082 216.274
72.5995 66.2982 34.0444 5.82504 216.199
72.6995 66.2245 34.1188 5.82925 216.125
72.7995 66.1509 34.1932 5.83343 216.051
72.8995 66.0774 34.2677 5.83761 215.976
72.9995 66.0039 34.3422 5.84176 215.902
73.0995 65.9304 34.4167 5.8459 215.827
73.1995 65.857 34.4913 5.85003 215.753
73.2995 65.7837 34.5659 5.85414 215.678
73.3995 65.7104 34.6406 5.85823 215.603
73.4995 65.6371 34.7153 5.86231 215.529
73.5994 65.5639 34.79 5.86637 215.454
73.6994 65.4908 34.8648 5.87042 215.379
73.7994 65.4177 34.9396 5.87445 215.304
73.8994 65.3446 35.0144 5.87846 215.229
73.9994 65.2717 35.0893 5.88246 215.154
74.0994 65.1987 35.1643 5.88645 215.08
74.1994 65.1258 35.2392 5.89041 215.005
74.2994 65.053 35.3142 5.89436 214.93
74.3994 64.9802 35.3893 5.8983 214.855
74.4994 64.9075 35.4643 5.90222 214.779
74.5994 64.8348 35.5394 5.90612 214.704
74.6994 64.7621 35.6146 5.91001 214.629
74.7994 64.6895 35.6898 5.91388 214.554
74.8994 64.617 35.765 5.91774 214.479
74.9994 64.5445 35.8403 5.92158 214.404
75.0994 64.472 35.9155 5.9254 214.328
75.1994 64.3996 35.9909 5.92921 214.253
75.2994 64.3273 36.0662 5.933 214.178
75.3994 64.255 36.1416 5.93677 214.102
75.4994 64.1827 36.217 5.94053 214.027
75.5994 64.1105 36.2925 5.94428 213.951
75.6994 64.0384 36.368 5.948 213.876
75.7994 63.9663 36.4435 5.95171 213.8
75.8994 63.8942 36.5191 5.95541 213.725
75.9994 63.8222 36.5947 5.95909 213.649
76.0994 63.7502 36.6703 5.96275 213.573
76.1994 63.6783 36.746 5.96639 213.498
76.2994 63.6064 36.8217 5.97002 213.422
76.3994 63.5346 36.8974 5.97364 213.346
76.4994 63.4628 36.9732 5.97723 213.271
76.5994 63.391 37.049 5.98082 213.195
76.6994 63.3194 37.1248 5.98438 213.119
76.7994 63.2477 37.2006 5.98793 213.043
76.8994 63.1761 37.2765 5.99146 212.967
76.9994 63.1045 37.3524 5.99497 212.891
77.0994 63.033 37.4284 5.99847 212.815
77.1994 62.9616 37.5043 6.00195 212.739
77.2994 62.8902 37.5804 6.00542 212.663
77.3994 62.8188 37.6564 6.00887 212.587
77.4994 62.7474 37.7325 6.0123 212.511
77.5994 62.6762 37.8085 6.01572 212.435
77.6994 62.6049 37.8847 6.01912 212.359
77.7994 62.5337 37.9608 6.0225 212.283
77.8994 62.4626 38.037 6.02587 212.207
77.9994 62.3915 38.1132 6.02922 212.131
78.0994 62.3204 38.1895 6.03255 212.054
78.1994 62.2494 38.2657 6.03587 211.978
78.2994 62.1784 38.342 6.03917 211.902
78.3994 62.1074 38.4183 6.04245 211.825
78.4994 62.0366 38.4947 6.04572 211.749
78.5994 61.9657 38.5711 6.04897 211.673
78.6994 61.8949 38.6475 6.0522 211.596
78.7994 61.8241 38.7239 6.05542 211.52
78.8994 61.7534 38.8004 6.05862 211.443
78.9994 61.6827 38.8768 6.0618 211.367
79.0994 61.6121 38.9533 6.06497 211.29
79.1994 61.5415 39.0299 6.06812 211.214
79.2994 61.4709 39.1064 6.07125 211.137
79.3994 61.4004 39.183 6.07437 211.061
79.4994 61.33 39.2596 6.07747 210.984
79.5994 61.2595 39.3363 6.08055 210.908
79.6994 61.1891 39.4129 6.08361 210.831
79.7994 61.1188 39.4896 6.08666 210.754
79.8994 61.0485 39.5663 6.08969 210.677
79.9994 60.9782 39.6431 6.09271 210.601
80.0993 60.908 39.7198 6.09571 210.524
80.1993 60.8378 39.7966 6.09869 210.447
80.2993 60.7677 39.8734 6.10165 210.37
80.3993 60.6976 39.9502 6.1046 210.294
80.4993 60.6275 40.0271 6.10753 210.217
80.5993 60.5575 40.1039 6.11044 210.14
80.6993 60.4875 40.1808 6.11334 210.063
80.7993 60.4176 40.2577 6.11621 209.986
80.8993 60.3477 40.3347 6.11908 209.909
80.9993 60.2778 40.4116 6.12192 209.832
81.0993 60.208 40.4886 6.12475 209.755
81.1993 60.1382 40.5656 6.12756 209.678
81.2993 60.0685 40.6426 6.13035 209.601
81.3993 59.9988 40.7197 6.13312 209.524
81.4993 59.9291 40.7967 6.13588 209.447
81.5993 59.8595 40.8738 6.13862 209.37
81.6993 59.7899 40.9509 6.14135 209.293
81.7993 59.7203 41.028 6.14405 209.216
81.8993 59.6508 41.1052 6.14674 209.139
81.9993 59.5813 41.1823 6.14942 209.061
82.0993 59.5119 41.2595 6.15207 208.984
82.1993 59.4425 41.3367 6.15471 208.907
82.2993 59.3732 41.4139 6.15733 208.83
82.3993 59.3038 41.4912 6.15993 208.753
82.4993 59.2346 41.5684 6.16252 208.675
82.5993 59.1653 41.6457 6.16508 208.598
82.6993 59.0961 41.723 6.16763 208.521
82.7993 59.0269 41.8003 6.17017 208.444
82.8993 58.9578 41.8776 6.17268 208.366
82.9993 58.8887 41.9549 6.17518 208.289
83.0993 58.8196 42.0323 6.17766 208.212
83.1993 58.7506 42.1097 6.18012 208.134
83.2993 58.6816 42.187 6.18257 208.057
83.3993 58.6127 42.2644 6.185 207.979
83.4993 58.5438 42.3419 6.18741 207.902
83.5993 58.4749 42.4193 6.1898 207.825
83.6993 58.4061 42.4967 6.19218 207.747
83.7993 58.3372 42.5742 6.19454 207.67
83.8993 58.2685 42.6517 6.19688 207.592
83.9993 58.1997 42.7292 6.1992 207.515
84.0993 58.1311 42.8067 6.2015 207.437
84.1993 58.0624 42.8842 6.20379 207.36
84.2993 57.9938 42.9618 6.20606 207.282
84.3993 57.9252 43.0393 6.20831 207.205
84.4993 57.8566 43.1169 6.21055 207.127
84.5993 57.7881 43.1944 6.21276 207.049
84.6993 57.7196 43.272 6.21496 206.972
84.7993 57.6512 43.3496 6.21714 206.894
84.8993 57.5828 43.4272 6.2193 206.817
84.9993 57.5144 43.5049 6.22145 206.739
85.0993 57.446 43.5825 6.22358 206.661
85.1993 57.3777 43.6601 6.22569 206.584
85.2993 57.3094 43.7378 6.22778 206.506
85.3993 57.2412 43.8155 6.22985 206.428
85.4993 57.173 43.8932 6.23191 206.351
85.5993 57.1048 43.9709 6.23395 206.273
85.6993 57.0367 44.0486 6.23597 206.195
85.7993 56.9686 44.1263 6.23797 206.118
85.8993 56.9005 44.204 6.23996 206.04
85.9993 56.8325 44.2817 6.24192 205.962
86.0993 56.7645 44.3595 6.24387 205.884
86.1993 56.6965 44.4372 6.2458 205.807
86.2993 56.6285 44.515 6.24771 205.729
86.3993 56.5606 44.5927 6.24961 205.651
86.4993 56.4928 44.6705 6.25148 205.573
86.5993 56.4249 44.7483 6.25334 205.496
86.6992 56.3571 44.8261 6.25518 205.418
86.7992 56.2894 44.9039 6.25701 205.34
86.8992 56.2216 44.9817 6.25881 205.262
86.9992 56.1539 45.0595 6.2606 205.184
87.0992 56.0862 45.1374 6.26236 205.106
87.1992 56.0186 45.2152 6.26411 205.029
87.2992 55.951 45.293 6.26585 204.951
87.3992 55.8834 45.3709 6.26756 204.873
87.4992 55.8159 45.4487 6.26925 204.795
87.5992 55.7483 45.5266 6.27093 204.717
87.6992 55.6809 45.6044 6.27259 204.639
87.7992 55.6134 45.6823 6.27423 204.562
87.8992 55.546 45.7602 6.27585 204.484
87.9992 55.4786 45.8381 6.27746 204.406
88.0992 55.4112 45.9159 6.27904 204.328
88.1992 55.3439 45.9938 6.28061 204.25
88.2992 55.2766 46.0717 6.28216 204.172
88.3992 55.2094 46.1496 6.28369 204.094
88.4992 55.1421 46.2275 6.2852 204.016
88.5992 55.0749 46.3054 6.2867 203.938
88.6992 55.0078 46.3833 6.28817 203.86
88.7992 54.9406 46.4612 6.28963 203.783
88.8992 54.8735 46.5391 6.29107 203.705
88.9992 54.8064 46.6171 6.29249 203.627
89.0992 54.7394 46.695 6.29389 203.549
89.1992 54.6724 46.7729 6.29528 203.471
89.2992 54.6054 46.8508 6.29664 203.393
89.3992 54.5384 46.9287 6.29799 203.315
89.4992 54.4715 47.0067 6.29932 203.237
89.5992 54.4046 47.0846 6.30063 203.159
89.6992 54.3378 47.1625 6.30192 203.081
89.7992 54.2709 47.2404 6.30319 203.003
89.8992 54.2041 47.3184 6.30445 202.925
89.9992 54.1373 47.3963 6.30568 202.848
90.0992 54.0706 47.4742 6.3069 202.77
90.1992 54.0039 47.5521 6.3081 202.692
90.2992 53.9372 47.6301 6.30928 202.614
90.3992 53.8705 47.708 6.31044 202.536
90.4992 53.8039 47.7859 6.31158 202.458
90.5992 53.7373 47.8638 6.3127 202.38
90.6992 53.6707 47.9418 6.31381 202.302
90.7992 53.6042 48.0197 6.3149 202.224
90.8992 53.5377 48.0976 6.31596 202.146
90.9992 53.4712 48.1755 6.31701 202.068
91.0992 53.4048 48.2534 6.31804 201.99
91.1992 53.3383 48.3314 6.31906 201.912
91.2992 53.2719 48.4093 6.32005 201.835
91.3992 53.2056 48.4872 6.32102 201.757
91.4992 53.1392 48.5651 6.32198 201.679
91.5992 53.0729 48.643 6.32291 201.601
91.6992 53.0066 48.7209 6.32383 201.523
91.7992 52.9404 48.7988 6.32473 201.445
91.8992 52.8741 48.8766 6.32561 201.367
91.9992 52.8079 48.9545 6.32647 201.289
92.0992 52.7418 49.0324 6.32732 201.211
92.1992 52.6756 49.1103 6.32814 201.134
92.2992 52.6095 49.1881 6.32894 201.056
92.3992 52.5434 49.266 6.32973 200.978
92.4992 52.4774 49.3439 6.3305 200.9
92.5992 52.4113 49.4217 6.33125 200.822
92.6992 52.3453 49.4996 6.33197 200.744
92.7992 52.2793 49.5774 6.33268 200.666
92.8992 52.2134 49.6552 6.33338 200.589
92.9992 52.1475 49.7331 6.33405 200.511
93.0992 52.0816 49.8109 6.3347 200.433
93.1992 52.0157 49.8887 6.33534 200.355
93.2991 51.9498 49.9665 6.33595 200.277
93.3991 51.884 50.0443 6.33655 200.2
93.4991 51.8182 50.1221 6.33712 200.122
93.5991 51.7525 50.1998 6.33768 200.044
93.6991 51.6867 50.2776 6.33822 199.966
93.7991 51.621 50.3554 6.33874 199.888
93.8991 51.5553 50.4331 6.33924 199.811
93.9991 51.4897 50.5109 6.33972 199.733
94.0991 51.424 50.5886 6.34019 199.655
94.1991 51.3584 50.6663 6.34063 199.578
94.2991 51.2929 50.744 6.34105 199.5
94.3991 51.2273 50.8217 6.34146 199.422
94.4991 51.1618 50.8994 6.34185 199.344
94.5991 51.0963 50.9771 6.34221 199.267
94.6991 51.0308 51.0548 6.34256 199.189
94.7991 50.9653 51.1324 6.34289 199.111
94.8991 50.8999 51.2101 6.3432 199.034
94.9991 50.8345 51.2877 6.34349 198.956
95.0991 50.7691 51.3654 6.34376 198.878
95.1991 50.7038 51.443 6.34401 198.801
95.2991 50.6385 51.5206 6.34424 198.723
95.3991 50.5732 51.5982 6.34445 198.646
95.4991 50.5079 51.6757 6.34465 198.568
95.5991 50.4427 51.7533 6.34482 198.491
95.6991 50.3774 51.8308 6.34498 198.413
95.7991 50.3122 51.9084 6.34511 198.335
95.8991 50.2471 51.9859 6.34523 198.258
95.9991 50.1819 52.0634 6.34533 198.18
96.0991 50.1168 52.1409 6.3454 198.103
96.1991 50.0517 52.2184 6.34546 198.025
96.2991 49.9866 52.2958 6.3455 197.948
96.3991 49.9216 52.3733 6.34552 197.871
96.4991 49.8565 52.4507 6.34552 197.793
96.5991 49.7915 52.5281 6.3455 197.716
96.6991 49.7266 52.6056 6.34546 197.638
96.7991 49.6616 52.6829 6.3454 197.561
96.8991 49.5967 52.7603 6.34533 197.484
96.9991 49.5318 52.8377 6.34523 197.406
97.0991 49.4669 52.915 6.34511 197.329
97.1991 49.402 52.9923 6.34498 197.251
97.2991 49.3372 53.0696 6.34482 197.174
97.3991 49.2724 53.1469 6.34465 197.097
97.4991 49.2076 53.2242 6.34445 197.02
97.5991 49.1429 53.3014 6.34424 196.942
97.6991 49.0781 53.3787 6.344 196.865
97.7991 49.0134 53.4559 6.34375 196.788
97.8991 48.9487 53.5331 6.34348 196.711
97.9991 48.884 53.6103 6.34318 196.634
98.0991 48.8194 53.6874 6.34287 196.556
98.1991 48.7548 53.7646 6.34254 196.479
98.2991 48.6902 53.8417 6.34219 196.402
98.3991 48.6256 53.9188 6.34182 196.325
98.4991 48.5611 53.9959 6.34143 196.248
98.5991 48.4965 54.0729 6.34102 196.171
98.6991 48.432 54.15 6.34059 196.094
98.7991 48.3675 54.227 6.34014 196.017
98.8991 48.3031 54.304 6.33967 195.94
98.9991 48.2386 54.381 6.33918 195.863
99.0991 48.1742 54.4579 6.33867 195.786
99.1991 48.1098 54.5349 6.33814 195.709
99.2991 48.0455 54.6118 6.3376 195.632
99.3991 47.9811 54.6887 6.33703 195.555
99.4991 47.9168 54.7655 6.33644 195.478
99.5991 47.8525 54.8424 6.33583 195.401
99.6991 47.7882 54.9192 6.33521 195.325
99.799 47.724 54.996 6.33456 195.248
99.899 47.6597 55.0728 6.33389 195.171
99.999 47.5955 55.1496 6.33321 195.094
100.099 47.5313 55.2263 6.3325 195.018
100.199 47.4672 55.303 6.33178 194.941
100.299 47.403 55.3797 6.33103 194.864
100.399 47.3389 55.4563 6.33027 194.787
100.499 47.2748 55.533 6.32948 194.711
100.599 47.2107 55.6096 6.32868 194.634
100.699 47.1466 55.6862 6.32785 194.558
100.799 47.0826 55.7627 6.32701 194.481
100.899 47.0186 55.8393 6.32614 194.405
100.999 46.9546 55.9158 6.32526 194.328
101.099 46.8906 55.9923 6.32435 194.252
101.199 46.8267 56.0687 6.32343 194.175
101.299 46.7627 56.1451 6.32248 194.099
101.399 46.6988 56.2215 6.32152 194.022
101.499 46.6349 56.2979 6.32054 193.946
101.599 46.5711 56.3743 6.31953 193.87
101.699 46.5072 56.4506 6.31851 193.793
101.799 46.4434 56.5269 6.31746 193.717
101.899 46.3796 56.6032 6.3164 193.641
101.999 46.3158 56.6794 6.31532 193.564
102.099 46.252 56.7556 6.31421 193.488
102.199 46.1883 56.8318 6.31309 193.412
102.299 46.1246 56.9079 6.31194 193.336
102.399 46.0609 56.9841 6.31078 193.26
102.499 45.9972 57.0602 6.3096 193.184
102.599 45.9335 57.1362 6.30839 193.108
102.699 45.8699 57.2123 6.30717 193.032
102.799 45.8063 57.2883 6.30593 192.956
102.899 45.7427 57.3642 6.30466 192.88
102.999 45.6791 57.4402 6.30338 192.804
103.099 45.6155 57.5161 6.30207 192.728
103.199 45.552 57.592 6.30075 192.652
103.299 45.4885 57.6678 6.29941 192.576
103.399 45.425 57.7437 6.29804 192.5
103.499 45.3615 57.8195 6.29666 192.424
103.599 45.2981 57.8952 6.29525 192.349
103.699 45.2346 57.9709 6.29383 192.273
103.799 45.1712 58.0466 6.29238 192.197
103.899 45.1078 58.1223 6.29092 192.122
103.999 45.0444 58.1979 6.28944 192.046
104.099 44.9811 58.2735 6.28793 191.97
104.199 44.9177 58.3491 6.28641 191.895
104.299 44.8544 58.4246 6.28486 191.819
104.399 44.7911 58.5001 6.2833 191.744
104.499 44.7278 58.5756 6.28171 191.668
104.599 44.6646 58.651 6.2801 191.593
104.699 44.6013 58.7264 6.27848 191.517
104.799 44.5381 58.8018 6.27683 191.442
104.899 44.4749 58.8771 6.27517 191.367
104.999 44.4117 58.9524 6.27348 191.291
105.099 44.3486 59.0276 6.27177 191.216
105.199 44.2854 59.1029 6.27005 191.141
105.299 44.2223 59.178 6.2683 191.066
105.399 44.1592 59.2532 6.26653 190.991
105.499 44.0961 59.3283 6.26474 190.916
105.599 44.033 59.4034 6.26294 190.84
105.699 43.97 59.4784 6.26111 190.765
105.799 43.9069 59.5534 6.25926 190.69
105.899 43.8439 59.6284 6.25739 190.615
105.999 43.7809 59.7033 6.2555 190.541
106.099 43.718 59.7782 6.2536 190.466
106.199 43.655 59.853 6.25167 190.391
106.299 43.5921 59.9279 6.24972 190.316
106.399 43.5291 60.0026 6.24775 190.241
106.499 43.4662 60.0774 6.24576 190.166
106.599 43.4034 60.1521 6.24375 190.092
106.699 43.3405 60.2267 6.24172 190.017
106.799 43.2776 60.3014 6.23967 189.942
106.899 43.2148 60.3759 6.23759 189.868
106.999 43.152 60.4505 6.2355 189.793
107.099 43.0892 60.525 6.23339 189.719
107.199 43.0264 60.5994 6.23126 189.644
107.299 42.9637 60.6739 6.22911 189.57
107.399 42.9009 60.7483 6.22693 189.496
107.499 42.8382 60.8226 6.22474 189.421
107.599 42.7755 60.8969 6.22253 189.347
107.699 42.7128 60.9712 6.22029 189.273
107.799 42.6502 61.0454 6.21804 189.198
107.899 42.5875 61.1196 6.21577 189.124
107.999 42.5249 61.1937 6.21347 189.05
108.099 42.4623 61.2678 6.21116 188.976
108.199 42.3997 61.3418 6.20882 188.902
108.299 42.3371 61.4158 6.20646 188.828
108.399 42.2745 61.4898 6.20409 188.754
108.499 42.212 61.5637 6.20169 188.68
108.599 42.1495 61.6376 6.19927 188.606
108.699 42.087 61.7114 6.19684 188.532
108.799 42.0245 61.7852 6.19438 188.459
108.899 41.962 61.859 6.1919 188.385
108.999 41.8995 61.9327 6.1894 188.311
109.099 41.8371 62.0063 6.18688 188.237
109.199 41.7747 62.08 6.18434 188.164
109.299 41.7123 62.1535 6.18178 188.09
109.399 41.6499 62.2271 6.1792 188.017
109.499 41.5875 62.3005 6.1766 187.943
109.599 41.5251 62.374 6.17398 187.87
109.699 41.4628 62.4474 6.17134 187.796
109.799 41.4005 62.5207 6.16868 187.723
109.899 41.3382 62.594 6.16599 187.65
109.999 41.2759 62.6673 6.16329 187.577
110.099 41.2136 62.7405 6.16057 187.503
110.199 41.1514 62.8136 6.15782 187.43
110.299 41.0891 62.8867 6.15506 187.357
110.399 41.0269 62.9598 6.15228 187.284
110.499 40.9647 63.0328 6.14947 187.211
110.599 40.9025 63.1058 6.14664 187.138
110.699 40.8403 63.1787 6.1438 187.065
110.799 40.7782 63.2516 6.14093 186.992
110.899 40.7161 63.3244 6.13805 186.919
110.999 40.6539 63.3972 6.13514 186.847
111.099 40.5918 63.4699 6.13221 186.774
111.199 40.5297 63.5426 6.12926 186.701
111.299 40.4677 63.6152 6.12629 186.629
111.399 40.4056 63.6878 6.1233 186.556
111.499 40.3436 63.7603 6.12029 186.483
111.599 40.2815 63.8328 6.11726 186.411
111.699 40.2195 63.9052 6.11421 186.339
111.799 40.1575 63.9776 6.11114 186.266
111.899 40.0955 64.0499 6.10805 186.194
111.999 40.0336 64.1222 6.10494 186.122
112.099 39.9716 64.1945 6.1018 186.049
112.199 39.9097 64.2666 6.09865 185.977
112.299 39.8478 64.3388 6.09548 185.905
112.399 39.7859 64.4108 6.09228 185.833
112.499 39.724 64.4829 6.08907 185.761
112.599 39.6621 64.5548 6.08583 185.689
112.699 39.6003 64.6267 6.08258 185.617
112.799 39.5385 64.6986 6.0793 185.545
112.899 39.4766 64.7704 6.07601 185.473
112.999 39.4148 64.8422 6.07269 185.402
113.099 39.353 64.9139 6.06935 185.33
113.199 39.2913 64.9855 6.06599 185.258
113.299 39.2295 65.0571 6.06261 185.187
113.399 39.1678 65.1287 6.05921 185.115
113.499 39.106 65.2002 6.05579 185.044
113.599 39.0443 65.2716 6.05235 184.972
113.699 38.9826 65.343 6.04889 184.901
113.799 38.9209 65.4143 6.04541 184.829
113.899 38.8593 65.4856 6.04191 184.758
113.999 38.7976 65.5568 6.03839 184.687
114.099 38.736 65.628 6.03485 184.616
114.199 38.6743 65.6991 6.03128 184.545
114.299 38.6127 65.7701 6.0277 184.474
114.399 38.5511 65.8411 6.0241 184.403
114.499 38.4896 65.9121 6.02047 184.332
114.599 38.428 65.983 6.01683 184.261
114.699 38.3664 66.0538 6.01316 184.19
114.799 38.3049 66.1246 6.00947 184.119
114.899 38.2434 66.1953 6.00577 184.049
114.999 38.1819 66.2659 6.00204 183.978
115.099 38.1204 66.3365 5.99829 183.907
115.199 38.0589 66.4071 5.99452 183.837
115.299 37.9975 66.4776 5.99073 183.766
115.399 37.936 66.548 5.98693 183.696
115.499 37.8746 66.6183 5.9831 183.625
115.599 37.8132 66.6886 5.97925 183.555
115.699 37.7517 66.7589 5.97538 183.485
115.799 37.6904 66.8291 5.97148 183.415
115.899 37.629 66.8992 5.96757 183.345
115.999 37.5676 66.9693 5.96364 183.275
116.099 37.5063 67.0393 5.95969 183.205
116.199 37.4449 67.1093 5.95571 183.135
116.299 37.3836 67.1791 5.95172 183.065
116.399 37.3223 67.249 5.94771 182.995
116.499 37.261 67.3187 5.94367 182.925
116.599 37.1997 67.3885 5.93962 182.855
116.699 37.1385 67.4581 5.93554 182.786
116.799 37.0772 67.5277 5.93145 182.716
116.899 37.016 67.5972 5.92733 182.647
116.999 36.9548 67.6667 5.92319 182.577
117.099 36.8936 67.7361 5.91903 182.508
117.199 36.8324 67.8054 5.91486 182.438
117.299 36.7712 67.8747 5.91066 182.369
117.399 36.71 67.9439 5.90644 182.3
117.499 36.6489 68.0131 5.9022 182.231
117.599 36.5877 68.0822 5.89794 182.162
117.699 36.5266 68.1512 5.89366 182.093
117.799 36.4655 68.2202 5.88936 182.024
117.899 36.4044 68.2891 5.88504 181.955
117.999 36.3433 68.3579 5.8807 181.886
118.099 36.2822 68.4267 5.87634 181.817
118.199 36.2212 68.4954 5.87195 181.748
118.299 36.1601 68.564 5.86755 181.68
118.399 36.0991 68.6326 5.86313 181.611
118.499 36.0381 68.7011 5.85868 181.543
118.599 35.9771 68.7696 5.85422 181.474
118.699 35.9161 68.838 5.84974 181.406
118.799 35.8551 68.9063 5.84523 181.338
118.899 35.7942 68.9746 5.84071 181.269
118.999 35.7332 69.0428 5.83616 181.201
119.099 35.6723 69.1109 5.83159 181.133
119.199 35.6113 69.1789 5.82701 181.065
119.299 35.5504 69.2469 5.8224 180.997
119.399 35.4895 69.3149 5.81777 180.929
119.499 35.4286 69.3827 5.81313 180.861
119.599 35.3678 69.4505 5.80846 180.793
119.699 35.3069 69.5182 5.80377 180.726
119.799 35.2461 69.5859 5.79906 180.658
119.899 35.1852 69.6535 5.79433 180.59
119.999 35.1244 69.721 5.78958 180.523
120.099 35.0636 69.7885 5.78481 180.455
120.199 35.0028 69.8558 5.78002 180.388
120.299 34.942 69.9232 5.77521 180.321
120.399 34.8812 69.9904 5.77038 180.253
120.499 34.8205 70.0576 5.76553 180.186
120.599 34.7597 70.1247 5.76066 180.119
120.699 34.699 70.1917 5.75577 180.052
120.799 34.6383 70.2587 5.75085 179.985
120.899 34.5776 70.3256 5.74592 179.918
120.999 34.5169 70.3924 5.74097 179.851
121.099 34.4562 70.4592 5.736 179.785
121.199 34.3955 70.5259 5.731 179.718
121.299 34.3348 70.5925 5.72599 179.651
121.399 34.2742 70.6591 5.72096 179.585
121.499 34.2136 70.7256 5.7159 179.518
121.599 34.1529 70.792 5.71083 179.452
121.699 34.0923 70.8583 5.70573 179.386
121.799 34.0317 70.9246 5.70062 179.319
121.899 33.9711 70.9908 5.69548 179.253
121.999 33.9106 71.0569 5.69033 179.187
122.099 33.85 71.1229 5.68515 179.121
122.199 33.7895 71.1889 5.67996 179.055
122.299 33.7289 71.2548 5.67474 178.989
122.399 33.6684 71.3207 5.6695 178.923
122.499 33.6079 71.3864 5.66425 178.857
122.599 33.5474 71.4521 5.65897 178.792
122.699 33.4869 71.5177 5.65367 178.726
122.799 33.4264 71.5833 5.64836 178.661
122.899 33.3659 71.6487 5.64302 178.595
122.999 33.3055 71.7141 5.63766 178.53
123.099 33.2451 71.7794 5.63229 178.464
123.199 33.1846 71.8447 5.62689 178.399
123.299 33.1242 71.9099 5.62147 178.334
123.399 33.0638 71.975 5.61603 178.269
123.499 33.0034 72.04 5.61057 178.204
123.599 32.943 72.1049 5.6051 178.139
123.699 32.8826 72.1698 5.5996 178.074
123.799 32.8223 72.2346 5.59408 178.009
123.899 32.7619 72.2993 5.58854 177.945
123.999 32.7016 72.364 5.58298 177.88
124.099 32.6413 72.4285 5.5774 177.815
124.199 32.5809 72.493 5.57181 177.751
124.299 32.5206 72.5574 5.56619 177.686
124.399 32.4603 72.6218 5.56055 177.622
124.499 32.4001 72.686 5.55489 177.558
124.599 32.3398 72.7502 5.54921 177.494
124.699 32.2795 72.8143 5.54351 177.43
124.799 32.2193 72.8783 5.53779 177.365
124.899 32.1591 72.9423 5.53206 177.302
124.999 32.0988 73.0062 5.5263 177.238
125.099 32.0386 73.07 5.52052 177.174
125.199 31.9784 73.1337 5.51472 177.11
125.299 31.9182 73.1973 5.5089 177.046
125.399 31.858 73.2609 5.50306 176.983
125.499 31.7979 73.3244 5.4972 176.919
125.599 31.7377 73.3878 5.49133 176.856
125.699 31.6776 73.4511 5.48543 176.793
125.799 31.6174 73.5143 5.47951 176.729
125.899 31.5573 73.5775 5.47357 176.666
125.999 31.4972 73.6406 5.46761 176.603
126.099 31.4371 73.7036 5.46163 176.54
126.199 31.377 73.7665 5.45564 176.477
126.299 31.3169 73.8294 5.44962 176.414
126.399 31.2568 73.8921 5.44358 176.352
126.499 31.1968 73.9548 5.43752 176.289
126.599 31.1367 74.0174 5.43145 176.226
126.699 31.0767 74.0799 5.42535 176.164
126.799 31.0166 74.1424 5.41923 176.101
126.899 30.9566 74.2047 5.4131 176.039
126.999 30.8966 74.267 5.40694 175.977
127.099 30.8366 74.3292 5.40077 175.915
127.199 30.7766 74.3913 5.39457 175.852
127.299 30.7167 74.4534 5.38835 175.79
127.399 30.6567 74.5153 5.38212 175.729
127.499 30.5967 74.5772 5.37586 175.667
127.599 30.5368 74.639 5.36959 175.605
127.699 30.4769 74.7007 5.3633 175.543
127.799 30.4169 74.7623 5.35698 175.482
127.899 30.357 74.8238 5.35065 175.42
127.999 30.2971 74.8853 5.3443 175.359
128.099 30.2372 74.9466 5.33792 175.297
128.199 30.1773 75.0079 5.33153 175.236
128.299 30.1174 75.0691 5.32512 175.175
128.399 30.0576 75.1302 5.31869 175.114
128.499 29.9977 75.1913 5.31223 175.053
128.599 29.9379 75.2522 5.30576 174.992
128.699 29.878 75.3131 5.29927 174.931
128.799 29.8182 75.3739 5.29276 174.87
128.899 29.7584 75.4346 5.28623 174.809
128.999 29.6986 75.4952 5.27968 174.749
129.099 29.6388 75.5557 5.27311 174.688
129.199 29.579 75.6161 5.26652 174.628
129.299 29.5192 75.6765 5.25992 174.567
129.399 29.4595 75.7368 5.25329 174.507
129.499 29.3997 75.7969 5.24664 174.447
129.599 29.3399 75.857 5.23998 174.387
129.699 29.2802 75.917 5.23329 174.327
129.799 29.2205 75.977 5.22659 174.267
129.899 29.1608 76.0368 5.21986 174.207
129.999 29.1011 76.0965 5.21312 174.147
130.099 29.0414 76.1562 5.20635 174.088
130.199 28.9817 76.2158 5.19957 174.028
130.299 28.922 76.2752 5.19277 173.969
130.399 28.8623 76.3346 5.18595 173.909
130.499 28.8027 76.394 5.17911 173.85
130.599 28.743 76.4532 5.17225 173.791
130.699 28.6834 76.5123 5.16537 173.732
130.799 28.6237 76.5713 5.15847 173.672
130.899 28.5641 76.6303 5.15155 173.614
130.999 28.5045 76.6892 5.14462 173.555
131.099 28.4449 76.7479 5.13766 173.496
131.199 28.3853 76.8066 5.13069 173.437
131.299 28.3257 76.8652 5.12369 173.379
131.399 28.2661 76.9237 5.11668 173.32
131.499 28.2066 76.9821 5.10965 173.262
131.599 28.147 77.0404 5.10259 173.203
131.699 28.0875 77.0987 5.09552 173.145
131.799 28.0279 77.1568 5.08843 173.087
131.899 27.9684 77.2149 5.08133 173.029
131.999 27.9089 77.2728 5.0742 172.971
132.099 27.8494 77.3307 5.06705 172.913
132.199 27.7899 77.3885 5.05988 172.855
132.299 27.7304 77.4462 5.0527 172.798
132.399 27.6709 77.5038 5.0455 172.74
132.499 27.6114 77.5613 5.03827 172.683
132.599 27.5519 77.6187 5.03103 172.625
132.699 27.4925 77.676 5.02377 172.568
132.799 27.433 77.7333 5.01649 172.511
132.899 27.3736 77.7904 5.00919 172.453
132.999 27.3142 77.8474 5.00187 172.396
133.099 27.2548 77.9044 4.99454 172.339
133.199 27.1953 77.9612 4.98718 172.283
133.299 27.1359 78.018 4.97981 172.226
133.399 27.0765 78.0747 4.97242 172.169
133.499 27.0172 78.1313 4.965 172.113
133.599 26.9578 78.1877 4.95757 172.056
133.699 26.8984 78.2441 4.95013 172
133.799 26.8391 78.3004 4.94266 171.943
133.899 26.7797 78.3566 4.93517 171.887
133.999 26.7204 78.4127 4.92767 171.831
134.099 26.661 78.4688 4.92014 171.775
134.199 26.6017 78.5247 4.9126 171.719
134.299 26.5424 78.5805 4.90504 171.663
134.399 26.4831 78.6362 4.89746 171.608
134.499 26.4238 78.6919 4.88986 171.552
134.599 26.3645 78.7474 4.88224 171.496
134.699 26.3052 78.8029 4.87461 171.441
134.799 26.2459 78.8582 4.86695 171.386
134.899 26.1867 78.9135 4.85928 171.33
134.999 26.1274 78.9686 4.85159 171.275
135.099 26.0682 79.0237 4.84388 171.22
135.199 26.0089 79.0786 4.83615 171.165
135.299 25.9497 79.1335 4.82841 171.11
135.399 25.8905 79.1883 4.82064 171.056
135.499 25.8313 79.2429 4.81286 171.001
135.599 25.7721 79.2975 4.80506 170.946
135.699 25.7129 79.352 4.79724 170.892
135.799 25.6537 79.4064 4.7894 170.837
135.899 25.5945 79.4607 4.78154 170.783
135.999 25.5353 79.5149 4.77367 170.729
136.099 25.4762 79.5689 4.76577 170.675
136.199 25.417 79.6229 4.75786 170.621
136.299 25.3579 79.6768 4.74993 170.567
136.399 25.2987 79.7306 4.74198 170.513
136.499 25.2396 79.7843 4.73402 170.46
136.599 25.1805 79.8379 4.72603 170.406
136.699 25.1213 79.8914 4.71803 170.352
136.799 25.0622 79.9448 4.71001 170.299
136.899 25.0031 79.9981 4.70197 170.246
136.999 24.944 80.0513 4.69392 170.193
137.099 24.885 80.1044 4.68584 170.139
137.199 24.8259 80.1574 4.67775 170.086
137.299 24.7668 80.2103 4.66964 170.034
137.399 24.7077 80.2631 4.66151 169.981
137.499 24.6487 80.3158 4.65336 169.928
137.599 24.5897 80.3684 4.6452 169.875
137.699 24.5306 80.4209 4.63702 169.823
137.799 24.4716 80.4733 4.62882 169.77
137.899 24.4126 80.5256 4.6206 169.718
137.999 24.3535 80.5778 4.61236 169.666
138.099 24.2945 80.6299 4.60411 169.614
138.199 24.2355 80.6819 4.59584 169.562
138.299 24.1766 80.7338 4.58755 169.51
138.399 24.1176 80.7856 4.57924 169.458
138.499 24.0586 80.8373 4.57092 169.407
138.599 23.9996 80.8889 4.56257 169.355
138.699 23.9407 80.9404 4.55421 169.303
138.799 23.8817 80.9918 4.54584 169.252
138.899 23.8228 81.043 4.53744 169.201
138.999 23.7638 81.0942 4.52903 169.15
139.099 23.7049 81.1453 4.5206 169.099
139.199 23.646 81.1963 4.51215 169.048
139.299 23.5871 81.2472 4.50368 168.997
139.399 23.5281 81.2979 4.4952 168.946
139.499 23.4692 81.3486 4.4867 168.895
139.599 23.4104 81.3992 4.47818 168.845
139.699 23.3515 81.4496 4.46964 168.794
139.799 23.2926 81.5 4.46109 168.744
139.899 23.2337 81.5502 4.45252 168.694
139.999 23.1749 81.6004 4.44393 168.643
140.099 23.116 81.6504 4.43533 168.593
140.199 23.0571 81.7003 4.42671 168.543
140.299 22.9983 81.7502 4.41807 168.494
140.399 22.9395 81.7999 4.40941 168.444
140.499 22.8806 81.8495 4.40073 168.394
140.599 22.8218 81.8991 4.39204 168.345
140.699 22.763 81.9485 4.38334 168.295
140.799 22.7042 81.9978 4.37461 168.246
140.899 22.6454 82.047 4.36587 168.197
140.999 22.5866 82.0961 4.35711 168.148
141.099 22.5278 82.1451 4.34833 168.099
141.199 22.469 82.194 4.33954 168.05
141.299 22.4103 82.2427 4.33073 168.001
141.399 22.3515 82.2914 4.3219 167.952
141.499 22.2927 82.34 4.31305 167.904
141.599 22.234 82.3885 4.30419 167.855
141.699 22.1752 82.4368 4.29531 167.807
141.799 22.1165 82.4851 4.28642 167.759
141.899 22.0578 82.5332 4.2775 167.711
141.999 21.999 82.5812 4.26857 167.663
142.099 21.9403 82.6292 4.25963 167.615
142.199 21.8816 82.677 4.25067 167.567
142.299 21.8229 82.7247 4.24169 167.519
142.399 21.7642 82.7723 4.23269 167.472
142.499 21.7055 82.8198 4.22368 167.424
142.6 21.6468 82.8672 4.21465 167.377
142.7 21.5882 82.9145 4.2056 167.329
142.8 21.5295 82.9616 4.19654 167.282
142.9 21.4708 83.0087 4.18746 167.235
143 21.4122 83.0557 4.17836 167.188
143.1 21.3535 83.1025 4.16925 167.141
143.2 21.2949 83.1492 4.16012 167.095
143.3 21.2362 83.1959 4.15098 167.048
143.4 21.1776 83.2424 4.14182 167.001
143.5 21.119 83.2888 4.13264 166.955
143.6 21.0604 83.3351 4.12344 166.909
143.7 21.0018 83.3813 4.11423 166.863
143.8 20.9432 83.4274 4.10501 166.816
143.9 20.8846 83.4734 4.09576 166.77
144 20.826 83.5192 4.0865 166.725
144.1 20.7674 83.565 4.07723 166.679
144.2 20.7088 83.6106 4.06793 166.633
144.3 20.6502 83.6562 4.05863 166.588
144.4 20.5917 83.7016 4.0493 166.542
144.5 20.5331 83.7469 4.03996 166.497
144.6 20.4745 83.7921 4.03061 166.452
144.7 20.416 83.8372 4.02123 166.407
144.8 20.3575 83.8822 4.01184 166.362
144.9 20.2989 83.927 4.00244 166.317
145 20.2404 83.9718 3.99302 166.272
145.1 20.1819 84.0164 3.98358 166.227
145.2 20.1233 84.061 3.97413 166.183
145.3 20.0648 84.1054 3.96466 166.138
145.4 20.0063 84.1497 3.95518 166.094
145.5 19.9478 84.1939 3.94568 166.05
145.6 19.8893 84.238 3.93616 166.006
145.7 19.8309 84.282 3.92663 165.962
145.8 19.7724 84.3258 3.91709 165.918
145.9 19.7139 84.3696 3.90752 165.874
146 19.6554 84.4132 3.89795 165.831
146.1 19.597 84.4567 3.88835 165.787
146.2 19.5385 84.5001 3.87874 165.744
146.3 19.4801 84.5434 3.86912 165.7
146.4 19.4216 84.5866 3.85948 165.657
146.5 19.3632 84.6297 3.84982 165.614
146.6 19.3047 84.6727 3.84015 165.571
146.7 19.2463 84.7155 3.83047 165.528
146.8 19.1879 84.7582 3.82076 165.486
146.9 19.1295 84.8008 3.81105 165.443
147 19.0711 84.8433 3.80131 165.4
147.1 19.0127 84.8857 3.79157 165.358
147.2 18.9543 84.928 3.7818 165.316
147.3 18.8959 84.9702 3.77203 165.274
147.4 18.8375 85.0122 3.76223 165.232
147.5 18.7791 85.0541 3.75242 165.19
147.6 18.7207 85.096 3.7426 165.148
147.7 18.6624 85.1377 3.73276 165.106
147.8 18.604 85.1793 3.72291 165.065
147.9 18.5456 85.2207 3.71304 165.023
148 18.4873 85.2621 3.70316 164.982
148.1 18.4289 85.3033 3.69326 164.941
148.2 18.3706 85.3444 3.68334 164.899
148.3 18.3122 85.3855 3.67342 164.858
148.4 18.2539 85.4263 3.66347 164.817
148.5 18.1956 85.4671 3.65352 164.777
148.6 18.1373 85.5078 3.64354 164.736
148.7 18.079 85.5483 3.63356 164.695
148.8 18.0206 85.5888 3.62355 164.655
148.9 17.9623 85.6291 3.61354 164.615
149 17.904 85.6693 3.60351 164.575
149.1 17.8457 85.7094 3.59346 164.534
149.2 17.7875 85.7493 3.5834 164.495
149.3 17.7292 85.7892 3.57332 164.455
149.4 17.6709 85.8289 3.56323 164.415
149.5 17.6126 85.8685 3.55313 164.375
149.6 17.5544 85.908 3.54301 164.336
149.7 17.4961 85.9474 3.53288 164.296
149.8 17.4378 85.9866 3.52273 164.257
149.9 17.3796 86.0258 3.51257 164.218
150 17.3213 86.0648 3.5024 164.179
150.1 17.2631 86.1037 3.49221 164.14
150.2 17.2049 86.1425 3.482 164.101
150.3 17.1466 86.1812 3.47178 164.063
150.4 17.0884 86.2197 3.46155 164.024
150.5 17.0302 86.2582 3.45131 163.986
150.6 16.972 86.2965 3.44105 163.947
150.7 16.9138 86.3347 3.43077 163.909
150.8 16.8556 86.3728 3.42048 163.871
150.9 16.7974 86.4107 3.41018 163.833
151 16.7392 86.4486 3.39986 163.795
151.1 16.681 86.4863 3.38953 163.758
151.2 16.6228 86.5239 3.37919 163.72
151.3 16.5646 86.5614 3.36883 163.682
151.4 16.5064 86.5988 3.35846 163.645
151.5 16.4483 86.636 3.34808 163.608
151.6 16.3901 86.6731 3.33768 163.571
151.7 16.3319 86.7101 3.32727 163.534
151.8 16.2738 86.747 3.31684 163.497
151.9 16.2156 86.7838 3.3064 163.46
152 16.1575 86.8204 3.29595 163.423
152.1 16.0993 86.857 3.28548 163.387
152.2 16.0412 86.8934 3.275 163.35
152.3 15.9831 86.9297 3.26451 163.314
152.4 15.9249 86.9658 3.254 163.278
152.5 15.8668 87.0019 3.24348 163.242
152.6 15.8087 87.0378 3.23295 163.206
152.7 15.7506 87.0736 3.2224 163.17
152.8 15.6925 87.1093 3.21184 163.135
152.9 15.6344 87.1448 3.20127 163.099
153 15.5763 87.1803 3.19068 163.064
153.1 15.5182 87.2156 3.18008 163.028
153.2 15.4601 87.2508 3.16947 162.993
153.3 15.402 87.2859 3.15885 162.958
153.4 15.3439 87.3208 3.14821 162.923
153.5 15.2858 87.3557 3.13756 162.888
153.6 15.2278 87.3904 3.12689 162.853
153.7 15.1697 87.425 3.11622 162.819
153.8 15.1116 87.4594 3.10553 162.784
153.9 15.0536 87.4938 3.09482 162.75
154 14.9955 87.528 3.08411 162.716
154.1 14.9375 87.5621 3.07338 162.682
154.2 14.8794 87.5961 3.06264 162.648
154.3 14.8214 87.63 3.05189 162.614
154.4 14.7633 87.6637 3.04112 162.58
154.5 14.7053 87.6973 3.03034 162.547
154.6 14.6473 87.7308 3.01955 162.513
154.7 14.5892 87.7642 3.00875 162.48
154.8 14.5312 87.7974 2.99793 162.446
154.9 14.4732 87.8305 2.98711 162.413
155 14.4152 87.8635 2.97627 162.38
155.1 14.3572 87.8964 2.96541 162.347
155.2 14.2992 87.9291 2.95455 162.315
155.3 14.2412 87.9618 2.94367 162.282
155.4 14.1832 87.9943 2.93278 162.25
155.5 14.1252 88.0267 2.92188 162.217
155.6 14.0672 88.0589 2.91097 162.185
155.7 14.0092 88.091 2.90004 162.153
155.8 13.9512 88.1231 2.8891 162.121
155.9 13.8933 88.1549 2.87815 162.089
156 13.8353 88.1867 2.86719 162.057
156.1 13.7773 88.2183 2.85622 162.025
156.2 13.7194 88.2498 2.84523 161.994
156.3 13.6614 88.2812 2.83424 161.963
156.4 13.6035 88.3125 2.82323 161.931
156.5 13.5455 88.3436 2.81221 161.9
156.6 13.4876 88.3746 2.80118 161.869
156.7 13.4296 88.4055 2.79013 161.838
156.8 13.3717 88.4363 2.77908 161.808
156.9 13.3137 88.4669 2.76801 161.777
157 13.2558 88.4974 2.75693 161.746
157.1 13.1979 88.5278 2.74584 161.716
157.2 13.14 88.5581 2.73474 161.686
157.3 13.082 88.5882 2.72363 161.656
157.4 13.0241 88.6182 2.7125 161.626
157.5 12.9662 88.6481 2.70137 161.596
157.6 12.9083 88.6779 2.69022 161.566
157.7 12.8504 88.7075 2.67907 161.536
157.8 12.7925 88.737 2.6679 161.507
157.9 12.7346 88.7664 2.65672 161.477
158 12.6767 88.7957 2.64553 161.448
158.1 12.6188 88.8248 2.63432 161.419
158.2 12.5609 88.8538 2.62311 161.39
158.3 12.5031 88.8827 2.61189 161.361
158.4 12.4452 88.9114 2.60065 161.332
158.5 12.3873 88.9401 2.58941 161.304
158.6 12.3294 88.9686 2.57815 161.275
158.7 12.2716 88.9969 2.56688 161.247
158.8 12.2137 89.0252 2.55561 161.219
158.9 12.1558 89.0533 2.54432 161.191
159.001 12.098 89.0813 2.53302 161.163
159.101 12.0401 89.1092 2.52171 161.135
159.201 11.9823 89.1369 2.51039 161.107
159.301 11.9244 89.1645 2.49906 161.079
159.401 11.8666 89.192 2.48772 161.052
159.501 11.8087 89.2193 2.47637 161.024
159.601 11.7509 89.2466 2.465 160.997
159.701 11.6931 89.2737 2.45363 160.97
159.801 11.6352 89.3006 2.44225 160.943
159.901 11.5774 89.3275 2.43086 160.916
160.001 11.5196 89.3542 2.41945 160.89
160.101 11.4618 89.3808 2.40804 160.863
160.201 11.404 89.4073 2.39662 160.837
160.301 11.3461 89.4336 2.38518 160.81
160.401 11.2883 89.4598 2.37374 160.784
160.501 11.2305 89.4859 2.36229 160.758
160.601 11.1727 89.5118 2.35082 160.732
160.701 11.1149 89.5377 2.33935 160.706
160.801 11.0571 89.5633 2.32787 160.68
160.901 10.9993 89.5889 2.31638 160.655
161.001 10.9415 89.6143 2.30487 160.629
161.101 10.8837 89.6397 2.29336 160.604
161.201 10.826 89.6648 2.28184 160.579
161.301 10.7682 89.6899 2.27031 160.554
161.401 10.7104 89.7148 2.25877 160.529
161.501 10.6526 89.7396 2.24722 160.504
161.601 10.5949 89.7643 2.23566 160.48
161.701 10.5371 89.7888 2.22409 160.455
161.801 10.4793 89.8132 2.21251 160.431
161.901 10.4216 89.8375 2.20092 160.406
162.001 10.3638 89.8616 2.18933 160.382
162.101 10.306 89.8856 2.17772 160.358
162.201 10.2483 89.9095 2.16611 160.334
162.301 10.1905 89.9333 2.15448 160.311
162.401 10.1328 89.9569 2.14285 160.287
162.501 10.075 89.9804 2.13121 160.263
162.601 10.0173 90.0038 2.11955 160.24
162.701 9.95955 90.027 2.10789 160.217
162.801 9.90181 90.0501 2.09622 160.194
162.901 9.84408 90.0731 2.08455 160.171
163.001 9.78635 90.096 2.07286 160.148
163.101 9.72862 90.1187 2.06116 160.125
163.201 9.67089 90.1413 2.04946 160.103
163.301 9.61317 90.1637 2.03775 160.08
163.401 9.55545 90.1861 2.02602 160.058
163.501 9.49773 90.2083 2.01429 160.036
163.601 9.44002 90.2303 2.00256 160.013
163.701 9.38231 90.2523 1.99081 159.992
163.801 9.3246 90.2741 1.97905 159.97
163.901 9.26689 90.2957 1.96729 159.948
164.001 9.20919 90.3173 1.95552 159.927
164.101 9.15148 90.3387 1.94374 159.905
164.201 9.09378 90.36 1.93195 159.884
164.301 9.03609 90.3811 1.92015 159.863
164.401 8.97839 90.4022 1.90835 159.842
164.501 8.9207 90.4231 1.89653 159.821
164.601 8.86301 90.4438 1.88471 159.8
164.701 8.80533 90.4644 1.87288 159.779
164.801 8.74764 90.4849 1.86105 159.759
164.901 8.68996 90.5053 1.8492 159.739
165.001 8.63228 90.5255 1.83735 159.718
165.101 8.57461 90.5457 1.82549 159.698
165.201 8.51693 90.5656 1.81362 159.678
165.301 8.45926 90.5855 1.80174 159.658
165.401 8.40159 90.6052 1.78986 159.639
165.501 8.34393 90.6248 1.77797 159.619
165.601 8.28626 90.6442 1.76607 159.6
165.701 8.2286 90.6635 1.75416 159.58
165.801 8.17094 90.6827 1.74225 159.561
165.901 8.11328 90.7017 1.73033 159.542
166.001 8.05563 90.7207 1.7184 159.523
166.101 7.99798 90.7394 1.70647 159.504
166.201 7.94033 90.7581 1.69452 159.486
166.301 7.88268 90.7766 1.68257 159.467
166.401 7.82503 90.795 1.67061 159.449
166.501 7.76739 90.8133 1.65865 159.431
166.601 7.70975 90.8314 1.64668 159.412
166.701 7.65211 90.8494 1.6347 159.394
166.801 7.59447 90.8673 1.62272 159.377
166.901 7.53683 90.885 1.61072 159.359
167.001 7.4792 90.9026 1.59872 159.341
167.101 7.42157 90.92 1.58672 159.324
167.201 7.36394 90.9374 1.57471 159.306
167.301 7.30632 90.9546 1.56269 159.289
167.401 7.24869 90.9716 1.55066 159.272
167.501 7.19107 90.9886 1.53863 159.255
167.601 7.13345 91.0054 1.52659 159.238
167.701 7.07583 91.022 1.51454 159.222
167.801 7.01821 91.0386 1.50249 159.205
167.901 6.9606 91.055 1.49043 159.189
168.001 6.90299 91.0712 1.47837 159.173
168.101 6.84538 91.0874 1.4663 159.156
168.201 6.78777 91.1034 1.45422 159.14
168.301 6.73016 91.1192 1.44214 159.125
168.401 6.67256 91.135 1.43005 159.109
168.501 6.61496 91.1506 1.41795 159.093
168.601 6.55735 91.1661 1.40585 159.078
168.701 6.49976 91.1814 1.39374 159.062
168.801 6.44216 91.1966 1.38163 159.047
168.901 6.38456 91.2117 1.36951 159.032
169.001 6.32697 91.2266 1.35738 159.017
169.101 6.26938 91.2414 1.34525 159.002
169.201 6.21179 91.2561 1.33312 158.988
169.301 6.1542 91.2706 1.32097 158.973
169.401 6.09661 91.285 1.30883 158.959
169.501 6.03903 91.2993 1.29667 158.945
169.601 5.98145 91.3134 1.28451 158.93
169.701 5.92386 91.3274 1.27235 158.916
169.801 5.86628 91.3413 1.26018 158.903
169.901 5.80871 91.355 1.248 158.889
170.001 5.75113 91.3686 1.23582 158.875
170.101 5.69356 91.3821 1.22363 158.862
170.201 5.63598 91.3954 1.21144 158.848
170.301 5.57841 91.4086 1.19925 158.835
170.401 5.52084 91.4217 1.18704 158.822
170.501 5.46327 91.4346 1.17484 158.809
170.601 5.40571 91.4474 1.16263 158.796
170.701 5.34814 91.46 1.15041 158.784
170.801 5.29058 91.4726 1.13819 158.771
170.901 5.23301 91.485 1.12596 158.759
171.001 5.17545 91.4972 1.11373 158.747
171.101 5.11789 91.5093 1.10149 158.734
171.201 5.06034 91.5213 1.08925 158.722
171.301 5.00278 91.5332 1.07701 158.711
171.401 4.94522 91.5449 1.06476 158.699
171.501 4.88767 91.5565 1.0525 158.687
171.601 4.83012 91.5679 1.04024 158.676
171.701 4.77257 91.5793 1.02798 158.665
171.801 4.71502 91.5904 1.01571 158.653
171.901 4.65747 91.6015 1.00344 158.642
172.001 4.59992 91.6124 0.991162 158.631
172.101 4.54238 91.6232 0.978881 158.621
172.201 4.48483 91.6338 0.966596 158.61
172.301 4.42729 91.6443 0.954307 158.6
172.401 4.36975 91.6547 0.942013 158.589
172.501 4.31221 91.6649 0.929716 158.579
172.601 4.25467 91.675 0.917415 158.569
172.701 4.19713 91.685 0.905109 158.559
172.801 4.13959 91.6948 0.8928 158.549
172.901 4.08205 91.7045 0.880487 158.539
173.001 4.02452 91.7141 0.868171 158.53
173.101 3.96699 91.7235 0.85585 158.52
173.201 3.90945 91.7328 0.843526 158.511
173.301 3.85192 91.742 0.831198 158.502
173.401 3.79439 91.751 0.818867 158.493
173.501 3.73686 91.7599 0.806532 158.484
173.601 3.67933 91.7686 0.794194 158.475
173.701 3.62181 91.7773 0.781852 158.467
173.801 3.56428 91.7857 0.769507 158.458
173.901 3.50676 91.7941 0.757159 158.45
174.001 3.44923 91.8023 0.744807 158.442
174.101 3.39171 91.8104 0.732452 158.433
174.201 3.33419 91.8183 0.720095 158.426
174.301 3.27667 91.8261 0.707734 158.418
174.401 3.21914 91.8338 0.69537 158.41
174.501 3.16163 91.8413 0.683003 158.402
174.601 3.10411 91.8487 0.670633 158.395
174.701 3.04659 91.856 0.65826 158.388
174.801 2.98907 91.8631 0.645884 158.381
174.901 2.93156 91.8701 0.633506 158.374
175.001 2.87404 91.877 0.621125 158.367
175.101 2.81653 91.8837 0.608741 158.36
175.201 2.75901 91.8903 0.596354 158.354
175.301 2.7015 91.8967 0.583965 158.347
175.402 2.64399 91.9031 0.571574 158.341
175.502 2.58648 91.9092 0.55918 158.335
175.602 2.52897 91.9153 0.546784 158.329
175.702 2.47146 91.9212 0.534385 158.323
175.802 2.41395 91.927 0.521984 158.317
175.902 2.35644 91.9326 0.509581 158.311
176.002 2.29893 91.9381 0.497175 158.306
176.102 2.24142 91.9435 0.484768 158.3
176.202 2.18392 91.9487 0.472358 158.295
176.302 2.12641 91.9538 0.459947 158.29
176.402 2.06891 91.9587 0.447533 158.285
176.502 2.0114 91.9636 0.435118 158.28
176.602 1.9539 91.9683 0.4227 158.276
176.702 1.89639 91.9728 0.410281 158.271
176.802 1.83889 91.9772 0.39786 158.267
176.902 1.78139 91.9815 0.385437 158.262
177.002 1.72388 91.9857 0.373013 158.258
177.102 1.66638 91.9897 0.360587 158.254
177.202 1.60888 91.9935 0.34816 158.25
177.302 1.55138 91.9973 0.335731 158.247
177.402 1.49388 92.0009 0.3233 158.243
177.502 1.43638 92.0043 0.310868 158.239
177.602 1.37888 92.0077 0.298435 158.236
177.702 1.32138 92.0109 0.286001 158.233
177.802 1.26388 92.0139 0.273565 158.23
177.902 1.20639 92.0168 0.261128 158.227
178.002 1.14889 92.0196 0.24869 158.224
178.102 1.09139 92.0223 0.236251 158.222
178.202 1.03389 92.0248 0.223811 158.219
178.302 0.976395 92.0272 0.21137 158.217
178.402 0.918899 92.0294 0.198928 158.214
178.502 0.861402 92.0315 0.186486 158.212
178.602 0.803906 92.0335 0.174042 158.21
178.702 0.74641 92.0353 0.161598 158.209
178.802 0.688914 92.037 0.149153 158.207
178.902 0.631418 92.0386 0.136707 158.205
179.002 0.573923 92.04 0.124261 158.204
179.102 0.516427 92.0413 0.111814 158.203
179.202 0.458932 92.0424 0.0993667 158.201
179.302 0.401437 92.0435 0.086919 158.2
179.402 0.343942 92.0443 0.074471 158.199
179.502 0.286447 92.0451 0.0620226 158.199
179.602 0.228952 92.0457 0.0495739 158.198
179.702 0.171458 92.0462 0.0371251 158.198
179.802 0.113963 92.0465 0.0246761 158.197
179.902 0.0564684 92.0467 0.012227 158.197
