0 180 1.76097 0 173.963
0.1 179.649 1.76102 0.00979834 173.963
0.2 179.297 1.76116 0.0195967 173.963
0.3 178.946 1.7614 0.0293949 173.962
0.4 178.595 1.76173 0.0391931 173.962
0.5 178.244 1.76215 0.0489913 173.962
0.6 177.893 1.76267 0.0587893 173.961
0.7 177.542 1.76328 0.0685872 173.961
0.8 177.191 1.76399 0.0783849 173.96
0.9 176.84 1.76479 0.0881825 173.959
1 176.489 1.76568 0.0979798 173.958
1.1 176.139 1.76667 0.107777 173.957
1.2 175.789 1.76775 0.117574 173.956
1.3 175.438 1.76893 0.127371 173.955
1.4 175.089 1.7702 0.137167 173.954
1.5 174.739 1.77157 0.146963 173.952
1.6 174.39 1.77303 0.156759 173.951
1.7 174.04 1.77458 0.166554 173.949
1.8 173.691 1.77623 0.176349 173.948
1.9 173.343 1.77797 0.186144 173.946
2 172.995 1.77981 0.195938 173.944
2.1 172.647 1.78174 0.205732 173.942
2.2 172.299 1.78377 0.215525 173.94
2.3 171.952 1.78589 0.225318 173.938
2.4 171.605 1.7881 0.235111 173.936
2.5 171.258 1.79041 0.244902 173.933
2.6 170.912 1.79281 0.254694 173.931
2.7 170.566 1.7953 0.264485 173.929
2.8 170.221 1.79789 0.274275 173.926
2.9 169.876 1.80058 0.284064 173.923
3 169.531 1.80336 0.293853 173.92
3.1 169.187 1.80623 0.303642 173.918
3.2 168.844 1.80919 0.313429 173.915
3.3 168.5 1.81225 0.323216 173.912
3.4 168.158 1.81541 0.333002 173.908
3.5 167.816 1.81866 0.342788 173.905
3.6 167.474 1.822 0.352573 173.902
3.7 167.133 1.82544 0.362357 173.898
3.8 166.793 1.82897 0.37214 173.895
3.9 166.453 1.83259 0.381922 173.891
4 166.114 1.83631 0.391704 173.888
4.1 165.775 1.84012 0.401484 173.884
4.2 165.437 1.84403 0.411264 173.88
4.3 165.099 1.84803 0.421043 173.876
4.4 164.763 1.85212 0.430821 173.872
4.5 164.426 1.85631 0.440598 173.868
4.6 164.091 1.86059 0.450374 173.863
4.7 163.756 1.86497 0.460149 173.859
4.8 163.422 1.86944 0.469923 173.854
4.9 163.088 1.874 0.479696 173.85
5 162.755 1.87866 0.489468 173.845
5.1 162.423 1.88341 0.499239 173.84
5.2 162.092 1.88826 0.509009 173.836
5.3 161.761 1.8932 0.518777 173.831
5.4 161.431 1.89823 0.528545 173.826
5.5 161.102 1.90336 0.538311 173.82
5.6 160.773 1.90858 0.548076 173.815
5.7 160.445 1.91389 0.55784 173.81
5.8 160.119 1.9193 0.567603 173.805
5.9 159.792 1.9248 0.577364 173.799
6 159.467 1.93039 0.587125 173.793
6.1 159.142 1.93608 0.596883 173.788
6.2 158.819 1.94187 0.606641 173.782
6.3 158.496 1.94774 0.616397 173.776
6.4 158.174 1.95371 0.626152 173.77
6.5 157.852 1.95978 0.635906 173.764
6.6 157.532 1.96593 0.645658 173.758
6.7 157.212 1.97219 0.655409 173.752
6.8 156.894 1.97853 0.665158 173.745
6.9 156.576 1.98497 0.674906 173.739
7 156.259 1.9915 0.684652 173.732
7.1 155.943 1.99812 0.694397 173.726
7.2 155.628 2.00484 0.70414 173.719
7.3 155.313 2.01166 0.713882 173.712
7.4 155 2.01856 0.723622 173.705
7.5 154.687 2.02556 0.73336 173.698
7.6 154.376 2.03265 0.743097 173.691
7.7 154.065 2.03984 0.752832 173.684
7.79999 153.755 2.04712 0.762566 173.677
7.89999 153.446 2.05449 0.772298 173.669
7.99999 153.138 2.06195 0.782028 173.662
8.09999 152.831 2.06951 0.791757 173.654
8.2 152.525 2.07717 0.801484 173.647
8.3 152.22 2.08491 0.811209 173.639
8.4 151.916 2.09275 0.820932 173.631
8.5 151.613 2.10068 0.830653 173.623
8.6 151.311 2.10871 0.840373 173.615
8.7 151.009 2.11683 0.850091 173.607
8.8 150.709 2.12504 0.859807 173.599
8.9 150.41 2.13334 0.869521 173.59
9 150.111 2.14174 0.879233 173.582
9.1 149.814 2.15023 0.888943 173.574
9.2 149.517 2.15881 0.898651 173.565
9.3 149.222 2.16749 0.908357 173.556
9.4 148.927 2.17626 0.918061 173.548
9.5 148.634 2.18512 0.927764 173.539
9.6 148.341 2.19408 0.937464 173.53
9.7 148.05 2.20313 0.947162 173.521
9.8 147.759 2.21227 0.956858 173.512
9.9 147.47 2.2215 0.966551 173.502
10 147.181 2.23083 0.976243 173.493
10.1 146.894 2.24025 0.985933 173.484
10.2 146.607 2.24976 0.99562 173.474
10.3 146.322 2.25937 1.00531 173.464
10.4 146.037 2.26906 1.01499 173.455
10.5 145.754 2.27885 1.02467 173.445
10.6 145.471 2.28874 1.03435 173.435
10.7 145.19 2.29871 1.04402 173.425
10.8 144.909 2.30878 1.0537 173.415
10.9 144.63 2.31894 1.06337 173.405
11 144.351 2.3292 1.07304 173.395
11.1 144.074 2.33954 1.08271 173.384
11.2 143.797 2.34998 1.09237 173.374
11.3 143.522 2.36051 1.10203 173.363
11.4 143.247 2.37113 1.11169 173.353
11.5 142.974 2.38185 1.12135 173.342
11.6 142.701 2.39266 1.131 173.331
11.7 142.43 2.40356 1.14065 173.32
11.8 142.159 2.41455 1.1503 173.309
11.9 141.89 2.42563 1.15995 173.298
12 141.621 2.43681 1.1696 173.287
12.1 141.354 2.44808 1.17924 173.276
12.2 141.087 2.45944 1.18888 173.264
12.3 140.822 2.47089 1.19851 173.253
12.4 140.557 2.48244 1.20815 173.241
12.5 140.294 2.49408 1.21778 173.23
12.6 140.031 2.50581 1.22741 173.218
12.7 139.77 2.51763 1.23703 173.206
12.8 139.509 2.52954 1.24666 173.194
12.9 139.25 2.54154 1.25628 173.182
13 138.991 2.55364 1.2659 173.17
13.1 138.734 2.56583 1.27551 173.158
13.2 138.477 2.57811 1.28512 173.146
13.3 138.222 2.59048 1.29473 173.133
13.4 137.967 2.60295 1.30434 173.121
13.5 137.713 2.6155 1.31394 173.108
13.6 137.461 2.62815 1.32354 173.096
13.7 137.209 2.64089 1.33314 173.083
13.8 136.958 2.65372 1.34273 173.07
13.9 136.709 2.66664 1.35233 173.057
14 136.46 2.67965 1.36191 173.044
14.1 136.212 2.69275 1.3715 173.031
14.2 135.965 2.70595 1.38108 173.018
14.3 135.719 2.71924 1.39066 173.005
14.4 135.474 2.73262 1.40024 172.991
14.5 135.23 2.74609 1.40981 172.978
14.6 134.987 2.75965 1.41938 172.964
14.7 134.745 2.7733 1.42895 172.951
14.8 134.504 2.78704 1.43851 172.937
14.9 134.264 2.80088 1.44807 172.923
15 134.025 2.8148 1.45763 172.909
15.1 133.786 2.82882 1.46719 172.895
15.2 133.549 2.84292 1.47674 172.881
15.3 133.313 2.85712 1.48628 172.867
15.4 133.077 2.87141 1.49583 172.852
15.5 132.842 2.88579 1.50537 172.838
15.6 132.609 2.90026 1.51491 172.824
15.7 132.376 2.91482 1.52444 172.809
15.8 132.144 2.92948 1.53397 172.794
15.9 131.913 2.94422 1.5435 172.78
16 131.683 2.95905 1.55303 172.765
16.1 131.454 2.97398 1.56255 172.75
16.2 131.225 2.98899 1.57206 172.735
16.3 130.998 3.00409 1.58158 172.72
16.4 130.772 3.01929 1.59109 172.705
16.5 130.546 3.03458 1.60059 172.689
16.6 130.321 3.04995 1.6101 172.674
16.7 130.097 3.06542 1.6196 172.658
16.8 129.874 3.08097 1.62909 172.643
16.9 129.652 3.09662 1.63858 172.627
17 129.431 3.11236 1.64807 172.611
17.1 129.211 3.12818 1.65756 172.596
17.2 128.991 3.1441 1.66704 172.58
17.3 128.772 3.16011 1.67652 172.564
17.4 128.555 3.17621 1.68599 172.548
17.5 128.338 3.19239 1.69546 172.531
17.6 128.121 3.20867 1.70493 172.515
17.7 127.906 3.22504 1.71439 172.499
17.8 127.692 3.24149 1.72385 172.482
17.9 127.478 3.25804 1.7333 172.466
18 127.265 3.27467 1.74276 172.449
18.1 127.053 3.2914 1.7522 172.432
18.2 126.842 3.30821 1.76165 172.416
18.3 126.632 3.32512 1.77109 172.399
18.4 126.422 3.34211 1.78052 172.382
18.5 126.214 3.35919 1.78995 172.365
18.6 126.006 3.37637 1.79938 172.347
18.7 125.799 3.39363 1.8088 172.33
18.8 125.592 3.41098 1.81822 172.313
18.9 125.387 3.42842 1.82764 172.295
19 125.182 3.44595 1.83705 172.278
19.1 124.978 3.46357 1.84646 172.26
19.2 124.775 3.48127 1.85586 172.243
19.3 124.572 3.49907 1.86526 172.225
19.4 124.371 3.51696 1.87465 172.207
19.5 124.17 3.53493 1.88404 172.189
19.6 123.97 3.55299 1.89343 172.171
19.7 123.771 3.57114 1.90281 172.153
19.8 123.572 3.58938 1.91219 172.134
19.9 123.374 3.60771 1.92156 172.116
20 123.177 3.62613 1.93093 172.098
20.1 122.981 3.64464 1.9403 172.079
20.2 122.785 3.66323 1.94966 172.061
20.3 122.59 3.68192 1.95902 172.042
20.4 122.396 3.70069 1.96837 172.023
20.5 122.203 3.71955 1.97771 172.004
20.6 122.01 3.73849 1.98706 171.985
20.7 121.818 3.75753 1.9964 171.966
20.8 121.627 3.77665 2.00573 171.947
20.9 121.436 3.79587 2.01506 171.928
21 121.246 3.81517 2.02439 171.909
21.1 121.057 3.83456 2.03371 171.889
21.2 120.869 3.85403 2.04302 171.87
21.3 120.681 3.8736 2.05233 171.85
21.4 120.494 3.89325 2.06164 171.831
21.5 120.308 3.91299 2.07094 171.811
21.6 120.122 3.93281 2.08024 171.791
21.7 119.937 3.95273 2.08953 171.771
21.8 119.753 3.97273 2.09882 171.751
21.9 119.569 3.99282 2.10811 171.731
22 119.386 4.013 2.11738 171.711
22.1 119.204 4.03326 2.12666 171.691
22.2 119.022 4.05361 2.13593 171.67
22.3 118.841 4.07405 2.14519 171.65
22.4 118.661 4.09458 2.15445 171.629
22.5 118.481 4.11519 2.16371 171.609
22.6 118.302 4.13589 2.17296 171.588
22.7001 118.124 4.15668 2.1822 171.567
22.8001 117.946 4.17755 2.19144 171.546
22.9001 117.769 4.19852 2.20068 171.525
23.0001 117.593 4.21956 2.20991 171.504
23.1001 117.417 4.2407 2.21914 171.483
23.2001 117.241 4.26192 2.22836 171.462
23.3001 117.067 4.28323 2.23757 171.441
23.4001 116.893 4.30462 2.24678 171.419
23.5001 116.719 4.3261 2.25599 171.398
23.6001 116.547 4.34767 2.26519 171.376
23.7001 116.375 4.36932 2.27438 171.354
23.8001 116.203 4.39106 2.28357 171.333
23.9001 116.032 4.41289 2.29276 171.311
24.0001 115.862 4.4348 2.30194 171.289
24.1001 115.692 4.4568 2.31111 171.267
24.2001 115.523 4.47888 2.32028 171.245
24.3001 115.354 4.50105 2.32945 171.223
24.4001 115.186 4.52331 2.33861 171.201
24.5001 115.019 4.54565 2.34776 171.178
24.6001 114.852 4.56808 2.35691 171.156
24.7001 114.685 4.59059 2.36605 171.133
24.8001 114.52 4.61319 2.37519 171.111
24.9001 114.354 4.63588 2.38432 171.088
25.0001 114.19 4.65864 2.39345 171.065
25.1001 114.026 4.6815 2.40257 171.042
25.2001 113.862 4.70444 2.41169 171.019
25.3001 113.699 4.72747 2.4208 170.996
25.4001 113.537 4.75058 2.4299 170.973
25.5001 113.375 4.77377 2.439 170.95
25.6001 113.214 4.79705 2.4481 170.927
25.7001 113.053 4.82042 2.45719 170.903
25.8001 112.893 4.84387 2.46627 170.88
25.9001 112.733 4.86741 2.47535 170.856
26.0001 112.574 4.89103 2.48442 170.833
26.1001 112.415 4.91473 2.49348 170.809
26.2001 112.257 4.93852 2.50255 170.785
26.3001 112.099 4.9624 2.5116 170.761
26.4001 111.942 4.98635 2.52065 170.737
26.5001 111.786 5.0104 2.52969 170.713
26.6001 111.63 5.03453 2.53873 170.689
26.7001 111.474 5.05874 2.54776 170.665
26.8001 111.319 5.08303 2.55679 170.641
26.9001 111.164 5.10741 2.56581 170.616
27.0001 111.01 5.13188 2.57483 170.592
27.1001 110.857 5.15642 2.58384 170.567
27.2001 110.703 5.18106 2.59284 170.543
27.3001 110.551 5.20577 2.60184 170.518
27.4001 110.399 5.23057 2.61083 170.493
27.5001 110.247 5.25545 2.61981 170.468
27.6001 110.096 5.28042 2.62879 170.443
27.7001 109.945 5.30547 2.63777 170.418
27.8001 109.795 5.3306 2.64674 170.393
27.9001 109.645 5.35582 2.6557 170.368
28.0001 109.496 5.38112 2.66465 170.343
28.1001 109.347 5.4065 2.6736 170.317
28.2001 109.199 5.43197 2.68255 170.292
28.3001 109.051 5.45752 2.69148 170.266
28.4001 108.903 5.48315 2.70042 170.241
28.5001 108.756 5.50887 2.70934 170.215
28.6001 108.61 5.53466 2.71826 170.189
28.7001 108.464 5.56054 2.72717 170.163
28.8001 108.318 5.58651 2.73608 170.137
28.9001 108.173 5.61255 2.74498 170.111
29.0001 108.028 5.63868 2.75387 170.085
29.1001 107.884 5.66489 2.76276 170.059
29.2001 107.74 5.69119 2.77164 170.033
29.3001 107.596 5.71756 2.78052 170.006
29.4001 107.453 5.74402 2.78939 169.98
29.5001 107.31 5.77056 2.79825 169.953
29.6001 107.168 5.79718 2.80711 169.927
29.7001 107.026 5.82388 2.81596 169.9
29.8001 106.885 5.85067 2.8248 169.873
29.9001 106.744 5.87753 2.83364 169.846
30.0001 106.604 5.90448 2.84247 169.819
30.1001 106.463 5.93151 2.85129 169.792
30.2001 106.324 5.95863 2.86011 169.765
30.3001 106.184 5.98582 2.86892 169.738
30.4001 106.046 6.01309 2.87773 169.711
30.5001 105.907 6.04045 2.88653 169.683
30.6001 105.769 6.06789 2.89532 169.656
30.7001 105.631 6.0954 2.9041 169.628
30.8001 105.494 6.123 2.91288 169.601
30.9001 105.357 6.15068 2.92165 169.573
31.0001 105.22 6.17844 2.93042 169.545
31.1001 105.084 6.20628 2.93918 169.518
31.2001 104.948 6.23421 2.94793 169.49
31.3001 104.813 6.26221 2.95667 169.462
31.4001 104.678 6.29029 2.96541 169.434
31.5001 104.543 6.31846 2.97414 169.405
31.6001 104.409 6.3467 2.98287 169.377
31.7001 104.275 6.37503 2.99158 169.349
31.8001 104.142 6.40343 3.00029 169.32
31.9001 104.009 6.43191 3.009 169.292
32.0001 103.876 6.46048 3.01769 169.263
32.1001 103.743 6.48912 3.02638 169.235
32.2001 103.611 6.51785 3.03507 169.206
32.3001 103.48 6.54665 3.04374 169.177
32.4001 103.348 6.57553 3.05241 169.148
32.5001 103.217 6.60449 3.06107 169.119
32.6001 103.087 6.63354 3.06973 169.09
32.7001 102.956 6.66266 3.07838 169.061
32.8001 102.826 6.69186 3.08702 169.032
32.9001 102.697 6.72114 3.09565 169.003
33.0001 102.568 6.7505 3.10428 168.973
33.1001 102.439 6.77994 3.1129 168.944
33.2001 102.31 6.80945 3.12151 168.914
33.3001 102.182 6.83905 3.13012 168.885
33.4001 102.054 6.86872 3.13871 168.855
33.5001 101.926 6.89848 3.14731 168.825
33.6001 101.799 6.92831 3.15589 168.796
33.7001 101.672 6.95822 3.16447 168.766
33.8001 101.546 6.98821 3.17303 168.736
33.9001 101.42 7.01827 3.1816 168.706
34.0001 101.294 7.04842 3.19015 168.675
34.1001 101.168 7.07864 3.1987 168.645
34.2001 101.043 7.10894 3.20724 168.615
34.3 100.918 7.13932 3.21577 168.585
34.4 100.793 7.16978 3.2243 168.554
34.5 100.669 7.20031 3.23281 168.524
34.6 100.545 7.23092 3.24132 168.493
34.7 100.421 7.26161 3.24983 168.462
34.8 100.298 7.29238 3.25832 168.431
34.9 100.175 7.32322 3.26681 168.401
35 100.052 7.35415 3.27529 168.37
35.1 99.9294 7.38515 3.28376 168.339
35.2 99.8072 7.41622 3.29223 168.308
35.3 99.6854 7.44737 3.30068 168.276
35.4 99.5638 7.4786 3.30913 168.245
35.5 99.4425 7.50991 3.31757 168.214
35.6 99.3215 7.54129 3.32601 168.183
35.7 99.2008 7.57275 3.33444 168.151
35.8 99.0804 7.60429 3.34285 168.12
35.9 98.9603 7.6359 3.35127 168.088
36 98.8405 7.66759 3.35967 168.056
36.1 98.721 7.69936 3.36806 168.024
36.2 98.6017 7.7312 3.37645 167.993
36.3 98.4828 7.76312 3.38483 167.961
36.4 98.3641 7.79511 3.3932 167.929
36.5 98.2457 7.82718 3.40157 167.897
36.6 98.1276 7.85933 3.40993 167.864
36.7 98.0097 7.89155 3.41827 167.832
36.8 97.8922 7.92384 3.42661 167.8
36.9 97.7749 7.95621 3.43495 167.768
37 97.6578 7.98866 3.44327 167.735
37.1 97.5411 8.02118 3.45159 167.703
37.2 97.4246 8.05378 3.4599 167.67
37.3 97.3084 8.08645 3.4682 167.637
37.4 97.1924 8.1192 3.47649 167.605
37.5 97.0767 8.15202 3.48477 167.572
37.6 96.9613 8.18492 3.49305 167.539
37.7 96.8461 8.21789 3.50132 167.506
37.8 96.7312 8.25094 3.50958 167.473
37.9 96.6166 8.28406 3.51783 167.44
38 96.5022 8.31725 3.52607 167.407
38.1 96.388 8.35052 3.53431 167.373
38.2 96.2741 8.38387 3.54254 167.34
38.3 96.1605 8.41728 3.55076 167.307
38.4 96.0471 8.45077 3.55897 167.273
38.5 95.934 8.48434 3.56717 167.239
38.6 95.8211 8.51798 3.57536 167.206
38.7 95.7085 8.55169 3.58355 167.172
38.8 95.5961 8.58548 3.59173 167.138
38.9 95.4839 8.61933 3.5999 167.104
39 95.372 8.65327 3.60806 167.071
39.1 95.2604 8.68727 3.61621 167.037
39.2 95.1489 8.72135 3.62435 167.002
39.3 95.0377 8.7555 3.63249 166.968
39.4 94.9268 8.78973 3.64062 166.934
39.5 94.8161 8.82403 3.64873 166.9
39.6 94.7056 8.8584 3.65684 166.865
39.7 94.5953 8.89284 3.66494 166.831
39.8 94.4853 8.92736 3.67304 166.796
39.9 94.3755 8.96194 3.68112 166.762
40 94.266 8.9966 3.6892 166.727
40.1 94.1567 9.03134 3.69726 166.692
40.2 94.0476 9.06614 3.70532 166.658
40.3 93.9387 9.10102 3.71337 166.623
40.4 93.83 9.13596 3.72141 166.588
40.5 93.7216 9.17098 3.72944 166.553
40.6 93.6134 9.20608 3.73747 166.518
40.7 93.5054 9.24124 3.74548 166.483
40.7999 93.3976 9.27647 3.75349 166.447
40.8999 93.2901 9.31178 3.76148 166.412
40.9999 93.1827 9.34716 3.76947 166.377
41.0999 93.0756 9.3826 3.77745 166.341
41.1999 92.9687 9.41812 3.78542 166.306
41.2999 92.862 9.45371 3.79338 166.27
41.3999 92.7555 9.48937 3.80133 166.234
41.4999 92.6493 9.52511 3.80928 166.199
41.5999 92.5432 9.56091 3.81721 166.163
41.6999 92.4374 9.59678 3.82514 166.127
41.7999 92.3317 9.63272 3.83305 166.091
41.8999 92.2263 9.66874 3.84096 166.055
41.9999 92.121 9.70482 3.84886 166.019
42.0999 92.016 9.74097 3.85675 165.983
42.1999 91.9112 9.77719 3.86463 165.947
42.2999 91.8066 9.81349 3.8725 165.91
42.3999 91.7021 9.84985 3.88036 165.874
42.4999 91.5979 9.88628 3.88822 165.838
42.5999 91.4939 9.92278 3.89606 165.801
42.6999 91.3901 9.95935 3.90389 165.764
42.7999 91.2864 9.99599 3.91172 165.728
42.8999 91.183 10.0327 3.91953 165.691
42.9999 91.0797 10.0695 3.92734 165.654
43.0999 90.9767 10.1063 3.93514 165.617
43.1999 90.8738 10.1432 3.94293 165.581
43.2999 90.7712 10.1802 3.95071 165.544
43.3999 90.6687 10.2173 3.95847 165.507
43.4999 90.5664 10.2544 3.96623 165.469
43.5999 90.4643 10.2916 3.97399 165.432
43.6999 90.3624 10.3289 3.98173 165.395
43.7999 90.2607 10.3662 3.98946 165.358
43.8999 90.1591 10.4036 3.99718 165.32
43.9999 90.0578 10.441 4.00489 165.283
44.0999 89.9566 10.4786 4.0126 165.245
44.1999 89.8556 10.5162 4.02029 165.208
44.2999 89.7548 10.5538 4.02797 165.17
44.3999 89.6541 10.5916 4.03565 165.132
44.4999 89.5537 10.6294 4.04331 165.094
44.5999 89.4534 10.6672 4.05097 165.057
44.6999 89.3533 10.7052 4.05862 165.019
44.7999 89.2534 10.7432 4.06625 164.981
44.8999 89.1537 10.7812 4.07388 164.943
44.9999 89.0541 10.8194 4.08149 164.904
45.0999 88.9547 10.8576 4.0891 164.866
45.1999 88.8555 10.8958 4.0967 164.828
45.2999 88.7564 10.9342 4.10429 164.79
45.3999 88.6575 10.9726 4.11186 164.751
45.4999 88.5588 11.011 4.11943 164.713
45.5999 88.4603 11.0496 4.12699 164.674
45.6999 88.3619 11.0882 4.13454 164.636
45.7999 88.2637 11.1268 4.14208 164.597
45.8999 88.1656 11.1656 4.14961 164.558
45.9999 88.0678 11.2044 4.15712 164.519
46.0999 87.9701 11.2432 4.16463 164.481
46.1999 87.8725 11.2821 4.17213 164.442
46.2999 87.7751 11.3211 4.17962 164.403
46.3999 87.6779 11.3602 4.1871 164.364
46.4999 87.5808 11.3993 4.19457 164.325
46.5999 87.4839 11.4385 4.20203 164.285
46.6999 87.3872 11.4777 4.20947 164.246
46.7999 87.2906 11.5171 4.21691 164.207
46.8999 87.1942 11.5564 4.22434 164.167
46.9999 87.0979 11.5959 4.23176 164.128
47.0999 87.0018 11.6354 4.23917 164.088
47.1999 86.9059 11.675 4.24657 164.049
47.2999 86.8101 11.7146 4.25395 164.009
47.3998 86.7144 11.7543 4.26133 163.97
47.4998 86.6189 11.7941 4.2687 163.93
47.5998 86.5236 11.8339 4.27605 163.89
47.6998 86.4284 11.8738 4.2834 163.85
47.7998 86.3334 11.9137 4.29074 163.81
47.8998 86.2385 11.9538 4.29806 163.77
47.9998 86.1437 11.9938 4.30538 163.73
48.0998 86.0491 12.034 4.31268 163.69
48.1998 85.9547 12.0742 4.31998 163.65
48.2998 85.8604 12.1145 4.32726 163.609
48.3998 85.7663 12.1548 4.33454 163.569
48.4998 85.6723 12.1952 4.3418 163.529
48.5998 85.5784 12.2357 4.34906 163.488
48.6998 85.4847 12.2762 4.3563 163.448
48.7998 85.3911 12.3168 4.36353 163.407
48.8998 85.2977 12.3574 4.37075 163.366
48.9998 85.2044 12.3981 4.37796 163.326
49.0998 85.1113 12.4389 4.38516 163.285
49.1998 85.0183 12.4797 4.39235 163.244
49.2998 84.9254 12.5206 4.39953 163.203
49.3998 84.8327 12.5616 4.4067 163.162
49.4998 84.7401 12.6026 4.41386 163.121
49.5998 84.6477 12.6436 4.42101 163.08
49.6998 84.5553 12.6848 4.42814 163.039
49.7998 84.4632 12.726 4.43527 162.998
49.8998 84.3711 12.7672 4.44238 162.957
49.9998 84.2792 12.8086 4.44949 162.915
50.0998 84.1875 12.8499 4.45658 162.874
50.1998 84.0958 12.8914 4.46366 162.832
50.2998 84.0043 12.9329 4.47074 162.791
50.3998 83.913 12.9744 4.4778 162.749
50.4998 83.8217 13.0161 4.48485 162.708
50.5998 83.7306 13.0577 4.49189 162.666
50.6998 83.6396 13.0995 4.49892 162.624
50.7998 83.5488 13.1413 4.50593 162.583
50.8998 83.4581 13.1831 4.51294 162.541
50.9998 83.3675 13.2251 4.51993 162.499
51.0998 83.277 13.267 4.52692 162.457
51.1998 83.1867 13.3091 4.53389 162.415
51.2998 83.0965 13.3512 4.54085 162.373
51.3998 83.0064 13.3933 4.54781 162.33
51.4998 82.9165 13.4355 4.55475 162.288
51.5998 82.8266 13.4778 4.56168 162.246
51.6998 82.7369 13.5201 4.56859 162.204
51.7998 82.6474 13.5625 4.5755 162.161
51.8998 82.5579 13.605 4.5824 162.119
51.9998 82.4686 13.6475 4.58928 162.076
52.0998 82.3794 13.69 4.59615 162.034
52.1998 82.2903 13.7327 4.60302 161.991
52.2998 82.2013 13.7753 4.60987 161.948
52.3998 82.1125 13.8181 4.61671 161.906
52.4998 82.0237 13.8609 4.62353 161.863
52.5998 81.9351 13.9037 4.63035 161.82
52.6998 81.8466 13.9466 4.63716 161.777
52.7998 81.7582 13.9896 4.64395 161.734
52.8998 81.67 14.0326 4.65073 161.691
52.9998 81.5819 14.0757 4.6575 161.648
53.0998 81.4938 14.1188 4.66426 161.605
53.1998 81.4059 14.162 4.67101 161.562
53.2998 81.3181 14.2053 4.67775 161.519
53.3998 81.2305 14.2486 4.68447 161.475
53.4998 81.1429 14.292 4.69119 161.432
53.5998 81.0554 14.3354 4.69789 161.388
53.6998 80.9681 14.3789 4.70458 161.345
53.7998 80.8809 14.4224 4.71126 161.301
53.8997 80.7938 14.466 4.71793 161.258
53.9997 80.7068 14.5096 4.72458 161.214
54.0997 80.6199 14.5533 4.73123 161.171
54.1997 80.5331 14.5971 4.73786 161.127
54.2997 80.4464 14.6409 4.74448 161.083
54.3997 80.3599 14.6847 4.75109 161.039
54.4997 80.2734 14.7286 4.75769 160.995
54.5997 80.1871 14.7726 4.76427 160.951
54.6997 80.1008 14.8166 4.77085 160.907
54.7997 80.0147 14.8607 4.77741 160.863
54.8997 79.9287 14.9049 4.78396 160.819
54.9997 79.8428 14.949 4.7905 160.775
55.0997 79.757 14.9933 4.79703 160.731
55.1997 79.6713 15.0376 4.80354 160.686
55.2997 79.5857 15.0819 4.81004 160.642
55.3997 79.5002 15.1263 4.81654 160.597
55.4997 79.4148 15.1708 4.82302 160.553
55.5997 79.3295 15.2153 4.82948 160.509
55.6997 79.2443 15.2599 4.83594 160.464
55.7997 79.1592 15.3045 4.84238 160.419
55.8997 79.0742 15.3492 4.84881 160.375
55.9997 78.9894 15.3939 4.85523 160.33
56.0997 78.9046 15.4387 4.86164 160.285
56.1997 78.8199 15.4835 4.86803 160.24
56.2997 78.7353 15.5284 4.87442 160.195
56.3997 78.6509 15.5733 4.88079 160.151
56.4997 78.5665 15.6183 4.88715 160.106
56.5997 78.4822 15.6633 4.89349 160.061
56.6997 78.398 15.7084 4.89983 160.015
56.7997 78.3139 15.7535 4.90615 159.97
56.8997 78.23 15.7987 4.91246 159.925
56.9997 78.1461 15.844 4.91876 159.88
57.0997 78.0623 15.8893 4.92504 159.835
57.1997 77.9786 15.9346 4.93131 159.789
57.2997 77.895 15.98 4.93757 159.744
57.3997 77.8115 16.0255 4.94382 159.698
57.4997 77.7281 16.071 4.95006 159.653
57.5997 77.6448 16.1165 4.95628 159.607
57.6997 77.5615 16.1621 4.96249 159.562
57.7997 77.4784 16.2078 4.96869 159.516
57.8997 77.3954 16.2535 4.97488 159.47
57.9997 77.3125 16.2992 4.98105 159.425
58.0997 77.2296 16.345 4.98721 159.379
58.1997 77.1468 16.3909 4.99336 159.333
58.2997 77.0642 16.4368 4.9995 159.287
58.3997 76.9816 16.4827 5.00562 159.241
58.4997 76.8991 16.5287 5.01173 159.195
58.5997 76.8167 16.5748 5.01783 159.149
58.6997 76.7344 16.6209 5.02392 159.103
58.7997 76.6522 16.667 5.02999 159.057
58.8997 76.5701 16.7132 5.03605 159.011
58.9997 76.4881 16.7594 5.0421 158.964
59.0997 76.4061 16.8057 5.04814 158.918
59.1997 76.3243 16.8521 5.05416 158.872
59.2997 76.2425 16.8985 5.06017 158.825
59.3997 76.1608 16.9449 5.06617 158.779
59.4997 76.0792 16.9914 5.07215 158.732
59.5997 75.9977 17.0379 5.07812 158.686
59.6997 75.9163 17.0845 5.08408 158.639
59.7997 75.835 17.1311 5.09003 158.593
59.8997 75.7537 17.1778 5.09596 158.546
59.9997 75.6725 17.2245 5.10188 158.499
60.0997 75.5915 17.2713 5.10779 158.453
60.1997 75.5105 17.3181 5.11368 158.406
60.2997 75.4295 17.365 5.11956 158.359
60.3997 75.3487 17.4119 5.12543 158.312
60.4996 75.268 17.4588 5.13129 158.265
60.5996 75.1873 17.5058 5.13713 158.218
60.6996 75.1067 17.5529 5.14296 158.171
60.7996 75.0262 17.6 5.14878 158.124
60.8996 74.9458 17.6471 5.15458 158.077
60.9996 74.8655 17.6943 5.16037 158.03
61.0996 74.7852 17.7416 5.16615 157.982
61.1996 74.705 17.7888 5.17191 157.935
61.2996 74.6249 17.8362 5.17766 157.888
61.3996 74.5449 17.8835 5.1834 157.84
61.4996 74.465 17.9309 5.18913 157.793
61.5996 74.3851 17.9784 5.19484 157.745
61.6996 74.3054 18.0259 5.20054 157.698
61.7996 74.2257 18.0734 5.20622 157.65
61.8996 74.146 18.121 5.21189 157.603
61.9996 74.0665 18.1687 5.21755 157.555
62.0996 73.987 18.2164 5.2232 157.507
62.1996 73.9076 18.2641 5.22883 157.46
62.2996 73.8283 18.3119 5.23445 157.412
62.3996 73.7491 18.3597 5.24005 157.364
62.4996 73.6699 18.4075 5.24564 157.316
62.5996 73.5909 18.4554 5.25122 157.268
62.6996 73.5119 18.5034 5.25679 157.22
62.7996 73.4329 18.5514 5.26234 157.172
62.8996 73.3541 18.5994 5.26788 157.124
62.9996 73.2753 18.6475 5.2734 157.076
63.0996 73.1966 18.6956 5.27891 157.028
63.1996 73.118 18.7437 5.28441 156.98
63.2996 73.0394 18.7919 5.28989 156.932
63.3996 72.9609 18.8402 5.29536 156.884
63.4996 72.8825 18.8885 5.30082 156.835
63.5996 72.8042 18.9368 5.30626 156.787
63.6996 72.7259 18.9852 5.31169 156.739
63.7996 72.6477 19.0336 5.31711 156.69
63.8996 72.5696 19.082 5.32251 156.642
63.9996 72.4915 19.1305 5.3279 156.593
64.0996 72.4136 19.1791 5.33327 156.545
64.1996 72.3357 19.2276 5.33863 156.496
64.2996 72.2578 19.2762 5.34398 156.448
64.3996 72.1801 19.3249 5.34931 156.399
64.4996 72.1024 19.3736 5.35463 156.35
64.5996 72.0247 19.4223 5.35994 156.301
64.6996 71.9472 19.4711 5.36523 156.253
64.7996 71.8697 19.5199 5.37051 156.204
64.8996 71.7923 19.5688 5.37577 156.155
64.9996 71.7149 19.6177 5.38102 156.106
65.0996 71.6377 19.6666 5.38626 156.057
65.1996 71.5605 19.7156 5.39148 156.008
65.2996 71.4833 19.7646 5.39669 155.959
65.3996 71.4062 19.8137 5.40189 155.91
65.4996 71.3292 19.8628 5.40707 155.861
65.5996 71.2523 19.9119 5.41223 155.812
65.6996 71.1754 19.9611 5.41739 155.763
65.7996 71.0986 20.0103 5.42252 155.713
65.8996 71.0219 20.0596 5.42765 155.664
65.9996 70.9452 20.1089 5.43276 155.615
66.0996 70.8686 20.1582 5.43786 155.566
66.1996 70.792 20.2076 5.44294 155.516
66.2996 70.7156 20.257 5.44801 155.467
66.3996 70.6392 20.3064 5.45306 155.417
66.4996 70.5628 20.3559 5.4581 155.368
66.5996 70.4865 20.4054 5.46312 155.318
66.6996 70.4103 20.455 5.46813 155.269
66.7996 70.3341 20.5046 5.47313 155.219
66.8996 70.2581 20.5542 5.47811 155.17
66.9995 70.182 20.6039 5.48308 155.12
67.0995 70.1061 20.6536 5.48804 155.07
67.1995 70.0302 20.7033 5.49298 155.021
67.2995 69.9543 20.7531 5.4979 154.971
67.3995 69.8786 20.8029 5.50281 154.921
67.4995 69.8028 20.8528 5.50771 154.871
67.5995 69.7272 20.9026 5.51259 154.821
67.6995 69.6516 20.9526 5.51746 154.771
67.7995 69.5761 21.0025 5.52231 154.721
67.8995 69.5006 21.0525 5.52715 154.671
67.9995 69.4252 21.1026 5.53197 154.621
68.0995 69.3499 21.1526 5.53678 154.571
68.1995 69.2746 21.2027 5.54158 154.521
68.2995 69.1993 21.2529 5.54636 154.471
68.3995 69.1242 21.303 5.55112 154.421
68.4995 69.0491 21.3532 5.55588 154.371
68.5995 68.974 21.4035 5.56061 154.32
68.6995 68.899 21.4537 5.56533 154.27
68.7995 68.8241 21.504 5.57004 154.22
68.8995 68.7493 21.5544 5.57473 154.169
68.9995 68.6744 21.6048 5.57941 154.119
69.0995 68.5997 21.6552 5.58408 154.069
69.1995 68.525 21.7056 5.58872 154.018
69.2995 68.4504 21.7561 5.59336 153.968
69.3995 68.3758 21.8066 5.59798 153.917
69.4995 68.3013 21.8571 5.60258 153.867
69.5995 68.2268 21.9077 5.60717 153.816
69.6995 68.1524 21.9583 5.61175 153.765
69.7995 68.0781 22.009 5.61631 153.715
69.8995 68.0038 22.0596 5.62085 153.664
69.9995 67.9295 22.1103 5.62538 153.613
70.0995 67.8554 22.1611 5.6299 153.563
70.1995 67.7812 22.2119 5.6344 153.512
70.2995 67.7072 22.2627 5.63888 153.461
70.3995 67.6332 22.3135 5.64335 153.41
70.4995 67.5592 22.3644 5.64781 153.359
70.5995 67.4853 22.4153 5.65225 153.309
70.6995 67.4115 22.4662 5.65667 153.258
70.7995 67.3377 22.5171 5.66108 153.207
70.8995 67.2639 22.5681 5.66548 153.156
70.9995 67.1903 22.6192 5.66986 153.105
71.0995 67.1166 22.6702 5.67422 153.054
71.1995 67.0431 22.7213 5.67857 153.003
71.2995 66.9695 22.7724 5.68291 152.951
71.3995 66.8961 22.8235 5.68723 152.9
71.4995 66.8227 22.8747 5.69153 152.849
71.5995 66.7493 22.9259 5.69582 152.798
71.6995 66.676 22.9772 5.7001 152.747
71.7995 66.6027 23.0284 5.70436 152.695
71.8995 66.5295 23.0797 5.7086 152.644
71.9995 66.4564 23.131 5.71283 152.593
72.0995 66.3833 23.1824 5.71704 152.541
72.1995 66.3103 23.2338 5.72124 152.49
72.2995 66.2373 23.2852 5.72542 152.439
72.3995 66.1643 23.3366 5.72959 152.387
72.4995 66.0914 23.3881 5.73374 152.336
72.5995 66.0186 23.4396 5.73788 152.284
72.6995 65.9458 23.4911 5.742 152.233
72.7995 65.8731 23.5426 5.7461 152.181
72.8995 65.8004 23.5942 5.75019 152.13
72.9995 65.7277 23.6458 5.75427 152.078
73.0995 65.6552 23.6975 5.75833 152.026
73.1995 65.5826 23.7491 5.76237 151.975
73.2995 65.5101 23.8008 5.7664 151.923
73.3995 65.4377 23.8525 5.77041 151.871
73.4995 65.3653 23.9043 5.77441 151.82
73.5994 65.293 23.956 5.77839 151.768
73.6994 65.2207 24.0078 5.78236 151.716
73.7994 65.1484 24.0596 5.78631 151.664
73.8994 65.0763 24.1115 5.79024 151.612
73.9994 65.0041 24.1634 5.79416 151.56
74.0994 64.932 24.2153 5.79806 151.509
74.1994 64.86 24.2672 5.80195 151.457
74.2994 64.788 24.3191 5.80582 151.405
74.3994 64.716 24.3711 5.80968 151.353
74.4994 64.6441 24.4231 5.81352 151.301
74.5994 64.5723 24.4751 5.81734 151.249
74.6994 64.5005 24.5272 5.82115 151.197
74.7994 64.4287 24.5793 5.82495 151.145
74.8994 64.357 24.6314 5.82872 151.092
74.9994 64.2853 24.6835 5.83248 151.04
75.0994 64.2137 24.7356 5.83623 150.988
75.1994 64.1421 24.7878 5.83996 150.936
75.2994 64.0706 24.84 5.84367 150.884
75.3994 63.9991 24.8922 5.84737 150.832
75.4994 63.9277 24.9445 5.85105 150.779
75.5994 63.8563 24.9968 5.85472 150.727
75.6994 63.785 25.0491 5.85837 150.675
75.7994 63.7137 25.1014 5.862 150.622
75.8994 63.6424 25.1537 5.86562 150.57
75.9994 63.5712 25.2061 5.86922 150.518
76.0994 63.5 25.2585 5.87281 150.465
76.1994 63.4289 25.3109 5.87638 150.413
76.2994 63.3579 25.3633 5.87993 150.361
76.3994 63.2868 25.4158 5.88347 150.308
76.4994 63.2158 25.4682 5.88699 150.256
76.5994 63.1449 25.5207 5.8905 150.203
76.6994 63.074 25.5732 5.89399 150.151
76.7994 63.0032 25.6258 5.89746 150.098
76.8994 62.9323 25.6783 5.90092 150.045
76.9994 62.8616 25.7309 5.90436 149.993
77.0994 62.7909 25.7835 5.90779 149.94
77.1994 62.7202 25.8362 5.91119 149.888
77.2994 62.6496 25.8888 5.91459 149.835
77.3994 62.579 25.9415 5.91796 149.782
77.4994 62.5084 25.9942 5.92132 149.73
77.5994 62.4379 26.0469 5.92467 149.677
77.6994 62.3674 26.0996 5.92799 149.624
77.7994 62.297 26.1523 5.9313 149.571
77.8994 62.2266 26.2051 5.9346 149.519
77.9994 62.1563 26.2579 5.93788 149.466
78.0994 62.086 26.3107 5.94114 149.413
78.1994 62.0158 26.3635 5.94438 149.36
78.2994 61.9455 26.4164 5.94761 149.307
78.3994 61.8754 26.4693 5.95082 149.255
78.4994 61.8053 26.5221 5.95402 149.202
78.5994 61.7352 26.575 5.9572 149.149
78.6994 61.6651 26.628 5.96036 149.096
78.7994 61.5951 26.6809 5.96351 149.043
78.8994 61.5251 26.7339 5.96664 148.99
78.9994 61.4552 26.7868 5.96975 148.937
79.0994 61.3853 26.8398 5.97285 148.884
79.1994 61.3155 26.8928 5.97593 148.831
79.2994 61.2457 26.9459 5.97899 148.778
79.3994 61.1759 26.9989 5.98204 148.725
79.4994 61.1062 27.052 5.98507 148.672
79.5994 61.0365 27.1051 5.98808 148.619
79.6994 60.9669 27.1582 5.99108 148.566
79.7994 60.8973 27.2113 5.99406 148.513
79.8994 60.8277 27.2644 5.99702 148.459
79.9994 60.7582 27.3176 5.99997 148.406
80.0993 60.6887 27.3707 6.0029 148.353
80.1993 60.6193 27.4239 6.00581 148.3
80.2993 60.5498 27.4771 6.00871 148.247
80.3993 60.4805 27.5303 6.01159 148.193
80.4993 60.4111 27.5836 6.01445 148.14
80.5993 60.3419 27.6368 6.0173 148.087
80.6993 60.2726 27.6901 6.02013 148.034
80.7993 60.2034 27.7433 6.02294 147.98
80.8993 60.1342 27.7966 6.02574 147.927
80.9993 60.0651 27.8499 6.02851 147.874
81.0993 59.996 27.9033 6.03128 147.821
81.1993 59.9269 27.9566 6.03402 147.767
81.2993 59.8579 28.0099 6.03675 147.714
81.3993 59.7889 28.0633 6.03946 147.661
81.4993 59.7199 28.1167 6.04215 147.607
81.5993 59.651 28.1701 6.04483 147.554
81.6993 59.5821 28.2235 6.04749 147.5
81.7993 59.5133 28.2769 6.05013 147.447
81.8993 59.4445 28.3303 6.05276 147.393
81.9993 59.3757 28.3838 6.05537 147.34
82.0993 59.307 28.4372 6.05796 147.287
82.1993 59.2383 28.4907 6.06053 147.233
82.2993 59.1696 28.5442 6.06309 147.18
82.3993 59.101 28.5977 6.06563 147.126
82.4993 59.0324 28.6512 6.06815 147.073
82.5993 58.9639 28.7047 6.07066 147.019
82.6993 58.8954 28.7583 6.07315 146.966
82.7993 58.8269 28.8118 6.07562 146.912
82.8993 58.7584 28.8654 6.07807 146.858
82.9993 58.69 28.9189 6.08051 146.805
83.0993 58.6216 28.9725 6.08293 146.751
83.1993 58.5533 29.0261 6.08533 146.698
83.2993 58.485 29.0797 6.08772 146.644
83.3993 58.4167 29.1333 6.09009 146.591
83.4993 58.3485 29.1869 6.09244 146.537
83.5993 58.2803 29.2406 6.09477 146.483
83.6993 58.2121 29.2942 6.09709 146.43
83.7993 58.144 29.3479 6.09938 146.376
83.8993 58.0759 29.4016 6.10167 146.322
83.9993 58.0079 29.4552 6.10393 146.269
84.0993 57.9398 29.5089 6.10618 146.215
84.1993 57.8718 29.5626 6.10841 146.161
84.2993 57.8039 29.6163 6.11062 146.108
84.3993 57.7359 29.67 6.11281 146.054
84.4993 57.6681 29.7238 6.11499 146
84.5993 57.6002 29.7775 6.11715 145.946
84.6993 57.5324 29.8312 6.11929 145.893
84.7993 57.4646 29.885 6.12141 145.839
84.8993 57.3968 29.9387 6.12352 145.785
84.9993 57.3291 29.9925 6.12561 145.731
85.0993 57.2614 30.0463 6.12768 145.678
85.1993 57.1938 30.1001 6.12973 145.624
85.2993 57.1261 30.1539 6.13177 145.57
85.3993 57.0585 30.2077 6.13379 145.516
85.4993 56.991 30.2615 6.13579 145.462
85.5993 56.9234 30.3153 6.13777 145.409
85.6993 56.856 30.3691 6.13974 145.355
85.7993 56.7885 30.4229 6.14169 145.301
85.8993 56.7211 30.4768 6.14362 145.247
85.9993 56.6537 30.5306 6.14553 145.193
86.0993 56.5863 30.5845 6.14743 145.139
86.1993 56.519 30.6383 6.1493 145.085
86.2993 56.4517 30.6922 6.15116 145.032
86.3993 56.3844 30.7461 6.153 144.978
86.4993 56.3171 30.7999 6.15483 144.924
86.5993 56.2499 30.8538 6.15663 144.87
86.6992 56.1828 30.9077 6.15842 144.816
86.7992 56.1156 30.9616 6.16019 144.762
86.8992 56.0485 31.0155 6.16194 144.708
86.9992 55.9814 31.0694 6.16368 144.654
87.0992 55.9144 31.1233 6.1654 144.601
87.1992 55.8473 31.1772 6.1671 144.547
87.2992 55.7803 31.2311 6.16878 144.493
87.3992 55.7134 31.285 6.17044 144.439
87.4992 55.6465 31.339 6.17208 144.385
87.5992 55.5796 31.3929 6.17371 144.331
87.6992 55.5127 31.4468 6.17532 144.277
87.7992 55.4459 31.5008 6.17691 144.223
87.8992 55.379 31.5547 6.17849 144.169
87.9992 55.3123 31.6086 6.18004 144.115
88.0992 55.2455 31.6626 6.18158 144.061
88.1992 55.1788 31.7165 6.1831 144.007
88.2992 55.1121 31.7705 6.1846 143.953
88.3992 55.0455 31.8244 6.18608 143.899
88.4992 54.9788 31.8784 6.18755 143.845
88.5992 54.9122 31.9324 6.18899 143.791
88.6992 54.8457 31.9863 6.19042 143.737
88.7992 54.7791 32.0403 6.19183 143.684
88.8992 54.7126 32.0943 6.19323 143.63
88.9992 54.6461 32.1482 6.1946 143.576
89.0992 54.5797 32.2022 6.19596 143.522
89.1992 54.5132 32.2562 6.19729 143.468
89.2992 54.4468 32.3101 6.19861 143.414
89.3992 54.3805 32.3641 6.19992 143.36
89.4992 54.3141 32.4181 6.2012 143.306
89.5992 54.2478 32.4721 6.20246 143.252
89.6992 54.1815 32.526 6.20371 143.198
89.7992 54.1153 32.58 6.20494 143.144
89.8992 54.0491 32.634 6.20615 143.09
89.9992 53.9829 32.688 6.20734 143.036
90.0992 53.9167 32.742 6.20852 142.982
90.1992 53.8506 32.7959 6.20967 142.928
90.2992 53.7845 32.8499 6.21081 142.874
90.3992 53.7184 32.9039 6.21193 142.82
90.4992 53.6523 32.9579 6.21303 142.766
90.5992 53.5863 33.0118 6.21411 142.712
90.6992 53.5203 33.0658 6.21517 142.658
90.7992 53.4543 33.1198 6.21622 142.604
90.8992 53.3884 33.1738 6.21724 142.55
90.9992 53.3224 33.2277 6.21825 142.496
91.0992 53.2566 33.2817 6.21924 142.442
91.1992 53.1907 33.3357 6.22021 142.388
91.2992 53.1248 33.3896 6.22117 142.334
91.3992 53.059 33.4436 6.2221 142.28
91.4992 52.9933 33.4975 6.22302 142.226
91.5992 52.9275 33.5515 6.22392 142.172
91.6992 52.8618 33.6055 6.22479 142.118
91.7992 52.7961 33.6594 6.22565 142.064
91.8992 52.7304 33.7134 6.2265 142.01
91.9992 52.6647 33.7673 6.22732 141.957
92.0992 52.5991 33.8213 6.22812 141.903
92.1992 52.5335 33.8752 6.22891 141.849
92.2992 52.468 33.9291 6.22968 141.795
92.3992 52.4024 33.9831 6.23043 141.741
92.4992 52.3369 34.037 6.23116 141.687
92.5992 52.2714 34.0909 6.23187 141.633
92.6992 52.2059 34.1448 6.23256 141.579
92.7992 52.1405 34.1988 6.23324 141.525
92.8992 52.0751 34.2527 6.23389 141.471
92.9992 52.0097 34.3066 6.23453 141.417
93.0992 51.9443 34.3605 6.23515 141.363
93.1992 51.879 34.4144 6.23574 141.309
93.2991 51.8137 34.4683 6.23633 141.256
93.3991 51.7484 34.5221 6.23689 141.202
93.4991 51.6831 34.576 6.23743 141.148
93.5991 51.6179 34.6299 6.23795 141.094
93.6991 51.5527 34.6838 6.23846 141.04
93.7991 51.4875 34.7376 6.23895 140.986
93.8991 51.4223 34.7915 6.23942 140.932
93.9991 51.3572 34.8453 6.23986 140.878
94.0991 51.2921 34.8992 6.24029 140.825
94.1991 51.227 34.953 6.24071 140.771
94.2991 51.1619 35.0068 6.2411 140.717
94.3991 51.0969 35.0607 6.24147 140.663
94.4991 51.0319 35.1145 6.24183 140.609
94.5991 50.9669 35.1683 6.24216 140.556
94.6991 50.9019 35.2221 6.24248 140.502
94.7991 50.837 35.2759 6.24278 140.448
94.8991 50.7721 35.3297 6.24306 140.394
94.9991 50.7072 35.3834 6.24332 140.34
95.0991 50.6423 35.4372 6.24356 140.287
95.1991 50.5775 35.491 6.24378 140.233
95.2991 50.5127 35.5447 6.24399 140.179
95.3991 50.4479 35.5985 6.24417 140.125
95.4991 50.3831 35.6522 6.24433 140.072
95.5991 50.3184 35.7059 6.24448 140.018
95.6991 50.2536 35.7596 6.24461 139.964
95.7991 50.1889 35.8133 6.24472 139.91
95.8991 50.1243 35.867 6.24481 139.857
95.9991 50.0596 35.9207 6.24488 139.803
96.0991 49.995 35.9744 6.24493 139.749
96.1991 49.9304 36.0281 6.24496 139.696
96.2991 49.8658 36.0817 6.24497 139.642
96.3991 49.8012 36.1354 6.24497 139.588
96.4991 49.7367 36.189 6.24494 139.535
96.5991 49.6722 36.2426 6.2449 139.481
96.6991 49.6077 36.2962 6.24483 139.428
96.7991 49.5432 36.3499 6.24475 139.374
96.8991 49.4788 36.4034 6.24465 139.32
96.9991 49.4144 36.457 6.24453 139.267
97.0991 49.35 36.5106 6.24439 139.213
97.1991 49.2856 36.5642 6.24423 139.16
97.2991 49.2212 36.6177 6.24405 139.106
97.3991 49.1569 36.6712 6.24385 139.053
97.4991 49.0926 36.7248 6.24364 138.999
97.5991 49.0283 36.7783 6.2434 138.946
97.6991 48.964 36.8318 6.24314 138.892
97.7991 48.8998 36.8852 6.24287 138.839
97.8991 48.8356 36.9387 6.24258 138.785
97.9991 48.7714 36.9922 6.24226 138.732
98.0991 48.7072 37.0456 6.24193 138.678
98.1991 48.643 37.0991 6.24158 138.625
98.2991 48.5789 37.1525 6.24121 138.571
98.3991 48.5148 37.2059 6.24082 138.518
98.4991 48.4507 37.2593 6.24041 138.465
98.5991 48.3867 37.3127 6.23998 138.411
98.6991 48.3226 37.366 6.23953 138.358
98.7991 48.2586 37.4194 6.23906 138.304
98.8991 48.1946 37.4727 6.23857 138.251
98.9991 48.1306 37.526 6.23807 138.198
99.0991 48.0666 37.5793 6.23754 138.144
99.1991 48.0027 37.6326 6.237 138.091
99.2991 47.9388 37.6859 6.23643 138.038
99.3991 47.8749 37.7392 6.23585 137.985
99.4991 47.811 37.7924 6.23524 137.931
99.5991 47.7472 37.8456 6.23462 137.878
99.6991 47.6833 37.8988 6.23398 137.825
99.799 47.6195 37.952 6.23332 137.772
99.899 47.5557 38.0052 6.23264 137.719
99.999 47.492 38.0584 6.23194 137.665
100.099 47.4282 38.1115 6.23121 137.612
100.199 47.3645 38.1647 6.23048 137.559
100.299 47.3008 38.2178 6.22972 137.506
100.399 47.2371 38.2709 6.22894 137.453
100.499 47.1735 38.324 6.22814 137.4
100.599 47.1098 38.377 6.22732 137.347
100.699 47.0462 38.4301 6.22648 137.294
100.799 46.9826 38.4831 6.22563 137.241
100.899 46.919 38.5361 6.22475 137.188
100.999 46.8554 38.5891 6.22385 137.135
101.099 46.7919 38.6421 6.22294 137.082
101.199 46.7284 38.6951 6.222 137.029
101.299 46.6649 38.748 6.22105 136.976
101.399 46.6014 38.8009 6.22008 136.923
101.499 46.5379 38.8538 6.21908 136.87
101.599 46.4745 38.9067 6.21807 136.817
101.699 46.4111 38.9596 6.21704 136.764
101.799 46.3477 39.0124 6.21598 136.711
101.899 46.2843 39.0653 6.21491 136.659
101.999 46.2209 39.1181 6.21382 136.606
102.099 46.1576 39.1709 6.21271 136.553
102.199 46.0942 39.2236 6.21158 136.5
102.299 46.0309 39.2764 6.21042 136.447
102.399 45.9677 39.3291 6.20925 136.395
102.499 45.9044 39.3818 6.20806 136.342
102.599 45.8411 39.4345 6.20685 136.289
102.699 45.7779 39.4872 6.20562 136.237
102.799 45.7147 39.5398 6.20437 136.184
102.899 45.6515 39.5924 6.20311 136.131
102.999 45.5884 39.645 6.20182 136.079
103.099 45.5252 39.6976 6.20051 136.026
103.199 45.4621 39.7502 6.19918 135.974
103.299 45.399 39.8027 6.19783 135.921
103.399 45.3359 39.8552 6.19646 135.869
103.499 45.2728 39.9077 6.19508 135.816
103.599 45.2097 39.9602 6.19367 135.764
103.699 45.1467 40.0127 6.19224 135.711
103.799 45.0837 40.0651 6.1908 135.659
103.899 45.0207 40.1175 6.18933 135.606
103.999 44.9577 40.1699 6.18784 135.554
104.099 44.8947 40.2223 6.18634 135.502
104.199 44.8318 40.2746 6.18481 135.449
104.299 44.7689 40.3269 6.18327 135.397
104.399 44.706 40.3792 6.1817 135.345
104.499 44.6431 40.4315 6.18011 135.292
104.599 44.5802 40.4837 6.17851 135.24
104.699 44.5173 40.536 6.17688 135.188
104.799 44.4545 40.5882 6.17524 135.136
104.899 44.3917 40.6403 6.17357 135.083
104.999 44.3289 40.6925 6.17189 135.031
105.099 44.2661 40.7446 6.17019 134.979
105.199 44.2034 40.7967 6.16846 134.927
105.299 44.1406 40.8488 6.16672 134.875
105.399 44.0779 40.9008 6.16495 134.823
105.499 44.0152 40.9529 6.16317 134.771
105.599 43.9525 41.0049 6.16137 134.719
105.699 43.8898 41.0568 6.15954 134.667
105.799 43.8272 41.1088 6.1577 134.615
105.899 43.7645 41.1607 6.15583 134.563
105.999 43.7019 41.2126 6.15395 134.511
106.099 43.6393 41.2645 6.15205 134.459
106.199 43.5767 41.3163 6.15012 134.407
106.299 43.5141 41.3682 6.14818 134.356
106.399 43.4516 41.42 6.14622 134.304
106.499 43.3891 41.4717 6.14424 134.252
106.599 43.3265 41.5235 6.14223 134.2
106.699 43.264 41.5752 6.14021 134.149
106.799 43.2016 41.6269 6.13817 134.097
106.899 43.1391 41.6785 6.1361 134.045
106.999 43.0767 41.7302 6.13402 133.994
107.099 43.0142 41.7818 6.13192 133.942
107.199 42.9518 41.8334 6.12979 133.89
107.299 42.8894 41.8849 6.12765 133.839
107.399 42.827 41.9364 6.12549 133.787
107.499 42.7647 41.9879 6.12331 133.736
107.599 42.7023 42.0394 6.1211 133.684
107.699 42.64 42.0908 6.11888 133.633
107.799 42.5777 42.1422 6.11664 133.582
107.899 42.5154 42.1936 6.11438 133.53
107.999 42.4531 42.245 6.11209 133.479
108.099 42.3908 42.2963 6.10979 133.428
108.199 42.3286 42.3476 6.10747 133.376
108.299 42.2664 42.3988 6.10512 133.325
108.399 42.2042 42.4501 6.10276 133.274
108.499 42.142 42.5013 6.10038 133.223
108.599 42.0798 42.5524 6.09798 133.171
108.699 42.0176 42.6036 6.09555 133.12
108.799 41.9555 42.6547 6.09311 133.069
108.899 41.8933 42.7058 6.09065 133.018
108.999 41.8312 42.7568 6.08816 132.967
109.099 41.7691 42.8079 6.08566 132.916
109.199 41.707 42.8589 6.08314 132.865
109.299 41.645 42.9098 6.08059 132.814
109.399 41.5829 42.9607 6.07803 132.763
109.499 41.5209 43.0116 6.07545 132.712
109.599 41.4589 43.0625 6.07284 132.661
109.699 41.3969 43.1133 6.07022 132.61
109.799 41.3349 43.1641 6.06758 132.56
109.899 41.2729 43.2149 6.06491 132.509
109.999 41.2109 43.2657 6.06223 132.458
110.099 41.149 43.3164 6.05953 132.407
110.199 41.0871 43.367 6.0568 132.357
110.299 41.0252 43.4177 6.05406 132.306
110.399 40.9633 43.4683 6.05129 132.256
110.499 40.9014 43.5189 6.04851 132.205
110.599 40.8395 43.5694 6.04571 132.154
110.699 40.7777 43.6199 6.04288 132.104
110.799 40.7158 43.6704 6.04004 132.053
110.899 40.654 43.7208 6.03717 132.003
110.999 40.5922 43.7712 6.03429 131.953
111.099 40.5304 43.8216 6.03138 131.902
111.199 40.4687 43.872 6.02846 131.852
111.299 40.4069 43.9223 6.02551 131.802
111.399 40.3452 43.9725 6.02255 131.751
111.499 40.2834 44.0228 6.01956 131.701
111.599 40.2217 44.073 6.01656 131.651
111.699 40.16 44.1232 6.01353 131.601
111.799 40.0984 44.1733 6.01049 131.551
111.899 40.0367 44.2234 6.00742 131.5
111.999 39.975 44.2735 6.00433 131.45
112.099 39.9134 44.3235 6.00123 131.4
112.199 39.8518 44.3735 5.9981 131.35
112.299 39.7902 44.4234 5.99496 131.3
112.399 39.7286 44.4734 5.99179 131.25
112.499 39.667 44.5233 5.9886 131.201
112.599 39.6054 44.5731 5.9854 131.151
112.699 39.5439 44.6229 5.98217 131.101
112.799 39.4824 44.6727 5.97892 131.051
112.899 39.4208 44.7224 5.97566 131.001
112.999 39.3593 44.7721 5.97237 130.952
113.099 39.2978 44.8218 5.96906 130.902
113.199 39.2364 44.8714 5.96574 130.852
113.299 39.1749 44.921 5.96239 130.803
113.399 39.1134 44.9706 5.95902 130.753
113.499 39.052 45.0201 5.95563 130.704
113.599 38.9906 45.0696 5.95222 130.654
113.699 38.9292 45.119 5.9488 130.605
113.799 38.8678 45.1685 5.94535 130.555
113.899 38.8064 45.2178 5.94188 130.506
113.999 38.7451 45.2672 5.93839 130.457
114.099 38.6837 45.3164 5.93488 130.407
114.199 38.6224 45.3657 5.93135 130.358
114.299 38.5611 45.4149 5.92781 130.309
114.399 38.4997 45.4641 5.92424 130.26
114.499 38.4385 45.5132 5.92065 130.211
114.599 38.3772 45.5623 5.91704 130.161
114.699 38.3159 45.6114 5.91341 130.112
114.799 38.2547 45.6604 5.90976 130.063
114.899 38.1934 45.7094 5.90609 130.014
114.999 38.1322 45.7583 5.9024 129.965
115.099 38.071 45.8072 5.89869 129.917
115.199 38.0098 45.8561 5.89496 129.868
115.299 37.9486 45.9049 5.89121 129.819
115.399 37.8874 45.9537 5.88744 129.77
115.499 37.8263 46.0024 5.88365 129.721
115.599 37.7651 46.0511 5.87984 129.673
115.699 37.704 46.0998 5.87601 129.624
115.799 37.6429 46.1484 5.87216 129.575
115.899 37.5818 46.197 5.86829 129.527
115.999 37.5207 46.2455 5.8644 129.478
116.099 37.4596 46.294 5.86049 129.43
116.199 37.3985 46.3425 5.85656 129.381
116.299 37.3375 46.3909 5.85261 129.333
116.399 37.2765 46.4393 5.84863 129.285
116.499 37.2154 46.4876 5.84464 129.236
116.599 37.1544 46.5359 5.84063 129.188
116.699 37.0934 46.5841 5.8366 129.14
116.799 37.0324 46.6323 5.83255 129.092
116.899 36.9715 46.6805 5.82848 129.043
116.999 36.9105 46.7286 5.82438 128.995
117.099 36.8496 46.7767 5.82027 128.947
117.199 36.7886 46.8247 5.81614 128.899
117.299 36.7277 46.8727 5.81199 128.851
117.399 36.6668 46.9206 5.80782 128.803
117.499 36.6059 46.9685 5.80362 128.755
117.599 36.545 47.0164 5.79941 128.707
117.699 36.4841 47.0642 5.79518 128.66
117.799 36.4233 47.112 5.79093 128.612
117.899 36.3624 47.1597 5.78666 128.564
117.999 36.3016 47.2074 5.78236 128.516
118.099 36.2408 47.255 5.77805 128.469
118.199 36.18 47.3026 5.77372 128.421
118.299 36.1192 47.3502 5.76937 128.374
118.399 36.0584 47.3977 5.76499 128.326
118.499 35.9976 47.4451 5.7606 128.279
118.599 35.9369 47.4925 5.75619 128.231
118.699 35.8761 47.5399 5.75175 128.184
118.799 35.8154 47.5872 5.7473 128.137
118.899 35.7547 47.6345 5.74283 128.089
118.999 35.694 47.6817 5.73834 128.042
119.099 35.6333 47.7289 5.73382 127.995
119.199 35.5726 47.7761 5.72929 127.948
119.299 35.5119 47.8232 5.72474 127.901
119.399 35.4513 47.8702 5.72016 127.854
119.499 35.3906 47.9172 5.71557 127.807
119.599 35.33 47.9642 5.71096 127.76
119.699 35.2694 48.0111 5.70633 127.713
119.799 35.2087 48.0579 5.70167 127.666
119.899 35.1481 48.1048 5.697 127.619
119.999 35.0876 48.1515 5.69231 127.572
120.099 35.027 48.1983 5.6876 127.526
120.199 34.9664 48.2449 5.68286 127.479
120.299 34.9059 48.2916 5.67811 127.432
120.399 34.8453 48.3381 5.67334 127.386
120.499 34.7848 48.3847 5.66855 127.339
120.599 34.7243 48.4312 5.66373 127.293
120.699 34.6638 48.4776 5.6589 127.246
120.799 34.6033 48.524 5.65405 127.2
120.899 34.5428 48.5703 5.64918 127.153
120.999 34.4823 48.6166 5.64428 127.107
121.099 34.4219 48.6629 5.63937 127.061
121.199 34.3614 48.7091 5.63444 127.015
121.299 34.301 48.7552 5.62949 126.969
121.399 34.2406 48.8013 5.62452 126.923
121.499 34.1802 48.8474 5.61953 126.876
121.599 34.1198 48.8934 5.61451 126.83
121.699 34.0594 48.9393 5.60948 126.785
121.799 33.999 48.9852 5.60443 126.739
121.899 33.9386 49.0311 5.59936 126.693
121.999 33.8783 49.0769 5.59427 126.647
122.099 33.8179 49.1226 5.58916 126.601
122.199 33.7576 49.1683 5.58403 126.556
122.299 33.6973 49.214 5.57888 126.51
122.399 33.6369 49.2596 5.57371 126.464
122.499 33.5766 49.3051 5.56852 126.419
122.599 33.5164 49.3506 5.56331 126.373
122.699 33.4561 49.3961 5.55808 126.328
122.799 33.3958 49.4415 5.55283 126.282
122.899 33.3356 49.4868 5.54756 126.237
122.999 33.2753 49.5321 5.54227 126.192
123.099 33.2151 49.5774 5.53696 126.146
123.199 33.1549 49.6225 5.53164 126.101
123.299 33.0946 49.6677 5.52629 126.056
123.399 33.0344 49.7128 5.52092 126.011
123.499 32.9742 49.7578 5.51553 125.966
123.599 32.9141 49.8028 5.51013 125.921
123.699 32.8539 49.8477 5.5047 125.876
123.799 32.7937 49.8926 5.49925 125.831
123.899 32.7336 49.9374 5.49379 125.786
123.999 32.6735 49.9822 5.4883 125.742
124.099 32.6133 50.0269 5.48279 125.697
124.199 32.5532 50.0716 5.47727 125.652
124.299 32.4931 50.1162 5.47172 125.608
124.399 32.433 50.1608 5.46616 125.563
124.499 32.3729 50.2053 5.46058 125.519
124.599 32.3129 50.2498 5.45497 125.474
124.699 32.2528 50.2942 5.44935 125.43
124.799 32.1927 50.3385 5.4437 125.385
124.899 32.1327 50.3828 5.43804 125.341
124.999 32.0727 50.4271 5.43236 125.297
125.099 32.0126 50.4713 5.42666 125.253
125.199 31.9526 50.5154 5.42094 125.208
125.299 31.8926 50.5595 5.4152 125.164
125.399 31.8326 50.6035 5.40944 125.12
125.499 31.7727 50.6475 5.40366 125.076
125.599 31.7127 50.6914 5.39786 125.032
125.699 31.6527 50.7353 5.39204 124.989
125.799 31.5928 50.7791 5.3862 124.945
125.899 31.5328 50.8228 5.38034 124.901
125.999 31.4729 50.8665 5.37446 124.857
126.099 31.413 50.9102 5.36857 124.814
126.199 31.3531 50.9537 5.36265 124.77
126.299 31.2932 50.9973 5.35671 124.727
126.399 31.2333 51.0407 5.35076 124.683
126.499 31.1734 51.0842 5.34478 124.64
126.599 31.1135 51.1275 5.33879 124.596
126.699 31.0537 51.1708 5.33278 124.553
126.799 30.9938 51.2141 5.32674 124.51
126.899 30.934 51.2573 5.32069 124.467
126.999 30.8741 51.3004 5.31462 124.423
127.099 30.8143 51.3435 5.30853 124.38
127.199 30.7545 51.3865 5.30242 124.337
127.299 30.6947 51.4295 5.29629 124.294
127.399 30.6349 51.4724 5.29014 124.251
127.499 30.5751 51.5152 5.28397 124.209
127.599 30.5154 51.558 5.27778 124.166
127.699 30.4556 51.6008 5.27157 124.123
127.799 30.3959 51.6435 5.26535 124.08
127.899 30.3361 51.6861 5.2591 124.038
127.999 30.2764 51.7287 5.25284 123.995
128.099 30.2166 51.7712 5.24655 123.953
128.199 30.1569 51.8136 5.24025 123.91
128.299 30.0972 51.856 5.23393 123.868
128.399 30.0375 51.8983 5.22759 123.825
128.499 29.9778 51.9406 5.22122 123.783
128.599 29.9181 51.9828 5.21484 123.741
128.699 29.8585 52.025 5.20844 123.699
128.799 29.7988 52.0671 5.20203 123.657
128.899 29.7392 52.1091 5.19559 123.615
128.999 29.6795 52.1511 5.18913 123.573
129.099 29.6199 52.193 5.18266 123.531
129.199 29.5602 52.2349 5.17616 123.489
129.299 29.5006 52.2767 5.16965 123.447
129.399 29.441 52.3185 5.16311 123.405
129.499 29.3814 52.3601 5.15656 123.364
129.599 29.3218 52.4018 5.14999 123.322
129.699 29.2622 52.4433 5.1434 123.28
129.799 29.2027 52.4848 5.13679 123.239
129.899 29.1431 52.5263 5.13016 123.198
129.999 29.0836 52.5677 5.12351 123.156
130.099 29.024 52.609 5.11685 123.115
130.199 28.9645 52.6502 5.11016 123.074
130.299 28.905 52.6914 5.10346 123.032
130.399 28.8454 52.7326 5.09674 122.991
130.499 28.7859 52.7737 5.08999 122.95
130.599 28.7264 52.8147 5.08323 122.909
130.699 28.6669 52.8556 5.07645 122.868
130.799 28.6074 52.8965 5.06965 122.827
130.899 28.548 52.9374 5.06284 122.786
130.999 28.4885 52.9781 5.056 122.746
131.099 28.4291 53.0189 5.04915 122.705
131.199 28.3696 53.0595 5.04227 122.664
131.299 28.3102 53.1001 5.03538 122.624
131.399 28.2507 53.1406 5.02847 122.583
131.499 28.1913 53.1811 5.02154 122.543
131.599 28.1319 53.2215 5.01459 122.502
131.699 28.0725 53.2618 5.00762 122.462
131.799 28.0131 53.3021 5.00064 122.422
131.899 27.9537 53.3423 4.99363 122.382
131.999 27.8943 53.3824 4.98661 122.341
132.099 27.835 53.4225 4.97957 122.301
132.199 27.7756 53.4625 4.97251 122.261
132.299 27.7162 53.5025 4.96543 122.221
132.399 27.6569 53.5424 4.95833 122.181
132.499 27.5976 53.5822 4.95121 122.142
132.599 27.5382 53.622 4.94408 122.102
132.699 27.4789 53.6617 4.93692 122.062
132.799 27.4196 53.7014 4.92975 122.022
132.899 27.3603 53.7409 4.92256 121.983
132.999 27.301 53.7804 4.91535 121.943
133.099 27.2417 53.8199 4.90813 121.904
133.199 27.1824 53.8593 4.90088 121.865
133.299 27.1232 53.8986 4.89361 121.825
133.399 27.0639 53.9378 4.88633 121.786
133.499 27.0046 53.977 4.87903 121.747
133.599 26.9454 54.0162 4.87171 121.708
133.699 26.8862 54.0552 4.86437 121.669
133.799 26.8269 54.0942 4.85702 121.63
133.899 26.7677 54.1331 4.84964 121.591
133.999 26.7085 54.172 4.84225 121.552
134.099 26.6493 54.2108 4.83484 121.513
134.199 26.5901 54.2495 4.82741 121.474
134.299 26.5309 54.2882 4.81996 121.436
134.399 26.4717 54.3268 4.8125 121.397
134.499 26.4125 54.3654 4.80501 121.358
134.599 26.3534 54.4038 4.79751 121.32
134.699 26.2942 54.4422 4.78999 121.282
134.799 26.2351 54.4806 4.78245 121.243
134.899 26.1759 54.5188 4.7749 121.205
134.999 26.1168 54.557 4.76732 121.167
135.099 26.0577 54.5952 4.75973 121.129
135.199 25.9985 54.6332 4.75212 121.091
135.299 25.9394 54.6713 4.74449 121.053
135.399 25.8803 54.7092 4.73684 121.015
135.499 25.8212 54.7471 4.72918 120.977
135.599 25.7621 54.7849 4.7215 120.939
135.699 25.7031 54.8226 4.71379 120.901
135.799 25.644 54.8603 4.70608 120.864
135.899 25.5849 54.8979 4.69834 120.826
135.999 25.5259 54.9354 4.69058 120.788
136.099 25.4668 54.9729 4.68281 120.751
136.199 25.4078 55.0103 4.67502 120.714
136.299 25.3487 55.0476 4.66721 120.676
136.399 25.2897 55.0849 4.65939 120.639
136.499 25.2307 55.1221 4.65155 120.602
136.599 25.1717 55.1592 4.64368 120.565
136.699 25.1127 55.1962 4.6358 120.528
136.799 25.0537 55.2332 4.62791 120.491
136.899 24.9947 55.2701 4.61999 120.454
136.999 24.9357 55.307 4.61206 120.417
137.099 24.8767 55.3438 4.60411 120.38
137.199 24.8177 55.3805 4.59614 120.343
137.299 24.7588 55.4171 4.58816 120.307
137.399 24.6998 55.4537 4.58016 120.27
137.499 24.6409 55.4902 4.57214 120.234
137.599 24.5819 55.5266 4.5641 120.197
137.699 24.523 55.563 4.55604 120.161
137.799 24.4641 55.5993 4.54797 120.125
137.899 24.4052 55.6355 4.53988 120.088
137.999 24.3462 55.6717 4.53177 120.052
138.099 24.2873 55.7078 4.52365 120.016
138.199 24.2284 55.7438 4.5155 119.98
138.299 24.1695 55.7797 4.50734 119.944
138.399 24.1107 55.8156 4.49917 119.908
138.499 24.0518 55.8514 4.49097 119.872
138.599 23.9929 55.8872 4.48276 119.837
138.699 23.9341 55.9228 4.47453 119.801
138.799 23.8752 55.9584 4.46629 119.765
138.899 23.8164 55.9939 4.45802 119.73
138.999 23.7575 56.0294 4.44974 119.694
139.099 23.6987 56.0648 4.44144 119.659
139.199 23.6398 56.1001 4.43313 119.624
139.299 23.581 56.1353 4.42479 119.589
139.399 23.5222 56.1705 4.41645 119.553
139.499 23.4634 56.2056 4.40808 119.518
139.599 23.4046 56.2406 4.39969 119.483
139.699 23.3458 56.2755 4.39129 119.448
139.799 23.287 56.3104 4.38288 119.413
139.899 23.2282 56.3452 4.37444 119.379
139.999 23.1695 56.38 4.36599 119.344
140.099 23.1107 56.4146 4.35752 119.309
140.199 23.0519 56.4492 4.34904 119.275
140.299 22.9932 56.4837 4.34053 119.24
140.399 22.9344 56.5182 4.33201 119.206
140.499 22.8757 56.5526 4.32348 119.171
140.599 22.817 56.5869 4.31492 119.137
140.699 22.7582 56.6211 4.30635 119.103
140.799 22.6995 56.6552 4.29777 119.069
140.899 22.6408 56.6893 4.28917 119.034
140.999 22.5821 56.7233 4.28055 119
141.099 22.5234 56.7573 4.27191 118.967
141.199 22.4647 56.7911 4.26326 118.933
141.299 22.406 56.8249 4.25459 118.899
141.399 22.3473 56.8586 4.2459 118.865
141.499 22.2886 56.8923 4.2372 118.832
141.599 22.23 56.9258 4.22848 118.798
141.699 22.1713 56.9593 4.21974 118.764
141.799 22.1126 56.9928 4.21099 118.731
141.899 22.054 57.0261 4.20222 118.698
141.999 21.9953 57.0594 4.19343 118.664
142.099 21.9367 57.0926 4.18463 118.631
142.199 21.8781 57.1257 4.17581 118.598
142.299 21.8194 57.1588 4.16698 118.565
142.399 21.7608 57.1917 4.15813 118.532
142.499 21.7022 57.2246 4.14926 118.499
142.6 21.6436 57.2575 4.14038 118.466
142.7 21.585 57.2902 4.13148 118.434
142.8 21.5264 57.3229 4.12256 118.401
142.9 21.4678 57.3555 4.11363 118.368
143 21.4092 57.388 4.10468 118.336
143.1 21.3507 57.4205 4.09571 118.303
143.2 21.2921 57.4528 4.08673 118.271
143.3 21.2335 57.4851 4.07774 118.239
143.4 21.175 57.5173 4.06872 118.206
143.5 21.1164 57.5495 4.05969 118.174
143.6 21.0579 57.5816 4.05065 118.142
143.7 20.9993 57.6136 4.04159 118.11
143.8 20.9408 57.6455 4.03251 118.078
143.9 20.8823 57.6773 4.02342 118.046
144 20.8237 57.7091 4.01431 118.015
144.1 20.7652 57.7408 4.00519 117.983
144.2 20.7067 57.7724 3.99605 117.951
144.3 20.6482 57.8039 3.98689 117.92
144.4 20.5897 57.8354 3.97772 117.888
144.5 20.5312 57.8668 3.96853 117.857
144.6 20.4727 57.8981 3.95933 117.826
144.7 20.4142 57.9293 3.95011 117.794
144.8 20.3557 57.9605 3.94088 117.763
144.9 20.2973 57.9916 3.93163 117.732
145 20.2388 58.0226 3.92236 117.701
145.1 20.1803 58.0535 3.91308 117.67
145.2 20.1219 58.0843 3.90378 117.639
145.3 20.0634 58.1151 3.89447 117.609
145.4 20.005 58.1458 3.88514 117.578
145.5 19.9466 58.1764 3.8758 117.547
145.6 19.8881 58.207 3.86644 117.517
145.7 19.8297 58.2374 3.85707 117.486
145.8 19.7713 58.2678 3.84768 117.456
145.9 19.7129 58.2981 3.83827 117.426
146 19.6545 58.3283 3.82885 117.395
146.1 19.596 58.3585 3.81942 117.365
146.2 19.5376 58.3885 3.80997 117.335
146.3 19.4793 58.4185 3.8005 117.305
146.4 19.4209 58.4484 3.79102 117.275
146.5 19.3625 58.4783 3.78153 117.246
146.6 19.3041 58.508 3.77202 117.216
146.7 19.2457 58.5377 3.76249 117.186
146.8 19.1874 58.5673 3.75295 117.157
146.9 19.129 58.5968 3.7434 117.127
147 19.0706 58.6263 3.73382 117.098
147.1 19.0123 58.6556 3.72424 117.068
147.2 18.9539 58.6849 3.71464 117.039
147.3 18.8956 58.7141 3.70502 117.01
147.4 18.8373 58.7432 3.69539 116.981
147.5 18.7789 58.7723 3.68575 116.952
147.6 18.7206 58.8012 3.67609 116.923
147.7 18.6623 58.8301 3.66641 116.894
147.8 18.604 58.8589 3.65673 116.865
147.9 18.5457 58.8877 3.64702 116.836
148 18.4874 58.9163 3.6373 116.808
148.1 18.4291 58.9449 3.62757 116.779
148.2 18.3708 58.9734 3.61782 116.75
148.3 18.3125 59.0018 3.60806 116.722
148.4 18.2542 59.0301 3.59829 116.694
148.5 18.1959 59.0583 3.5885 116.665
148.6 18.1376 59.0865 3.57869 116.637
148.7 18.0794 59.1146 3.56887 116.609
148.8 18.0211 59.1426 3.55904 116.581
148.9 17.9628 59.1705 3.54919 116.553
149 17.9046 59.1984 3.53933 116.525
149.1 17.8463 59.2261 3.52945 116.498
149.2 17.7881 59.2538 3.51956 116.47
149.3 17.7299 59.2814 3.50965 116.442
149.4 17.6716 59.3089 3.49973 116.415
149.5 17.6134 59.3364 3.4898 116.387
149.6 17.5552 59.3637 3.47985 116.36
149.7 17.4969 59.391 3.46989 116.333
149.8 17.4387 59.4182 3.45992 116.306
149.9 17.3805 59.4453 3.44993 116.279
150 17.3223 59.4723 3.43992 116.251
150.1 17.2641 59.4993 3.42991 116.225
150.2 17.2059 59.5262 3.41987 116.198
150.3 17.1477 59.5529 3.40983 116.171
150.4 17.0895 59.5797 3.39977 116.144
150.5 17.0313 59.6063 3.3897 116.118
150.6 16.9732 59.6328 3.37961 116.091
150.7 16.915 59.6593 3.36951 116.065
150.8 16.8568 59.6856 3.3594 116.038
150.9 16.7987 59.7119 3.34927 116.012
151 16.7405 59.7382 3.33913 115.986
151.1 16.6823 59.7643 3.32898 115.96
151.2 16.6242 59.7903 3.31881 115.933
151.3 16.566 59.8163 3.30863 115.908
151.4 16.5079 59.8422 3.29843 115.882
151.5 16.4498 59.868 3.28823 115.856
151.6 16.3916 59.8937 3.27801 115.83
151.7 16.3335 59.9193 3.26777 115.804
151.8 16.2754 59.9449 3.25752 115.779
151.9 16.2173 59.9703 3.24726 115.753
152 16.1591 59.9957 3.23699 115.728
152.1 16.101 60.021 3.2267 115.703
152.2 16.0429 60.0463 3.2164 115.678
152.3 15.9848 60.0714 3.20609 115.652
152.4 15.9267 60.0964 3.19576 115.627
152.5 15.8686 60.1214 3.18542 115.602
152.6 15.8105 60.1463 3.17507 115.578
152.7 15.7525 60.1711 3.1647 115.553
152.8 15.6944 60.1958 3.15432 115.528
152.9 15.6363 60.2204 3.14393 115.503
153 15.5782 60.245 3.13353 115.479
153.1 15.5202 60.2695 3.12311 115.454
153.2 15.4621 60.2938 3.11268 115.43
153.3 15.404 60.3181 3.10224 115.406
153.4 15.346 60.3423 3.09178 115.381
153.5 15.2879 60.3665 3.08131 115.357
153.6 15.2299 60.3905 3.07083 115.333
153.7 15.1718 60.4145 3.06034 115.309
153.8 15.1138 60.4384 3.04984 115.285
153.9 15.0558 60.4621 3.03932 115.262
154 14.9977 60.4858 3.02879 115.238
154.1 14.9397 60.5095 3.01825 115.214
154.2 14.8817 60.533 3.00769 115.191
154.3 14.8237 60.5565 2.99712 115.167
154.4 14.7656 60.5798 2.98654 115.144
154.5 14.7076 60.6031 2.97595 115.121
154.6 14.6496 60.6263 2.96535 115.098
154.7 14.5916 60.6494 2.95473 115.074
154.8 14.5336 60.6724 2.9441 115.051
154.9 14.4756 60.6954 2.93346 115.028
155 14.4176 60.7182 2.92281 115.006
155.1 14.3597 60.741 2.91215 114.983
155.2 14.3017 60.7637 2.90147 114.96
155.3 14.2437 60.7863 2.89078 114.938
155.4 14.1857 60.8088 2.88008 114.915
155.5 14.1277 60.8312 2.86937 114.893
155.6 14.0698 60.8536 2.85864 114.87
155.7 14.0118 60.8758 2.84791 114.848
155.8 13.9538 60.898 2.83716 114.826
155.9 13.8959 60.9201 2.8264 114.804
156 13.8379 60.9421 2.81563 114.782
156.1 13.78 60.964 2.80485 114.76
156.2 13.722 60.9858 2.79406 114.738
156.3 13.6641 61.0076 2.78325 114.716
156.4 13.6062 61.0292 2.77243 114.695
156.5 13.5482 61.0508 2.76161 114.673
156.6 13.4903 61.0723 2.75077 114.652
156.7 13.4324 61.0937 2.73991 114.63
156.8 13.3744 61.115 2.72905 114.609
156.9 13.3165 61.1362 2.71818 114.588
157 13.2586 61.1573 2.70729 114.566
157.1 13.2007 61.1784 2.6964 114.545
157.2 13.1428 61.1994 2.68549 114.524
157.3 13.0849 61.2202 2.67457 114.504
157.4 13.027 61.241 2.66364 114.483
157.5 12.9691 61.2617 2.6527 114.462
157.6 12.9112 61.2823 2.64175 114.441
157.7 12.8533 61.3029 2.63079 114.421
157.8 12.7954 61.3233 2.61982 114.401
157.9 12.7375 61.3437 2.60883 114.38
158 12.6796 61.3639 2.59784 114.36
158.1 12.6217 61.3841 2.58683 114.34
158.2 12.5638 61.4042 2.57582 114.32
158.3 12.506 61.4242 2.56479 114.3
158.4 12.4481 61.4441 2.55375 114.28
158.5 12.3902 61.4639 2.54271 114.26
158.6 12.3324 61.4837 2.53165 114.24
158.7 12.2745 61.5033 2.52058 114.22
158.8 12.2167 61.5229 2.5095 114.201
158.9 12.1588 61.5424 2.49841 114.181
159.001 12.101 61.5618 2.48731 114.162
159.101 12.0431 61.5811 2.4762 114.143
159.201 11.9853 61.6003 2.46508 114.124
159.301 11.9274 61.6194 2.45395 114.104
159.401 11.8696 61.6384 2.44281 114.085
159.501 11.8117 61.6574 2.43165 114.066
159.601 11.7539 61.6762 2.42049 114.048
159.701 11.6961 61.695 2.40932 114.029
159.801 11.6383 61.7137 2.39814 114.01
159.901 11.5804 61.7323 2.38695 113.992
160.001 11.5226 61.7508 2.37575 113.973
160.101 11.4648 61.7692 2.36454 113.955
160.201 11.407 61.7875 2.35331 113.936
160.301 11.3492 61.8058 2.34208 113.918
160.401 11.2914 61.8239 2.33084 113.9
160.501 11.2336 61.842 2.31959 113.882
160.601 11.1758 61.86 2.30833 113.864
160.701 11.118 61.8779 2.29706 113.846
160.801 11.0602 61.8957 2.28578 113.828
160.901 11.0024 61.9134 2.27449 113.81
161.001 10.9446 61.931 2.26319 113.793
161.101 10.8868 61.9485 2.25189 113.775
161.201 10.829 61.966 2.24057 113.758
161.301 10.7712 61.9833 2.22924 113.741
161.401 10.7135 62.0006 2.21791 113.723
161.501 10.6557 62.0177 2.20656 113.706
161.601 10.5979 62.0348 2.19521 113.689
161.701 10.5401 62.0518 2.18384 113.672
161.801 10.4824 62.0687 2.17247 113.655
161.901 10.4246 62.0855 2.16109 113.638
162.001 10.3668 62.1023 2.1497 113.622
162.101 10.3091 62.1189 2.1383 113.605
162.201 10.2513 62.1354 2.12689 113.588
162.301 10.1936 62.1519 2.11547 113.572
162.401 10.1358 62.1683 2.10405 113.556
162.501 10.0781 62.1845 2.09261 113.539
162.601 10.0203 62.2007 2.08117 113.523
162.701 9.96259 62.2168 2.06972 113.507
162.801 9.90485 62.2328 2.05825 113.491
162.901 9.84711 62.2488 2.04678 113.475
163.001 9.78937 62.2646 2.03531 113.459
163.101 9.73164 62.2803 2.02382 113.444
163.201 9.67391 62.296 2.01232 113.428
163.301 9.61618 62.3115 2.00082 113.412
163.401 9.55846 62.327 1.98931 113.397
163.501 9.50073 62.3424 1.97779 113.381
163.601 9.44301 62.3576 1.96626 113.366
163.701 9.3853 62.3728 1.95472 113.351
163.801 9.32758 62.3879 1.94317 113.336
163.901 9.26987 62.403 1.93162 113.321
164.001 9.21216 62.4179 1.92006 113.306
164.101 9.15445 62.4327 1.90849 113.291
164.201 9.09674 62.4475 1.89691 113.276
164.301 9.03904 62.4621 1.88532 113.262
164.401 8.98134 62.4767 1.87373 113.247
164.501 8.92364 62.4911 1.86213 113.233
164.601 8.86594 62.5055 1.85052 113.218
164.701 8.80825 62.5198 1.8389 113.204
164.801 8.75056 62.534 1.82728 113.19
164.901 8.69287 62.5481 1.81564 113.176
165.001 8.63518 62.5621 1.804 113.162
165.101 8.5775 62.5761 1.79236 113.148
165.201 8.51981 62.5899 1.7807 113.134
165.301 8.46213 62.6036 1.76904 113.12
165.401 8.40445 62.6173 1.75737 113.107
165.501 8.34678 62.6309 1.74569 113.093
165.601 8.2891 62.6443 1.73401 113.079
165.701 8.23143 62.6577 1.72231 113.066
165.801 8.17376 62.671 1.71061 113.053
165.901 8.1161 62.6842 1.69891 113.04
166.001 8.05843 62.6973 1.68719 113.027
166.101 8.00077 62.7103 1.67547 113.014
166.201 7.94311 62.7232 1.66374 113.001
166.301 7.88545 62.7361 1.65201 112.988
166.401 7.82779 62.7488 1.64027 112.975
166.501 7.77013 62.7614 1.62852 112.962
166.601 7.71248 62.774 1.61676 112.95
166.701 7.65483 62.7865 1.605 112.937
166.801 7.59718 62.7988 1.59323 112.925
166.901 7.53953 62.8111 1.58145 112.913
167.001 7.48189 62.8233 1.56967 112.901
167.101 7.42424 62.8354 1.55788 112.888
167.201 7.3666 62.8474 1.54608 112.876
167.301 7.30896 62.8593 1.53428 112.865
167.401 7.25132 62.8711 1.52247 112.853
167.501 7.19369 62.8829 1.51066 112.841
167.601 7.13606 62.8945 1.49883 112.829
167.701 7.07842 62.906 1.48701 112.818
167.801 7.02079 62.9175 1.47517 112.806
167.901 6.96316 62.9289 1.46333 112.795
168.001 6.90554 62.9401 1.45148 112.784
168.101 6.84791 62.9513 1.43963 112.773
168.201 6.79029 62.9624 1.42777 112.761
168.301 6.73267 62.9734 1.41591 112.75
168.401 6.67505 62.9843 1.40403 112.74
168.501 6.61743 62.9951 1.39216 112.729
168.601 6.55981 63.0058 1.38027 112.718
168.701 6.5022 63.0164 1.36838 112.707
168.801 6.44459 63.027 1.35649 112.697
168.901 6.38698 63.0374 1.34459 112.686
169.001 6.32937 63.0477 1.33268 112.676
169.101 6.27176 63.058 1.32077 112.666
169.201 6.21415 63.0681 1.30885 112.656
169.301 6.15655 63.0782 1.29693 112.646
169.401 6.09895 63.0882 1.285 112.636
169.501 6.04134 63.0981 1.27307 112.626
169.601 5.98374 63.1079 1.26113 112.616
169.701 5.92615 63.1176 1.24918 112.606
169.801 5.86855 63.1272 1.23723 112.597
169.901 5.81095 63.1367 1.22528 112.587
170.001 5.75336 63.1461 1.21332 112.578
170.101 5.69577 63.1554 1.20135 112.568
170.201 5.63818 63.1647 1.18938 112.559
170.301 5.58059 63.1738 1.17741 112.55
170.401 5.523 63.1828 1.16543 112.541
170.501 5.46541 63.1918 1.15344 112.532
170.601 5.40783 63.2007 1.14145 112.523
170.701 5.35024 63.2094 1.12946 112.514
170.801 5.29266 63.2181 1.11746 112.506
170.901 5.23508 63.2267 1.10545 112.497
171.001 5.1775 63.2352 1.09344 112.489
171.101 5.11992 63.2436 1.08143 112.48
171.201 5.06234 63.2519 1.06941 112.472
171.301 5.00477 63.2601 1.05738 112.464
171.401 4.94719 63.2682 1.04536 112.456
171.501 4.88962 63.2762 1.03332 112.448
171.601 4.83205 63.2842 1.02129 112.44
171.701 4.77448 63.292 1.00925 112.432
171.801 4.71691 63.2997 0.997201 112.424
171.901 4.65934 63.3074 0.985152 112.416
172.001 4.60177 63.315 0.973098 112.409
172.101 4.54421 63.3224 0.96104 112.401
172.201 4.48664 63.3298 0.948978 112.394
172.301 4.42908 63.3371 0.936912 112.387
172.401 4.37152 63.3443 0.924842 112.38
172.501 4.31396 63.3513 0.912768 112.372
172.601 4.2564 63.3583 0.900691 112.365
172.701 4.19884 63.3653 0.888609 112.359
172.801 4.14128 63.3721 0.876524 112.352
172.901 4.08372 63.3788 0.864435 112.345
173.001 4.02617 63.3854 0.852342 112.338
173.101 3.96861 63.3919 0.840245 112.332
173.201 3.91106 63.3984 0.828145 112.325
173.301 3.8535 63.4047 0.816042 112.319
173.401 3.79595 63.411 0.803935 112.313
173.501 3.7384 63.4171 0.791825 112.307
173.601 3.68085 63.4232 0.779711 112.301
173.701 3.6233 63.4292 0.767594 112.295
173.801 3.56575 63.435 0.755473 112.289
173.901 3.50821 63.4408 0.74335 112.283
174.001 3.45066 63.4465 0.731223 112.277
174.101 3.39312 63.4521 0.719093 112.272
174.201 3.33557 63.4576 0.70696 112.266
174.301 3.27803 63.463 0.694824 112.261
174.401 3.22048 63.4683 0.682685 112.256
174.501 3.16294 63.4735 0.670544 112.25
174.601 3.1054 63.4787 0.658399 112.245
174.701 3.04786 63.4837 0.646251 112.24
174.801 2.99032 63.4886 0.634101 112.235
174.901 2.93278 63.4935 0.621948 112.23
175.001 2.87524 63.4982 0.609793 112.226
175.101 2.81771 63.5029 0.597635 112.221
175.201 2.76017 63.5074 0.585474 112.216
175.301 2.70263 63.5119 0.573311 112.212
175.402 2.6451 63.5163 0.561145 112.208
175.502 2.58757 63.5206 0.548977 112.203
175.602 2.53003 63.5248 0.536807 112.199
175.702 2.4725 63.5288 0.524634 112.195
175.802 2.41497 63.5328 0.512459 112.191
175.902 2.35743 63.5368 0.500282 112.187
176.002 2.2999 63.5406 0.488103 112.183
176.102 2.24237 63.5443 0.475922 112.18
176.202 2.18484 63.5479 0.463738 112.176
176.302 2.12731 63.5514 0.451553 112.172
176.402 2.06978 63.5549 0.439366 112.169
176.502 2.01225 63.5582 0.427177 112.166
176.602 1.95473 63.5615 0.414986 112.162
176.702 1.8972 63.5646 0.402793 112.159
176.802 1.83967 63.5677 0.390599 112.156
176.902 1.78214 63.5706 0.378403 112.153
177.002 1.72462 63.5735 0.366205 112.15
177.102 1.66709 63.5763 0.354006 112.148
177.202 1.60957 63.579 0.341805 112.145
177.302 1.55204 63.5816 0.329603 112.142
177.402 1.49452 63.584 0.317399 112.14
177.502 1.43699 63.5864 0.305194 112.137
177.602 1.37947 63.5888 0.292988 112.135
177.702 1.32195 63.591 0.28078 112.133
177.802 1.26442 63.5931 0.268571 112.131
177.902 1.2069 63.5951 0.256362 112.129
178.002 1.14938 63.597 0.244151 112.127
178.102 1.09186 63.5989 0.231939 112.125
178.202 1.03433 63.6006 0.219726 112.123
178.302 0.976813 63.6023 0.207512 112.122
178.402 0.919292 63.6038 0.195297 112.12
178.502 0.861771 63.6053 0.183081 112.119
178.602 0.80425 63.6066 0.170865 112.117
178.702 0.74673 63.6079 0.158648 112.116
178.802 0.689209 63.6091 0.14643 112.115
178.902 0.631689 63.6102 0.134211 112.114
179.002 0.574169 63.6111 0.121992 112.113
179.102 0.516649 63.612 0.109773 112.112
179.202 0.459129 63.6128 0.0975527 112.111
179.302 0.401609 63.6135 0.0853322 112.11
179.402 0.34409 63.6142 0.0731114 112.11
179.502 0.28657 63.6147 0.0608903 112.109
179.602 0.229051 63.6151 0.0486689 112.109
179.702 0.171531 63.6154 0.0364473 112.108
179.802 0.114012 63.6157 0.0242256 112.108
179.902 0.0564926 63.6158 0.0120037 112.108
