0 0.746706 0 0 642.919
0.1 89.9484 0.000187724 0.0105475 642.919
0.2 89.8968 0.000750895 0.021095 642.919
0.3 89.8452 0.00168951 0.0316425 642.918
0.4 89.7935 0.00300357 0.0421899 642.916
0.5 89.7419 0.00469307 0.0527372 642.915
0.6 89.6903 0.006758 0.0632844 642.913
0.7 89.6387 0.00919835 0.0738314 642.91
0.8 89.5871 0.0120141 0.0843783 642.907
0.9 89.5355 0.0152053 0.094925 642.904
1 89.4838 0.0187719 0.105472 642.901
1.1 89.4322 0.0227139 0.116018 642.897
1.2 89.3806 0.0270313 0.126564 642.892
1.3 89.329 0.031724 0.13711 642.888
1.4 89.2774 0.0367921 0.147655 642.883
1.5 89.2258 0.0422355 0.1582 642.877
1.6 89.1741 0.0480542 0.168745 642.871
1.7 89.1225 0.0542482 0.17929 642.865
1.8 89.0709 0.0608175 0.189834 642.859
1.9 89.0193 0.0677621 0.200377 642.852
2 88.9677 0.0750819 0.210921 642.844
2.1 88.9161 0.082777 0.221464 642.837
2.2 88.8645 0.0908472 0.232006 642.829
2.3 88.8128 0.0992926 0.242548 642.82
2.4 88.7612 0.108113 0.253089 642.811
2.5 88.7096 0.117309 0.26363 642.802
2.6 88.658 0.12688 0.27417 642.793
2.7 88.6064 0.136825 0.28471 642.783
2.8 88.5548 0.147146 0.295249 642.772
2.9 88.5031 0.157842 0.305787 642.762
3 88.4515 0.168913 0.316325 642.75
3.1 88.3999 0.180359 0.326862 642.739
3.2 88.3483 0.192179 0.337399 642.727
3.3 88.2967 0.204375 0.347934 642.715
3.4 88.2451 0.216945 0.358469 642.702
3.5 88.1935 0.22989 0.369004 642.69
3.6 88.1419 0.24321 0.379537 642.676
3.7 88.0902 0.256904 0.39007 642.663
3.8 88.0386 0.270974 0.400601 642.648
3.9 87.987 0.285417 0.411132 642.634
4 87.9354 0.300236 0.421662 642.619
4.1 87.8838 0.315429 0.432192 642.604
4.2 87.8322 0.330996 0.44272 642.588
4.3 87.7806 0.346938 0.453247 642.572
4.4 87.729 0.363254 0.463774 642.556
4.5 87.6773 0.379945 0.474299 642.539
4.6 87.6257 0.39701 0.484823 642.522
4.7 87.5741 0.414449 0.495347 642.505
4.8 87.5225 0.432262 0.505869 642.487
4.9 87.4709 0.45045 0.51639 642.469
5 87.4193 0.469011 0.52691 642.45
5.1 87.3677 0.487947 0.537429 642.431
5.2 87.3161 0.507256 0.547947 642.412
5.3 87.2645 0.52694 0.558464 642.392
5.4 87.2129 0.546997 0.56898 642.372
5.5 87.1613 0.567428 0.579494 642.352
5.6 87.1096 0.588233 0.590007 642.331
5.7 87.058 0.609411 0.600519 642.31
5.8 87.0064 0.630963 0.611029 642.288
5.9 86.9548 0.652889 0.621539 642.267
6 86.9032 0.675188 0.632047 642.244
6.1 86.8516 0.69786 0.642553 642.222
6.2 86.8 0.720906 0.653058 642.199
6.3 86.7484 0.744325 0.663562 642.175
6.4 86.6968 0.768117 0.674065 642.151
6.5 86.6452 0.792282 0.684566 642.127
6.6 86.5936 0.81682 0.695065 642.103
6.7 86.542 0.841731 0.705563 642.078
6.8 86.4904 0.867016 0.71606 642.052
6.9 86.4388 0.892672 0.726555 642.027
7 86.3872 0.918702 0.737049 642.001
7.1 86.3356 0.945104 0.747541 641.974
7.2 86.284 0.971879 0.758031 641.948
7.3 86.2324 0.999027 0.76852 641.92
7.4 86.1807 1.02655 0.779007 641.893
7.5 86.1291 1.05444 0.789492 641.865
7.6 86.0775 1.0827 0.799976 641.837
7.7 86.0259 1.11134 0.810458 641.808
7.79999 85.9743 1.14035 0.820939 641.779
7.89999 85.9227 1.16973 0.831417 641.75
7.99999 85.8711 1.19948 0.841894 641.72
8.09999 85.8195 1.2296 0.852369 641.69
8.2 85.7679 1.2601 0.862842 641.659
8.3 85.7163 1.29097 0.873314 641.628
8.4 85.6647 1.32221 0.883784 641.597
8.5 85.6131 1.35382 0.894251 641.566
8.6 85.5616 1.3858 0.904717 641.534
8.7 85.51 1.41815 0.915181 641.501
8.8 85.4584 1.45088 0.925643 641.469
8.9 85.4068 1.48397 0.936103 641.435
9 85.3552 1.51744 0.946561 641.402
9.1 85.3036 1.55128 0.957017 641.368
9.2 85.252 1.58548 0.967471 641.334
9.3 85.2004 1.62006 0.977923 641.299
9.4 85.1488 1.65501 0.988373 641.264
9.5 85.0972 1.69033 0.998821 641.229
9.6 85.0456 1.72602 1.00927 641.193
9.7 84.994 1.76208 1.01971 641.157
9.8 84.9424 1.79851 1.03015 641.121
9.9 84.8908 1.83531 1.04059 641.084
10 84.8392 1.87248 1.05103 641.047
10.1 84.7876 1.91002 1.06146 641.009
10.2 84.7361 1.94793 1.07189 640.971
10.3 84.6845 1.98621 1.08232 640.933
10.4 84.6329 2.02485 1.09275 640.895
10.5 84.5813 2.06387 1.10318 640.856
10.6 84.5297 2.10326 1.1136 640.816
10.7 84.4781 2.14301 1.12402 640.776
10.8 84.4265 2.18314 1.13444 640.736
10.9 84.3749 2.22363 1.14486 640.696
11 84.3234 2.26449 1.15527 640.655
11.1 84.2718 2.30572 1.16568 640.614
11.2 84.2202 2.34732 1.17609 640.572
11.3 84.1686 2.38929 1.18649 640.53
11.4 84.117 2.43162 1.1969 640.488
11.5 84.0654 2.47433 1.2073 640.445
11.6 84.0139 2.5174 1.2177 640.402
11.7 83.9623 2.56084 1.22809 640.359
11.8 83.9107 2.60464 1.23849 640.315
11.9 83.8591 2.64882 1.24888 640.271
12 83.8075 2.69336 1.25927 640.226
12.1 83.7559 2.73827 1.26965 640.181
12.2 83.7044 2.78355 1.28003 640.136
12.3 83.6528 2.82919 1.29041 640.09
12.4 83.6012 2.8752 1.30079 640.044
12.5 83.5496 2.92157 1.31116 639.998
12.6 83.4981 2.96832 1.32154 639.951
12.7 83.4465 3.01543 1.3319 639.904
12.8 83.3949 3.0629 1.34227 639.857
12.9 83.3433 3.11074 1.35263 639.809
13 83.2918 3.15895 1.36299 639.76
13.1 83.2402 3.20753 1.37335 639.712
13.2 83.1886 3.25647 1.3837 639.663
13.3 83.137 3.30577 1.39405 639.614
13.4 83.0855 3.35544 1.4044 639.564
13.5 83.0339 3.40548 1.41475 639.514
13.6 82.9823 3.45588 1.42509 639.464
13.7 82.9308 3.50664 1.43543 639.413
13.8 82.8792 3.55777 1.44577 639.362
13.9 82.8276 3.60927 1.4561 639.31
14 82.7761 3.66113 1.46643 639.258
14.1 82.7245 3.71335 1.47676 639.206
14.2 82.6729 3.76594 1.48708 639.153
14.3 82.6214 3.81889 1.4974 639.101
14.4 82.5698 3.8722 1.50772 639.047
14.5 82.5182 3.92588 1.51803 638.994
14.6 82.4667 3.97993 1.52834 638.939
14.7 82.4151 4.03433 1.53865 638.885
14.8 82.3636 4.0891 1.54895 638.83
14.9 82.312 4.14423 1.55925 638.775
15 82.2604 4.19973 1.56955 638.72
15.1 82.2089 4.25559 1.57985 638.664
15.2 82.1573 4.31181 1.59014 638.608
15.3 82.1058 4.36839 1.60042 638.551
15.4 82.0542 4.42533 1.61071 638.494
15.5 82.0027 4.48264 1.62099 638.437
15.6 81.9511 4.54031 1.63127 638.379
15.7 81.8996 4.59834 1.64154 638.321
15.8 81.848 4.65673 1.65181 638.263
15.9 81.7964 4.71548 1.66208 638.204
16 81.7449 4.7746 1.67234 638.145
16.1 81.6933 4.83407 1.6826 638.085
16.2 81.6418 4.89391 1.69285 638.026
16.3 81.5902 4.9541 1.70311 637.965
16.4 81.5387 5.01466 1.71335 637.905
16.5 81.4872 5.07557 1.7236 637.844
16.6 81.4356 5.13685 1.73384 637.783
16.7 81.3841 5.19849 1.74408 637.721
16.8 81.3325 5.26048 1.75431 637.659
16.9 81.281 5.32284 1.76454 637.597
17 81.2294 5.38555 1.77477 637.534
17.1 81.1779 5.44863 1.78499 637.471
17.2 81.1263 5.51206 1.79521 637.407
17.3 81.0748 5.57585 1.80542 637.344
17.4 81.0233 5.64 1.81563 637.279
17.5 80.9717 5.70451 1.82584 637.215
17.6 80.9202 5.76937 1.83604 637.15
17.7 80.8687 5.8346 1.84624 637.085
17.8 80.8171 5.90018 1.85644 637.019
17.9 80.7656 5.96612 1.86663 636.953
18 80.714 6.03241 1.87682 636.887
18.1 80.6625 6.09907 1.887 636.82
18.2 80.611 6.16608 1.89718 636.753
18.3 80.5595 6.23344 1.90735 636.686
18.4 80.5079 6.30117 1.91752 636.618
18.5 80.4564 6.36925 1.92769 636.55
18.6 80.4049 6.43768 1.93785 636.482
18.7 80.3533 6.50647 1.94801 636.413
18.8 80.3018 6.57562 1.95816 636.344
18.9 80.2503 6.64512 1.96831 636.274
19 80.1988 6.71498 1.97846 636.204
19.1 80.1472 6.78519 1.9886 636.134
19.2 80.0957 6.85576 1.99874 636.064
19.3 80.0442 6.92668 2.00887 635.993
19.4 79.9927 6.99796 2.019 635.921
19.5 79.9411 7.06959 2.02912 635.85
19.6 79.8896 7.14157 2.03924 635.778
19.7 79.8381 7.21391 2.04936 635.705
19.8 79.7866 7.2866 2.05947 635.633
19.9 79.7351 7.35965 2.06958 635.56
20 79.6836 7.43305 2.07968 635.486
20.1 79.6321 7.5068 2.08978 635.413
20.2 79.5805 7.5809 2.09987 635.339
20.3 79.529 7.65536 2.10996 635.264
20.4 79.4775 7.73016 2.12004 635.189
20.5 79.426 7.80532 2.13012 635.114
20.6 79.3745 7.88083 2.1402 635.039
20.7 79.323 7.9567 2.15027 634.963
20.8 79.2715 8.03291 2.16033 634.886
20.9 79.22 8.10948 2.17039 634.81
21 79.1685 8.18639 2.18045 634.733
21.1 79.117 8.26366 2.1905 634.656
21.2 79.0655 8.34128 2.20055 634.578
21.3 79.014 8.41924 2.21059 634.5
21.4 78.9625 8.49756 2.22063 634.422
21.5 78.911 8.57622 2.23066 634.343
21.6 78.8595 8.65524 2.24069 634.264
21.7 78.808 8.7346 2.25071 634.185
21.8 78.7565 8.81432 2.26073 634.105
21.9 78.705 8.89438 2.27074 634.025
22 78.6535 8.97479 2.28075 633.945
22.1 78.602 9.05555 2.29075 633.864
22.2 78.5505 9.13665 2.30075 633.783
22.3 78.499 9.21811 2.31074 633.701
22.4 78.4475 9.29991 2.32073 633.62
22.5 78.396 9.38206 2.33071 633.537
22.6 78.3445 9.46455 2.34069 633.455
22.7001 78.2931 9.54739 2.35066 633.372
22.8001 78.2416 9.63058 2.36063 633.289
22.9001 78.1901 9.71411 2.37059 633.205
23.0001 78.1386 9.79799 2.38055 633.121
23.1001 78.0871 9.88222 2.3905 633.037
23.2001 78.0356 9.96679 2.40045 632.953
23.3001 77.9842 10.0517 2.41039 632.868
23.4001 77.9327 10.137 2.42033 632.782
23.5001 77.8812 10.2226 2.43026 632.697
23.6001 77.8297 10.3085 2.44019 632.611
23.7001 77.7783 10.3948 2.45011 632.525
23.8001 77.7268 10.4815 2.46003 632.438
23.9001 77.6753 10.5684 2.46994 632.351
24.0001 77.6238 10.6558 2.47984 632.264
24.1001 77.5724 10.7434 2.48974 632.176
24.2001 77.5209 10.8314 2.49963 632.088
24.3001 77.4694 10.9198 2.50952 632
24.4001 77.418 11.0085 2.51941 631.911
24.5001 77.3665 11.0975 2.52928 631.822
24.6001 77.315 11.1869 2.53916 631.733
24.7001 77.2636 11.2766 2.54902 631.643
24.8001 77.2121 11.3667 2.55888 631.553
24.9001 77.1607 11.4571 2.56874 631.462
25.0001 77.1092 11.5478 2.57859 631.372
25.1001 77.0577 11.6389 2.58844 631.281
25.2001 77.0063 11.7303 2.59827 631.189
25.3001 76.9548 11.8221 2.60811 631.097
25.4001 76.9034 11.9142 2.61793 631.005
25.5001 76.8519 12.0066 2.62776 630.913
25.6001 76.8005 12.0994 2.63757 630.82
25.7001 76.749 12.1925 2.64738 630.727
25.8001 76.6976 12.286 2.65719 630.633
25.9001 76.6461 12.3798 2.66699 630.54
26.0001 76.5947 12.4739 2.67678 630.445
26.1001 76.5432 12.5684 2.68657 630.351
26.2001 76.4918 12.6632 2.69635 630.256
26.3001 76.4404 12.7583 2.70612 630.161
26.4001 76.3889 12.8538 2.71589 630.066
26.5001 76.3375 12.9496 2.72565 629.97
26.6001 76.286 13.0458 2.73541 629.874
26.7001 76.2346 13.1423 2.74516 629.777
26.8001 76.1832 13.2391 2.75491 629.68
26.9001 76.1317 13.3363 2.76465 629.583
27.0001 76.0803 13.4338 2.77438 629.486
27.1001 76.0289 13.5316 2.78411 629.388
27.2001 75.9774 13.6297 2.79383 629.29
27.3001 75.926 13.7282 2.80355 629.191
27.4001 75.8746 13.8271 2.81326 629.092
27.5001 75.8232 13.9262 2.82296 628.993
27.6001 75.7717 14.0257 2.83265 628.894
27.7001 75.7203 14.1256 2.84235 628.794
27.8001 75.6689 14.2257 2.85203 628.694
27.9001 75.6175 14.3262 2.86171 628.593
28.0001 75.566 14.427 2.87138 628.492
28.1001 75.5146 14.5282 2.88104 628.391
28.2001 75.4632 14.6297 2.8907 628.29
28.3001 75.4118 14.7315 2.90036 628.188
28.4001 75.3604 14.8337 2.91 628.086
28.5001 75.309 14.9361 2.91964 627.983
28.6001 75.2576 15.0389 2.92928 627.88
28.7001 75.2061 15.1421 2.9389 627.777
28.8001 75.1547 15.2455 2.94852 627.674
28.9001 75.1033 15.3493 2.95814 627.57
29.0001 75.0519 15.4535 2.96775 627.466
29.1001 75.0005 15.5579 2.97735 627.361
29.2001 74.9491 15.6627 2.98694 627.257
29.3001 74.8977 15.7678 2.99653 627.152
29.4001 74.8463 15.8733 3.00611 627.046
29.5001 74.7949 15.979 3.01569 626.94
29.6001 74.7435 16.0851 3.02525 626.834
29.7001 74.6921 16.1915 3.03482 626.728
29.8001 74.6407 16.2983 3.04437 626.621
29.9001 74.5893 16.4054 3.05392 626.514
30.0001 74.5379 16.5127 3.06346 626.407
30.1001 74.4866 16.6205 3.07299 626.299
30.2001 74.4352 16.7285 3.08252 626.191
30.3001 74.3838 16.8369 3.09204 626.083
30.4001 74.3324 16.9456 3.10156 625.974
30.5001 74.281 17.0546 3.11107 625.865
30.6001 74.2296 17.1639 3.12057 625.755
30.7001 74.1783 17.2736 3.13006 625.646
30.8001 74.1269 17.3836 3.13955 625.536
30.9001 74.0755 17.4939 3.14903 625.426
31.0001 74.0241 17.6045 3.1585 625.315
31.1001 73.9727 17.7155 3.16796 625.204
31.2001 73.9214 17.8268 3.17742 625.093
31.3001 73.87 17.9384 3.18688 624.981
31.4001 73.8186 18.0503 3.19632 624.869
31.5001 73.7673 18.1625 3.20576 624.757
31.6001 73.7159 18.2751 3.21519 624.644
31.7001 73.6645 18.388 3.22461 624.531
31.8001 73.6132 18.5012 3.23403 624.418
31.9001 73.5618 18.6147 3.24344 624.305
32.0001 73.5104 18.7285 3.25284 624.191
32.1001 73.4591 18.8427 3.26223 624.077
32.2001 73.4077 18.9571 3.27162 623.962
32.3001 73.3564 19.0719 3.281 623.847
32.4001 73.305 19.187 3.29037 623.732
32.5001 73.2537 19.3024 3.29974 623.617
32.6001 73.2023 19.4182 3.3091 623.501
32.7001 73.151 19.5342 3.31845 623.385
32.8001 73.0996 19.6506 3.32779 623.269
32.9001 73.0483 19.7673 3.33713 623.152
33.0001 72.9969 19.8843 3.34646 623.035
33.1001 72.9456 20.0016 3.35578 622.918
33.2001 72.8942 20.1192 3.36509 622.8
33.3001 72.8429 20.2372 3.3744 622.682
33.4001 72.7916 20.3554 3.3837 622.564
33.5001 72.7402 20.474 3.39299 622.445
33.6001 72.6889 20.5929 3.40227 622.327
33.7001 72.6376 20.7121 3.41155 622.207
33.8001 72.5862 20.8316 3.42082 622.088
33.9001 72.5349 20.9514 3.43008 621.968
34.0001 72.4836 21.0716 3.43933 621.848
34.1001 72.4322 21.192 3.44858 621.727
34.2001 72.3809 21.3128 3.45782 621.607
34.3 72.3296 21.4338 3.46705 621.486
34.4 72.2783 21.5552 3.47627 621.364
34.5 72.227 21.6769 3.48548 621.243
34.6 72.1756 21.7989 3.49469 621.121
34.7 72.1243 21.9212 3.50389 620.998
34.8 72.073 22.0438 3.51308 620.876
34.9 72.0217 22.1667 3.52226 620.753
35 71.9704 22.29 3.53144 620.629
35.1 71.9191 22.4135 3.54061 620.506
35.2 71.8678 22.5373 3.54977 620.382
35.3 71.8165 22.6615 3.55892 620.258
35.4 71.7652 22.7859 3.56806 620.133
35.5 71.7139 22.9107 3.5772 620.009
35.6 71.6626 23.0358 3.58633 619.884
35.7 71.6113 23.1612 3.59545 619.758
35.8 71.56 23.2868 3.60456 619.633
35.9 71.5087 23.4128 3.61366 619.507
36 71.4574 23.5391 3.62276 619.38
36.1 71.4061 23.6657 3.63185 619.254
36.2 71.3548 23.7926 3.64092 619.127
36.3 71.3035 23.9198 3.65 619
36.4 71.2522 24.0473 3.65906 618.872
36.5 71.2009 24.1751 3.66811 618.744
36.6 71.1496 24.3032 3.67716 618.616
36.7 71.0983 24.4316 3.6862 618.488
36.8 71.0471 24.5603 3.69523 618.359
36.9 70.9958 24.6893 3.70425 618.23
37 70.9445 24.8186 3.71326 618.101
37.1 70.8932 24.9482 3.72227 617.971
37.2 70.842 25.0781 3.73127 617.841
37.3 70.7907 25.2083 3.74025 617.711
37.4 70.7394 25.3389 3.74923 617.581
37.5 70.6882 25.4697 3.7582 617.45
37.6 70.6369 25.6008 3.76717 617.319
37.7 70.5856 25.7322 3.77612 617.187
37.8 70.5344 25.8639 3.78507 617.056
37.9 70.4831 25.9958 3.79401 616.924
38 70.4318 26.1281 3.80293 616.791
38.1 70.3806 26.2607 3.81185 616.659
38.2 70.3293 26.3936 3.82077 616.526
38.3 70.2781 26.5268 3.82967 616.393
38.4 70.2268 26.6602 3.83856 616.259
38.5 70.1756 26.794 3.84745 616.125
38.6 70.1243 26.9281 3.85633 615.991
38.7 70.0731 27.0624 3.86519 615.857
38.8 70.0218 27.1971 3.87405 615.722
38.9 69.9706 27.332 3.8829 615.587
39 69.9193 27.4672 3.89175 615.452
39.1 69.8681 27.6027 3.90058 615.317
39.2 69.8169 27.7386 3.9094 615.181
39.3 69.7656 27.8747 3.91822 615.045
39.4 69.7144 28.011 3.92703 614.908
39.5 69.6632 28.1477 3.93582 614.772
39.6 69.6119 28.2847 3.94461 614.635
39.7 69.5607 28.422 3.95339 614.497
39.8 69.5095 28.5595 3.96216 614.36
39.9 69.4583 28.6974 3.97092 614.222
40 69.407 28.8355 3.97968 614.084
40.1 69.3558 28.9739 3.98842 613.946
40.2 69.3046 29.1126 3.99716 613.807
40.3 69.2534 29.2516 4.00588 613.668
40.4 69.2022 29.3909 4.0146 613.529
40.5 69.1509 29.5304 4.0233 613.389
40.6 69.0997 29.6703 4.032 613.249
40.7 69.0485 29.8104 4.04069 613.109
40.7999 68.9973 29.9508 4.04937 612.969
40.8999 68.9461 30.0915 4.05804 612.828
40.9999 68.8949 30.2325 4.0667 612.687
41.0999 68.8437 30.3738 4.07536 612.546
41.1999 68.7925 30.5153 4.084 612.404
41.2999 68.7413 30.6572 4.09263 612.262
41.3999 68.6901 30.7993 4.10126 612.12
41.4999 68.6389 30.9417 4.10987 611.978
41.5999 68.5877 31.0844 4.11848 611.835
41.6999 68.5365 31.2273 4.12707 611.692
41.7999 68.4853 31.3705 4.13566 611.549
41.8999 68.4342 31.5141 4.14424 611.405
41.9999 68.383 31.6579 4.1528 611.262
42.0999 68.3318 31.8019 4.16136 611.117
42.1999 68.2806 31.9463 4.16991 610.973
42.2999 68.2294 32.0909 4.17845 610.828
42.3999 68.1783 32.2358 4.18698 610.684
42.4999 68.1271 32.381 4.1955 610.538
42.5999 68.0759 32.5265 4.20401 610.393
42.6999 68.0247 32.6722 4.21251 610.247
42.7999 67.9736 32.8183 4.221 610.101
42.8999 67.9224 32.9646 4.22948 609.955
42.9999 67.8712 33.1111 4.23795 609.808
43.0999 67.8201 33.258 4.24641 609.661
43.1999 67.7689 33.4051 4.25487 609.514
43.2999 67.7178 33.5525 4.26331 609.367
43.3999 67.6666 33.7001 4.27174 609.219
43.4999 67.6154 33.8481 4.28016 609.071
43.5999 67.5643 33.9963 4.28858 608.923
43.6999 67.5131 34.1448 4.29698 608.775
43.7999 67.462 34.2935 4.30537 608.626
43.8999 67.4108 34.4425 4.31376 608.477
43.9999 67.3597 34.5918 4.32213 608.328
44.0999 67.3086 34.7414 4.33049 608.178
44.1999 67.2574 34.8912 4.33884 608.028
44.2999 67.2063 35.0413 4.34719 607.878
44.3999 67.1551 35.1917 4.35552 607.728
44.4999 67.104 35.3424 4.36384 607.577
44.5999 67.0529 35.4933 4.37216 607.426
44.6999 67.0017 35.6444 4.38046 607.275
44.7999 66.9506 35.7959 4.38875 607.124
44.8999 66.8995 35.9476 4.39704 606.972
44.9999 66.8484 36.0996 4.40531 606.82
45.0999 66.7972 36.2518 4.41357 606.668
45.1999 66.7461 36.4043 4.42182 606.515
45.2999 66.695 36.5571 4.43006 606.362
45.3999 66.6439 36.7101 4.4383 606.209
45.4999 66.5928 36.8634 4.44652 606.056
45.5999 66.5417 37.017 4.45473 605.902
45.6999 66.4905 37.1708 4.46293 605.749
45.7999 66.4394 37.3249 4.47112 605.595
45.8999 66.3883 37.4792 4.4793 605.44
45.9999 66.3372 37.6338 4.48747 605.286
46.0999 66.2861 37.7887 4.49563 605.131
46.1999 66.235 37.9438 4.50378 604.976
46.2999 66.1839 38.0992 4.51192 604.82
46.3999 66.1328 38.2549 4.52004 604.665
46.4999 66.0817 38.4108 4.52816 604.509
46.5999 66.0306 38.5669 4.53627 604.352
46.6999 65.9796 38.7234 4.54436 604.196
46.7999 65.9285 38.88 4.55245 604.039
46.8999 65.8774 39.037 4.56052 603.882
46.9999 65.8263 39.1942 4.56859 603.725
47.0999 65.7752 39.3516 4.57664 603.568
47.1999 65.7241 39.5093 4.58468 603.41
47.2999 65.6731 39.6673 4.59272 603.252
47.3998 65.622 39.8255 4.60074 603.094
47.4998 65.5709 39.984 4.60875 602.935
47.5998 65.5198 40.1427 4.61675 602.777
47.6998 65.4688 40.3017 4.62474 602.618
47.7998 65.4177 40.4609 4.63272 602.459
47.8998 65.3667 40.6204 4.64068 602.299
47.9998 65.3156 40.7801 4.64864 602.139
48.0998 65.2645 40.9401 4.65659 601.979
48.1998 65.2135 41.1003 4.66452 601.819
48.2998 65.1624 41.2608 4.67245 601.659
48.3998 65.1114 41.4216 4.68036 601.498
48.4998 65.0603 41.5826 4.68826 601.337
48.5998 65.0093 41.7438 4.69615 601.176
48.6998 64.9582 41.9053 4.70403 601.014
48.7998 64.9072 42.067 4.7119 600.852
48.8998 64.8561 42.229 4.71976 600.69
48.9998 64.8051 42.3912 4.72761 600.528
49.0998 64.7541 42.5537 4.73544 600.366
49.1998 64.703 42.7164 4.74327 600.203
49.2998 64.652 42.8793 4.75108 600.04
49.3998 64.601 43.0425 4.75888 599.877
49.4998 64.5499 43.206 4.76667 599.713
49.5998 64.4989 43.3697 4.77445 599.55
49.6998 64.4479 43.5336 4.78222 599.386
49.7998 64.3969 43.6978 4.78998 599.222
49.8998 64.3458 43.8622 4.79773 599.057
49.9998 64.2948 44.0269 4.80546 598.893
50.0998 64.2438 44.1918 4.81318 598.728
50.1998 64.1928 44.357 4.8209 598.562
50.2998 64.1418 44.5223 4.8286 598.397
50.3998 64.0908 44.688 4.83629 598.231
50.4998 64.0398 44.8538 4.84396 598.066
50.5998 63.9888 45.0199 4.85163 597.899
50.6998 63.9377 45.1863 4.85928 597.733
50.7998 63.8867 45.3529 4.86693 597.567
50.8998 63.8358 45.5197 4.87456 597.4
50.9998 63.7848 45.6867 4.88218 597.233
51.0998 63.7338 45.854 4.88979 597.065
51.1998 63.6828 46.0216 4.89739 596.898
51.2998 63.6318 46.1893 4.90497 596.73
51.3998 63.5808 46.3573 4.91255 596.562
51.4998 63.5298 46.5255 4.92011 596.394
51.5998 63.4788 46.694 4.92766 596.225
51.6998 63.4278 46.8627 4.9352 596.057
51.7998 63.3769 47.0316 4.94272 595.888
51.8998 63.3259 47.2008 4.95024 595.719
51.9998 63.2749 47.3702 4.95774 595.549
52.0998 63.224 47.5398 4.96523 595.38
52.1998 63.173 47.7097 4.97271 595.21
52.2998 63.122 47.8798 4.98018 595.04
52.3998 63.0711 48.0501 4.98764 594.869
52.4998 63.0201 48.2206 4.99508 594.699
52.5998 62.9691 48.3914 5.00252 594.528
52.6998 62.9182 48.5624 5.00994 594.357
52.7998 62.8672 48.7336 5.01734 594.186
52.8998 62.8163 48.9051 5.02474 594.014
52.9998 62.7653 49.0768 5.03213 593.843
53.0998 62.7144 49.2487 5.0395 593.671
53.1998 62.6634 49.4208 5.04686 593.499
53.2998 62.6125 49.5932 5.05421 593.326
53.3998 62.5615 49.7658 5.06154 593.154
53.4998 62.5106 49.9386 5.06887 592.981
53.5998 62.4597 50.1116 5.07618 592.808
53.6998 62.4087 50.2848 5.08348 592.635
53.7998 62.3578 50.4583 5.09077 592.461
53.8997 62.3069 50.632 5.09804 592.287
53.9997 62.2559 50.8059 5.1053 592.113
54.0997 62.205 50.9801 5.11256 591.939
54.1997 62.1541 51.1544 5.11979 591.765
54.2997 62.1032 51.329 5.12702 591.59
54.3997 62.0523 51.5038 5.13423 591.416
54.4997 62.0013 51.6788 5.14144 591.241
54.5997 61.9504 51.8541 5.14862 591.065
54.6997 61.8995 52.0295 5.1558 590.89
54.7997 61.8486 52.2052 5.16297 590.714
54.8997 61.7977 52.3811 5.17012 590.538
54.9997 61.7468 52.5572 5.17726 590.362
55.0997 61.6959 52.7335 5.18438 590.186
55.1997 61.645 52.91 5.1915 590.009
55.2997 61.5941 53.0868 5.1986 589.833
55.3997 61.5432 53.2637 5.20569 589.656
55.4997 61.4923 53.4409 5.21277 589.479
55.5997 61.4414 53.6183 5.21983 589.301
55.6997 61.3905 53.7959 5.22688 589.124
55.7997 61.3397 53.9737 5.23392 588.946
55.8997 61.2888 54.1517 5.24095 588.768
55.9997 61.2379 54.3299 5.24796 588.589
56.0997 61.187 54.5084 5.25496 588.411
56.1997 61.1361 54.687 5.26195 588.232
56.2997 61.0853 54.8659 5.26893 588.054
56.3997 61.0344 55.045 5.27589 587.874
56.4997 60.9835 55.2242 5.28284 587.695
56.5997 60.9327 55.4037 5.28978 587.516
56.6997 60.8818 55.5834 5.2967 587.336
56.7997 60.8309 55.7633 5.30361 587.156
56.8997 60.7801 55.9434 5.31051 586.976
56.9997 60.7292 56.1237 5.31739 586.796
57.0997 60.6784 56.3042 5.32427 586.615
57.1997 60.6275 56.4849 5.33113 586.434
57.2997 60.5767 56.6658 5.33797 586.254
57.3997 60.5258 56.847 5.34481 586.072
57.4997 60.475 57.0283 5.35163 585.891
57.5997 60.4241 57.2098 5.35843 585.71
57.6997 60.3733 57.3915 5.36523 585.528
57.7997 60.3225 57.5735 5.37201 585.346
57.8997 60.2716 57.7556 5.37878 585.164
57.9997 60.2208 57.9379 5.38553 584.981
58.0997 60.17 58.1204 5.39227 584.799
58.1997 60.1191 58.3032 5.399 584.616
58.2997 60.0683 58.4861 5.40572 584.433
58.3997 60.0175 58.6692 5.41242 584.25
58.4997 59.9667 58.8525 5.41911 584.067
58.5997 59.9159 59.036 5.42578 583.883
58.6997 59.865 59.2197 5.43245 583.7
58.7997 59.8142 59.4036 5.4391 583.516
58.8997 59.7634 59.5877 5.44573 583.332
58.9997 59.7126 59.772 5.45235 583.147
59.0997 59.6618 59.9565 5.45896 582.963
59.1997 59.611 60.1412 5.46556 582.778
59.2997 59.5602 60.326 5.47214 582.593
59.3997 59.5094 60.5111 5.47871 582.408
59.4997 59.4586 60.6964 5.48526 582.223
59.5997 59.4078 60.8818 5.4918 582.038
59.6997 59.357 61.0674 5.49833 581.852
59.7997 59.3062 61.2533 5.50485 581.666
59.8997 59.2555 61.4393 5.51135 581.48
59.9997 59.2047 61.6255 5.51783 581.294
60.0997 59.1539 61.8118 5.52431 581.108
60.1997 59.1031 61.9984 5.53077 580.921
60.2997 59.0523 62.1852 5.53721 580.734
60.3997 59.0016 62.3721 5.54364 580.547
60.4996 58.9508 62.5593 5.55006 580.36
60.5996 58.9 62.7466 5.55647 580.173
60.6996 58.8493 62.9341 5.56286 579.985
60.7996 58.7985 63.1218 5.56924 579.798
60.8996 58.7477 63.3096 5.5756 579.61
60.9996 58.697 63.4977 5.58195 579.422
61.0996 58.6462 63.6859 5.58829 579.234
61.1996 58.5955 63.8743 5.59461 579.045
61.2996 58.5447 64.0629 5.60092 578.856
61.3996 58.494 64.2517 5.60721 578.668
61.4996 58.4432 64.4406 5.61349 578.479
61.5996 58.3925 64.6298 5.61976 578.29
61.6996 58.3418 64.8191 5.62601 578.1
61.7996 58.291 65.0086 5.63225 577.911
61.8996 58.2403 65.1982 5.63847 577.721
61.9996 58.1895 65.3881 5.64468 577.531
62.0996 58.1388 65.5781 5.65088 577.341
62.1996 58.0881 65.7683 5.65706 577.151
62.2996 58.0374 65.9587 5.66323 576.961
62.3996 57.9866 66.1492 5.66938 576.77
62.4996 57.9359 66.3399 5.67552 576.579
62.5996 57.8852 66.5308 5.68165 576.389
62.6996 57.8345 66.7219 5.68776 576.198
62.7996 57.7838 66.9131 5.69386 576.006
62.8996 57.7331 67.1045 5.69994 575.815
62.9996 57.6824 67.2961 5.70601 575.623
63.0996 57.6317 67.4879 5.71206 575.432
63.1996 57.581 67.6798 5.7181 575.24
63.2996 57.5303 67.8719 5.72413 575.048
63.3996 57.4796 68.0641 5.73014 574.855
63.4996 57.4289 68.2566 5.73613 574.663
63.5996 57.3782 68.4492 5.74212 574.47
63.6996 57.3275 68.6419 5.74808 574.277
63.7996 57.2768 68.8349 5.75404 574.085
63.8996 57.2261 69.028 5.75998 573.891
63.9996 57.1754 69.2212 5.7659 573.698
64.0996 57.1247 69.4146 5.77181 573.505
64.1996 57.0741 69.6082 5.77771 573.311
64.2996 57.0234 69.802 5.78359 573.117
64.3996 56.9727 69.9959 5.78945 572.924
64.4996 56.9221 70.19 5.7953 572.729
64.5996 56.8714 70.3842 5.80114 572.535
64.6996 56.8207 70.5786 5.80696 572.341
64.7996 56.7701 70.7732 5.81277 572.146
64.8996 56.7194 70.9679 5.81856 571.952
64.9996 56.6687 71.1628 5.82434 571.757
65.0996 56.6181 71.3578 5.8301 571.562
65.1996 56.5674 71.553 5.83585 571.366
65.2996 56.5168 71.7483 5.84159 571.171
65.3996 56.4661 71.9438 5.84731 570.976
65.4996 56.4155 72.1395 5.85301 570.78
65.5996 56.3649 72.3353 5.8587 570.584
65.6996 56.3142 72.5313 5.86437 570.388
65.7996 56.2636 72.7274 5.87003 570.192
65.8996 56.213 72.9237 5.87568 569.996
65.9996 56.1623 73.1202 5.88131 569.799
66.0996 56.1117 73.3167 5.88692 569.603
66.1996 56.0611 73.5135 5.89252 569.406
66.2996 56.0105 73.7104 5.89811 569.209
66.3996 55.9598 73.9074 5.90368 569.012
66.4996 55.9092 74.1046 5.90923 568.815
66.5996 55.8586 74.302 5.91477 568.617
66.6996 55.808 74.4995 5.92029 568.42
66.7996 55.7574 74.6971 5.9258 568.222
66.8996 55.7068 74.8949 5.9313 568.025
66.9995 55.6562 75.0928 5.93678 567.827
67.0995 55.6056 75.2909 5.94224 567.628
67.1995 55.555 75.4892 5.94769 567.43
67.2995 55.5044 75.6875 5.95312 567.232
67.3995 55.4538 75.886 5.95854 567.033
67.4995 55.4032 76.0847 5.96394 566.835
67.5995 55.3526 76.2835 5.96933 566.636
67.6995 55.302 76.4825 5.9747 566.437
67.7995 55.2514 76.6816 5.98006 566.238
67.8995 55.2009 76.8808 5.9854 566.039
67.9995 55.1503 77.0802 5.99072 565.839
68.0995 55.0997 77.2797 5.99603 565.64
68.1995 55.0491 77.4794 6.00133 565.44
68.2995 54.9986 77.6792 6.00661 565.24
68.3995 54.948 77.8791 6.01187 565.04
68.4995 54.8974 78.0792 6.01712 564.84
68.5995 54.8469 78.2794 6.02236 564.64
68.6995 54.7963 78.4797 6.02757 564.44
68.7995 54.7457 78.6802 6.03277 564.239
68.8995 54.6952 78.8808 6.03796 564.039
68.9995 54.6446 79.0816 6.04313 563.838
69.0995 54.5941 79.2825 6.04829 563.637
69.1995 54.5435 79.4835 6.05343 563.436
69.2995 54.493 79.6847 6.05855 563.235
69.3995 54.4425 79.886 6.06366 563.033
69.4995 54.3919 80.0874 6.06875 562.832
69.5995 54.3414 80.2889 6.07383 562.63
69.6995 54.2909 80.4906 6.07889 562.429
69.7995 54.2403 80.6924 6.08393 562.227
69.8995 54.1898 80.8944 6.08896 562.025
69.9995 54.1393 81.0965 6.09398 561.823
70.0995 54.0888 81.2987 6.09897 561.621
70.1995 54.0382 81.501 6.10396 561.418
70.2995 53.9877 81.7035 6.10892 561.216
70.3995 53.9372 81.906 6.11387 561.013
70.4995 53.8867 82.1087 6.1188 560.811
70.5995 53.8362 82.3116 6.12372 560.608
70.6995 53.7857 82.5145 6.12862 560.405
70.7995 53.7352 82.7176 6.13351 560.202
70.8995 53.6847 82.9208 6.13838 559.999
70.9995 53.6342 83.1242 6.14323 559.795
71.0995 53.5837 83.3276 6.14807 559.592
71.1995 53.5332 83.5312 6.15289 559.388
71.2995 53.4827 83.7349 6.1577 559.185
71.3995 53.4322 83.9387 6.16249 558.981
71.4995 53.3817 84.1426 6.16726 558.777
71.5995 53.3312 84.3467 6.17202 558.573
71.6995 53.2808 84.5509 6.17676 558.369
71.7995 53.2303 84.7552 6.18149 558.164
71.8995 53.1798 84.9596 6.18619 557.96
71.9995 53.1293 85.1641 6.19089 557.755
72.0995 53.0789 85.3687 6.19556 557.551
72.1995 53.0284 85.5735 6.20022 557.346
72.2995 52.9779 85.7784 6.20487 557.141
72.3995 52.9275 85.9834 6.20949 556.936
72.4995 52.877 86.1885 6.2141 556.731
72.5995 52.8266 86.3937 6.2187 556.526
72.6995 52.7761 86.599 6.22328 556.32
72.7995 52.7257 86.8044 6.22784 556.115
72.8995 52.6752 87.01 6.23238 555.909
72.9995 52.6248 87.2156 6.23691 555.704
73.0995 52.5743 87.4214 6.24142 555.498
73.1995 52.5239 87.6273 6.24592 555.292
73.2995 52.4735 87.8333 6.2504 555.086
73.3995 52.423 88.0394 6.25486 554.88
73.4995 52.3726 88.2456 6.2593 554.674
73.5994 52.3222 88.4519 6.26373 554.468
73.6994 52.2717 88.6583 6.26815 554.261
73.7994 52.2213 88.8648 6.27254 554.055
73.8994 52.1709 89.0714 6.27692 553.848
73.9994 52.1205 89.2781 6.28128 553.641
74.0994 52.0701 89.485 6.28563 553.434
74.1994 52.0197 89.6919 6.28996 553.228
74.2994 51.9692 89.8989 6.29427 553.02
74.3994 51.9188 90.1061 6.29857 552.813
74.4994 51.8684 90.3133 6.30285 552.606
74.5994 51.818 90.5206 6.30711 552.399
74.6994 51.7676 90.7281 6.31135 552.191
74.7994 51.7172 90.9356 6.31558 551.984
74.8994 51.6668 91.1433 6.31979 551.776
74.9994 51.6165 91.351 6.32399 551.568
75.0994 51.5661 91.5588 6.32817 551.361
75.1994 51.5157 91.7668 6.33233 551.153
75.2994 51.4653 91.9748 6.33647 550.945
75.3994 51.4149 92.1829 6.3406 550.737
75.4994 51.3645 92.3911 6.34471 550.528
75.5994 51.3142 92.5994 6.3488 550.32
75.6994 51.2638 92.8078 6.35287 550.112
75.7994 51.2134 93.0163 6.35693 549.903
75.8994 51.1631 93.2249 6.36097 549.695
75.9994 51.1127 93.4336 6.365 549.486
76.0994 51.0623 93.6423 6.36901 549.277
76.1994 51.012 93.8512 6.373 549.068
76.2994 50.9616 94.0601 6.37697 548.859
76.3994 50.9113 94.2692 6.38093 548.65
76.4994 50.8609 94.4783 6.38486 548.441
76.5994 50.8106 94.6875 6.38879 548.232
76.6994 50.7602 94.8968 6.39269 548.023
76.7994 50.7099 95.1062 6.39658 547.813
76.8994 50.6596 95.3157 6.40045 547.604
76.9994 50.6092 95.5252 6.4043 547.394
77.0994 50.5589 95.7349 6.40813 547.185
77.1994 50.5086 95.9446 6.41195 546.975
77.2994 50.4582 96.1544 6.41575 546.765
77.3994 50.4079 96.3643 6.41953 546.555
77.4994 50.3576 96.5743 6.4233 546.345
77.5994 50.3073 96.7843 6.42705 546.135
77.6994 50.257 96.9944 6.43078 545.925
77.7994 50.2066 97.2047 6.43449 545.715
77.8994 50.1563 97.415 6.43819 545.504
77.9994 50.106 97.6253 6.44186 545.294
78.0994 50.0557 97.8358 6.44552 545.084
78.1994 50.0054 98.0463 6.44917 544.873
78.2994 49.9551 98.2569 6.45279 544.663
78.3994 49.9048 98.4676 6.4564 544.452
78.4994 49.8545 98.6783 6.45999 544.241
78.5994 49.8042 98.8892 6.46356 544.03
78.6994 49.7539 99.1001 6.46712 543.819
78.7994 49.7037 99.3111 6.47066 543.608
78.8994 49.6534 99.5221 6.47418 543.397
78.9994 49.6031 99.7332 6.47768 543.186
79.0994 49.5528 99.9444 6.48116 542.975
79.1994 49.5025 100.156 6.48463 542.764
79.2994 49.4523 100.367 6.48808 542.552
79.3994 49.402 100.578 6.49151 542.341
79.4994 49.3517 100.79 6.49492 542.129
79.5994 49.3015 101.001 6.49831 541.918
79.6994 49.2512 101.213 6.50169 541.706
79.7994 49.201 101.425 6.50505 541.495
79.8994 49.1507 101.636 6.50839 541.283
79.9994 49.1004 101.848 6.51172 541.071
80.0993 49.0502 102.06 6.51502 540.859
80.1993 48.9999 102.272 6.51831 540.647
80.2993 48.9497 102.484 6.52158 540.435
80.3993 48.8995 102.696 6.52483 540.223
80.4993 48.8492 102.908 6.52806 540.011
80.5993 48.799 103.121 6.53128 539.799
80.6993 48.7487 103.333 6.53448 539.587
80.7993 48.6985 103.545 6.53766 539.374
80.8993 48.6483 103.757 6.54082 539.162
80.9993 48.5981 103.97 6.54396 538.95
81.0993 48.5478 104.182 6.54709 538.737
81.1993 48.4976 104.395 6.55019 538.524
81.2993 48.4474 104.608 6.55328 538.312
81.3993 48.3972 104.82 6.55635 538.099
81.4993 48.347 105.033 6.5594 537.886
81.5993 48.2968 105.246 6.56244 537.674
81.6993 48.2466 105.459 6.56545 537.461
81.7993 48.1964 105.671 6.56845 537.248
81.8993 48.1462 105.884 6.57143 537.035
81.9993 48.096 106.097 6.57439 536.822
82.0993 48.0458 106.31 6.57733 536.609
82.1993 47.9956 106.524 6.58026 536.396
82.2993 47.9454 106.737 6.58317 536.183
82.3993 47.8952 106.95 6.58605 535.97
82.4993 47.845 107.163 6.58892 535.756
82.5993 47.7948 107.376 6.59177 535.543
82.6993 47.7447 107.59 6.5946 535.33
82.7993 47.6945 107.803 6.59742 535.116
82.8993 47.6443 108.017 6.60021 534.903
82.9993 47.5941 108.23 6.60299 534.689
83.0993 47.544 108.444 6.60575 534.476
83.1993 47.4938 108.657 6.60849 534.262
83.2993 47.4437 108.871 6.61121 534.049
83.3993 47.3935 109.084 6.61391 533.835
83.4993 47.3433 109.298 6.6166 533.621
83.5993 47.2932 109.512 6.61926 533.408
83.6993 47.243 109.726 6.62191 533.194
83.7993 47.1929 109.94 6.62454 532.98
83.8993 47.1427 110.153 6.62715 532.766
83.9993 47.0926 110.367 6.62974 532.552
84.0993 47.0425 110.581 6.63231 532.338
84.1993 46.9923 110.795 6.63486 532.124
84.2993 46.9422 111.009 6.6374 531.91
84.3993 46.8921 111.223 6.63991 531.696
84.4993 46.8419 111.437 6.64241 531.482
84.5993 46.7918 111.652 6.64489 531.268
84.6993 46.7417 111.866 6.64735 531.054
84.7993 46.6916 112.08 6.64979 530.839
84.8993 46.6414 112.294 6.65221 530.625
84.9993 46.5913 112.509 6.65461 530.411
85.0993 46.5412 112.723 6.657 530.197
85.1993 46.4911 112.937 6.65936 529.982
85.2993 46.441 113.152 6.66171 529.768
85.3993 46.3909 113.366 6.66404 529.553
85.4993 46.3408 113.58 6.66634 529.339
85.5993 46.2907 113.795 6.66863 529.125
85.6993 46.2406 114.009 6.6709 528.91
85.7993 46.1905 114.224 6.67316 528.696
85.8993 46.1404 114.438 6.67539 528.481
85.9993 46.0903 114.653 6.6776 528.266
86.0993 46.0403 114.868 6.67979 528.052
86.1993 45.9902 115.082 6.68197 527.837
86.2993 45.9401 115.297 6.68413 527.623
86.3993 45.89 115.512 6.68626 527.408
86.4993 45.8399 115.726 6.68838 527.193
86.5993 45.7899 115.941 6.69048 526.978
86.6992 45.7398 116.156 6.69256 526.764
86.7992 45.6897 116.37 6.69462 526.549
86.8992 45.6397 116.585 6.69666 526.334
86.9992 45.5896 116.8 6.69868 526.119
87.0992 45.5396 117.015 6.70068 525.905
87.1992 45.4895 117.23 6.70267 525.69
87.2992 45.4395 117.445 6.70463 525.475
87.3992 45.3894 117.659 6.70657 525.26
87.4992 45.3394 117.874 6.7085 525.045
87.5992 45.2893 118.089 6.7104 524.83
87.6992 45.2393 118.304 6.71229 524.615
87.7992 45.1893 118.519 6.71416 524.4
87.8992 45.1392 118.734 6.71601 524.185
87.9992 45.0892 118.949 6.71783 523.97
88.0992 45.0392 119.164 6.71964 523.755
88.1992 44.9891 119.379 6.72143 523.54
88.2992 44.9391 119.594 6.7232 523.325
88.3992 44.8891 119.809 6.72495 523.11
88.4992 44.8391 120.024 6.72668 522.895
88.5992 44.7891 120.239 6.72839 522.68
88.6992 44.7391 120.454 6.73009 522.465
88.7992 44.689 120.669 6.73176 522.25
88.8992 44.639 120.884 6.73341 522.035
88.9992 44.589 121.099 6.73504 521.82
89.0992 44.539 121.315 6.73666 521.605
89.1992 44.489 121.53 6.73825 521.39
89.2992 44.439 121.745 6.73983 521.175
89.3992 44.3891 121.96 6.74138 520.96
89.4992 44.3391 122.175 6.74292 520.744
89.5992 44.2891 122.39 6.74443 520.529
89.6992 44.2391 122.605 6.74593 520.314
89.7992 44.1891 122.82 6.7474 520.099
89.8992 44.1391 123.035 6.74886 519.884
89.9992 44.0892 123.25 6.75029 519.669
90.0992 44.0392 123.466 6.75171 519.454
90.1992 43.9892 123.681 6.75311 519.239
90.2992 43.9393 123.896 6.75448 519.024
90.3992 43.8893 124.111 6.75584 518.808
90.4992 43.8393 124.326 6.75718 518.593
90.5992 43.7894 124.541 6.7585 518.378
90.6992 43.7394 124.756 6.75979 518.163
90.7992 43.6895 124.971 6.76107 517.948
90.8992 43.6395 125.186 6.76233 517.733
90.9992 43.5896 125.401 6.76357 517.518
91.0992 43.5396 125.617 6.76478 517.303
91.1992 43.4897 125.832 6.76598 517.088
91.2992 43.4397 126.047 6.76716 516.873
91.3992 43.3898 126.262 6.76832 516.658
91.4992 43.3399 126.477 6.76946 516.443
91.5992 43.2899 126.692 6.77057 516.228
91.6992 43.24 126.907 6.77167 516.013
91.7992 43.1901 127.122 6.77275 515.798
91.8992 43.1402 127.337 6.77381 515.583
91.9992 43.0902 127.552 6.77485 515.368
92.0992 43.0403 127.767 6.77586 515.153
92.1992 42.9904 127.982 6.77686 514.938
92.2992 42.9405 128.197 6.77784 514.723
92.3992 42.8906 128.412 6.7788 514.508
92.4992 42.8407 128.627 6.77973 514.293
92.5992 42.7908 128.841 6.78065 514.078
92.6992 42.7409 129.056 6.78155 513.863
92.7992 42.691 129.271 6.78242 513.648
92.8992 42.6411 129.486 6.78328 513.433
92.9992 42.5912 129.701 6.78412 513.219
93.0992 42.5413 129.916 6.78493 513.004
93.1992 42.4914 130.13 6.78573 512.789
93.2991 42.4415 130.345 6.7865 512.574
93.3991 42.3916 130.56 6.78726 512.359
93.4991 42.3418 130.775 6.78799 512.145
93.5991 42.2919 130.989 6.78871 511.93
93.6991 42.242 131.204 6.7894 511.715
93.7991 42.1921 131.419 6.79007 511.501
93.8991 42.1423 131.633 6.79073 511.286
93.9991 42.0924 131.848 6.79136 511.071
94.0991 42.0426 132.063 6.79197 510.857
94.1991 41.9927 132.277 6.79256 510.642
94.2991 41.9428 132.492 6.79314 510.428
94.3991 41.893 132.706 6.79369 510.213
94.4991 41.8431 132.921 6.79422 509.999
94.5991 41.7933 133.135 6.79473 509.784
94.6991 41.7434 133.349 6.79522 509.57
94.7991 41.6936 133.564 6.79569 509.356
94.8991 41.6438 133.778 6.79614 509.141
94.9991 41.5939 133.992 6.79656 508.927
95.0991 41.5441 134.207 6.79697 508.713
95.1991 41.4943 134.421 6.79736 508.498
95.2991 41.4444 134.635 6.79773 508.284
95.3991 41.3946 134.849 6.79807 508.07
95.4991 41.3448 135.064 6.7984 507.856
95.5991 41.295 135.278 6.7987 507.642
95.6991 41.2451 135.492 6.79899 507.428
95.7991 41.1953 135.706 6.79925 507.214
95.8991 41.1455 135.92 6.79949 507
95.9991 41.0957 136.134 6.79971 506.786
96.0991 41.0459 136.348 6.79991 506.572
96.1991 40.9961 136.561 6.8001 506.358
96.2991 40.9463 136.775 6.80025 506.144
96.3991 40.8965 136.989 6.80039 505.93
96.4991 40.8467 137.203 6.80051 505.717
96.5991 40.7969 137.417 6.80061 505.503
96.6991 40.7471 137.63 6.80069 505.289
96.7991 40.6973 137.844 6.80074 505.076
96.8991 40.6475 138.057 6.80078 504.862
96.9991 40.5978 138.271 6.80079 504.648
97.0991 40.548 138.484 6.80079 504.435
97.1991 40.4982 138.698 6.80076 504.222
97.2991 40.4484 138.911 6.80071 504.008
97.3991 40.3987 139.125 6.80064 503.795
97.4991 40.3489 139.338 6.80055 503.582
97.5991 40.2991 139.551 6.80044 503.368
97.6991 40.2494 139.764 6.80031 503.155
97.7991 40.1996 139.977 6.80016 502.942
97.8991 40.1498 140.191 6.79998 502.729
97.9991 40.1001 140.404 6.79979 502.516
98.0991 40.0503 140.617 6.79957 502.303
98.1991 40.0006 140.83 6.79934 502.09
98.2991 39.9508 141.042 6.79908 501.877
98.3991 39.9011 141.255 6.7988 501.664
98.4991 39.8513 141.468 6.7985 501.451
98.5991 39.8016 141.681 6.79818 501.239
98.6991 39.7519 141.893 6.79784 501.026
98.7991 39.7021 142.106 6.79748 500.813
98.8991 39.6524 142.319 6.79709 500.601
98.9991 39.6027 142.531 6.79669 500.388
99.0991 39.553 142.744 6.79626 500.176
99.1991 39.5032 142.956 6.79582 499.964
99.2991 39.4535 143.168 6.79535 499.751
99.3991 39.4038 143.38 6.79486 499.539
99.4991 39.3541 143.593 6.79435 499.327
99.5991 39.3044 143.805 6.79382 499.115
99.6991 39.2547 144.017 6.79327 498.903
99.799 39.205 144.229 6.79269 498.691
99.899 39.1552 144.441 6.7921 498.479
99.999 39.1055 144.653 6.79148 498.267
100.099 39.0558 144.865 6.79084 498.055
100.199 39.0062 145.076 6.79019 497.843
100.299 38.9565 145.288 6.78951 497.631
100.399 38.9068 145.5 6.78881 497.42
100.499 38.8571 145.711 6.78808 497.208
100.599 38.8074 145.923 6.78734 496.997
100.699 38.7577 146.134 6.78657 496.785
100.799 38.708 146.345 6.78579 496.574
100.899 38.6584 146.557 6.78498 496.363
100.999 38.6087 146.768 6.78415 496.152
101.099 38.559 146.979 6.7833 495.941
101.199 38.5093 147.19 6.78243 495.729
101.299 38.4597 147.401 6.78154 495.518
101.399 38.41 147.612 6.78062 495.308
101.499 38.3604 147.823 6.77969 495.097
101.599 38.3107 148.033 6.77873 494.886
101.699 38.261 148.244 6.77775 494.675
101.799 38.2114 148.455 6.77675 494.465
101.899 38.1617 148.665 6.77573 494.254
101.999 38.1121 148.876 6.77469 494.044
102.099 38.0625 149.086 6.77363 493.833
102.199 38.0128 149.296 6.77254 493.623
102.299 37.9632 149.507 6.77144 493.413
102.399 37.9135 149.717 6.77031 493.203
102.499 37.8639 149.927 6.76916 492.993
102.599 37.8143 150.137 6.76799 492.783
102.699 37.7646 150.347 6.76679 492.573
102.799 37.715 150.556 6.76558 492.363
102.899 37.6654 150.766 6.76434 492.153
102.999 37.6158 150.976 6.76309 491.944
103.099 37.5662 151.185 6.76181 491.734
103.199 37.5165 151.395 6.76051 491.525
103.299 37.4669 151.604 6.75919 491.315
103.399 37.4173 151.814 6.75784 491.106
103.499 37.3677 152.023 6.75648 490.897
103.599 37.3181 152.232 6.75509 490.688
103.699 37.2685 152.441 6.75368 490.478
103.799 37.2189 152.65 6.75225 490.27
103.899 37.1693 152.859 6.7508 490.061
103.999 37.1197 153.067 6.74933 489.852
104.099 37.0701 153.276 6.74783 489.643
104.199 37.0205 153.485 6.74632 489.435
104.299 36.9709 153.693 6.74478 489.226
104.399 36.9214 153.902 6.74322 489.018
104.499 36.8718 154.11 6.74164 488.809
104.599 36.8222 154.318 6.74004 488.601
104.699 36.7726 154.526 6.73841 488.393
104.799 36.7231 154.734 6.73676 488.185
104.899 36.6735 154.942 6.7351 487.977
104.999 36.6239 155.15 6.73341 487.769
105.099 36.5744 155.358 6.7317 487.562
105.199 36.5248 155.565 6.72996 487.354
105.299 36.4752 155.773 6.72821 487.146
105.399 36.4257 155.98 6.72643 486.939
105.499 36.3761 156.188 6.72463 486.732
105.599 36.3266 156.395 6.72281 486.524
105.699 36.277 156.602 6.72097 486.317
105.799 36.2275 156.809 6.71911 486.11
105.899 36.1779 157.016 6.71722 485.903
105.999 36.1284 157.223 6.71531 485.696
106.099 36.0789 157.43 6.71338 485.49
106.199 36.0293 157.636 6.71143 485.283
106.299 35.9798 157.843 6.70946 485.077
106.399 35.9303 158.049 6.70747 484.87
106.499 35.8807 158.256 6.70545 484.664
106.599 35.8312 158.462 6.70341 484.458
106.699 35.7817 158.668 6.70135 484.252
106.799 35.7322 158.874 6.69927 484.046
106.899 35.6826 159.08 6.69717 483.84
106.999 35.6331 159.285 6.69504 483.634
107.099 35.5836 159.491 6.69289 483.428
107.199 35.5341 159.697 6.69072 483.223
107.299 35.4846 159.902 6.68853 483.017
107.399 35.4351 160.107 6.68632 482.812
107.499 35.3856 160.313 6.68408 482.607
107.599 35.3361 160.518 6.68183 482.402
107.699 35.2866 160.723 6.67955 482.197
107.799 35.2371 160.928 6.67725 481.992
107.899 35.1876 161.132 6.67492 481.787
107.999 35.1381 161.337 6.67258 481.582
108.099 35.0886 161.542 6.67021 481.378
108.199 35.0392 161.746 6.66782 481.173
108.299 34.9897 161.95 6.66541 480.969
108.399 34.9402 162.154 6.66298 480.765
108.499 34.8907 162.358 6.66052 480.561
108.599 34.8412 162.562 6.65805 480.357
108.699 34.7918 162.766 6.65555 480.153
108.799 34.7423 162.97 6.65303 479.949
108.899 34.6928 163.174 6.65049 479.746
108.999 34.6434 163.377 6.64792 479.542
109.099 34.5939 163.58 6.64534 479.339
109.199 34.5445 163.784 6.64273 479.136
109.299 34.495 163.987 6.6401 478.933
109.399 34.4455 164.19 6.63744 478.73
109.499 34.3961 164.392 6.63477 478.527
109.599 34.3467 164.595 6.63207 478.324
109.699 34.2972 164.798 6.62935 478.122
109.799 34.2478 165 6.62661 477.919
109.899 34.1983 165.202 6.62385 477.717
109.999 34.1489 165.405 6.62106 477.515
110.099 34.0995 165.607 6.61826 477.313
110.199 34.05 165.809 6.61543 477.111
110.299 34.0006 166.011 6.61258 476.909
110.399 33.9512 166.212 6.6097 476.707
110.499 33.9017 166.414 6.60681 476.506
110.599 33.8523 166.615 6.60389 476.304
110.699 33.8029 166.817 6.60095 476.103
110.799 33.7535 167.018 6.59799 475.902
110.899 33.7041 167.219 6.59501 475.701
110.999 33.6547 167.42 6.592 475.5
111.099 33.6052 167.62 6.58897 475.299
111.199 33.5558 167.821 6.58592 475.098
111.299 33.5064 168.021 6.58285 474.898
111.399 33.457 168.222 6.57976 474.698
111.499 33.4076 168.422 6.57664 474.497
111.599 33.3582 168.622 6.5735 474.297
111.699 33.3088 168.822 6.57034 474.097
111.799 33.2594 169.022 6.56716 473.898
111.899 33.2101 169.221 6.56395 473.698
111.999 33.1607 169.421 6.56073 473.498
112.099 33.1113 169.62 6.55748 473.299
112.199 33.0619 169.82 6.55421 473.1
112.299 33.0125 170.019 6.55091 472.901
112.399 32.9631 170.218 6.5476 472.702
112.499 32.9138 170.416 6.54426 472.503
112.599 32.8644 170.615 6.5409 472.304
112.699 32.815 170.814 6.53752 472.106
112.799 32.7657 171.012 6.53411 471.907
112.899 32.7163 171.21 6.53069 471.709
112.999 32.6669 171.408 6.52724 471.511
113.099 32.6176 171.606 6.52377 471.313
113.199 32.5682 171.804 6.52028 471.115
113.299 32.5189 172.002 6.51676 470.918
113.399 32.4695 172.199 6.51322 470.72
113.499 32.4202 172.397 6.50966 470.523
113.599 32.3708 172.594 6.50608 470.326
113.699 32.3215 172.791 6.50248 470.129
113.799 32.2721 172.988 6.49885 469.932
113.899 32.2228 173.184 6.4952 469.735
113.999 32.1735 173.381 6.49153 469.538
114.099 32.1241 173.578 6.48784 469.342
114.199 32.0748 173.774 6.48413 469.146
114.299 32.0255 173.97 6.48039 468.949
114.399 31.9761 174.166 6.47663 468.753
114.499 31.9268 174.362 6.47285 468.558
114.599 31.8775 174.557 6.46904 468.362
114.699 31.8282 174.753 6.46522 468.166
114.799 31.7788 174.948 6.46137 467.971
114.899 31.7295 175.143 6.4575 467.776
114.999 31.6802 175.339 6.45361 467.581
115.099 31.6309 175.533 6.44969 467.386
115.199 31.5816 175.728 6.44576 467.191
115.299 31.5323 175.923 6.4418 466.997
115.399 31.483 176.117 6.43782 466.802
115.499 31.4337 176.311 6.43381 466.608
115.599 31.3844 176.505 6.42979 466.414
115.699 31.3351 176.699 6.42574 466.22
115.799 31.2858 176.893 6.42167 466.026
115.899 31.2365 177.087 6.41758 465.833
115.999 31.1872 177.28 6.41346 465.639
116.099 31.1379 177.473 6.40933 465.446
116.199 31.0887 177.666 6.40517 465.253
116.299 31.0394 177.859 6.40099 465.06
116.399 30.9901 178.052 6.39678 464.867
116.499 30.9408 178.245 6.39256 464.675
116.599 30.8916 178.437 6.38831 464.482
116.699 30.8423 178.629 6.38404 464.29
116.799 30.793 178.822 6.37975 464.098
116.899 30.7437 179.013 6.37543 463.906
116.999 30.6945 179.205 6.3711 463.714
117.099 30.6452 179.397 6.36674 463.523
117.199 30.596 179.588 6.36236 463.331
117.299 30.5467 179.779 6.35795 463.14
117.399 30.4975 179.971 6.35353 462.949
117.499 30.4482 180.161 6.34908 462.758
117.599 30.3989 180.352 6.34461 462.567
117.699 30.3497 180.543 6.34012 462.377
117.799 30.3005 180.733 6.33561 462.186
117.899 30.2512 180.923 6.33107 461.996
117.999 30.202 181.113 6.32651 461.806
118.099 30.1527 181.303 6.32193 461.616
118.199 30.1035 181.493 6.31733 461.427
118.299 30.0543 181.682 6.3127 461.237
118.399 30.005 181.872 6.30806 461.048
118.499 29.9558 182.061 6.30339 460.859
118.599 29.9066 182.25 6.29869 460.67
118.699 29.8574 182.438 6.29398 460.481
118.799 29.8081 182.627 6.28925 460.292
118.899 29.7589 182.815 6.28449 460.104
118.999 29.7097 183.004 6.27971 459.916
119.099 29.6605 183.192 6.2749 459.728
119.199 29.6113 183.38 6.27008 459.54
119.299 29.5621 183.567 6.26523 459.352
119.399 29.5129 183.755 6.26036 459.165
119.499 29.4637 183.942 6.25547 458.977
119.599 29.4145 184.129 6.25056 458.79
119.699 29.3653 184.316 6.24563 458.603
119.799 29.3161 184.503 6.24067 458.416
119.899 29.2669 184.69 6.23569 458.23
119.999 29.2177 184.876 6.23069 458.043
120.099 29.1685 185.062 6.22566 457.857
120.199 29.1193 185.248 6.22062 457.671
120.299 29.0701 185.434 6.21555 457.485
120.399 29.0209 185.62 6.21046 457.3
120.499 28.9717 185.805 6.20535 457.114
120.599 28.9226 185.99 6.20021 456.929
120.699 28.8734 186.175 6.19506 456.744
120.799 28.8242 186.36 6.18988 456.559
120.899 28.775 186.545 6.18468 456.374
120.999 28.7259 186.729 6.17945 456.19
121.099 28.6767 186.914 6.17421 456.006
121.199 28.6275 187.098 6.16894 455.822
121.299 28.5784 187.282 6.16365 455.638
121.399 28.5292 187.465 6.15834 455.454
121.499 28.4801 187.649 6.15301 455.27
121.599 28.4309 187.832 6.14766 455.087
121.699 28.3817 188.015 6.14228 454.904
121.799 28.3326 188.198 6.13688 454.721
121.899 28.2834 188.381 6.13146 454.538
121.999 28.2343 188.564 6.12601 454.356
122.099 28.1852 188.746 6.12055 454.174
122.199 28.136 188.928 6.11506 453.991
122.299 28.0869 189.11 6.10955 453.809
122.399 28.0377 189.292 6.10402 453.628
122.499 27.9886 189.473 6.09847 453.446
122.599 27.9395 189.655 6.09289 453.265
122.699 27.8903 189.836 6.0873 453.084
122.799 27.8412 190.017 6.08168 452.903
122.899 27.7921 190.197 6.07604 452.722
122.999 27.743 190.378 6.07037 452.542
123.099 27.6938 190.558 6.06469 452.361
123.199 27.6447 190.738 6.05898 452.181
123.299 27.5956 190.918 6.05325 452.001
123.399 27.5465 191.098 6.0475 451.822
123.499 27.4974 191.277 6.04173 451.642
123.599 27.4483 191.457 6.03593 451.463
123.699 27.3991 191.636 6.03012 451.284
123.799 27.35 191.815 6.02428 451.105
123.899 27.3009 191.993 6.01842 450.926
123.999 27.2518 192.172 6.01254 450.748
124.099 27.2027 192.35 6.00663 450.57
124.199 27.1536 192.528 6.0007 450.392
124.299 27.1045 192.706 5.99476 450.214
124.399 27.0554 192.883 5.98879 450.036
124.499 27.0064 193.061 5.9828 449.859
124.599 26.9573 193.238 5.97678 449.682
124.699 26.9082 193.415 5.97075 449.505
124.799 26.8591 193.592 5.96469 449.328
124.899 26.81 193.768 5.95861 449.151
124.999 26.7609 193.944 5.95251 448.975
125.099 26.7119 194.121 5.94639 448.799
125.199 26.6628 194.296 5.94024 448.623
125.299 26.6137 194.472 5.93408 448.447
125.399 26.5646 194.648 5.92789 448.272
125.499 26.5156 194.823 5.92168 448.097
125.599 26.4665 194.998 5.91545 447.922
125.699 26.4174 195.173 5.9092 447.747
125.799 26.3684 195.347 5.90292 447.572
125.899 26.3193 195.522 5.89662 447.398
125.999 26.2703 195.696 5.89031 447.224
126.099 26.2212 195.87 5.88397 447.05
126.199 26.1722 196.043 5.8776 446.876
126.299 26.1231 196.217 5.87122 446.703
126.399 26.074 196.39 5.86482 446.529
126.499 26.025 196.563 5.85839 446.356
126.599 25.976 196.736 5.85194 446.184
126.699 25.9269 196.908 5.84547 446.011
126.799 25.8779 197.081 5.83898 445.839
126.899 25.8288 197.253 5.83247 445.666
126.999 25.7798 197.425 5.82593 445.495
127.099 25.7308 197.597 5.81938 445.323
127.199 25.6817 197.768 5.8128 445.151
127.299 25.6327 197.939 5.8062 444.98
127.399 25.5837 198.11 5.79958 444.809
127.499 25.5346 198.281 5.79294 444.638
127.599 25.4856 198.452 5.78627 444.468
127.699 25.4366 198.622 5.77959 444.298
127.799 25.3876 198.792 5.77288 444.127
127.899 25.3386 198.962 5.76615 443.958
127.999 25.2895 199.131 5.7594 443.788
128.099 25.2405 199.301 5.75263 443.619
128.199 25.1915 199.47 5.74584 443.449
128.299 25.1425 199.639 5.73902 443.28
128.399 25.0935 199.808 5.73219 443.112
128.499 25.0445 199.976 5.72533 442.943
128.599 24.9955 200.144 5.71845 442.775
128.699 24.9465 200.312 5.71155 442.607
128.799 24.8975 200.48 5.70463 442.439
128.899 24.8485 200.648 5.69768 442.272
128.999 24.7995 200.815 5.69072 442.104
129.099 24.7505 200.982 5.68373 441.937
129.199 24.7015 201.149 5.67673 441.77
129.299 24.6525 201.316 5.6697 441.604
129.399 24.6035 201.482 5.66265 441.437
129.499 24.5545 201.648 5.65558 441.271
129.599 24.5055 201.814 5.64848 441.105
129.699 24.4565 201.98 5.64137 440.94
129.799 24.4076 202.145 5.63424 440.774
129.899 24.3586 202.31 5.62708 440.609
129.999 24.3096 202.475 5.6199 440.444
130.099 24.2606 202.64 5.61271 440.28
130.199 24.2117 202.804 5.60549 440.115
130.299 24.1627 202.968 5.59824 439.951
130.399 24.1137 203.132 5.59098 439.787
130.499 24.0648 203.296 5.5837 439.623
130.599 24.0158 203.46 5.5764 439.46
130.699 23.9668 203.623 5.56907 439.297
130.799 23.9179 203.786 5.56172 439.134
130.899 23.8689 203.948 5.55436 438.971
130.999 23.8199 204.111 5.54697 438.808
131.099 23.771 204.273 5.53956 438.646
131.199 23.722 204.435 5.53213 438.484
131.299 23.6731 204.597 5.52468 438.322
131.399 23.6241 204.758 5.51721 438.161
131.499 23.5752 204.92 5.50971 438
131.599 23.5262 205.081 5.5022 437.839
131.699 23.4773 205.241 5.49466 437.678
131.799 23.4284 205.402 5.48711 437.517
131.899 23.3794 205.562 5.47953 437.357
131.999 23.3305 205.722 5.47193 437.197
132.099 23.2815 205.882 5.46431 437.037
132.199 23.2326 206.041 5.45667 436.878
132.299 23.1837 206.201 5.44901 436.719
132.399 23.1348 206.36 5.44133 436.56
132.499 23.0858 206.518 5.43363 436.401
132.599 23.0369 206.677 5.42591 436.243
132.699 22.988 206.835 5.41816 436.084
132.799 22.9391 206.993 5.4104 435.926
132.899 22.8901 207.151 5.40261 435.769
132.999 22.8412 207.308 5.39481 435.611
133.099 22.7923 207.466 5.38698 435.454
133.199 22.7434 207.622 5.37913 435.297
133.299 22.6945 207.779 5.37127 435.14
133.399 22.6456 207.936 5.36338 434.984
133.499 22.5967 208.092 5.35547 434.828
133.599 22.5478 208.248 5.34754 434.672
133.699 22.4988 208.403 5.33959 434.516
133.799 22.4499 208.559 5.33162 434.361
133.899 22.401 208.714 5.32363 434.206
133.999 22.3521 208.869 5.31562 434.051
134.099 22.3032 209.023 5.30758 433.896
134.199 22.2544 209.178 5.29953 433.742
134.299 22.2055 209.332 5.29146 433.588
134.399 22.1566 209.486 5.28336 433.434
134.499 22.1077 209.639 5.27525 433.28
134.599 22.0588 209.793 5.26711 433.127
134.699 22.0099 209.946 5.25896 432.974
134.799 21.961 210.098 5.25078 432.821
134.899 21.9121 210.251 5.24259 432.668
134.999 21.8633 210.403 5.23437 432.516
135.099 21.8144 210.555 5.22614 432.364
135.199 21.7655 210.707 5.21788 432.212
135.299 21.7166 210.858 5.2096 432.061
135.399 21.6678 211.01 5.20131 431.91
135.499 21.6189 211.16 5.19299 431.759
135.599 21.57 211.311 5.18465 431.608
135.699 21.5212 211.462 5.1763 431.458
135.799 21.4723 211.612 5.16792 431.308
135.899 21.4234 211.761 5.15952 431.158
135.999 21.3746 211.911 5.1511 431.008
136.099 21.3257 212.06 5.14267 430.859
136.199 21.2769 212.209 5.13421 430.71
136.299 21.228 212.358 5.12573 430.561
136.399 21.1791 212.507 5.11723 430.413
136.499 21.1303 212.655 5.10871 430.265
136.599 21.0814 212.803 5.10018 430.117
136.699 21.0326 212.951 5.09162 429.969
136.799 20.9838 213.098 5.08304 429.821
136.899 20.9349 213.245 5.07444 429.674
136.999 20.8861 213.392 5.06583 429.527
137.099 20.8372 213.539 5.05719 429.381
137.199 20.7884 213.685 5.04853 429.235
137.299 20.7395 213.831 5.03985 429.089
137.399 20.6907 213.977 5.03116 428.943
137.499 20.6419 214.122 5.02244 428.797
137.599 20.593 214.267 5.0137 428.652
137.699 20.5442 214.412 5.00495 428.507
137.799 20.4954 214.557 4.99617 428.363
137.899 20.4466 214.701 4.98738 428.218
137.999 20.3977 214.845 4.97856 428.074
138.099 20.3489 214.989 4.96973 427.93
138.199 20.3001 215.133 4.96087 427.787
138.299 20.2513 215.276 4.952 427.644
138.399 20.2025 215.419 4.94311 427.501
138.499 20.1536 215.562 4.93419 427.358
138.599 20.1048 215.704 4.92526 427.215
138.699 20.056 215.846 4.91631 427.073
138.799 20.0072 215.988 4.90734 426.931
138.899 19.9584 216.13 4.89835 426.79
138.999 19.9096 216.271 4.88934 426.649
139.099 19.8608 216.412 4.88031 426.508
139.199 19.812 216.553 4.87126 426.367
139.299 19.7632 216.693 4.86219 426.226
139.399 19.7144 216.833 4.85311 426.086
139.499 19.6656 216.973 4.844 425.946
139.599 19.6168 217.113 4.83488 425.807
139.699 19.568 217.252 4.82573 425.668
139.799 19.5192 217.391 4.81657 425.529
139.899 19.4704 217.53 4.80738 425.39
139.999 19.4216 217.668 4.79818 425.251
140.099 19.3728 217.806 4.78896 425.113
140.199 19.324 217.944 4.77972 424.975
140.299 19.2752 218.082 4.77046 424.838
140.399 19.2265 218.219 4.76118 424.701
140.499 19.1777 218.356 4.75189 424.564
140.599 19.1289 218.492 4.74257 424.427
140.699 19.0801 218.629 4.73323 424.291
140.799 19.0313 218.765 4.72388 424.154
140.899 18.9826 218.901 4.71451 424.019
140.999 18.9338 219.036 4.70512 423.883
141.099 18.885 219.172 4.6957 423.748
141.199 18.8363 219.307 4.68628 423.613
141.299 18.7875 219.441 4.67683 423.478
141.399 18.7387 219.576 4.66736 423.344
141.499 18.69 219.71 4.65788 423.21
141.599 18.6412 219.843 4.64837 423.076
141.699 18.5924 219.977 4.63885 422.943
141.799 18.5437 220.11 4.62931 422.809
141.899 18.4949 220.243 4.61975 422.676
141.999 18.4462 220.376 4.61017 422.544
142.099 18.3974 220.508 4.60057 422.412
142.199 18.3487 220.64 4.59096 422.28
142.299 18.2999 220.772 4.58132 422.148
142.399 18.2511 220.903 4.57167 422.016
142.499 18.2024 221.034 4.562 421.885
142.6 18.1537 221.165 4.55231 421.755
142.7 18.1049 221.295 4.5426 421.624
142.8 18.0562 221.426 4.53288 421.494
142.9 18.0074 221.556 4.52313 421.364
143 17.9587 221.685 4.51337 421.234
143.1 17.9099 221.814 4.50359 421.105
143.2 17.8612 221.944 4.49379 420.976
143.3 17.8125 222.072 4.48397 420.847
143.4 17.7637 222.201 4.47414 420.719
143.5 17.715 222.329 4.46428 420.591
143.6 17.6663 222.457 4.45441 420.463
143.7 17.6175 222.584 4.44452 420.335
143.8 17.5688 222.711 4.43462 420.208
143.9 17.5201 222.838 4.42469 420.081
144 17.4714 222.965 4.41475 419.955
144.1 17.4226 223.091 4.40479 419.828
144.2 17.3739 223.217 4.39481 419.702
144.3 17.3252 223.343 4.38481 419.577
144.4 17.2765 223.468 4.3748 419.451
144.5 17.2278 223.593 4.36476 419.326
144.6 17.179 223.718 4.35471 419.201
144.7 17.1303 223.842 4.34465 419.077
144.8 17.0816 223.967 4.33456 418.953
144.9 17.0329 224.091 4.32446 418.829
145 16.9842 224.214 4.31434 418.705
145.1 16.9355 224.337 4.3042 418.582
145.2 16.8868 224.46 4.29404 418.459
145.3 16.8381 224.583 4.28387 418.337
145.4 16.7894 224.705 4.27368 418.214
145.5 16.7407 224.827 4.26347 418.092
145.6 16.692 224.949 4.25324 417.971
145.7 16.6433 225.07 4.243 417.849
145.8 16.5946 225.191 4.23274 417.728
145.9 16.5459 225.312 4.22246 417.607
146 16.4972 225.433 4.21217 417.487
146.1 16.4485 225.553 4.20186 417.367
146.2 16.3998 225.673 4.19153 417.247
146.3 16.3511 225.792 4.18118 417.127
146.4 16.3024 225.911 4.17082 417.008
146.5 16.2537 226.03 4.16044 416.889
146.6 16.205 226.149 4.15004 416.771
146.7 16.1564 226.267 4.13962 416.652
146.8 16.1077 226.385 4.12919 416.534
146.9 16.059 226.503 4.11874 416.417
147 16.0103 226.62 4.10828 416.299
147.1 15.9616 226.737 4.09779 416.182
147.2 15.913 226.854 4.08729 416.066
147.3 15.8643 226.97 4.07678 415.949
147.4 15.8156 227.086 4.06625 415.833
147.5 15.7669 227.202 4.0557 415.718
147.6 15.7183 227.317 4.04513 415.602
147.7 15.6696 227.432 4.03455 415.487
147.8 15.6209 227.547 4.02395 415.372
147.9 15.5723 227.662 4.01333 415.258
148 15.5236 227.776 4.0027 415.144
148.1 15.4749 227.89 3.99205 415.03
148.2 15.4263 228.003 3.98138 414.916
148.3 15.3776 228.116 3.9707 414.803
148.4 15.3289 228.229 3.96 414.69
148.5 15.2803 228.342 3.94929 414.578
148.6 15.2316 228.454 3.93855 414.465
148.7 15.183 228.566 3.92781 414.353
148.8 15.1343 228.678 3.91704 414.242
148.9 15.0857 228.789 3.90626 414.131
149 15.037 228.9 3.89546 414.02
149.1 14.9884 229.01 3.88465 413.909
149.2 14.9397 229.121 3.87382 413.799
149.3 14.8911 229.231 3.86298 413.689
149.4 14.8424 229.34 3.85212 413.579
149.5 14.7938 229.45 3.84124 413.47
149.6 14.7451 229.559 3.83035 413.361
149.7 14.6965 229.668 3.81944 413.252
149.8 14.6478 229.776 3.80852 413.144
149.9 14.5992 229.884 3.79757 413.035
150 14.5506 229.992 3.78662 412.928
150.1 14.5019 230.099 3.77565 412.82
150.2 14.4533 230.206 3.76466 412.713
150.3 14.4047 230.313 3.75366 412.606
150.4 14.356 230.419 3.74264 412.5
150.5 14.3074 230.525 3.7316 412.394
150.6 14.2588 230.631 3.72055 412.288
150.7 14.2101 230.737 3.70949 412.183
150.8 14.1615 230.842 3.69841 412.078
150.9 14.1129 230.947 3.68731 411.973
151 14.0642 231.051 3.6762 411.868
151.1 14.0156 231.155 3.66507 411.764
151.2 13.967 231.259 3.65393 411.66
151.3 13.9184 231.362 3.64277 411.557
151.4 13.8698 231.466 3.6316 411.454
151.5 13.8211 231.568 3.62041 411.351
151.6 13.7725 231.671 3.6092 411.249
151.7 13.7239 231.773 3.59799 411.146
151.8 13.6753 231.875 3.58675 411.045
151.9 13.6267 231.976 3.5755 410.943
152 13.5781 232.078 3.56424 410.842
152.1 13.5294 232.178 3.55296 410.741
152.2 13.4808 232.279 3.54167 410.641
152.3 13.4322 232.379 3.53036 410.54
152.4 13.3836 232.479 3.51904 410.441
152.5 13.335 232.578 3.5077 410.341
152.6 13.2864 232.678 3.49635 410.242
152.7 13.2378 232.776 3.48498 410.143
152.8 13.1892 232.875 3.4736 410.045
152.9 13.1406 232.973 3.4622 409.946
153 13.092 233.071 3.45079 409.849
153.1 13.0434 233.168 3.43936 409.751
153.2 12.9948 233.266 3.42792 409.654
153.3 12.9462 233.362 3.41647 409.557
153.4 12.8976 233.459 3.405 409.461
153.5 12.849 233.555 3.39351 409.364
153.6 12.8004 233.651 3.38202 409.269
153.7 12.7518 233.746 3.3705 409.173
153.8 12.7032 233.841 3.35898 409.078
153.9 12.6546 233.936 3.34744 408.983
154 12.606 234.031 3.33588 408.889
154.1 12.5575 234.125 3.32431 408.795
154.2 12.5089 234.219 3.31273 408.701
154.3 12.4603 234.312 3.30114 408.607
154.4 12.4117 234.405 3.28952 408.514
154.5 12.3631 234.498 3.2779 408.421
154.6 12.3145 234.59 3.26626 408.329
154.7 12.266 234.683 3.25461 408.237
154.8 12.2174 234.774 3.24294 408.145
154.9 12.1688 234.866 3.23126 408.054
155 12.1202 234.957 3.21957 407.963
155.1 12.0716 235.048 3.20786 407.872
155.2 12.0231 235.138 3.19614 407.781
155.3 11.9745 235.228 3.18441 407.691
155.4 11.9259 235.318 3.17266 407.602
155.5 11.8773 235.407 3.1609 407.512
155.6 11.8288 235.496 3.14912 407.423
155.7 11.7802 235.585 3.13734 407.334
155.8 11.7316 235.673 3.12553 407.246
155.9 11.6831 235.761 3.11372 407.158
156 11.6345 235.849 3.10189 407.07
156.1 11.5859 235.936 3.09005 406.983
156.2 11.5374 236.023 3.0782 406.896
156.3 11.4888 236.11 3.06633 406.809
156.4 11.4402 236.196 3.05445 406.723
156.5 11.3917 236.282 3.04256 406.637
156.6 11.3431 236.368 3.03065 406.552
156.7 11.2946 236.453 3.01873 406.466
156.8 11.246 236.538 3.0068 406.381
156.9 11.1974 236.623 2.99485 406.297
157 11.1489 236.707 2.98289 406.213
157.1 11.1003 236.791 2.97092 406.129
157.2 11.0518 236.874 2.95894 406.045
157.3 11.0032 236.957 2.94695 405.962
157.4 10.9547 237.04 2.93494 405.879
157.5 10.9061 237.123 2.92292 405.797
157.6 10.8576 237.205 2.91088 405.715
157.7 10.809 237.287 2.89884 405.633
157.8 10.7605 237.368 2.88678 405.551
157.9 10.7119 237.449 2.87471 405.47
158 10.6634 237.53 2.86262 405.389
158.1 10.6148 237.61 2.85053 405.309
158.2 10.5663 237.69 2.83842 405.229
158.3 10.5177 237.77 2.8263 405.149
158.4 10.4692 237.85 2.81417 405.07
158.5 10.4206 237.929 2.80203 404.991
158.6 10.3721 238.007 2.78987 404.912
158.7 10.3236 238.086 2.7777 404.834
158.8 10.275 238.164 2.76552 404.756
158.9 10.2265 238.241 2.75333 404.678
159.001 10.178 238.318 2.74113 404.601
159.101 10.1294 238.395 2.72891 404.524
159.201 10.0809 238.472 2.71669 404.447
159.301 10.0323 238.548 2.70445 404.371
159.401 9.98381 238.624 2.6922 404.295
159.501 9.93528 238.7 2.67994 404.22
159.601 9.88675 238.775 2.66766 404.145
159.701 9.83822 238.849 2.65538 404.07
159.801 9.78969 238.924 2.64308 403.995
159.901 9.74116 238.998 2.63078 403.921
160.001 9.69263 239.072 2.61846 403.848
160.101 9.6441 239.145 2.60613 403.774
160.201 9.59558 239.218 2.59379 403.701
160.301 9.54705 239.291 2.58143 403.628
160.401 9.49853 239.363 2.56907 403.556
160.501 9.45 239.435 2.5567 403.484
160.601 9.40148 239.507 2.54431 403.413
160.701 9.35296 239.578 2.53191 403.341
160.801 9.30444 239.649 2.51951 403.27
160.901 9.25592 239.72 2.50709 403.2
161.001 9.2074 239.79 2.49466 403.13
161.101 9.15888 239.86 2.48222 403.06
161.201 9.11036 239.929 2.46977 402.99
161.301 9.06185 239.998 2.45731 402.921
161.401 9.01333 240.067 2.44483 402.852
161.501 8.96482 240.136 2.43235 402.784
161.601 8.9163 240.204 2.41986 402.716
161.701 8.86779 240.271 2.40736 402.648
161.801 8.81928 240.339 2.39484 402.581
161.901 8.77076 240.406 2.38232 402.514
162.001 8.72225 240.472 2.36978 402.447
162.101 8.67374 240.539 2.35724 402.381
162.201 8.62523 240.605 2.34468 402.315
162.301 8.57673 240.67 2.33212 402.249
162.401 8.52822 240.736 2.31954 402.184
162.501 8.47971 240.8 2.30696 402.119
162.601 8.4312 240.865 2.29436 402.055
162.701 8.3827 240.929 2.28176 401.99
162.801 8.33419 240.993 2.26914 401.927
162.901 8.28569 241.056 2.25652 401.863
163.001 8.23719 241.119 2.24388 401.8
163.101 8.18869 241.182 2.23124 401.737
163.201 8.14018 241.244 2.21858 401.675
163.301 8.09168 241.306 2.20592 401.613
163.401 8.04318 241.368 2.19325 401.551
163.501 7.99468 241.429 2.18056 401.49
163.601 7.94619 241.49 2.16787 401.429
163.701 7.89769 241.551 2.15517 401.369
163.801 7.84919 241.611 2.14246 401.308
163.901 7.80069 241.671 2.12974 401.249
164.001 7.7522 241.73 2.11701 401.189
164.101 7.7037 241.789 2.10427 401.13
164.201 7.65521 241.848 2.09152 401.071
164.301 7.60672 241.907 2.07876 401.013
164.401 7.55822 241.965 2.066 400.955
164.501 7.50973 242.022 2.05322 400.897
164.601 7.46124 242.08 2.04044 400.84
164.701 7.41275 242.137 2.02764 400.783
164.801 7.36426 242.193 2.01484 400.726
164.901 7.31577 242.249 2.00203 400.67
165.001 7.26728 242.305 1.98921 400.614
165.101 7.21879 242.361 1.97638 400.559
165.201 7.17031 242.416 1.96355 400.504
165.301 7.12182 242.471 1.9507 400.449
165.401 7.07333 242.525 1.93785 400.394
165.501 7.02485 242.579 1.92498 400.34
165.601 6.97637 242.633 1.91211 400.287
165.701 6.92788 242.686 1.89923 400.233
165.801 6.8794 242.739 1.88635 400.18
165.901 6.83092 242.792 1.87345 400.128
166.001 6.78243 242.844 1.86055 400.076
166.101 6.73395 242.896 1.84764 400.024
166.201 6.68547 242.947 1.83472 399.972
166.301 6.63699 242.998 1.82179 399.921
166.401 6.58851 243.049 1.80885 399.87
166.501 6.54003 243.099 1.79591 399.82
166.601 6.49155 243.149 1.78296 399.77
166.701 6.44308 243.199 1.77 399.72
166.801 6.3946 243.248 1.75703 399.671
166.901 6.34612 243.297 1.74406 399.622
167.001 6.29765 243.346 1.73107 399.573
167.101 6.24917 243.394 1.71808 399.525
167.201 6.2007 243.442 1.70509 399.477
167.301 6.15222 243.489 1.69208 399.43
167.401 6.10375 243.537 1.67907 399.383
167.501 6.05528 243.583 1.66605 399.336
167.601 6.0068 243.63 1.65302 399.29
167.701 5.95833 243.676 1.63999 399.244
167.801 5.90986 243.721 1.62694 399.198
167.901 5.86139 243.767 1.6139 399.153
168.001 5.81292 243.812 1.60084 399.108
168.101 5.76445 243.856 1.58778 399.063
168.201 5.71598 243.9 1.57471 399.019
168.301 5.66751 243.944 1.56163 398.975
168.401 5.61904 243.987 1.54855 398.932
168.501 5.57058 244.031 1.53546 398.889
168.601 5.52211 244.073 1.52236 398.846
168.701 5.47364 244.116 1.50926 398.804
168.801 5.42518 244.158 1.49615 398.762
168.901 5.37671 244.199 1.48303 398.72
169.001 5.32825 244.24 1.46991 398.679
169.101 5.27978 244.281 1.45678 398.638
169.201 5.23132 244.322 1.44364 398.598
169.301 5.18285 244.362 1.4305 398.558
169.401 5.13439 244.402 1.41735 398.518
169.501 5.08593 244.441 1.40419 398.478
169.601 5.03747 244.48 1.39103 398.439
169.701 4.98901 244.519 1.37786 398.401
169.801 4.94054 244.557 1.36469 398.362
169.901 4.89208 244.595 1.35151 398.325
170.001 4.84362 244.632 1.33833 398.287
170.101 4.79516 244.67 1.32513 398.25
170.201 4.7467 244.706 1.31194 398.213
170.301 4.69825 244.743 1.29873 398.177
170.401 4.64979 244.779 1.28553 398.141
170.501 4.60133 244.814 1.27231 398.105
170.601 4.55287 244.85 1.25909 398.07
170.701 4.50441 244.885 1.24587 398.035
170.801 4.45596 244.919 1.23264 398
170.901 4.4075 244.954 1.2194 397.966
171.001 4.35905 244.987 1.20616 397.932
171.101 4.31059 245.021 1.19291 397.899
171.201 4.26213 245.054 1.17966 397.865
171.301 4.21368 245.087 1.1664 397.833
171.401 4.16523 245.119 1.15314 397.8
171.501 4.11677 245.151 1.13987 397.768
171.601 4.06832 245.183 1.1266 397.737
171.701 4.01986 245.214 1.11332 397.706
171.801 3.97141 245.245 1.10004 397.675
171.901 3.92296 245.275 1.08675 397.644
172.001 3.87451 245.305 1.07346 397.614
172.101 3.82606 245.335 1.06016 397.584
172.201 3.7776 245.364 1.04686 397.555
172.301 3.72915 245.393 1.03355 397.526
172.401 3.6807 245.422 1.02024 397.497
172.501 3.63225 245.45 1.00693 397.469
172.601 3.5838 245.478 0.993608 397.441
172.701 3.53535 245.506 0.980284 397.414
172.801 3.4869 245.533 0.966956 397.387
172.901 3.43846 245.56 0.953623 397.36
173.001 3.39001 245.586 0.940286 397.333
173.101 3.34156 245.612 0.926945 397.307
173.201 3.29311 245.638 0.9136 397.282
173.301 3.24466 245.663 0.900251 397.256
173.401 3.19622 245.688 0.886897 397.231
173.501 3.14777 245.712 0.87354 397.207
173.601 3.09932 245.737 0.860179 397.183
173.701 3.05088 245.76 0.846815 397.159
173.801 3.00243 245.784 0.833446 397.136
173.901 2.95398 245.807 0.820074 397.113
174.001 2.90554 245.83 0.806698 397.09
174.101 2.85709 245.852 0.793319 397.068
174.201 2.80865 245.874 0.779936 397.046
174.301 2.7602 245.895 0.76655 397.024
174.401 2.71176 245.916 0.75316 397.003
174.501 2.66331 245.937 0.739767 396.982
174.601 2.61487 245.958 0.726371 396.962
174.701 2.56643 245.978 0.712971 396.942
174.801 2.51798 245.997 0.699569 396.922
174.901 2.46954 246.017 0.686163 396.903
175.001 2.4211 246.036 0.672754 396.884
175.101 2.37265 246.054 0.659343 396.865
175.201 2.32421 246.072 0.645928 396.847
175.301 2.27577 246.09 0.63251 396.829
175.402 2.22733 246.108 0.61909 396.812
175.502 2.17888 246.125 0.605667 396.795
175.602 2.13044 246.141 0.592241 396.778
175.702 2.082 246.158 0.578813 396.762
175.802 2.03356 246.174 0.565382 396.746
175.902 1.98512 246.189 0.551949 396.73
176.002 1.93668 246.204 0.538513 396.715
176.102 1.88824 246.219 0.525075 396.7
176.202 1.83979 246.234 0.511634 396.686
176.302 1.79135 246.248 0.498191 396.672
176.402 1.74291 246.261 0.484746 396.658
176.502 1.69447 246.275 0.471299 396.645
176.602 1.64603 246.288 0.45785 396.632
176.702 1.59759 246.3 0.444398 396.619
176.802 1.54915 246.312 0.430945 396.607
176.902 1.50071 246.324 0.41749 396.595
177.002 1.45228 246.336 0.404033 396.584
177.102 1.40384 246.347 0.390574 396.573
177.202 1.3554 246.357 0.377114 396.562
177.302 1.30696 246.368 0.363652 396.552
177.402 1.25852 246.378 0.350188 396.542
177.502 1.21008 246.387 0.336722 396.532
177.602 1.16164 246.396 0.323256 396.523
177.702 1.1132 246.405 0.309787 396.514
177.802 1.06476 246.414 0.296318 396.506
177.902 1.01633 246.422 0.282847 396.498
178.002 0.967888 246.429 0.269375 396.49
178.102 0.919449 246.437 0.255901 396.483
178.202 0.871011 246.444 0.242427 396.476
178.302 0.822573 246.45 0.228951 396.469
178.402 0.774135 246.456 0.215474 396.463
178.502 0.725698 246.462 0.201997 396.457
178.602 0.67726 246.468 0.188518 396.452
178.702 0.628822 246.473 0.175039 396.447
178.802 0.580384 246.477 0.161559 396.442
178.902 0.531947 246.482 0.148078 396.438
179.002 0.483509 246.486 0.134597 396.434
179.102 0.435072 246.489 0.121115 396.43
179.202 0.386634 246.492 0.107632 396.427
179.302 0.338197 246.495 0.094149 396.424
179.402 0.289759 246.498 0.0806656 396.422
179.502 0.241322 246.5 0.0671817 396.42
179.602 0.192885 246.501 0.0536976 396.418
179.702 0.144447 246.503 0.0402132 396.417
179.802 0.09601 246.504 0.0267287 396.416
179.902 0.0475727 246.504 0.013244 396.415
