    0.000000      7.185599
    8.633478      7.424211
   12.055053      7.662824
   14.582059      7.901436
   16.634919      8.140048
   18.379333      8.378660
   19.901684      8.617272
   21.254079      8.855884
   22.470961      9.094497
   23.576573      9.333109
   24.588779      9.571721
   25.521218      9.810333
   26.384588     10.048945
   27.187474     10.287557
   27.936891     10.526170
   28.638659     10.764782
   29.297671     11.003394
   29.918088     11.242006
   30.503481     11.480618
   31.056943     11.719230
   31.581170     11.957842
   32.078533     12.196455
   32.551124     12.435067
   33.000803     12.673679
   33.429230     12.912291
   33.837894     13.150903
   34.228136     13.389515
   34.601168     13.628128
   34.958087     13.866740
   35.299894     14.105352
   35.627502     14.343964
   35.941745     14.582576
   36.243389     14.821188
   36.533139     15.059801
   36.811645     15.298413
   37.079506     15.537025
   37.337278     15.775637
   37.585476     16.014249
   37.824578     16.252861
   38.055029     16.491474
   38.277246     16.730086
   38.491614     16.968698
   38.698497     17.207310
   38.898234     17.445922
   39.091143     17.684534
   39.277523     17.923147
   39.457653     18.161759
   39.631798     18.400371
   39.800207     18.638983
   39.963114     18.877595
   40.120740     19.116207
   40.273295     19.354820
   40.420977     19.593432
   40.563972     19.832044
   40.702459     20.070656
   40.836606     20.309268
   40.966571     20.547880
   41.092508     20.786493
   41.214559     21.025105
   41.332864     21.263717
   41.447551     21.502329
   41.558745     21.740941
   41.666566     21.979553
   41.771126     22.218166
   41.872533     22.456778
   41.970890     22.695390
   42.066297     22.934002
   42.158846     23.172614
   42.248629     23.411226
   42.335732     23.649839
   42.420237     23.888451
   42.502224     24.127063
   42.581768     24.365675
   42.658944     24.604287
   42.733819     24.842899
   42.806463     25.081512
   42.876939     25.320124
   42.945310     25.558736
   43.011634     25.797348
   43.075970     26.035960
   43.138373     26.274572
   43.198895     26.513185
   43.257588     26.751797
   43.314502     26.990409
   43.369684     27.229021
   43.423179     27.467633
   43.475032     27.706245
   43.525286     27.944857
   43.573981     28.183470
   43.621158     28.422082
   43.666855     28.660694
   43.711109     28.899306
   43.753956     29.137918
   43.795430     29.376530
   43.835566     29.615143
   43.874395     29.853755
   43.911949     30.092367
   43.948258     30.330979
   43.983352     30.569591
   44.017259     30.808203
   44.050007     31.046816
   44.081623     31.285428
   44.112132     31.524040
   44.141560     31.762652
   44.169930     32.001264
   44.197267     32.239876
   44.223594     32.478489
   44.248933     32.717101
   44.273305     32.955713
   44.296732     33.194325
   44.319234     33.432937
   44.340830     33.671549
   44.361540     33.910162
   44.381383     34.148774
   44.400376     34.387386
   44.418538     34.625998
   44.435885     34.864610
   44.452435     35.103222
   44.468203     35.341835
   44.483206     35.580447
   44.497458     35.819059
   44.510975     36.057671
   44.523771     36.296283
   44.535862     36.534895
   44.547259     36.773508
   44.557977     37.012120
   44.568029     37.250732
   44.577428     37.489344
   44.586187     37.727956
   44.594316     37.966568
   44.601829     38.205181
   44.608737     38.443793
   44.615051     38.682405
   44.620782     38.921017
   44.625940     39.159629
   44.630537     39.398241
   44.634582     39.636854
   44.638086     39.875466
   44.641058     40.114078
   44.643508     40.352690
   44.645445     40.591302
   44.646877     40.829914
   44.647815     41.068527
   44.648266     41.307139
   44.648238     41.545751
   44.647741     41.784363
   44.646783     42.022975
   44.645370     42.261587
   44.643511     42.500200
   44.641214     42.738812
   44.638485     42.977424
   44.635332     43.216036
   44.631762     43.454648
   44.627782     43.693260
   44.623399     43.931872
   44.618619     44.170485
   44.613448     44.409097
   44.607893     44.647709
   44.601960     44.886321
   44.595656     45.124933
   44.588986     45.363545
   44.581955     45.602158
   44.574570     45.840770
   44.566836     46.079382
   44.558759     46.317994
   44.550343     46.556606
   44.541595     46.795218
   44.532519     47.033831
   44.523120     47.272443
   44.513403     47.511055
   44.503373     47.749667
   44.493034     47.988279
   44.482392     48.226891
   44.471451     48.465504
   44.460215     48.704116
   44.448689     48.942728
   44.436876     49.181340
   44.424781     49.419952
   44.412409     49.658564
   44.399763     49.897177
   44.386846     50.135789
   44.373664     50.374401
   44.360220     50.613013
   44.346517     50.851625
   44.332559     51.090237
   44.318350     51.328850
   44.303893     51.567462
   44.289192     51.806074
   44.274250     52.044686
   44.259071     52.283298
   44.243657     52.521910
   44.228012     52.760523
   44.212140     52.999135
   44.196042     53.237747
   44.179723     53.476359
   44.163185     53.714971
   44.146431     53.953583
   44.129464     54.192196
   44.112286     54.430808
   44.094902     54.669420
   44.077312     54.908032
   44.059521     55.146644
   44.041530     55.385256
   44.023343     55.623869
   44.004961     55.862481
   43.986388     56.101093
   43.967625     56.339705
   43.948675     56.578317
   43.929541     56.816929
   43.910225     57.055542
   43.890729     57.294154
   43.871055     57.532766
   43.851206     57.771378
   43.831183     58.009990
   43.810990     58.248602
   43.790627     58.487215
   43.770097     58.725827
   43.749403     58.964439
   43.728546     59.203051
   43.707527     59.441663
   43.686350     59.680275
   43.665016     59.918887
   43.643526     60.157500
   43.621883     60.396112
   43.600089     60.634724
   43.578144     60.873336
   43.556052     61.111948
   43.533814     61.350560
   43.511430     61.589173
   43.488904     61.827785
   43.466237     62.066397
   43.443430     62.305009
   43.420485     62.543621
   43.397403     62.782233
   43.374187     63.020846
   43.350837     63.259458
   43.327355     63.498070
   43.303743     63.736682
   43.280001     63.975294
   43.256132     64.213906
   43.232137     64.452519
   43.208018     64.691131
   43.183774     64.929743
   43.159409     65.168355
   43.134923     65.406967
   43.110317     65.645579
   43.085593     65.884192
   43.060753     66.122804
   43.035796     66.361416
   43.010726     66.600028
   42.985542     66.838640
   42.960246     67.077252
   42.934839     67.315865
   42.909322     67.554477
   42.883697     67.793089
   42.857964     68.031701
   42.832125     68.270313
   42.806181     68.508925
   42.780132     68.747538
   42.753980     68.986150
   42.727726     69.224762
   42.701371     69.463374
   42.674916     69.701986
   42.648362     69.940598
   42.621710     70.179211
   42.594961     70.417823
   42.568115     70.656435
   42.541174     70.895047
   42.514139     71.133659
   42.487010     71.372271
   42.459789     71.610884
   42.432477     71.849496
   42.405073     72.088108
   42.377580     72.326720
   42.349997     72.565332
   42.322327     72.803944
   42.294569     73.042557
   42.266724     73.281169
   42.238793     73.519781
   42.210778     73.758393
   42.182678     73.997005
   42.154495     74.235617
   42.126230     74.474230
   42.097882     74.712842
   42.069453     74.951454
   42.040944     75.190066
   42.012355     75.428678
   41.983686     75.667290
   41.954940     75.905903
   41.926116     76.144515
   41.897214     76.383127
   41.868237     76.621739
   41.839184     76.860351
   41.810055     77.098963
   41.780853     77.337575
   41.751576     77.576188
   41.722227     77.814800
   41.692805     78.053412
   41.663311     78.292024
   41.633746     78.530636
   41.604110     78.769248
   41.574404     79.007861
   41.544628     79.246473
   41.514783     79.485085
   41.484870     79.723697
   41.454889     79.962309
   41.424841     80.200921
   41.394726     80.439534
   41.364544     80.678146
   41.334297     80.916758
   41.303985     81.155370
   41.273608     81.393982
   41.243166     81.632594
   41.212661     81.871207
   41.182093     82.109819
   41.151461     82.348431
   41.120768     82.587043
   41.090012     82.825655
   41.059196     83.064267
   41.028318     83.302880
   40.997380     83.541492
   40.966381     83.780104
   40.935324     84.018716
   40.904207     84.257328
   40.873031     84.495940
   40.841797     84.734553
   40.810505     84.973165
   40.779155     85.211777
   40.747749     85.450389
   40.716286     85.689001
   40.684766     85.927613
   40.653191     86.166226
   40.621560     86.404838
   40.589873     86.643450
   40.558132     86.882062
   40.526337     87.120674
   40.494488     87.359286
   40.462584     87.597899
   40.430628     87.836511
   40.398618     88.075123
   40.366556     88.313735
   40.334441     88.552347
   40.302275     88.790959
   40.270057     89.029572
   40.237787     89.268184
   40.205466     89.506796
   40.173095     89.745408
   40.140673     89.984020
   40.108202     90.222632
   40.075680     90.461245
   40.043109     90.699857
   40.010489     90.938469
   39.977819     91.177081
   39.945102     91.415693
   39.912335     91.654305
   39.879521     91.892918
   39.846659     92.131530
   39.813750     92.370142
   39.780793     92.608754
   39.747789     92.847366
   39.714739     93.085978
   39.681642     93.324590
   39.648499     93.563203
   39.615310     93.801815
   39.582075     94.040427
   39.548794     94.279039
   39.515469     94.517651
   39.482098     94.756263
   39.448683     94.994876
   39.415223     95.233488
   39.381719     95.472100
   39.348171     95.710712
   39.314579     95.949324
   39.280943     96.187936
   39.247264     96.426549
   39.213541     96.665161
   39.179776     96.903773
   39.145967     97.142385
   39.112116     97.380997
   39.078223     97.619609
   39.044287     97.858222
   39.010310     98.096834
   38.976290     98.335446
   38.942229     98.574058
   38.908127     98.812670
   38.873983     99.051282
   38.839798     99.289895
   38.805572     99.528507
   38.771305     99.767119
   38.736998    100.005731
   38.702650    100.244343
   38.668262    100.482955
   38.633834    100.721568
   38.599366    100.960180
   38.564858    101.198792
   38.530311    101.437404
   38.495724    101.676016
   38.461098    101.914628
   38.426433    102.153241
   38.391728    102.391853
   38.356985    102.630465
   38.322203    102.869077
   38.287382    103.107689
   38.252523    103.346301
   38.217626    103.584914
   38.182690    103.823526
   38.147717    104.062138
   38.112705    104.300750
   38.077656    104.539362
   38.042569    104.777974
   38.007444    105.016587
   37.972282    105.255199
   37.937082    105.493811
   37.901846    105.732423
   37.866572    105.971035
   37.831261    106.209647
   37.795913    106.448260
   37.760529    106.686872
   37.725108    106.925484
   37.689650    107.164096
   37.654156    107.402708
   37.618626    107.641320
   37.583059    107.879933
   37.547456    108.118545
   37.511817    108.357157
   37.476142    108.595769
   37.440431    108.834381
   37.404684    109.072993
   37.368902    109.311605
   37.333083    109.550218
   37.297230    109.788830
   37.261341    110.027442
   37.225416    110.266054
   37.189456    110.504666
   37.153461    110.743278
   37.117431    110.981891
   37.081365    111.220503
   37.045265    111.459115
   37.009129    111.697727
   36.972959    111.936339
   36.936754    112.174951
   36.900514    112.413564
   36.864240    112.652176
   36.827930    112.890788
   36.791587    113.129400
   36.755208    113.368012
   36.718795    113.606624
   36.682348    113.845237
   36.645867    114.083849
   36.609351    114.322461
   36.572801    114.561073
   36.536216    114.799685
   36.499598    115.038297
   36.462945    115.276910
   36.426258    115.515522
   36.389538    115.754134
   36.352783    115.992746
   36.315994    116.231358
   36.279172    116.469970
   36.242315    116.708583
   36.205425    116.947195
   36.168501    117.185807
   36.131543    117.424419
   36.094551    117.663031
   36.057526    117.901643
   36.020467    118.140256
   35.983374    118.378868
   35.946248    118.617480
   35.909088    118.856092
   35.871895    119.094704
   35.834668    119.333316
   35.797407    119.571929
   35.760113    119.810541
   35.722785    120.049153
   35.685424    120.287765
   35.648029    120.526377
   35.610601    120.764989
   35.573140    121.003602
   35.535645    121.242214
   35.498116    121.480826
   35.460555    121.719438
   35.422959    121.958050
   35.385331    122.196662
   35.347669    122.435275
   35.309973    122.673887
   35.272244    122.912499
   35.234482    123.151111
   35.196686    123.389723
   35.158857    123.628335
   35.120995    123.866948
   35.083099    124.105560
   35.045170    124.344172
   35.007207    124.582784
   34.969211    124.821396
   34.931181    125.060008
   34.893118    125.298620
   34.855022    125.537233
   34.816892    125.775845
   34.778729    126.014457
   34.740532    126.253069
   34.702301    126.491681
   34.664037    126.730293
   34.625740    126.968906
   34.587409    127.207518
   34.549044    127.446130
   34.510646    127.684742
   34.472214    127.923354
   34.433748    128.161966
   34.395249    128.400579
   34.356716    128.639191
   34.318149    128.877803
   34.279549    129.116415
   34.240915    129.355027
   34.202247    129.593639
   34.163545    129.832252
   34.124809    130.070864
   34.086039    130.309476
   34.047236    130.548088
   34.008398    130.786700
   33.969526    131.025312
   33.930620    131.263925
   33.891680    131.502537
   33.852706    131.741149
   33.813698    131.979761
   33.774656    132.218373
   33.735579    132.456985
   33.696468    132.695598
   33.657322    132.934210
   33.618142    133.172822
   33.578928    133.411434
   33.539679    133.650046
   33.500395    133.888658
   33.461077    134.127271
   33.421724    134.365883
   33.382337    134.604495
   33.342915    134.843107
   33.303457    135.081719
   33.263965    135.320331
   33.224438    135.558944
   33.184876    135.797556
   33.145279    136.036168
   33.105647    136.274780
   33.065979    136.513392
   33.026276    136.752004
   32.986538    136.990617
   32.946765    137.229229
   32.906956    137.467841
   32.867111    137.706453
   32.827231    137.945065
   32.787315    138.183677
   32.747364    138.422290
   32.707376    138.660902
   32.667353    138.899514
   32.627294    139.138126
   32.587198    139.376738
   32.547067    139.615350
   32.506899    139.853963
   32.466695    140.092575
   32.426454    140.331187
   32.386178    140.569799
   32.345864    140.808411
   32.305514    141.047023
   32.265127    141.285635
   32.224704    141.524248
   32.184244    141.762860
   32.143746    142.001472
   32.103212    142.240084
   32.062640    142.478696
   32.022031    142.717308
   31.981385    142.955921
   31.940701    143.194533
   31.899980    143.433145
   31.859221    143.671757
   31.818425    143.910369
   31.777590    144.148981
   31.736718    144.387594
   31.695808    144.626206
   31.654859    144.864818
   31.613873    145.103430
   31.572848    145.342042
   31.531784    145.580654
   31.490682    145.819267
   31.449541    146.057879
   31.408362    146.296491
   31.367143    146.535103
   31.325886    146.773715
   31.284589    147.012327
   31.243254    147.250940
   31.201878    147.489552
   31.160464    147.728164
   31.119010    147.966776
   31.077516    148.205388
   31.035982    148.444000
   30.994408    148.682613
   30.952795    148.921225
   30.911141    149.159837
   30.869446    149.398449
   30.827712    149.637061
   30.785936    149.875673
   30.744120    150.114286
   30.702264    150.352898
   30.660366    150.591510
   30.618427    150.830122
   30.576446    151.068734
   30.534425    151.307346
   30.492362    151.545959
   30.450257    151.784571
   30.408110    152.023183
   30.365922    152.261795
   30.323691    152.500407
   30.281418    152.739019
   30.239103    152.977632
   30.196745    153.216244
   30.154345    153.454856
   30.111901    153.693468
   30.069415    153.932080
   30.026886    154.170692
   29.984313    154.409305
   29.941697    154.647917
   29.899037    154.886529
   29.856333    155.125141
   29.813586    155.363753
   29.770794    155.602365
   29.727958    155.840978
   29.685078    156.079590
   29.642153    156.318202
   29.599184    156.556814
   29.556169    156.795426
   29.513109    157.034038
   29.470004    157.272651
   29.426854    157.511263
   29.383658    157.749875
   29.340416    157.988487
   29.297129    158.227099
   29.253795    158.465711
   29.210414    158.704323
   29.166987    158.942936
   29.123514    159.181548
   29.079994    159.420160
   29.036426    159.658772
   28.992811    159.897384
   28.949149    160.135996
   28.905439    160.374609
   28.861681    160.613221
   28.817875    160.851833
   28.774021    161.090445
   28.730119    161.329057
   28.686167    161.567669
   28.642167    161.806282
   28.598118    162.044894
   28.554020    162.283506
   28.509872    162.522118
   28.465674    162.760730
   28.421426    162.999342
   28.377128    163.237955
   28.332780    163.476567
   28.288382    163.715179
   28.243932    163.953791
   28.199431    164.192403
   28.154880    164.431015
   28.110276    164.669628
   28.065621    164.908240
   28.020915    165.146852
   27.976155    165.385464
   27.931344    165.624076
   27.886480    165.862688
   27.841563    166.101301
   27.796593    166.339913
   27.751569    166.578525
   27.706492    166.817137
   27.661361    167.055749
   27.616176    167.294361
   27.570936    167.532974
   27.525642    167.771586
   27.480293    168.010198
   27.434889    168.248810
   27.389429    168.487422
   27.343914    168.726034
   27.298343    168.964647
   27.252716    169.203259
   27.207032    169.441871
   27.161291    169.680483
   27.115494    169.919095
   27.069639    170.157707
   27.023726    170.396320
   26.977756    170.634932
   26.931727    170.873544
   26.885640    171.112156
   26.839494    171.350768
   26.793290    171.589380
   26.747026    171.827993
   26.700702    172.066605
   26.654318    172.305217
   26.607874    172.543829
   26.561370    172.782441
   26.514805    173.021053
   26.468178    173.259666
   26.421490    173.498278
   26.374741    173.736890
   26.327929    173.975502
   26.281054    174.214114
   26.234117    174.452726
   26.187117    174.691338
   26.140054    174.929951
   26.092926    175.168563
   26.045735    175.407175
   25.998479    175.645787
   25.951158    175.884399
   25.903772    176.123011
   25.856321    176.361624
   25.808803    176.600236
   25.761220    176.838848
   25.713570    177.077460
   25.665853    177.316072
   25.618069    177.554684
   25.570217    177.793297
   25.522296    178.031909
   25.474308    178.270521
   25.426250    178.509133
   25.378124    178.747745
   25.329928    178.986357
   25.281662    179.224970
   25.233325    179.463582
   25.184917    179.702194
   25.136439    179.940806
   25.087889    180.179418
   25.039266    180.418030
   24.990572    180.656643
   24.941804    180.895255
   24.892963    181.133867
   24.844049    181.372479
   24.795060    181.611091
   24.745996    181.849703
   24.696858    182.088316
   24.647644    182.326928
   24.598354    182.565540
   24.548988    182.804152
   24.499545    183.042764
   24.450024    183.281376
   24.400426    183.519989
   24.350749    183.758601
   24.300994    183.997213
   24.251160    184.235825
   24.201245    184.474437
   24.151251    184.713049
   24.101176    184.951662
   24.051019    185.190274
   24.000781    185.428886
   23.950461    185.667498
   23.900058    185.906110
   23.849571    186.144722
   23.799001    186.383335
   23.748346    186.621947
   23.697607    186.860559
   23.646782    187.099171
   23.595871    187.337783
   23.544873    187.576395
   23.493788    187.815008
   23.442616    188.053620
   23.391355    188.292232
   23.340006    188.530844
   23.288567    188.769456
   23.237037    189.008068
   23.185418    189.246681
   23.133707    189.485293
   23.081904    189.723905
   23.030008    189.962517
   22.978020    190.201129
   22.925938    190.439741
   22.873761    190.678353
   22.821489    190.916966
   22.769121    191.155578
   22.716658    191.394190
   22.664097    191.632802
   22.611438    191.871414
   22.558681    192.110026
   22.505824    192.348639
   22.452868    192.587251
   22.399811    192.825863
   22.346653    193.064475
   22.293393    193.303087
   22.240031    193.541699
   22.186565    193.780312
   22.132994    194.018924
   22.079319    194.257536
   22.025537    194.496148
   21.971650    194.734760
   21.917654    194.973372
   21.863551    195.211985
   21.809339    195.450597
   21.755017    195.689209
   21.700584    195.927821
   21.646040    196.166433
   21.591383    196.405045
   21.536614    196.643658
   21.481730    196.882270
   21.426731    197.120882
   21.371617    197.359494
   21.316386    197.598106
   21.261037    197.836718
   21.205569    198.075331
   21.149982    198.313943
   21.094275    198.552555
   21.038446    198.791167
   20.982495    199.029779
   20.926420    199.268391
   20.870221    199.507004
   20.813897    199.745616
   20.757446    199.984228
   20.700867    200.222840
   20.644160    200.461452
   20.587324    200.700064
   20.530356    200.938677
   20.473257    201.177289
   20.416025    201.415901
   20.358659    201.654513
   20.301158    201.893125
   20.243520    202.131737
   20.185745    202.370350
   20.127831    202.608962
   20.069777    202.847574
   20.011582    203.086186
   19.953245    203.324798
   19.894764    203.563410
   19.836138    203.802023
   19.777365    204.040635
   19.718445    204.279247
   19.659376    204.517859
   19.600157    204.756471
   19.540786    204.995083
   19.481263    205.233696
   19.421584    205.472308
   19.361750    205.710920
   19.301758    205.949532
   19.241608    206.188144
   19.181297    206.426756
   19.120825    206.665368
   19.060188    206.903981
   18.999387    207.142593
   18.938419    207.381205
   18.877283    207.619817
   18.815978    207.858429
   18.754500    208.097041
   18.692849    208.335654
   18.631023    208.574266
   18.569021    208.812878
   18.506840    209.051490
   18.444478    209.290102
   18.381934    209.528714
   18.319207    209.767327
   18.256293    210.005939
   18.193191    210.244551
   18.129899    210.483163
   18.066415    210.721775
   18.002737    210.960387
   17.938864    211.199000
   17.874792    211.437612
   17.810519    211.676224
   17.746044    211.914836
   17.681365    212.153448
   17.616478    212.392060
   17.551382    212.630673
   17.486074    212.869285
   17.420552    213.107897
   17.354813    213.346509
   17.288856    213.585121
   17.222677    213.823733
   17.156274    214.062346
   17.089644    214.300958
   17.022784    214.539570
   16.955693    214.778182
   16.888366    215.016794
   16.820802    215.255406
   16.752997    215.494019
   16.684948    215.732631
   16.616653    215.971243
   16.548108    216.209855
   16.479310    216.448467
   16.410256    216.687079
   16.340943    216.925692
   16.271367    217.164304
   16.201525    217.402916
   16.131414    217.641528
   16.061029    217.880140
   15.990368    218.118752
   15.919426    218.357365
   15.848200    218.595977
   15.776687    218.834589
   15.704881    219.073201
   15.632779    219.311813
   15.560377    219.550425
   15.487670    219.789038
   15.414655    220.027650
   15.341327    220.266262
   15.267681    220.504874
   15.193712    220.743486
   15.119417    220.982098
   15.044790    221.220711
   14.969825    221.459323
   14.894519    221.697935
   14.818865    221.936547
   14.742859    222.175159
   14.666495    222.413771
   14.589767    222.652383
   14.512669    222.890996
   14.435196    223.129608
   14.357341    223.368220
   14.279098    223.606832
   14.200461    223.845444
   14.121423    224.084056
   14.041978    224.322669
   13.962117    224.561281
   13.881835    224.799893
   13.801124    225.038505
   13.719975    225.277117
   13.638382    225.515729
   13.556337    225.754342
   13.473830    225.992954
   13.390854    226.231566
   13.307399    226.470178
   13.223457    226.708790
   13.139018    226.947402
   13.054073    227.186015
   12.968611    227.424627
   12.882622    227.663239
   12.796096    227.901851
   12.709022    228.140463
   12.621388    228.379075
   12.533182    228.617688
   12.444392    228.856300
   12.355006    229.094912
   12.265011    229.333524
   12.174393    229.572136
   12.083138    229.810748
   11.991231    230.049361
   11.898658    230.287973
   11.805402    230.526585
   11.711448    230.765197
   11.616777    231.003809
   11.521374    231.242421
   11.425218    231.481034
   11.328292    231.719646
   11.230575    231.958258
   11.132046    232.196870
   11.032683    232.435482
   10.932465    232.674094
   10.831366    232.912707
   10.729362    233.151319
   10.626426    233.389931
   10.522533    233.628543
   10.417652    233.867155
   10.311754    234.105767
   10.204806    234.344380
   10.096777    234.582992
    9.987629    234.821604
    9.877328    235.060216
    9.765832    235.298828
    9.653101    235.537440
    9.539091    235.776053
    9.423756    236.014665
    9.307045    236.253277
    9.188908    236.491889
    9.069287    236.730501
    8.948124    236.969113
    8.825355    237.207726
    8.700911    237.446338
    8.574721    237.684950
    8.446705    237.923562
    8.316779    238.162174
    8.184853    238.400786
    8.050828    238.639398
    7.914596    238.878011
    7.776043    239.116623
    7.635042    239.355235
    7.491454    239.593847
    7.345128    239.832459
    7.195896    240.071071
    7.043575    240.309684
    6.887958    240.548296
    6.728817    240.786908
    6.565897    241.025520
    6.398908    241.264132
    6.227522    241.502744
    6.051367    241.741357
    5.870013    241.979969
    5.682961    242.218581
    5.489631    242.457193
    5.289332    242.695805
    5.081241    242.934417
    4.864359    243.173030
    4.637451    243.411642
    4.398967    243.650254
    4.146909    243.888866
    3.878633    244.127478
    3.590504    244.366090
    3.277290    244.604703
    2.930961    244.843315
    2.537996    245.081927
    2.072027    245.320539
    1.464976    245.559151
    0.000000    245.797763
