    0.000000      0.000000
    9.264957      0.549435
   12.918138      0.776849
   15.604770      0.951233
   17.778642      1.098148
   19.618963      1.227496
   21.219308      1.344358
   22.636192      1.451753
   23.907004      1.551646
   25.058072      1.645404
   26.108805      1.734023
   27.074013      1.818255
   27.965315      1.898682
   28.792028      1.975770
   29.561756      2.049895
   30.280808      2.121368
   30.954481      2.190448
   31.587271      2.257355
   32.183036      2.322277
   32.745111      2.385375
   33.276401      2.446790
   33.779456      2.506647
   34.256523      2.565053
   34.709598      2.622107
   35.140458      2.677894
   35.550696      2.732491
   35.941744      2.785969
   36.314893      2.838391
   36.671314      2.889814
   37.012070      2.940290
   37.338129      2.989868
   37.650377      3.038591
   37.949625      3.086500
   38.236617      3.133631
   38.512041      3.180020
   38.776527      3.225698
   39.030661      3.270695
   39.274984      3.315039
   39.509999      3.358755
   39.736173      3.401867
   39.953940      3.444399
   40.163706      3.486371
   40.365850      3.527804
   40.560725      3.568715
   40.748662      3.609123
   40.929974      3.649044
   41.104950      3.688494
   41.273866      3.727487
   41.436980      3.766039
   41.594533      3.804162
   41.746757      3.841869
   41.893866      3.879172
   42.036065      3.916083
   42.173548      3.952611
   42.306496      3.988769
   42.435085      4.024566
   42.559477      4.060011
   42.679829      4.095113
   42.796289      4.129881
   42.908997      4.164323
   43.018087      4.198448
   43.123687      4.232263
   43.225919      4.265774
   43.324897      4.298990
   43.420731      4.331917
   43.513528      4.364561
   43.603388      4.396929
   43.690406      4.429026
   43.774675      4.460859
   43.856281      4.492433
   43.935311      4.523753
   44.011842      4.554824
   44.085954      4.585652
   44.157719      4.616242
   44.227209      4.646597
   44.294492      4.676722
   44.359632      4.706623
   44.422693      4.736302
   44.483734      4.765764
   44.542814      4.795014
   44.599989      4.824054
   44.655311      4.852888
   44.708833      4.881521
   44.760604      4.909955
   44.810672      4.938194
   44.859083      4.966242
   44.905882      4.994100
   44.951110      5.021773
   44.994811      5.049264
   45.037022      5.076574
   45.077783      5.103708
   45.117132      5.130668
   45.155103      5.157456
   45.191732      5.184075
   45.227052      5.210529
   45.261095      5.236818
   45.293894      5.262946
   45.325477      5.288914
   45.355875      5.314726
   45.385116      5.340383
   45.413227      5.365888
   45.440236      5.391242
   45.466167      5.416448
   45.491046      5.441508
   45.514897      5.466423
   45.537743      5.491196
   45.559608      5.515828
   45.580513      5.540322
   45.600480      5.564678
   45.619530      5.588899
   45.637683      5.612987
   45.654958      5.636943
   45.671374      5.660768
   45.686951      5.684465
   45.701706      5.708034
   45.715656      5.731478
   45.728819      5.754798
   45.741210      5.777995
   45.752847      5.801070
   45.763744      5.824026
   45.773917      5.846863
   45.783381      5.869583
   45.792149      5.892187
   45.800237      5.914676
   45.807657      5.937052
   45.814423      5.959316
   45.820547      5.981468
   45.826043      6.003511
   45.830923      6.025445
   45.835198      6.047272
   45.838881      6.068992
   45.841982      6.090607
   45.844512      6.112117
   45.846483      6.133525
   45.847905      6.154830
   45.848788      6.176033
   45.849142      6.197137
   45.848977      6.218141
   45.848302      6.239047
   45.847127      6.259855
   45.845461      6.280567
   45.843313      6.301184
   45.840691      6.321705
   45.837604      6.342133
   45.834059      6.362468
   45.830066      6.382711
   45.825632      6.402862
   45.820764      6.422923
   45.815471      6.442894
   45.809759      6.462776
   45.803636      6.482570
   45.797108      6.502276
   45.790183      6.521896
   45.782867      6.541430
   45.775167      6.560878
   45.767090      6.580242
   45.758640      6.599522
   45.749826      6.618719
   45.740652      6.637834
   45.731124      6.656866
   45.721249      6.675817
   45.711032      6.694688
   45.700478      6.713479
   45.689593      6.732190
   45.678382      6.750823
   45.666850      6.769377
   45.655003      6.787854
   45.642844      6.806254
   45.630380      6.824577
   45.617615      6.842825
   45.604553      6.860997
   45.591200      6.879095
   45.577559      6.897118
   45.563635      6.915068
   45.549432      6.932945
   45.534954      6.950749
   45.520206      6.968480
   45.505192      6.986140
   45.489915      7.003729
   45.474380      7.021248
   45.458590      7.038696
   45.442549      7.056074
   45.426261      7.073383
   45.409729      7.090623
   45.392956      7.107795
   45.375947      7.124899
   45.358705      7.141935
   45.341232      7.158904
   45.323533      7.175807
   45.305611      7.192643
   45.287467      7.209414
   45.269107      7.226119
   45.250532      7.242759
   45.231746      7.259335
   45.212752      7.275846
   45.193552      7.292293
   45.174149      7.308677
   45.154546      7.324998
   45.134746      7.341256
   45.114752      7.357452
   45.094565      7.373586
   45.074189      7.389658
   45.053626      7.405669
   45.032879      7.421618
   45.011950      7.437508
   44.990841      7.453336
   44.969555      7.469105
   44.948094      7.484815
   44.926461      7.500465
   44.904657      7.516056
   44.882685      7.531588
   44.860547      7.547062
   44.838245      7.562478
   44.815781      7.577836
   44.793157      7.593137
   44.770375      7.608380
   44.747438      7.623567
   44.724346      7.638697
   44.701103      7.653770
   44.677710      7.668788
   44.654168      7.683750
   44.630480      7.698656
   44.606647      7.713507
   44.582672      7.728303
   44.558555      7.743045
   44.534298      7.757732
   44.509904      7.772365
   44.485374      7.786944
   44.460709      7.801469
   44.435912      7.815941
   44.410983      7.830360
   44.385924      7.844725
   44.360737      7.859038
   44.335423      7.873299
   44.309983      7.887507
   44.284420      7.901664
   44.258734      7.915768
   44.232927      7.929821
   44.207001      7.943823
   44.180956      7.957773
   44.154794      7.971673
   44.128516      7.985521
   44.102124      7.999320
   44.075619      8.013068
   44.049002      8.026766
   44.022274      8.040414
   43.995437      8.054012
   43.968491      8.067561
   43.941439      8.081061
   43.914280      8.094511
   43.887017      8.107913
   43.859650      8.121266
   43.832181      8.134570
   43.804610      8.147826
   43.776939      8.161034
   43.749168      8.174194
   43.721299      8.187306
   43.693333      8.200371
   43.665271      8.213388
   43.637113      8.226357
   43.608861      8.239280
   43.580516      8.252155
   43.552078      8.264984
   43.523549      8.277767
   43.494930      8.290502
   43.466221      8.303192
   43.437423      8.315835
   43.408538      8.328432
   43.379565      8.340984
   43.350507      8.353490
   43.321363      8.365950
   43.292135      8.378365
   43.262823      8.390735
   43.233429      8.403059
   43.203952      8.415339
   43.174395      8.427574
   43.144757      8.439764
   43.115039      8.451909
   43.085242      8.464011
   43.055368      8.476068
   43.025416      8.488080
   42.995387      8.500049
   42.965282      8.511974
   42.935102      8.523855
   42.904847      8.535693
   42.874518      8.547487
   42.844116      8.559238
   42.813642      8.570946
   42.783095      8.582610
   42.752477      8.594232
   42.721789      8.605810
   42.691030      8.617346
   42.660202      8.628839
   42.629305      8.640290
   42.598340      8.651698
   42.567308      8.663064
   42.536208      8.674388
   42.505042      8.685670
   42.473810      8.696910
   42.442512      8.708107
   42.411150      8.719263
   42.379723      8.730378
   42.348233      8.741451
   42.316679      8.752482
   42.285063      8.763472
   42.253384      8.774421
   42.221644      8.785329
   42.189843      8.796195
   42.157981      8.807021
   42.126058      8.817806
   42.094076      8.828550
   42.062035      8.839253
   42.029935      8.849916
   41.997777      8.860538
   41.965560      8.871120
   41.933287      8.881661
   41.900956      8.892163
   41.868568      8.902624
   41.836125      8.913045
   41.803626      8.923426
   41.771071      8.933767
   41.738462      8.944068
   41.705798      8.954329
   41.673080      8.964551
   41.640308      8.974733
   41.607483      8.984876
   41.574605      8.994979
   41.541674      9.005043
   41.508692      9.015068
   41.475657      9.025053
   41.442571      9.035000
   41.409434      9.044907
   41.376246      9.054775
   41.343007      9.064604
   41.309719      9.074395
   41.276381      9.084146
   41.242993      9.093859
   41.209556      9.103533
   41.176071      9.113169
   41.142537      9.122766
   41.108955      9.132324
   41.075325      9.141844
   41.041648      9.151326
   41.007923      9.160769
   40.974151      9.170175
   40.940333      9.179542
   40.906469      9.188871
   40.872558      9.198161
   40.838602      9.207414
   40.804600      9.216629
   40.770553      9.225806
   40.736461      9.234945
   40.702325      9.244047
   40.668143      9.253110
   40.633918      9.262136
   40.599649      9.271124
   40.565336      9.280075
   40.530980      9.288988
   40.496580      9.297864
   40.462138      9.306702
   40.427653      9.315502
   40.393125      9.324266
   40.358555      9.332992
   40.323943      9.341681
   40.289290      9.350332
   40.254594      9.358946
   40.219858      9.367524
   40.185080      9.376064
   40.150261      9.384567
   40.115401      9.393033
   40.080501      9.401462
   40.045561      9.409854
   40.010581      9.418209
   39.975560      9.426527
   39.940500      9.434809
   39.905400      9.443053
   39.870261      9.451261
   39.835082      9.459432
   39.799865      9.467567
   39.764609      9.475664
   39.729314      9.483725
   39.693981      9.491750
   39.658609      9.499738
   39.623199      9.507689
   39.587751      9.515604
   39.552265      9.523482
   39.516742      9.531324
   39.481181      9.539129
   39.445583      9.546898
   39.409947      9.554631
   39.374275      9.562327
   39.338565      9.569987
   39.302819      9.577610
   39.267036      9.585197
   39.231216      9.592748
   39.195361      9.600263
   39.159469      9.607741
   39.123540      9.615184
   39.087576      9.622590
   39.051576      9.629960
   39.015541      9.637293
   38.979469      9.644591
   38.943363      9.651852
   38.907221      9.659078
   38.871043      9.666267
   38.834831      9.673420
   38.798584      9.680537
   38.762301      9.687618
   38.725984      9.694663
   38.689632      9.701672
   38.653246      9.708645
   38.616825      9.715583
   38.580370      9.722484
   38.543880      9.729349
   38.507357      9.736178
   38.470799      9.742971
   38.434207      9.749728
   38.397581      9.756449
   38.360922      9.763135
   38.324229      9.769784
   38.287502      9.776398
   38.250741      9.782975
   38.213948      9.789517
   38.177120      9.796023
   38.140260      9.802493
   38.103366      9.808926
   38.066439      9.815325
   38.029479      9.821687
   37.992485      9.828013
   37.955459      9.834304
   37.918400      9.840558
   37.881308      9.846777
   37.844184      9.852959
   37.807027      9.859106
   37.769837      9.865217
   37.732614      9.871292
   37.695359      9.877332
   37.658072      9.883335
   37.620752      9.889302
   37.583400      9.895234
   37.546015      9.901129
   37.508598      9.906989
   37.471149      9.912813
   37.433668      9.918601
   37.396155      9.924352
   37.358609      9.930068
   37.321032      9.935748
   37.283423      9.941392
   37.245781      9.947000
   37.208108      9.952572
   37.170403      9.958109
   37.132666      9.963609
   37.094898      9.969073
   37.057097      9.974501
   37.019265      9.979893
   36.981401      9.985249
   36.943506      9.990568
   36.905578      9.995852
   36.867620     10.001100
   36.829629     10.006311
   36.791607     10.011487
   36.753553     10.016626
   36.715468     10.021729
   36.677352     10.026796
   36.639204     10.031827
   36.601024     10.036822
   36.562813     10.041780
   36.524570     10.046702
   36.486296     10.051588
   36.447991     10.056437
   36.409654     10.061250
   36.371286     10.066027
   36.332886     10.070768
   36.294455     10.075472
   36.255993     10.080139
   36.217499     10.084771
   36.178973     10.089365
   36.140417     10.093924
   36.101829     10.098445
   36.063209     10.102931
   36.024558     10.107379
   35.985876     10.111791
   35.947163     10.116167
   35.908418     10.120506
   35.869641     10.124808
   35.830833     10.129073
   35.791994     10.133302
   35.753123     10.137494
   35.714221     10.141649
   35.675287     10.145767
   35.636322     10.149849
   35.597325     10.153894
   35.558297     10.157901
   35.519237     10.161872
   35.480146     10.165806
   35.441023     10.169702
   35.401868     10.173562
   35.362682     10.177384
   35.323465     10.181170
   35.284215     10.184918
   35.244934     10.188629
   35.205621     10.192302
   35.166277     10.195939
   35.126900     10.199538
   35.087492     10.203100
   35.048052     10.206624
   35.008580     10.210111
   34.969076     10.213560
   34.929540     10.216972
   34.889973     10.220346
   34.850373     10.223683
   34.810741     10.226982
   34.771077     10.230243
   34.731381     10.233466
   34.691653     10.236652
   34.651892     10.239800
   34.612099     10.242910
   34.572274     10.245982
   34.532417     10.249016
   34.492527     10.252012
   34.452605     10.254970
   34.412650     10.257889
   34.372663     10.260771
   34.332643     10.263614
   34.292590     10.266419
   34.252505     10.269186
   34.212387     10.271914
   34.172236     10.274604
   34.132053     10.277255
   34.091836     10.279868
   34.051586     10.282442
   34.011304     10.284977
   33.970988     10.287474
   33.930639     10.289932
   33.890257     10.292351
   33.849841     10.294731
   33.809392     10.297072
   33.768910     10.299374
   33.728394     10.301637
   33.687845     10.303861
   33.647262     10.306046
   33.606645     10.308192
   33.565995     10.310298
   33.525310     10.312365
   33.484592     10.314392
   33.443840     10.316380
   33.403054     10.318328
   33.362233     10.320236
   33.321378     10.322105
   33.280489     10.323934
   33.239566     10.325724
   33.198608     10.327473
   33.157616     10.329182
   33.116589     10.330851
   33.075527     10.332480
   33.034430     10.334069
   32.993299     10.335618
   32.952132     10.337126
   32.910931     10.338594
   32.869694     10.340022
   32.828422     10.341408
   32.787115     10.342755
   32.745772     10.344060
   32.704394     10.345325
   32.662980     10.346548
   32.621530     10.347731
   32.580045     10.348873
   32.538524     10.349974
   32.496966     10.351033
   32.455373     10.352052
   32.413743     10.353028
   32.372077     10.353964
   32.330375     10.354858
   32.288636     10.355710
   32.246860     10.356521
   32.205047     10.357290
   32.163198     10.358017
   32.121312     10.358702
   32.079388     10.359345
   32.037428     10.359946
   31.995430     10.360505
   31.953395     10.361021
   31.911322     10.361495
   31.869211     10.361927
   31.827063     10.362316
   31.784877     10.362662
   31.742653     10.362966
   31.700390     10.363227
   31.658090     10.363444
   31.615751     10.363619
   31.573373     10.363751
   31.530957     10.363839
   31.488502     10.363884
   31.446008     10.363886
   31.403475     10.363844
   31.360903     10.363759
   31.318291     10.363629
   31.275641     10.363456
   31.232950     10.363239
   31.190220     10.362978
   31.147450     10.362673
   31.104640     10.362324
   31.061790     10.361930
   31.018900     10.361491
   30.975969     10.361009
   30.932997     10.360481
   30.889985     10.359909
   30.846932     10.359291
   30.803839     10.358629
   30.760703     10.357922
   30.717527     10.357169
   30.674309     10.356371
   30.631050     10.355527
   30.587748     10.354638
   30.544405     10.353703
   30.501020     10.352723
   30.457592     10.351696
   30.414122     10.350623
   30.370610     10.349505
   30.327055     10.348339
   30.283456     10.347128
   30.239815     10.345870
   30.196131     10.344565
   30.152403     10.343213
   30.108631     10.341814
   30.064816     10.340369
   30.020957     10.338876
   29.977053     10.337336
   29.933106     10.335748
   29.889114     10.334113
   29.845077     10.332430
   29.800995     10.330699
   29.756869     10.328920
   29.712697     10.327093
   29.668480     10.325218
   29.624217     10.323294
   29.579909     10.321322
   29.535554     10.319301
   29.491153     10.317231
   29.446706     10.315112
   29.402213     10.312944
   29.357673     10.310727
   29.313085     10.308461
   29.268451     10.306145
   29.223769     10.303779
   29.179040     10.301363
   29.134263     10.298897
   29.089437     10.296382
   29.044564     10.293815
   28.999642     10.291199
   28.954672     10.288531
   28.909653     10.285813
   28.864585     10.283044
   28.819467     10.280224
   28.774300     10.277353
   28.729083     10.274430
   28.683817     10.271455
   28.638500     10.268429
   28.593132     10.265351
   28.547715     10.262221
   28.502246     10.259038
   28.456726     10.255803
   28.411154     10.252515
   28.365532     10.249175
   28.319857     10.245782
   28.274130     10.242335
   28.228351     10.238835
   28.182519     10.235282
   28.136635     10.231675
   28.090697     10.228014
   28.044706     10.224299
   27.998662     10.220530
   27.952563     10.216707
   27.906411     10.212829
   27.860204     10.208896
   27.813942     10.204908
   27.767626     10.200865
   27.721254     10.196766
   27.674827     10.192612
   27.628345     10.188402
   27.581806     10.184137
   27.535211     10.179815
   27.488559     10.175436
   27.441850     10.171001
   27.395085     10.166510
   27.348262     10.161961
   27.301381     10.157355
   27.254442     10.152692
   27.207445     10.147971
   27.160389     10.143192
   27.113274     10.138356
   27.066100     10.133461
   27.018867     10.128507
   26.971574     10.123495
   26.924220     10.118424
   26.876806     10.113293
   26.829331     10.108104
   26.781795     10.102854
   26.734198     10.097545
   26.686539     10.092176
   26.638818     10.086746
   26.591034     10.081256
   26.543187     10.075705
   26.495278     10.070093
   26.447305     10.064420
   26.399268     10.058685
   26.351167     10.052889
   26.303001     10.047030
   26.254771     10.041109
   26.206475     10.035126
   26.158114     10.029080
   26.109686     10.022970
   26.061193     10.016798
   26.012632     10.010562
   25.964005     10.004262
   25.915310      9.997898
   25.866548      9.991469
   25.817717      9.984976
   25.768817      9.978418
   25.719848      9.971795
   25.670810      9.965106
   25.621703      9.958352
   25.572525      9.951531
   25.523276      9.944644
   25.473956      9.937691
   25.424565      9.930671
   25.375102      9.923583
   25.325567      9.916428
   25.275959      9.909205
   25.226277      9.901914
   25.176522      9.894554
   25.126694      9.887126
   25.076790      9.879629
   25.026812      9.872062
   24.976758      9.864426
   24.926628      9.856720
   24.876422      9.848943
   24.826139      9.841096
   24.775779      9.833178
   24.725342      9.825188
   24.674825      9.817127
   24.624231      9.808994
   24.573557      9.800789
   24.522803      9.792510
   24.471969      9.784159
   24.421054      9.775735
   24.370059      9.767236
   24.318981      9.758664
   24.267821      9.750017
   24.216578      9.741296
   24.165252      9.732499
   24.113842      9.723626
   24.062348      9.714678
   24.010769      9.705653
   23.959104      9.696552
   23.907353      9.687374
   23.855515      9.678118
   23.803591      9.668784
   23.751578      9.659372
   23.699477      9.649881
   23.647287      9.640311
   23.595007      9.630662
   23.542637      9.620933
   23.490177      9.611123
   23.437624      9.601233
   23.384980      9.591261
   23.332243      9.581208
   23.279413      9.571073
   23.226489      9.560855
   23.173470      9.550554
   23.120356      9.540170
   23.067146      9.529702
   23.013839      9.519150
   22.960435      9.508513
   22.906933      9.497791
   22.853333      9.486983
   22.799632      9.476089
   22.745832      9.465108
   22.691931      9.454039
   22.637928      9.442884
   22.583823      9.431640
   22.529615      9.420307
   22.475303      9.408885
   22.420887      9.397373
   22.366365      9.385771
   22.311737      9.374079
   22.257002      9.362295
   22.202159      9.350419
   22.147207      9.338451
   22.092147      9.326389
   22.036976      9.314234
   21.981694      9.301986
   21.926300      9.289642
   21.870793      9.277203
   21.815172      9.264669
   21.759438      9.252038
   21.703587      9.239309
   21.647620      9.226484
   21.591536      9.213560
   21.535334      9.200537
   21.479013      9.187415
   21.422572      9.174192
   21.366009      9.160869
   21.309325      9.147444
   21.252517      9.133917
   21.195586      9.120288
   21.138529      9.106555
   21.081347      9.092718
   21.024037      9.078776
   20.966599      9.064728
   20.909032      9.050574
   20.851335      9.036314
   20.793506      9.021945
   20.735545      9.007468
   20.677450      8.992883
   20.619220      8.978187
   20.560854      8.963380
   20.502351      8.948462
   20.443710      8.933432
   20.384929      8.918288
   20.326007      8.903031
   20.266944      8.887659
   20.207737      8.872172
   20.148385      8.856568
   20.088888      8.840848
   20.029243      8.825009
   19.969450      8.809051
   19.909508      8.792973
   19.849413      8.776775
   19.789167      8.760455
   19.728766      8.744012
   19.668210      8.727446
   19.607496      8.710755
   19.546625      8.693940
   19.485593      8.676997
   19.424400      8.659928
   19.363044      8.642730
   19.301524      8.625402
   19.239837      8.607945
   19.177982      8.590355
   19.115958      8.572634
   19.053763      8.554778
   18.991396      8.536788
   18.928853      8.518662
   18.866134      8.500399
   18.803238      8.481998
   18.740161      8.463458
   18.676903      8.444777
   18.613461      8.425955
   18.549833      8.406990
   18.486019      8.387880
   18.422014      8.368625
   18.357819      8.349224
   18.293430      8.329675
   18.228845      8.309976
   18.164063      8.290127
   18.099081      8.270126
   18.033897      8.249971
   17.968509      8.229662
   17.902915      8.209197
   17.837112      8.188573
   17.771097      8.167791
   17.704870      8.146848
   17.638426      8.125743
   17.571765      8.104474
   17.504882      8.083040
   17.437776      8.061439
   17.370444      8.039669
   17.302884      8.017729
   17.235092      7.995617
   17.167066      7.973331
   17.098803      7.950870
   17.030300      7.928232
   16.961554      7.905414
   16.892563      7.882416
   16.823323      7.859234
   16.753831      7.835868
   16.684083      7.812315
   16.614078      7.788574
   16.543811      7.764641
   16.473279      7.740515
   16.402479      7.716195
   16.331407      7.691677
   16.260059      7.666960
   16.188432      7.642040
   16.116522      7.616917
   16.044325      7.591588
   15.971838      7.566049
   15.899056      7.540299
   15.825975      7.514336
   15.752592      7.488156
   15.678901      7.461757
   15.604899      7.435136
   15.530580      7.408291
   15.455941      7.381218
   15.380977      7.353916
   15.305682      7.326380
   15.230052      7.298608
   15.154082      7.270597
   15.077767      7.242344
   15.001102      7.213846
   14.924080      7.185098
   14.846697      7.156098
   14.768946      7.126843
   14.690822      7.097329
   14.612320      7.067551
   14.533431      7.037507
   14.454152      7.007193
   14.374474      6.976605
   14.294391      6.945738
   14.213896      6.914589
   14.132983      6.883153
   14.051644      6.851426
   13.969871      6.819403
   13.887657      6.787081
   13.804993      6.754453
   13.721873      6.721516
   13.638287      6.688264
   13.554226      6.654693
   13.469683      6.620796
   13.384647      6.586568
   13.299109      6.552004
   13.213059      6.517099
   13.126488      6.481845
   13.039384      6.446237
   12.951738      6.410268
   12.863538      6.373933
   12.774772      6.337223
   12.685428      6.300133
   12.595495      6.262654
   12.504959      6.224780
   12.413807      6.186503
   12.322026      6.147814
   12.229602      6.108705
   12.136519      6.069168
   12.042762      6.029194
   11.948316      5.988773
   11.853163      5.947896
   11.757287      5.906553
   11.660670      5.864733
   11.563294      5.822426
   11.465138      5.779621
   11.366182      5.736305
   11.266407      5.692467
   11.165788      5.648093
   11.064305      5.603171
   10.961931      5.557687
   10.858643      5.511626
   10.754413      5.464973
   10.649215      5.417712
   10.543018      5.369826
   10.435794      5.321298
   10.327508      5.272110
   10.218129      5.222242
   10.107619      5.171675
    9.995943      5.120386
    9.883059      5.068353
    9.768926      5.015552
    9.653501      4.961959
    9.536735      4.907546
    9.418579      4.852285
    9.298980      4.796147
    9.177881      4.739098
    9.055223      4.681107
    8.930940      4.622135
    8.804965      4.562144
    8.677223      4.501094
    8.547635      4.438938
    8.416116      4.375631
    8.282573      4.311119
    8.146908      4.245347
    8.009012      4.178255
    7.868768      4.109777
    7.726048      4.039843
    7.580712      3.968374
    7.432606      3.895284
    7.281562      3.820480
    7.127393      3.743858
    6.969891      3.665304
    6.808825      3.584688
    6.643936      3.501868
    6.474931      3.416682
    6.301479      3.328948
    6.123202      3.238458
    5.939667      3.144971
    5.750369      3.048213
    5.554718      2.947858
    5.352020      2.843525
    5.141438      2.734757
    4.921963      2.621002
    4.692346      2.501576
    4.451018      2.375625
    4.195958      2.242045
    3.924490      2.099380
    3.632938      1.945630
    3.316007      1.777921
    2.965572      1.591842
    2.567954      1.379982
    2.096476      1.127899
    1.482255      0.798358
    0.000000      0.000000
