0 180 2.90596 0 259.365
0.1 179.66 2.90603 0.00994927 259.365
0.2 179.321 2.90625 0.0198985 259.364
0.3 178.981 2.90661 0.0298477 259.364
0.4 178.642 2.90711 0.0397969 259.364
0.5 178.302 2.90775 0.0497459 259.363
0.6 177.963 2.90853 0.0596949 259.362
0.7 177.624 2.90946 0.0696437 259.361
0.8 177.285 2.91053 0.0795923 259.36
0.9 176.945 2.91175 0.0895408 259.359
1 176.607 2.9131 0.0994891 259.358
1.1 176.268 2.9146 0.109437 259.356
1.2 175.929 2.91624 0.119385 259.354
1.3 175.591 2.91803 0.129333 259.353
1.4 175.252 2.91995 0.13928 259.351
1.5 174.914 2.92202 0.149227 259.349
1.6 174.576 2.92424 0.159174 259.347
1.7 174.239 2.92659 0.16912 259.344
1.8 173.901 2.92909 0.179066 259.342
1.9 173.564 2.93173 0.189011 259.339
2 173.227 2.93452 0.198957 259.336
2.1 172.89 2.93744 0.208901 259.333
2.2 172.554 2.94051 0.218845 259.33
2.3 172.218 2.94372 0.228789 259.327
2.4 171.882 2.94708 0.238733 259.324
2.5 171.547 2.95057 0.248675 259.32
2.6 171.212 2.95421 0.258617 259.317
2.7 170.877 2.958 0.268559 259.313
2.8 170.543 2.96192 0.2785 259.309
2.9 170.209 2.96599 0.288441 259.305
3 169.875 2.9702 0.29838 259.301
3.1 169.542 2.97455 0.30832 259.296
3.2 169.21 2.97905 0.318258 259.292
3.3 168.877 2.98368 0.328196 259.287
3.4 168.545 2.98846 0.338133 259.282
3.5 168.214 2.99339 0.348069 259.277
3.6 167.883 2.99845 0.358005 259.272
3.7 167.553 3.00366 0.36794 259.267
3.8 167.223 3.00901 0.377874 259.262
3.9 166.893 3.0145 0.387807 259.256
4 166.564 3.02014 0.397739 259.251
4.1 166.236 3.02592 0.407671 259.245
4.2 165.908 3.03184 0.417601 259.239
4.3 165.581 3.0379 0.427531 259.233
4.4 165.254 3.04411 0.43746 259.227
4.5 164.928 3.05045 0.447387 259.22
4.6 164.602 3.05694 0.457314 259.214
4.7 164.277 3.06357 0.46724 259.207
4.8 163.953 3.07035 0.477165 259.2
4.9 163.629 3.07726 0.487088 259.193
5 163.306 3.08432 0.497011 259.186
5.1 162.983 3.09152 0.506933 259.179
5.2 162.661 3.09887 0.516853 259.172
5.3 162.34 3.10635 0.526773 259.164
5.4 162.019 3.11398 0.536691 259.157
5.5 161.699 3.12175 0.546608 259.149
5.6 161.38 3.12966 0.556524 259.141
5.7 161.061 3.13772 0.566438 259.133
5.8 160.743 3.14591 0.576352 259.125
5.9 160.426 3.15425 0.586264 259.116
6 160.109 3.16273 0.596175 259.108
6.1 159.794 3.17135 0.606084 259.099
6.2 159.479 3.18012 0.615992 259.091
6.3 159.164 3.18902 0.625899 259.082
6.4 158.851 3.19807 0.635805 259.073
6.5 158.538 3.20726 0.645709 259.063
6.6 158.226 3.21659 0.655611 259.054
6.7 157.914 3.22607 0.665513 259.045
6.8 157.604 3.23568 0.675413 259.035
6.9 157.294 3.24544 0.685311 259.025
7 156.985 3.25534 0.695208 259.015
7.1 156.677 3.26538 0.705103 259.005
7.2 156.369 3.27556 0.714997 258.995
7.3 156.063 3.28588 0.724889 258.985
7.4 155.757 3.29635 0.73478 258.974
7.5 155.452 3.30696 0.744669 258.964
7.6 155.148 3.3177 0.754556 258.953
7.7 154.844 3.32859 0.764442 258.942
7.79999 154.542 3.33963 0.774326 258.931
7.89999 154.24 3.3508 0.784208 258.92
7.99999 153.939 3.36211 0.794089 258.909
8.09999 153.639 3.37357 0.803968 258.897
8.2 153.34 3.38517 0.813845 258.886
8.3 153.041 3.39691 0.82372 258.874
8.4 152.744 3.40879 0.833594 258.862
8.5 152.447 3.42081 0.843466 258.85
8.6 152.152 3.43297 0.853336 258.838
8.7 151.857 3.44527 0.863204 258.825
8.8 151.563 3.45772 0.87307 258.813
8.9 151.27 3.4703 0.882934 258.8
9 150.977 3.48303 0.892797 258.788
9.1 150.686 3.4959 0.902657 258.775
9.2 150.396 3.50891 0.912516 258.762
9.3 150.106 3.52206 0.922372 258.749
9.4 149.817 3.53535 0.932227 258.735
9.5 149.53 3.54878 0.942079 258.722
9.6 149.243 3.56235 0.951929 258.708
9.7 148.957 3.57606 0.961777 258.695
9.8 148.672 3.58992 0.971624 258.681
9.9 148.387 3.60391 0.981468 258.667
10 148.104 3.61805 0.991309 258.653
10.1 147.822 3.63232 1.00115 258.638
10.2 147.54 3.64674 1.01099 258.624
10.3 147.26 3.6613 1.02082 258.609
10.4 146.98 3.676 1.03065 258.595
10.5 146.702 3.69083 1.04049 258.58
10.6 146.424 3.70581 1.05031 258.565
10.7 146.147 3.72093 1.06014 258.55
10.8 145.871 3.73619 1.06996 258.535
10.9 145.596 3.75159 1.07979 258.519
11 145.322 3.76713 1.0896 258.504
11.1 145.049 3.78281 1.09942 258.488
11.2 144.776 3.79863 1.10924 258.472
11.3 144.505 3.81459 1.11905 258.456
11.4 144.235 3.83069 1.12886 258.44
11.5 143.965 3.84693 1.13866 258.424
11.6 143.697 3.86331 1.14847 258.407
11.7 143.429 3.87983 1.15827 258.391
11.8 143.162 3.89648 1.16807 258.374
11.9 142.896 3.91328 1.17787 258.357
12 142.632 3.93022 1.18766 258.341
12.1 142.368 3.9473 1.19745 258.323
12.2 142.105 3.96452 1.20724 258.306
12.3 141.842 3.98188 1.21703 258.289
12.4 141.581 3.99937 1.22681 258.271
12.5 141.321 4.01701 1.23659 258.254
12.6 141.062 4.03479 1.24637 258.236
12.7 140.803 4.0527 1.25615 258.218
12.8 140.546 4.07076 1.26592 258.2
12.9 140.289 4.08895 1.27569 258.182
13 140.033 4.10728 1.28546 258.163
13.1 139.779 4.12575 1.29522 258.145
13.2 139.525 4.14437 1.30498 258.126
13.3 139.272 4.16312 1.31474 258.108
13.4 139.02 4.18201 1.3245 258.089
13.5 138.769 4.20103 1.33425 258.07
13.6 138.519 4.2202 1.344 258.051
13.7 138.269 4.23951 1.35375 258.031
13.8 138.021 4.25895 1.36349 258.012
13.9 137.773 4.27853 1.37323 257.992
14 137.527 4.29825 1.38297 257.972
14.1 137.281 4.31811 1.39271 257.953
14.2 137.036 4.33811 1.40244 257.933
14.3 136.792 4.35825 1.41217 257.912
14.4 136.549 4.37853 1.42189 257.892
14.5 136.307 4.39894 1.43161 257.872
14.6 136.066 4.41949 1.44133 257.851
14.7 135.826 4.44018 1.45105 257.831
14.8 135.586 4.46101 1.46076 257.81
14.9 135.348 4.48198 1.47047 257.789
15 135.11 4.50308 1.48018 257.768
15.1 134.873 4.52432 1.48988 257.746
15.2 134.637 4.5457 1.49958 257.725
15.3 134.402 4.56722 1.50928 257.704
15.4 134.168 4.58888 1.51897 257.682
15.5 133.935 4.61067 1.52866 257.66
15.6 133.702 4.6326 1.53835 257.638
15.7 133.47 4.65467 1.54803 257.616
15.8 133.24 4.67687 1.55771 257.594
15.9 133.01 4.69922 1.56739 257.572
16 132.781 4.7217 1.57706 257.549
16.1 132.552 4.74431 1.58673 257.526
16.2 132.325 4.76707 1.5964 257.504
16.3 132.098 4.78996 1.60606 257.481
16.4 131.873 4.81299 1.61572 257.458
16.5 131.648 4.83616 1.62538 257.435
16.6 131.424 4.85946 1.63503 257.411
16.7 131.201 4.8829 1.64468 257.388
16.8 130.978 4.90648 1.65432 257.364
16.9 130.757 4.93019 1.66396 257.341
17 130.536 4.95404 1.6736 257.317
17.1 130.316 4.97802 1.68323 257.293
17.2 130.097 5.00215 1.69286 257.269
17.3 129.879 5.02641 1.70249 257.244
17.4 129.661 5.0508 1.71211 257.22
17.5 129.445 5.07533 1.72173 257.195
17.6 129.229 5.1 1.73134 257.171
17.7 129.014 5.12481 1.74096 257.146
17.8 128.799 5.14975 1.75056 257.121
17.9 128.586 5.17482 1.76017 257.096
18 128.373 5.20003 1.76977 257.071
18.1 128.161 5.22538 1.77936 257.045
18.2 127.95 5.25086 1.78895 257.02
18.3 127.74 5.27648 1.79854 256.994
18.4 127.53 5.30224 1.80812 256.969
18.5 127.321 5.32813 1.8177 256.943
18.6 127.113 5.35415 1.82728 256.917
18.7 126.906 5.38031 1.83685 256.89
18.8 126.699 5.40661 1.84642 256.864
18.9 126.494 5.43304 1.85598 256.838
19 126.289 5.45961 1.86554 256.811
19.1 126.084 5.48631 1.8751 256.784
19.2 125.881 5.51314 1.88465 256.758
19.3 125.678 5.54012 1.89419 256.731
19.4 125.476 5.56722 1.90374 256.704
19.5 125.275 5.59446 1.91327 256.676
19.6 125.074 5.62184 1.92281 256.649
19.7 124.874 5.64935 1.93234 256.621
19.8 124.675 5.67699 1.94186 256.594
19.9 124.477 5.70477 1.95138 256.566
20 124.279 5.73268 1.9609 256.538
20.1 124.082 5.76073 1.97041 256.51
20.2 123.886 5.78891 1.97992 256.482
20.3 123.69 5.81722 1.98943 256.454
20.4 123.495 5.84567 1.99893 256.425
20.5 123.301 5.87425 2.00842 256.396
20.6 123.108 5.90297 2.01791 256.368
20.7 122.915 5.93182 2.0274 256.339
20.8 122.723 5.9608 2.03688 256.31
20.9 122.532 5.98992 2.04636 256.281
21 122.341 6.01917 2.05583 256.252
21.1 122.151 6.04855 2.0653 256.222
21.2 121.962 6.07807 2.07476 256.193
21.3 121.773 6.10772 2.08422 256.163
21.4 121.585 6.1375 2.09367 256.133
21.5 121.398 6.16742 2.10312 256.103
21.6 121.211 6.19747 2.11257 256.073
21.7 121.025 6.22765 2.12201 256.043
21.8 120.84 6.25796 2.13144 256.013
21.9 120.655 6.28841 2.14087 255.982
22 120.471 6.31899 2.1503 255.952
22.1 120.287 6.3497 2.15972 255.921
22.2 120.105 6.38055 2.16914 255.89
22.3 119.922 6.41152 2.17855 255.859
22.4 119.741 6.44263 2.18795 255.828
22.5 119.56 6.47387 2.19736 255.797
22.6 119.38 6.50524 2.20675 255.765
22.7001 119.2 6.53675 2.21614 255.734
22.8001 119.021 6.56838 2.22553 255.702
22.9001 118.843 6.60015 2.23491 255.671
23.0001 118.665 6.63205 2.24429 255.639
23.1001 118.488 6.66408 2.25366 255.607
23.2001 118.311 6.69624 2.26303 255.575
23.3001 118.135 6.72853 2.27239 255.542
23.4001 117.96 6.76096 2.28175 255.51
23.5001 117.785 6.79351 2.2911 255.477
23.6001 117.611 6.8262 2.30045 255.445
23.7001 117.437 6.85901 2.30979 255.412
23.8001 117.264 6.89196 2.31912 255.379
23.9001 117.092 6.92504 2.32846 255.346
24.0001 116.92 6.95825 2.33778 255.312
24.1001 116.749 6.99159 2.3471 255.279
24.2001 116.578 7.02506 2.35642 255.246
24.3001 116.408 7.05866 2.36573 255.212
24.4001 116.238 7.09239 2.37503 255.178
24.5001 116.069 7.12625 2.38433 255.144
24.6001 115.901 7.16024 2.39363 255.111
24.7001 115.733 7.19436 2.40292 255.076
24.8001 115.566 7.22861 2.4122 255.042
24.9001 115.399 7.26298 2.42148 255.008
25.0001 115.233 7.29749 2.43075 254.973
25.1001 115.067 7.33213 2.44002 254.939
25.2001 114.902 7.3669 2.44928 254.904
25.3001 114.738 7.40179 2.45854 254.869
25.4001 114.573 7.43682 2.46779 254.834
25.5001 114.41 7.47197 2.47703 254.799
25.6001 114.247 7.50726 2.48627 254.763
25.7001 114.085 7.54267 2.49551 254.728
25.8001 113.923 7.57821 2.50474 254.693
25.9001 113.761 7.61388 2.51396 254.657
26.0001 113.6 7.64968 2.52318 254.621
26.1001 113.44 7.6856 2.53239 254.585
26.2001 113.28 7.72166 2.54159 254.549
26.3001 113.121 7.75784 2.55079 254.513
26.4001 112.962 7.79415 2.55999 254.477
26.5001 112.803 7.83059 2.56918 254.44
26.6001 112.646 7.86715 2.57836 254.404
26.7001 112.488 7.90385 2.58754 254.367
26.8001 112.331 7.94067 2.59671 254.33
26.9001 112.175 7.97762 2.60588 254.293
27.0001 112.019 8.01469 2.61504 254.256
27.1001 111.864 8.0519 2.62419 254.219
27.2001 111.709 8.08923 2.63334 254.182
27.3001 111.554 8.12668 2.64248 254.144
27.4001 111.4 8.16427 2.65162 254.106
27.5001 111.247 8.20198 2.66075 254.069
27.6001 111.094 8.23982 2.66987 254.031
27.7001 110.941 8.27778 2.67899 253.993
27.8001 110.789 8.31587 2.6881 253.955
27.9001 110.638 8.35409 2.69721 253.917
28.0001 110.486 8.39243 2.70631 253.878
28.1001 110.336 8.4309 2.7154 253.84
28.2001 110.185 8.46949 2.72449 253.801
28.3001 110.036 8.50822 2.73357 253.763
28.4001 109.886 8.54706 2.74265 253.724
28.5001 109.737 8.58603 2.75171 253.685
28.6001 109.589 8.62513 2.76078 253.646
28.7001 109.441 8.66435 2.76983 253.606
28.8001 109.293 8.7037 2.77889 253.567
28.9001 109.146 8.74318 2.78793 253.528
29.0001 109 8.78277 2.79697 253.488
29.1001 108.853 8.8225 2.806 253.448
29.2001 108.708 8.86235 2.81503 253.408
29.3001 108.562 8.90232 2.82404 253.368
29.4001 108.417 8.94242 2.83306 253.328
29.5001 108.273 8.98264 2.84206 253.288
29.6001 108.128 9.02298 2.85106 253.248
29.7001 107.985 9.06345 2.86006 253.207
29.8001 107.841 9.10405 2.86904 253.167
29.9001 107.698 9.14476 2.87802 253.126
30.0001 107.556 9.18561 2.887 253.085
30.1001 107.414 9.22657 2.89597 253.044
30.2001 107.272 9.26766 2.90493 253.003
30.3001 107.131 9.30887 2.91388 252.962
30.4001 106.99 9.35021 2.92283 252.921
30.5001 106.85 9.39167 2.93177 252.879
30.6001 106.71 9.43325 2.9407 252.837
30.7001 106.57 9.47495 2.94963 252.796
30.8001 106.431 9.51678 2.95855 252.754
30.9001 106.292 9.55873 2.96747 252.712
31.0001 106.153 9.6008 2.97637 252.67
31.1001 106.015 9.643 2.98528 252.628
31.2001 105.877 9.68531 2.99417 252.585
31.3001 105.74 9.72775 3.00306 252.543
31.4001 105.603 9.77032 3.01194 252.5
31.5001 105.466 9.813 3.02081 252.458
31.6001 105.33 9.8558 3.02968 252.415
31.7001 105.194 9.89873 3.03854 252.372
31.8001 105.059 9.94178 3.04739 252.329
31.9001 104.923 9.98495 3.05624 252.286
32.0001 104.789 10.0282 3.06508 252.243
32.1001 104.654 10.0716 3.07391 252.199
32.2001 104.52 10.1152 3.08273 252.156
32.3001 104.387 10.1588 3.09155 252.112
32.4001 104.253 10.2026 3.10036 252.068
32.5001 104.12 10.2465 3.10917 252.024
32.6001 103.988 10.2905 3.11796 251.98
32.7001 103.855 10.3346 3.12675 251.936
32.8001 103.723 10.3789 3.13553 251.892
32.9001 103.592 10.4233 3.14431 251.847
33.0001 103.461 10.4678 3.15308 251.803
33.1001 103.33 10.5124 3.16184 251.758
33.2001 103.199 10.5571 3.17059 251.714
33.3001 103.069 10.602 3.17934 251.669
33.4001 102.939 10.6469 3.18808 251.624
33.5001 102.809 10.692 3.19681 251.579
33.6001 102.68 10.7372 3.20554 251.533
33.7001 102.551 10.7826 3.21425 251.488
33.8001 102.423 10.828 3.22296 251.443
33.9001 102.294 10.8736 3.23167 251.397
34.0001 102.167 10.9193 3.24036 251.351
34.1001 102.039 10.9651 3.24905 251.306
34.2001 101.912 11.011 3.25773 251.26
34.3 101.785 11.057 3.2664 251.214
34.4 101.658 11.1032 3.27507 251.168
34.5 101.532 11.1495 3.28373 251.121
34.6 101.406 11.1959 3.29238 251.075
34.7 101.28 11.2424 3.30102 251.028
34.8 101.155 11.289 3.30966 250.982
34.9 101.03 11.3358 3.31828 250.935
35 100.905 11.3826 3.3269 250.888
35.1 100.78 11.4296 3.33552 250.841
35.2 100.656 11.4767 3.34412 250.794
35.3 100.532 11.5239 3.35272 250.747
35.4 100.409 11.5712 3.36131 250.699
35.5 100.286 11.6187 3.36989 250.652
35.6 100.163 11.6663 3.37846 250.604
35.7 100.04 11.7139 3.38703 250.557
35.8 99.9176 11.7617 3.39559 250.509
35.9 99.7955 11.8096 3.40414 250.461
36 99.6737 11.8577 3.41268 250.413
36.1 99.5522 11.9058 3.42122 250.365
36.2 99.4309 11.9541 3.42974 250.317
36.3 99.31 12.0024 3.43826 250.268
36.4 99.1893 12.0509 3.44678 250.22
36.5 99.069 12.0995 3.45528 250.171
36.6 98.9489 12.1482 3.46377 250.123
36.7 98.8291 12.1971 3.47226 250.074
36.8 98.7095 12.246 3.48074 250.025
36.9 98.5903 12.2951 3.48921 249.976
37 98.4713 12.3443 3.49768 249.926
37.1 98.3525 12.3935 3.50613 249.877
37.2 98.2341 12.4429 3.51458 249.828
37.3 98.1159 12.4925 3.52302 249.778
37.4 97.998 12.5421 3.53145 249.729
37.5 97.8804 12.5918 3.53987 249.679
37.6 97.763 12.6417 3.54829 249.629
37.7 97.6459 12.6917 3.55669 249.579
37.8 97.529 12.7417 3.56509 249.529
37.9 97.4124 12.7919 3.57348 249.479
38 97.2961 12.8422 3.58186 249.428
38.1 97.18 12.8927 3.59024 249.378
38.2 97.0642 12.9432 3.5986 249.328
38.3 96.9486 12.9938 3.60696 249.277
38.4 96.8333 13.0446 3.61531 249.226
38.5 96.7182 13.0955 3.62365 249.175
38.6 96.6034 13.1465 3.63198 249.124
38.7 96.4888 13.1975 3.6403 249.073
38.8 96.3745 13.2487 3.64862 249.022
38.9 96.2604 13.3001 3.65693 248.971
39 96.1466 13.3515 3.66522 248.919
39.1 96.033 13.403 3.67351 248.868
39.2 95.9197 13.4547 3.68179 248.816
39.3 95.8066 13.5064 3.69007 248.764
39.4 95.6937 13.5583 3.69833 248.712
39.5 95.5811 13.6103 3.70659 248.66
39.6 95.4687 13.6624 3.71483 248.608
39.7 95.3565 13.7146 3.72307 248.556
39.8 95.2446 13.7669 3.7313 248.504
39.9 95.1329 13.8193 3.73952 248.451
40 95.0215 13.8718 3.74773 248.399
40.1 94.9103 13.9245 3.75594 248.346
40.2 94.7993 13.9772 3.76413 248.294
40.3 94.6885 14.0301 3.77232 248.241
40.4 94.578 14.083 3.78049 248.188
40.5 94.4677 14.1361 3.78866 248.135
40.6 94.3576 14.1893 3.79682 248.081
40.7 94.2477 14.2426 3.80497 248.028
40.7999 94.138 14.296 3.81311 247.975
40.8999 94.0286 14.3495 3.82124 247.921
40.9999 93.9194 14.4031 3.82937 247.868
41.0999 93.8104 14.4568 3.83748 247.814
41.1999 93.7017 14.5107 3.84559 247.76
41.2999 93.5931 14.5646 3.85369 247.706
41.3999 93.4848 14.6186 3.86177 247.652
41.4999 93.3766 14.6728 3.86985 247.598
41.5999 93.2687 14.7271 3.87792 247.544
41.6999 93.161 14.7814 3.88598 247.489
41.7999 93.0535 14.8359 3.89403 247.435
41.8999 92.9463 14.8905 3.90208 247.38
41.9999 92.8392 14.9452 3.91011 247.326
42.0999 92.7323 14.9999 3.91813 247.271
42.1999 92.6256 15.0548 3.92615 247.216
42.2999 92.5192 15.1098 3.93415 247.161
42.3999 92.4129 15.165 3.94215 247.106
42.4999 92.3069 15.2202 3.95014 247.051
42.5999 92.201 15.2755 3.95812 246.995
42.6999 92.0954 15.3309 3.96608 246.94
42.7999 91.9899 15.3864 3.97404 246.884
42.8999 91.8847 15.4421 3.98199 246.829
42.9999 91.7796 15.4978 3.98994 246.773
43.0999 91.6748 15.5537 3.99787 246.717
43.1999 91.5701 15.6096 4.00579 246.661
43.2999 91.4656 15.6657 4.0137 246.605
43.3999 91.3614 15.7218 4.0216 246.549
43.4999 91.2573 15.7781 4.0295 246.493
43.5999 91.1534 15.8344 4.03738 246.436
43.6999 91.0497 15.8909 4.04526 246.38
43.7999 90.9462 15.9475 4.05312 246.323
43.8999 90.8428 16.0041 4.06098 246.267
43.9999 90.7397 16.0609 4.06882 246.21
44.0999 90.6367 16.1178 4.07666 246.153
44.1999 90.534 16.1748 4.08449 246.096
44.2999 90.4314 16.2319 4.0923 246.039
44.3999 90.329 16.289 4.10011 245.982
44.4999 90.2268 16.3463 4.10791 245.924
44.5999 90.1247 16.4037 4.1157 245.867
44.6999 90.0229 16.4612 4.12347 245.81
44.7999 89.9212 16.5188 4.13124 245.752
44.8999 89.8197 16.5765 4.139 245.694
44.9999 89.7184 16.6343 4.14675 245.636
45.0999 89.6172 16.6922 4.15449 245.579
45.1999 89.5163 16.7502 4.16222 245.521
45.2999 89.4155 16.8083 4.16994 245.462
45.3999 89.3148 16.8665 4.17765 245.404
45.4999 89.2144 16.9248 4.18535 245.346
45.5999 89.1141 16.9832 4.19304 245.288
45.6999 89.014 17.0417 4.20072 245.229
45.7999 88.9141 17.1003 4.20839 245.17
45.8999 88.8143 17.159 4.21605 245.112
45.9999 88.7147 17.2178 4.2237 245.053
46.0999 88.6153 17.2767 4.23134 244.994
46.1999 88.516 17.3356 4.23897 244.935
46.2999 88.417 17.3947 4.24659 244.876
46.3999 88.318 17.4539 4.25419 244.817
46.4999 88.2193 17.5132 4.26179 244.758
46.5999 88.1207 17.5726 4.26938 244.698
46.6999 88.0222 17.6321 4.27696 244.639
46.7999 87.924 17.6917 4.28453 244.579
46.8999 87.8258 17.7514 4.29209 244.519
46.9999 87.7279 17.8111 4.29964 244.46
47.0999 87.6301 17.871 4.30718 244.4
47.1999 87.5325 17.931 4.3147 244.34
47.2999 87.435 17.9911 4.32222 244.28
47.3998 87.3377 18.0512 4.32973 244.22
47.4998 87.2405 18.1115 4.33723 244.159
47.5998 87.1435 18.1719 4.34471 244.099
47.6998 87.0466 18.2323 4.35219 244.038
47.7998 86.9499 18.2929 4.35966 243.978
47.8998 86.8534 18.3535 4.36711 243.917
47.9998 86.757 18.4143 4.37456 243.856
48.0998 86.6608 18.4751 4.38199 243.796
48.1998 86.5647 18.536 4.38941 243.735
48.2998 86.4687 18.5971 4.39683 243.674
48.3998 86.373 18.6582 4.40423 243.613
48.4998 86.2773 18.7194 4.41162 243.551
48.5998 86.1818 18.7807 4.419 243.49
48.6998 86.0865 18.8421 4.42638 243.429
48.7998 85.9913 18.9036 4.43374 243.367
48.8998 85.8962 18.9652 4.44109 243.305
48.9998 85.8013 19.0269 4.44843 243.244
49.0998 85.7066 19.0887 4.45575 243.182
49.1998 85.6119 19.1506 4.46307 243.12
49.2998 85.5175 19.2126 4.47038 243.058
49.3998 85.4231 19.2746 4.47768 242.996
49.4998 85.3289 19.3368 4.48496 242.934
49.5998 85.2349 19.3991 4.49224 242.872
49.6998 85.141 19.4614 4.4995 242.809
49.7998 85.0472 19.5238 4.50675 242.747
49.8998 84.9536 19.5864 4.514 242.684
49.9998 84.8601 19.649 4.52123 242.622
50.0998 84.7667 19.7117 4.52845 242.559
50.1998 84.6735 19.7745 4.53566 242.496
50.2998 84.5804 19.8374 4.54286 242.433
50.3998 84.4875 19.9004 4.55004 242.37
50.4998 84.3947 19.9635 4.55722 242.307
50.5998 84.302 20.0266 4.56439 242.244
50.6998 84.2095 20.0899 4.57154 242.181
50.7998 84.1171 20.1532 4.57868 242.118
50.8998 84.0248 20.2167 4.58582 242.054
50.9998 83.9326 20.2802 4.59294 241.991
51.0998 83.8406 20.3438 4.60005 241.927
51.1998 83.7487 20.4075 4.60715 241.863
51.2998 83.657 20.4713 4.61424 241.799
51.3998 83.5654 20.5352 4.62131 241.736
51.4998 83.4739 20.5992 4.62838 241.672
51.5998 83.3825 20.6633 4.63543 241.607
51.6998 83.2913 20.7274 4.64248 241.543
51.7998 83.2001 20.7917 4.64951 241.479
51.8998 83.1092 20.856 4.65653 241.415
51.9998 83.0183 20.9204 4.66354 241.35
52.0998 82.9276 20.9849 4.67053 241.286
52.1998 82.837 21.0495 4.67752 241.221
52.2998 82.7465 21.1142 4.6845 241.157
52.3998 82.6561 21.179 4.69146 241.092
52.4998 82.5659 21.2438 4.69841 241.027
52.5998 82.4758 21.3088 4.70535 240.962
52.6998 82.3858 21.3738 4.71228 240.897
52.7998 82.2959 21.4389 4.7192 240.832
52.8998 82.2061 21.5041 4.72611 240.767
52.9998 82.1165 21.5694 4.733 240.701
53.0998 82.027 21.6348 4.73989 240.636
53.1998 81.9376 21.7002 4.74676 240.571
53.2998 81.8483 21.7658 4.75362 240.505
53.3998 81.7591 21.8314 4.76047 240.439
53.4998 81.6701 21.8971 4.7673 240.374
53.5998 81.5812 21.9629 4.77413 240.308
53.6998 81.4924 22.0288 4.78094 240.242
53.7998 81.4037 22.0948 4.78774 240.176
53.8997 81.3151 22.1608 4.79453 240.11
53.9997 81.2266 22.227 4.80131 240.044
54.0997 81.1383 22.2932 4.80808 239.978
54.1997 81.05 22.3595 4.81483 239.911
54.2997 80.9619 22.4259 4.82158 239.845
54.3997 80.8739 22.4924 4.82831 239.778
54.4997 80.786 22.5589 4.83503 239.712
54.5997 80.6982 22.6256 4.84173 239.645
54.6997 80.6105 22.6923 4.84843 239.578
54.7997 80.523 22.7591 4.85511 239.512
54.8997 80.4355 22.826 4.86179 239.445
54.9997 80.3482 22.893 4.86844 239.378
55.0997 80.2609 22.96 4.87509 239.311
55.1997 80.1738 23.0271 4.88173 239.244
55.2997 80.0868 23.0944 4.88835 239.176
55.3997 79.9998 23.1617 4.89496 239.109
55.4997 79.913 23.229 4.90156 239.042
55.5997 79.8263 23.2965 4.90815 238.974
55.6997 79.7397 23.364 4.91473 238.907
55.7997 79.6532 23.4317 4.92129 238.839
55.8997 79.5669 23.4994 4.92784 238.771
55.9997 79.4806 23.5671 4.93438 238.704
56.0997 79.3944 23.635 4.94091 238.636
56.1997 79.3083 23.7029 4.94742 238.568
56.2997 79.2224 23.7709 4.95392 238.5
56.3997 79.1365 23.839 4.96041 238.432
56.4997 79.0507 23.9072 4.96689 238.364
56.5997 78.9651 23.9755 4.97336 238.295
56.6997 78.8795 24.0438 4.97981 238.227
56.7997 78.794 24.1122 4.98625 238.159
56.8997 78.7087 24.1807 4.99268 238.09
56.9997 78.6234 24.2493 4.9991 238.021
57.0997 78.5383 24.3179 5.0055 237.953
57.1997 78.4532 24.3867 5.01189 237.884
57.2997 78.3682 24.4555 5.01827 237.815
57.3997 78.2834 24.5243 5.02463 237.746
57.4997 78.1986 24.5933 5.03099 237.677
57.5997 78.1139 24.6623 5.03733 237.608
57.6997 78.0294 24.7314 5.04366 237.539
57.7997 77.9449 24.8006 5.04997 237.47
57.8997 77.8605 24.8699 5.05628 237.401
57.9997 77.7762 24.9392 5.06257 237.332
58.0997 77.692 25.0086 5.06885 237.262
58.1997 77.6079 25.0781 5.07511 237.193
58.2997 77.5239 25.1477 5.08137 237.123
58.3997 77.44 25.2173 5.08761 237.053
58.4997 77.3562 25.287 5.09383 236.984
58.5997 77.2725 25.3568 5.10005 236.914
58.6997 77.1889 25.4267 5.10625 236.844
58.7997 77.1054 25.4966 5.11244 236.774
58.8997 77.0219 25.5666 5.11862 236.704
58.9997 76.9386 25.6367 5.12478 236.634
59.0997 76.8553 25.7069 5.13093 236.564
59.1997 76.7721 25.7771 5.13707 236.494
59.2997 76.6891 25.8474 5.1432 236.423
59.3997 76.6061 25.9178 5.14931 236.353
59.4997 76.5232 25.9882 5.15541 236.283
59.5997 76.4404 26.0587 5.16149 236.212
59.6997 76.3577 26.1293 5.16757 236.141
59.7997 76.275 26.2 5.17363 236.071
59.8997 76.1925 26.2707 5.17968 236
59.9997 76.11 26.3415 5.18571 235.929
60.0997 76.0277 26.4124 5.19173 235.858
60.1997 75.9454 26.4834 5.19774 235.787
60.2997 75.8632 26.5544 5.20374 235.716
60.3997 75.7811 26.6255 5.20972 235.645
60.4996 75.6991 26.6967 5.21569 235.574
60.5996 75.6171 26.7679 5.22164 235.503
60.6996 75.5353 26.8392 5.22759 235.432
60.7996 75.4535 26.9106 5.23352 235.36
60.8996 75.3718 26.982 5.23943 235.289
60.9996 75.2902 27.0535 5.24533 235.217
61.0996 75.2087 27.1251 5.25122 235.146
61.1996 75.1273 27.1968 5.2571 235.074
61.2996 75.046 27.2685 5.26296 235.002
61.3996 74.9647 27.3403 5.26881 234.93
61.4996 74.8835 27.4121 5.27465 234.859
61.5996 74.8024 27.4841 5.28047 234.787
61.6996 74.7214 27.5561 5.28628 234.715
61.7996 74.6405 27.6281 5.29208 234.643
61.8996 74.5596 27.7002 5.29786 234.57
61.9996 74.4788 27.7724 5.30363 234.498
62.0996 74.3981 27.8447 5.30939 234.426
62.1996 74.3175 27.917 5.31513 234.354
62.2996 74.237 27.9894 5.32086 234.281
62.3996 74.1565 28.0619 5.32658 234.209
62.4996 74.0762 28.1344 5.33228 234.136
62.5996 73.9959 28.207 5.33797 234.064
62.6996 73.9157 28.2797 5.34364 233.991
62.7996 73.8355 28.3524 5.3493 233.918
62.8996 73.7555 28.4252 5.35495 233.846
62.9996 73.6755 28.498 5.36059 233.773
63.0996 73.5956 28.571 5.36621 233.7
63.1996 73.5157 28.644 5.37181 233.627
63.2996 73.436 28.717 5.37741 233.554
63.3996 73.3563 28.7901 5.38298 233.481
63.4996 73.2767 28.8633 5.38855 233.407
63.5996 73.1972 28.9365 5.3941 233.334
63.6996 73.1177 29.0098 5.39964 233.261
63.7996 73.0384 29.0832 5.40516 233.188
63.8996 72.959 29.1566 5.41067 233.114
63.9996 72.8798 29.2301 5.41617 233.041
64.0996 72.8007 29.3037 5.42165 232.967
64.1996 72.7216 29.3773 5.42712 232.893
64.2996 72.6426 29.451 5.43258 232.82
64.3996 72.5637 29.5247 5.43802 232.746
64.4996 72.4848 29.5985 5.44344 232.672
64.5996 72.406 29.6724 5.44886 232.598
64.6996 72.3273 29.7463 5.45426 232.524
64.7996 72.2486 29.8203 5.45964 232.45
64.8996 72.1701 29.8944 5.46501 232.376
64.9996 72.0916 29.9685 5.47037 232.302
65.0996 72.0132 30.0427 5.47571 232.228
65.1996 71.9348 30.1169 5.48104 232.154
65.2996 71.8565 30.1912 5.48635 232.08
65.3996 71.7783 30.2655 5.49165 232.005
65.4996 71.7001 30.3399 5.49694 231.931
65.5996 71.6221 30.4144 5.50221 231.856
65.6996 71.5441 30.4889 5.50747 231.782
65.7996 71.4661 30.5635 5.51271 231.707
65.8996 71.3883 30.6382 5.51794 231.633
65.9996 71.3105 30.7129 5.52316 231.558
66.0996 71.2327 30.7876 5.52836 231.483
66.1996 71.1551 30.8625 5.53354 231.408
66.2996 71.0775 30.9373 5.53872 231.333
66.3996 70.9999 31.0123 5.54387 231.258
66.4996 70.9225 31.0873 5.54902 231.183
66.5996 70.8451 31.1623 5.55414 231.108
66.6996 70.7677 31.2374 5.55926 231.033
66.7996 70.6905 31.3126 5.56436 230.958
66.8996 70.6133 31.3878 5.56944 230.883
66.9995 70.5362 31.4631 5.57452 230.808
67.0995 70.4591 31.5384 5.57957 230.732
67.1995 70.3821 31.6138 5.58461 230.657
67.2995 70.3052 31.6892 5.58964 230.582
67.3995 70.2283 31.7647 5.59465 230.506
67.4995 70.1515 31.8403 5.59965 230.43
67.5995 70.0748 31.9159 5.60464 230.355
67.6995 69.9981 31.9915 5.60961 230.279
67.7995 69.9215 32.0672 5.61456 230.203
67.8995 69.8449 32.143 5.6195 230.128
67.9995 69.7684 32.2188 5.62443 230.052
68.0995 69.692 32.2947 5.62934 229.976
68.1995 69.6157 32.3706 5.63423 229.9
68.2995 69.5394 32.4466 5.63911 229.824
68.3995 69.4631 32.5227 5.64398 229.748
68.4995 69.387 32.5987 5.64883 229.672
68.5995 69.3109 32.6749 5.65367 229.596
68.6995 69.2348 32.7511 5.65849 229.52
68.7995 69.1588 32.8273 5.6633 229.443
68.8995 69.0829 32.9036 5.66809 229.367
68.9995 69.007 32.98 5.67287 229.291
69.0995 68.9312 33.0564 5.67763 229.214
69.1995 68.8555 33.1328 5.68238 229.138
69.2995 68.7798 33.2093 5.68711 229.061
69.3995 68.7042 33.2858 5.69183 228.985
69.4995 68.6286 33.3624 5.69653 228.908
69.5995 68.5531 33.4391 5.70122 228.832
69.6995 68.4777 33.5158 5.70589 228.755
69.7995 68.4023 33.5925 5.71055 228.678
69.8995 68.327 33.6693 5.71519 228.601
69.9995 68.2517 33.7462 5.71982 228.525
70.0995 68.1765 33.8231 5.72443 228.448
70.1995 68.1014 33.9 5.72903 228.371
70.2995 68.0263 33.977 5.73361 228.294
70.3995 67.9513 34.0541 5.73817 228.217
70.4995 67.8763 34.1312 5.74273 228.14
70.5995 67.8014 34.2083 5.74726 228.062
70.6995 67.7265 34.2855 5.75178 227.985
70.7995 67.6517 34.3627 5.75629 227.908
70.8995 67.577 34.44 5.76078 227.831
70.9995 67.5023 34.5173 5.76526 227.753
71.0995 67.4277 34.5947 5.76972 227.676
71.1995 67.3531 34.6721 5.77416 227.599
71.2995 67.2786 34.7496 5.77859 227.521
71.3995 67.2041 34.8271 5.78301 227.444
71.4995 67.1297 34.9046 5.7874 227.366
71.5995 67.0553 34.9822 5.79179 227.289
71.6995 66.9811 35.0599 5.79616 227.211
71.7995 66.9068 35.1376 5.80051 227.133
71.8995 66.8326 35.2153 5.80485 227.055
71.9995 66.7585 35.2931 5.80917 226.978
72.0995 66.6844 35.3709 5.81347 226.9
72.1995 66.6104 35.4488 5.81777 226.822
72.2995 66.5364 35.5267 5.82204 226.744
72.3995 66.4625 35.6046 5.8263 226.666
72.4995 66.3886 35.6826 5.83054 226.588
72.5995 66.3148 35.7607 5.83477 226.51
72.6995 66.2411 35.8387 5.83899 226.432
72.7995 66.1674 35.9169 5.84318 226.354
72.8995 66.0937 35.995 5.84736 226.276
72.9995 66.0201 36.0733 5.85153 226.197
73.0995 65.9466 36.1515 5.85568 226.119
73.1995 65.8731 36.2298 5.85982 226.041
73.2995 65.7996 36.3081 5.86393 225.963
73.3995 65.7263 36.3865 5.86804 225.884
73.4995 65.6529 36.4649 5.87212 225.806
73.5994 65.5796 36.5434 5.8762 225.727
73.6994 65.5064 36.6219 5.88025 225.649
73.7994 65.4332 36.7004 5.88429 225.57
73.8994 65.3601 36.779 5.88832 225.492
73.9994 65.287 36.8576 5.89232 225.413
74.0994 65.214 36.9363 5.89632 225.334
74.1994 65.141 37.015 5.90029 225.256
74.2994 65.0681 37.0937 5.90425 225.177
74.3994 64.9952 37.1725 5.9082 225.098
74.4994 64.9224 37.2513 5.91213 225.019
74.5994 64.8496 37.3301 5.91604 224.941
74.6994 64.7768 37.409 5.91994 224.862
74.7994 64.7042 37.4879 5.92382 224.783
74.8994 64.6315 37.5669 5.92768 224.704
74.9994 64.5589 37.6459 5.93153 224.625
75.0994 64.4864 37.7249 5.93536 224.546
75.1994 64.4139 37.804 5.93918 224.467
75.2994 64.3415 37.8831 5.94298 224.388
75.3994 64.2691 37.9623 5.94676 224.308
75.4994 64.1968 38.0414 5.95053 224.229
75.5994 64.1245 38.1207 5.95428 224.15
75.6994 64.0522 38.1999 5.95802 224.071
75.7994 63.98 38.2792 5.96174 223.992
75.8994 63.9079 38.3585 5.96544 223.912
75.9994 63.8358 38.4379 5.96913 223.833
76.0994 63.7637 38.5173 5.9728 223.753
76.1994 63.6917 38.5967 5.97645 223.674
76.2994 63.6197 38.6762 5.98009 223.595
76.3994 63.5478 38.7556 5.98372 223.515
76.4994 63.476 38.8352 5.98732 223.436
76.5994 63.4041 38.9147 5.99091 223.356
76.6994 63.3323 38.9943 5.99448 223.276
76.7994 63.2606 39.074 5.99804 223.197
76.8994 63.1889 39.1536 6.00158 223.117
76.9994 63.1173 39.2333 6.0051 223.037
77.0994 63.0457 39.313 6.00861 222.958
77.1994 62.9741 39.3928 6.0121 222.878
77.2994 62.9026 39.4726 6.01558 222.798
77.3994 62.8312 39.5524 6.01903 222.718
77.4994 62.7598 39.6322 6.02247 222.638
77.5994 62.6884 39.7121 6.0259 222.559
77.6994 62.6171 39.792 6.02931 222.479
77.7994 62.5458 39.872 6.0327 222.399
77.8994 62.4746 39.952 6.03607 222.319
77.9994 62.4034 40.032 6.03943 222.239
78.0994 62.3322 40.112 6.04277 222.159
78.1994 62.2611 40.1921 6.0461 222.079
78.2994 62.1901 40.2721 6.04941 221.999
78.3994 62.119 40.3523 6.0527 221.918
78.4994 62.0481 40.4324 6.05598 221.838
78.5994 61.9771 40.5126 6.05923 221.758
78.6994 61.9062 40.5928 6.06248 221.678
78.7994 61.8354 40.673 6.0657 221.598
78.8994 61.7646 40.7533 6.06891 221.517
78.9994 61.6938 40.8336 6.0721 221.437
79.0994 61.6231 40.9139 6.07527 221.357
79.1994 61.5525 40.9942 6.07843 221.277
79.2994 61.4818 41.0746 6.08157 221.196
79.3994 61.4112 41.155 6.0847 221.116
79.4994 61.3407 41.2354 6.0878 221.035
79.5994 61.2702 41.3159 6.09089 220.955
79.6994 61.1997 41.3963 6.09397 220.874
79.7994 61.1293 41.4768 6.09702 220.794
79.8994 61.0589 41.5574 6.10006 220.713
79.9994 60.9886 41.6379 6.10309 220.633
80.0993 60.9183 41.7185 6.10609 220.552
80.1993 60.848 41.7991 6.10908 220.472
80.2993 60.7778 41.8797 6.11205 220.391
80.3993 60.7076 41.9604 6.11501 220.31
80.4993 60.6375 42.041 6.11794 220.23
80.5993 60.5674 42.1217 6.12086 220.149
80.6993 60.4973 42.2024 6.12377 220.068
80.7993 60.4273 42.2832 6.12665 219.988
80.8993 60.3573 42.364 6.12952 219.907
80.9993 60.2874 42.4447 6.13237 219.826
81.0993 60.2175 42.5256 6.13521 219.745
81.1993 60.1476 42.6064 6.13803 219.664
81.2993 60.0778 42.6872 6.14083 219.584
81.3993 60.008 42.7681 6.14361 219.503
81.4993 59.9383 42.849 6.14638 219.422
81.5993 59.8686 42.9299 6.14912 219.341
81.6993 59.7989 43.0109 6.15186 219.26
81.7993 59.7293 43.0918 6.15457 219.179
81.8993 59.6597 43.1728 6.15727 219.098
81.9993 59.5902 43.2538 6.15995 219.017
82.0993 59.5207 43.3348 6.16261 218.936
82.1993 59.4512 43.4159 6.16525 218.855
82.2993 59.3818 43.4969 6.16788 218.774
82.3993 59.3124 43.578 6.17049 218.693
82.4993 59.243 43.6591 6.17308 218.612
82.5993 59.1737 43.7402 6.17566 218.531
82.6993 59.1044 43.8213 6.17821 218.449
82.7993 59.0352 43.9025 6.18076 218.368
82.8993 58.966 43.9837 6.18328 218.287
82.9993 58.8968 44.0648 6.18578 218.206
83.0993 58.8277 44.146 6.18827 218.125
83.1993 58.7586 44.2273 6.19074 218.043
83.2993 58.6895 44.3085 6.19319 217.962
83.3993 58.6205 44.3898 6.19563 217.881
83.4993 58.5515 44.471 6.19805 217.8
83.5993 58.4826 44.5523 6.20045 217.718
83.6993 58.4137 44.6336 6.20283 217.637
83.7993 58.3448 44.7149 6.20519 217.556
83.8993 58.276 44.7963 6.20754 217.474
83.9993 58.2072 44.8776 6.20987 217.393
84.0993 58.1384 44.959 6.21218 217.312
84.1993 58.0697 45.0404 6.21448 217.23
84.2993 58.001 45.1218 6.21675 217.149
84.3993 57.9323 45.2032 6.21901 217.068
84.4993 57.8637 45.2846 6.22125 216.986
84.5993 57.7951 45.366 6.22348 216.905
84.6993 57.7265 45.4475 6.22568 216.823
84.7993 57.658 45.5289 6.22787 216.742
84.8993 57.5896 45.6104 6.23004 216.66
84.9993 57.5211 45.6919 6.23219 216.579
85.0993 57.4527 45.7734 6.23433 216.497
85.1993 57.3843 45.8549 6.23644 216.416
85.2993 57.316 45.9364 6.23854 216.334
85.3993 57.2477 46.018 6.24062 216.253
85.4993 57.1794 46.0995 6.24268 216.171
85.5993 57.1112 46.1811 6.24473 216.09
85.6993 57.0429 46.2626 6.24675 216.008
85.7993 56.9748 46.3442 6.24876 215.927
85.8993 56.9066 46.4258 6.25075 215.845
85.9993 56.8385 46.5074 6.25273 215.763
86.0993 56.7705 46.589 6.25468 215.682
86.1993 56.7024 46.6706 6.25662 215.6
86.2993 56.6344 46.7523 6.25854 215.518
86.3993 56.5665 46.8339 6.26044 215.437
86.4993 56.4985 46.9156 6.26232 215.355
86.5993 56.4306 46.9972 6.26419 215.274
86.6992 56.3627 47.0789 6.26603 215.192
86.7992 56.2949 47.1606 6.26786 215.11
86.8992 56.2271 47.2422 6.26967 215.029
86.9992 56.1593 47.3239 6.27146 214.947
87.0992 56.0916 47.4056 6.27324 214.865
87.1992 56.0239 47.4873 6.27499 214.783
87.2992 55.9562 47.569 6.27673 214.702
87.3992 55.8886 47.6508 6.27845 214.62
87.4992 55.821 47.7325 6.28015 214.538
87.5992 55.7534 47.8142 6.28184 214.457
87.6992 55.6859 47.896 6.2835 214.375
87.7992 55.6183 47.9777 6.28515 214.293
87.8992 55.5509 48.0594 6.28677 214.211
87.9992 55.4834 48.1412 6.28838 214.13
88.0992 55.416 48.223 6.28998 214.048
88.1992 55.3486 48.3047 6.29155 213.966
88.2992 55.2813 48.3865 6.2931 213.884
88.3992 55.2139 48.4683 6.29464 213.802
88.4992 55.1466 48.55 6.29616 213.721
88.5992 55.0794 48.6318 6.29766 213.639
88.6992 55.0122 48.7136 6.29914 213.557
88.7992 54.945 48.7954 6.3006 213.475
88.8992 54.8778 48.8772 6.30205 213.394
88.9992 54.8107 48.959 6.30347 213.312
89.0992 54.7435 49.0407 6.30488 213.23
89.1992 54.6765 49.1225 6.30627 213.148
89.2992 54.6094 49.2043 6.30764 213.066
89.3992 54.5424 49.2861 6.30899 212.985
89.4992 54.4754 49.3679 6.31033 212.903
89.5992 54.4085 49.4497 6.31164 212.821
89.6992 54.3416 49.5316 6.31294 212.739
89.7992 54.2747 49.6134 6.31422 212.657
89.8992 54.2078 49.6952 6.31548 212.576
89.9992 54.141 49.777 6.31672 212.494
90.0992 54.0742 49.8588 6.31794 212.412
90.1992 54.0074 49.9406 6.31914 212.33
90.2992 53.9406 50.0224 6.32033 212.248
90.3992 53.8739 50.1042 6.3215 212.167
90.4992 53.8072 50.186 6.32264 212.085
90.5992 53.7406 50.2678 6.32377 212.003
90.6992 53.674 50.3496 6.32488 211.921
90.7992 53.6074 50.4314 6.32597 211.839
90.8992 53.5408 50.5132 6.32705 211.758
90.9992 53.4743 50.595 6.3281 211.676
91.0992 53.4077 50.6768 6.32914 211.594
91.1992 53.3413 50.7586 6.33015 211.512
91.2992 53.2748 50.8403 6.33115 211.43
91.3992 53.2084 50.9221 6.33213 211.349
91.4992 53.142 51.0039 6.33309 211.267
91.5992 53.0756 51.0857 6.33403 211.185
91.6992 53.0093 51.1675 6.33496 211.103
91.7992 52.943 51.2492 6.33586 211.022
91.8992 52.8767 51.331 6.33674 210.94
91.9992 52.8104 51.4127 6.33761 210.858
92.0992 52.7442 51.4945 6.33846 210.776
92.1992 52.678 51.5762 6.33929 210.695
92.2992 52.6118 51.658 6.34009 210.613
92.3992 52.5457 51.7397 6.34089 210.531
92.4992 52.4796 51.8214 6.34166 210.449
92.5992 52.4135 51.9032 6.34241 210.368
92.6992 52.3474 51.9849 6.34314 210.286
92.7992 52.2814 52.0666 6.34386 210.204
92.8992 52.2154 52.1483 6.34455 210.122
92.9992 52.1494 52.23 6.34523 210.041
93.0992 52.0835 52.3117 6.34589 209.959
93.1992 52.0176 52.3934 6.34653 209.877
93.2991 51.9517 52.475 6.34714 209.796
93.3991 51.8858 52.5567 6.34775 209.714
93.4991 51.8199 52.6384 6.34833 209.632
93.5991 51.7541 52.72 6.34889 209.551
93.6991 51.6883 52.8017 6.34943 209.469
93.7991 51.6226 52.8833 6.34996 209.387
93.8991 51.5568 52.9649 6.35046 209.306
93.9991 51.4911 53.0465 6.35095 209.224
94.0991 51.4255 53.1281 6.35141 209.143
94.1991 51.3598 53.2097 6.35186 209.061
94.2991 51.2942 53.2913 6.35229 208.979
94.3991 51.2286 53.3729 6.3527 208.898
94.4991 51.163 53.4544 6.35309 208.816
94.5991 51.0974 53.536 6.35346 208.735
94.6991 51.0319 53.6175 6.35381 208.653
94.7991 50.9664 53.699 6.35414 208.572
94.8991 50.9009 53.7805 6.35445 208.49
94.9991 50.8355 53.862 6.35475 208.409
95.0991 50.7701 53.9435 6.35502 208.327
95.1991 50.7047 54.025 6.35528 208.246
95.2991 50.6393 54.1065 6.35551 208.164
95.3991 50.5739 54.1879 6.35573 208.083
95.4991 50.5086 54.2693 6.35593 208.001
95.5991 50.4433 54.3508 6.35611 207.92
95.6991 50.3781 54.4322 6.35626 207.839
95.7991 50.3128 54.5136 6.3564 207.757
95.8991 50.2476 54.595 6.35652 207.676
95.9991 50.1824 54.6763 6.35662 207.594
96.0991 50.1172 54.7577 6.3567 207.513
96.1991 50.0521 54.839 6.35677 207.432
96.2991 49.987 54.9203 6.35681 207.35
96.3991 49.9219 55.0016 6.35683 207.269
96.4991 49.8568 55.0829 6.35683 207.188
96.5991 49.7917 55.1642 6.35682 207.107
96.6991 49.7267 55.2454 6.35678 207.025
96.7991 49.6617 55.3267 6.35673 206.944
96.8991 49.5967 55.4079 6.35665 206.863
96.9991 49.5318 55.4891 6.35656 206.782
97.0991 49.4669 55.5703 6.35644 206.7
97.1991 49.402 55.6515 6.35631 206.619
97.2991 49.3371 55.7326 6.35616 206.538
97.3991 49.2722 55.8137 6.35599 206.457
97.4991 49.2074 55.8949 6.35579 206.376
97.5991 49.1426 55.976 6.35558 206.295
97.6991 49.0778 56.057 6.35535 206.214
97.7991 49.0131 56.1381 6.3551 206.133
97.8991 48.9483 56.2191 6.35483 206.052
97.9991 48.8836 56.3001 6.35454 205.971
98.0991 48.8189 56.3811 6.35423 205.89
98.1991 48.7543 56.4621 6.3539 205.809
98.2991 48.6896 56.5431 6.35355 205.728
98.3991 48.625 56.624 6.35319 205.647
98.4991 48.5604 56.7049 6.3528 205.566
98.5991 48.4958 56.7858 6.35239 205.485
98.6991 48.4313 56.8667 6.35196 205.404
98.7991 48.3668 56.9476 6.35152 205.323
98.8991 48.3023 57.0284 6.35105 205.242
98.9991 48.2378 57.1092 6.35056 205.162
99.0991 48.1733 57.19 6.35006 205.081
99.1991 48.1089 57.2708 6.34953 205
99.2991 48.0445 57.3515 6.34898 204.919
99.3991 47.9801 57.4322 6.34842 204.839
99.4991 47.9157 57.5129 6.34783 204.758
99.5991 47.8514 57.5936 6.34723 204.677
99.6991 47.7871 57.6742 6.3466 204.597
99.799 47.7228 57.7549 6.34596 204.516
99.899 47.6585 57.8355 6.3453 204.435
99.999 47.5943 57.916 6.34461 204.355
100.099 47.53 57.9966 6.34391 204.274
100.199 47.4658 58.0771 6.34318 204.194
100.299 47.4016 58.1576 6.34244 204.113
100.399 47.3375 58.2381 6.34168 204.033
100.499 47.2733 58.3185 6.34089 203.952
100.599 47.2092 58.399 6.34009 203.872
100.699 47.1451 58.4793 6.33927 203.791
100.799 47.081 58.5597 6.33842 203.711
100.899 47.017 58.6401 6.33756 203.631
100.999 46.9529 58.7204 6.33668 203.55
101.099 46.8889 58.8007 6.33577 203.47
101.199 46.8249 58.8809 6.33485 203.39
101.299 46.761 58.9612 6.33391 203.31
101.399 46.697 59.0414 6.33295 203.229
101.499 46.6331 59.1215 6.33196 203.149
101.599 46.5692 59.2017 6.33096 203.069
101.699 46.5053 59.2818 6.32994 202.989
101.799 46.4414 59.3619 6.3289 202.909
101.899 46.3776 59.442 6.32783 202.829
101.999 46.3138 59.522 6.32675 202.749
102.099 46.25 59.602 6.32565 202.669
102.199 46.1862 59.682 6.32453 202.589
102.299 46.1224 59.7619 6.32338 202.509
102.399 46.0587 59.8418 6.32222 202.429
102.499 45.995 59.9217 6.32104 202.349
102.599 45.9313 60.0016 6.31984 202.269
102.699 45.8676 60.0814 6.31861 202.189
102.799 45.8039 60.1612 6.31737 202.11
102.899 45.7403 60.2409 6.31611 202.03
102.999 45.6767 60.3207 6.31482 201.95
103.099 45.6131 60.4003 6.31352 201.87
103.199 45.5495 60.48 6.3122 201.791
103.299 45.486 60.5596 6.31085 201.711
103.399 45.4224 60.6392 6.30949 201.632
103.499 45.3589 60.7188 6.30811 201.552
103.599 45.2954 60.7983 6.3067 201.472
103.699 45.232 60.8778 6.30528 201.393
103.799 45.1685 60.9573 6.30384 201.313
103.899 45.1051 61.0367 6.30237 201.234
103.999 45.0417 61.1161 6.30089 201.155
104.099 44.9783 61.1955 6.29938 201.075
104.199 44.9149 61.2748 6.29786 200.996
104.299 44.8515 61.3541 6.29631 200.917
104.399 44.7882 61.4333 6.29475 200.837
104.499 44.7249 61.5125 6.29316 200.758
104.599 44.6616 61.5917 6.29156 200.679
104.699 44.5983 61.6709 6.28993 200.6
104.799 44.5351 61.75 6.28829 200.521
104.899 44.4718 61.829 6.28662 200.442
104.999 44.4086 61.9081 6.28494 200.363
105.099 44.3454 61.9871 6.28323 200.284
105.199 44.2822 62.066 6.2815 200.205
105.299 44.2191 62.145 6.27976 200.126
105.399 44.156 62.2239 6.27799 200.047
105.499 44.0928 62.3027 6.2762 199.968
105.599 44.0297 62.3815 6.27439 199.889
105.699 43.9666 62.4603 6.27257 199.81
105.799 43.9036 62.539 6.27072 199.732
105.899 43.8405 62.6177 6.26885 199.653
105.999 43.7775 62.6964 6.26696 199.574
106.099 43.7145 62.775 6.26505 199.496
106.199 43.6515 62.8536 6.26312 199.417
106.299 43.5885 62.9321 6.26117 199.339
106.399 43.5256 63.0106 6.2592 199.26
106.499 43.4627 63.0891 6.25721 199.182
106.599 43.3997 63.1675 6.2552 199.103
106.699 43.3369 63.2459 6.25317 199.025
106.799 43.274 63.3242 6.25112 198.947
106.899 43.2111 63.4025 6.24905 198.868
106.999 43.1483 63.4807 6.24695 198.79
107.099 43.0855 63.5589 6.24484 198.712
107.199 43.0227 63.6371 6.24271 198.634
107.299 42.9599 63.7152 6.24056 198.555
107.399 42.8971 63.7933 6.23838 198.477
107.499 42.8343 63.8714 6.23619 198.399
107.599 42.7716 63.9494 6.23397 198.321
107.699 42.7089 64.0273 6.23174 198.243
107.799 42.6462 64.1052 6.22948 198.166
107.899 42.5835 64.1831 6.22721 198.088
107.999 42.5209 64.2609 6.22491 198.01
108.099 42.4582 64.3387 6.2226 197.932
108.199 42.3956 64.4164 6.22026 197.854
108.299 42.333 64.4941 6.2179 197.777
108.399 42.2704 64.5718 6.21553 197.699
108.499 42.2078 64.6494 6.21313 197.621
108.599 42.1453 64.7269 6.21071 197.544
108.699 42.0827 64.8044 6.20827 197.466
108.799 42.0202 64.8819 6.20581 197.389
108.899 41.9577 64.9593 6.20333 197.311
108.999 41.8952 65.0367 6.20083 197.234
109.099 41.8328 65.114 6.19831 197.157
109.199 41.7703 65.1913 6.19577 197.079
109.299 41.7079 65.2685 6.19321 197.002
109.399 41.6455 65.3457 6.19063 196.925
109.499 41.5831 65.4229 6.18802 196.848
109.599 41.5207 65.4999 6.1854 196.771
109.699 41.4583 65.577 6.18276 196.694
109.799 41.396 65.654 6.18009 196.617
109.899 41.3337 65.7309 6.17741 196.54
109.999 41.2713 65.8078 6.1747 196.463
110.099 41.209 65.8847 6.17198 196.386
110.199 41.1468 65.9615 6.16923 196.309
110.299 41.0845 66.0382 6.16647 196.233
110.399 41.0223 66.1149 6.16368 196.156
110.499 40.96 66.1916 6.16087 196.079
110.599 40.8978 66.2682 6.15805 196.003
110.699 40.8356 66.3447 6.1552 195.926
110.799 40.7734 66.4212 6.15233 195.85
110.899 40.7113 66.4977 6.14944 195.773
110.999 40.6491 66.5741 6.14653 195.697
111.099 40.587 66.6504 6.1436 195.62
111.199 40.5249 66.7267 6.14065 195.544
111.299 40.4628 66.803 6.13768 195.468
111.399 40.4007 66.8791 6.13469 195.392
111.499 40.3386 66.9553 6.13167 195.315
111.599 40.2766 67.0314 6.12864 195.239
111.699 40.2145 67.1074 6.12559 195.163
111.799 40.1525 67.1834 6.12251 195.087
111.899 40.0905 67.2593 6.11942 195.011
111.999 40.0285 67.3352 6.11631 194.936
112.099 39.9666 67.411 6.11317 194.86
112.199 39.9046 67.4868 6.11001 194.784
112.299 39.8427 67.5625 6.10684 194.708
112.399 39.7808 67.6382 6.10364 194.633
112.499 39.7189 67.7138 6.10042 194.557
112.599 39.657 67.7893 6.09718 194.481
112.699 39.5951 67.8648 6.09393 194.406
112.799 39.5332 67.9403 6.09065 194.33
112.899 39.4714 68.0156 6.08735 194.255
112.999 39.4096 68.091 6.08403 194.18
113.099 39.3477 68.1662 6.08069 194.104
113.199 39.2859 68.2415 6.07733 194.029
113.299 39.2242 68.3166 6.07394 193.954
113.399 39.1624 68.3917 6.07054 193.879
113.499 39.1007 68.4668 6.06712 193.804
113.599 39.0389 68.5418 6.06367 193.729
113.699 38.9772 68.6167 6.06021 193.654
113.799 38.9155 68.6916 6.05673 193.579
113.899 38.8538 68.7664 6.05322 193.504
113.999 38.7921 68.8412 6.0497 193.43
114.099 38.7305 68.9159 6.04615 193.355
114.199 38.6688 68.9905 6.04258 193.28
114.299 38.6072 69.0651 6.03899 193.206
114.399 38.5456 69.1396 6.03539 193.131
114.499 38.484 69.2141 6.03176 193.057
114.599 38.4224 69.2885 6.02811 192.982
114.699 38.3608 69.3629 6.02444 192.908
114.799 38.2993 69.4372 6.02075 192.834
114.899 38.2377 69.5114 6.01704 192.759
114.999 38.1762 69.5856 6.01331 192.685
115.099 38.1147 69.6597 6.00956 192.611
115.199 38.0532 69.7337 6.00578 192.537
115.299 37.9917 69.8077 6.00199 192.463
115.399 37.9303 69.8816 5.99818 192.389
115.499 37.8688 69.9555 5.99434 192.315
115.599 37.8074 70.0293 5.99049 192.241
115.699 37.7459 70.1031 5.98662 192.168
115.799 37.6845 70.1767 5.98272 192.094
115.899 37.6231 70.2504 5.9788 192.02
115.999 37.5618 70.3239 5.97487 191.947
116.099 37.5004 70.3974 5.97091 191.873
116.199 37.439 70.4709 5.96693 191.8
116.299 37.3777 70.5442 5.96293 191.727
116.399 37.3164 70.6175 5.95892 191.653
116.499 37.2551 70.6908 5.95488 191.58
116.599 37.1938 70.7639 5.95082 191.507
116.699 37.1325 70.8371 5.94674 191.434
116.799 37.0712 70.9101 5.94264 191.361
116.899 37.01 70.9831 5.93852 191.288
116.999 36.9487 71.056 5.93437 191.215
117.099 36.8875 71.1289 5.93021 191.142
117.199 36.8263 71.2017 5.92603 191.069
117.299 36.7651 71.2744 5.92183 190.996
117.399 36.7039 71.3471 5.9176 190.924
117.499 36.6428 71.4197 5.91336 190.851
117.599 36.5816 71.4922 5.90909 190.779
117.699 36.5205 71.5647 5.90481 190.706
117.799 36.4593 71.637 5.9005 190.634
117.899 36.3982 71.7094 5.89618 190.561
117.999 36.3371 71.7816 5.89183 190.489
118.099 36.276 71.8538 5.88746 190.417
118.199 36.215 71.926 5.88307 190.345
118.299 36.1539 71.998 5.87867 190.273
118.399 36.0929 72.07 5.87424 190.201
118.499 36.0318 72.142 5.86979 190.129
118.599 35.9708 72.2138 5.86532 190.057
118.699 35.9098 72.2856 5.86083 189.985
118.799 35.8488 72.3573 5.85632 189.913
118.899 35.7878 72.429 5.85179 189.842
118.999 35.7269 72.5006 5.84724 189.77
119.099 35.6659 72.5721 5.84266 189.699
119.199 35.605 72.6435 5.83807 189.627
119.299 35.544 72.7149 5.83346 189.556
119.399 35.4831 72.7862 5.82883 189.485
119.499 35.4222 72.8574 5.82417 189.413
119.599 35.3613 72.9286 5.8195 189.342
119.699 35.3005 72.9997 5.8148 189.271
119.799 35.2396 73.0707 5.81009 189.2
119.899 35.1788 73.1417 5.80535 189.129
119.999 35.1179 73.2126 5.8006 189.058
120.099 35.0571 73.2834 5.79582 188.987
120.199 34.9963 73.3541 5.79103 188.917
120.299 34.9355 73.4248 5.78621 188.846
120.399 34.8747 73.4954 5.78137 188.775
120.499 34.8139 73.5659 5.77652 188.705
120.599 34.7532 73.6363 5.77164 188.634
120.699 34.6924 73.7067 5.76674 188.564
120.799 34.6317 73.777 5.76182 188.494
120.899 34.571 73.8473 5.75688 188.423
120.999 34.5103 73.9174 5.75192 188.353
121.099 34.4496 73.9875 5.74694 188.283
121.199 34.3889 74.0575 5.74194 188.213
121.299 34.3282 74.1274 5.73692 188.143
121.399 34.2676 74.1973 5.73188 188.073
121.499 34.2069 74.2671 5.72682 188.004
121.599 34.1463 74.3368 5.72174 187.934
121.699 34.0857 74.4065 5.71664 187.864
121.799 34.025 74.476 5.71152 187.795
121.899 33.9645 74.5455 5.70638 187.725
121.999 33.9039 74.6149 5.70121 187.656
122.099 33.8433 74.6843 5.69603 187.586
122.199 33.7827 74.7535 5.69083 187.517
122.299 33.7222 74.8227 5.6856 187.448
122.399 33.6616 74.8918 5.68036 187.379
122.499 33.6011 74.9608 5.6751 187.31
122.599 33.5406 75.0298 5.66981 187.241
122.699 33.4801 75.0987 5.66451 187.172
122.799 33.4196 75.1675 5.65918 187.103
122.899 33.3591 75.2362 5.65384 187.035
122.999 33.2987 75.3049 5.64848 186.966
123.099 33.2382 75.3734 5.64309 186.897
123.199 33.1778 75.4419 5.63769 186.829
123.299 33.1174 75.5103 5.63226 186.76
123.399 33.0569 75.5787 5.62681 186.692
123.499 32.9965 75.6469 5.62135 186.624
123.599 32.9361 75.7151 5.61586 186.556
123.699 32.8758 75.7832 5.61036 186.488
123.799 32.8154 75.8512 5.60483 186.42
123.899 32.755 75.9192 5.59928 186.352
123.999 32.6947 75.987 5.59372 186.284
124.099 32.6344 76.0548 5.58813 186.216
124.199 32.574 76.1225 5.58253 186.148
124.299 32.5137 76.1901 5.5769 186.081
124.399 32.4534 76.2577 5.57125 186.013
124.499 32.3931 76.3251 5.56558 185.946
124.599 32.3329 76.3925 5.5599 185.878
124.699 32.2726 76.4598 5.55419 185.811
124.799 32.2123 76.527 5.54846 185.744
124.899 32.1521 76.5942 5.54272 185.677
124.999 32.0919 76.6612 5.53695 185.61
125.099 32.0316 76.7282 5.53116 185.543
125.199 31.9714 76.7951 5.52536 185.476
125.299 31.9112 76.8619 5.51953 185.409
125.399 31.851 76.9286 5.51368 185.342
125.499 31.7909 76.9952 5.50781 185.276
125.599 31.7307 77.0618 5.50193 185.209
125.699 31.6705 77.1283 5.49602 185.142
125.799 31.6104 77.1947 5.49009 185.076
125.899 31.5503 77.261 5.48415 185.01
125.999 31.4901 77.3272 5.47818 184.944
126.099 31.43 77.3933 5.47219 184.877
126.199 31.3699 77.4594 5.46619 184.811
126.299 31.3098 77.5254 5.46016 184.745
126.399 31.2498 77.5913 5.45411 184.679
126.499 31.1897 77.6571 5.44805 184.614
126.599 31.1296 77.7228 5.44196 184.548
126.699 31.0696 77.7884 5.43585 184.482
126.799 31.0096 77.854 5.42973 184.417
126.899 30.9495 77.9194 5.42358 184.351
126.999 30.8895 77.9848 5.41742 184.286
127.099 30.8295 78.0501 5.41123 184.221
127.199 30.7695 78.1153 5.40503 184.155
127.299 30.7095 78.1804 5.3988 184.09
127.399 30.6496 78.2454 5.39256 184.025
127.499 30.5896 78.3104 5.38629 183.96
127.599 30.5297 78.3752 5.38001 183.895
127.699 30.4697 78.44 5.3737 183.831
127.799 30.4098 78.5047 5.36738 183.766
127.899 30.3499 78.5693 5.36104 183.701
127.999 30.29 78.6338 5.35468 183.637
128.099 30.2301 78.6982 5.34829 183.573
128.199 30.1702 78.7626 5.34189 183.508
128.299 30.1103 78.8268 5.33547 183.444
128.399 30.0504 78.891 5.32903 183.38
128.499 29.9906 78.955 5.32256 183.316
128.599 29.9307 79.019 5.31608 183.252
128.699 29.8709 79.0829 5.30958 183.188
128.799 29.811 79.1467 5.30306 183.124
128.899 29.7512 79.2104 5.29652 183.06
128.999 29.6914 79.2741 5.28996 182.997
129.099 29.6316 79.3376 5.28338 182.933
129.199 29.5718 79.401 5.27678 182.87
129.299 29.512 79.4644 5.27016 182.806
129.399 29.4523 79.5277 5.26353 182.743
129.499 29.3925 79.5908 5.25687 182.68
129.599 29.3328 79.6539 5.25019 182.617
129.699 29.273 79.7169 5.2435 182.554
129.799 29.2133 79.7798 5.23678 182.491
129.899 29.1536 79.8426 5.23005 182.428
129.999 29.0938 79.9053 5.22329 182.365
130.099 29.0341 79.968 5.21652 182.303
130.199 28.9745 80.0305 5.20972 182.24
130.299 28.9148 80.093 5.20291 182.178
130.399 28.8551 80.1553 5.19608 182.115
130.499 28.7954 80.2176 5.18923 182.053
130.599 28.7358 80.2797 5.18236 181.991
130.699 28.6761 80.3418 5.17547 181.929
130.799 28.6165 80.4038 5.16856 181.867
130.899 28.5569 80.4657 5.16163 181.805
130.999 28.4973 80.5275 5.15468 181.743
131.099 28.4377 80.5891 5.14771 181.682
131.199 28.3781 80.6508 5.14073 181.62
131.299 28.3185 80.7123 5.13372 181.558
131.399 28.2589 80.7737 5.1267 181.497
131.499 28.1993 80.835 5.11965 181.436
131.599 28.1398 80.8962 5.11259 181.375
131.699 28.0802 80.9574 5.10551 181.313
131.799 28.0207 81.0184 5.09841 181.252
131.899 27.9612 81.0793 5.09129 181.191
131.999 27.9016 81.1402 5.08415 181.131
132.099 27.8421 81.2009 5.07699 181.07
132.199 27.7826 81.2616 5.06981 181.009
132.299 27.7231 81.3222 5.06261 180.949
132.399 27.6637 81.3826 5.0554 180.888
132.499 27.6042 81.443 5.04816 180.828
132.599 27.5447 81.5033 5.04091 180.767
132.699 27.4853 81.5634 5.03364 180.707
132.799 27.4258 81.6235 5.02635 180.647
132.899 27.3664 81.6835 5.01904 180.587
132.999 27.3069 81.7434 5.01171 180.527
133.099 27.2475 81.8032 5.00436 180.468
133.199 27.1881 81.8628 4.99699 180.408
133.299 27.1287 81.9224 4.9896 180.348
133.399 27.0693 81.9819 4.9822 180.289
133.499 27.0099 82.0413 4.97477 180.229
133.599 26.9506 82.1006 4.96733 180.17
133.699 26.8912 82.1598 4.95987 180.111
133.799 26.8318 82.2189 4.95239 180.052
133.899 26.7725 82.2779 4.94489 179.993
133.999 26.7132 82.3368 4.93737 179.934
134.099 26.6538 82.3956 4.92984 179.875
134.199 26.5945 82.4543 4.92228 179.816
134.299 26.5352 82.5129 4.91471 179.758
134.399 26.4759 82.5714 4.90712 179.699
134.499 26.4166 82.6298 4.8995 179.641
134.599 26.3573 82.6881 4.89187 179.583
134.699 26.298 82.7463 4.88423 179.524
134.799 26.2387 82.8044 4.87656 179.466
134.899 26.1795 82.8624 4.86887 179.408
134.999 26.1202 82.9203 4.86117 179.35
135.099 26.061 82.9781 4.85345 179.293
135.199 26.0018 83.0358 4.84571 179.235
135.299 25.9425 83.0934 4.83795 179.177
135.399 25.8833 83.1509 4.83017 179.12
135.499 25.8241 83.2083 4.82237 179.062
135.599 25.7649 83.2656 4.81456 179.005
135.699 25.7057 83.3228 4.80672 178.948
135.799 25.6465 83.3799 4.79887 178.891
135.899 25.5873 83.4369 4.791 178.834
135.999 25.5282 83.4938 4.78311 178.777
136.099 25.469 83.5505 4.77521 178.72
136.199 25.4098 83.6072 4.76728 178.664
136.299 25.3507 83.6638 4.75934 178.607
136.399 25.2916 83.7203 4.75138 178.55
136.499 25.2324 83.7766 4.7434 178.494
136.599 25.1733 83.8329 4.7354 178.438
136.699 25.1142 83.8891 4.72738 178.382
136.799 25.0551 83.9451 4.71935 178.326
136.899 24.996 84.0011 4.7113 178.27
136.999 24.9369 84.0569 4.70323 178.214
137.099 24.8778 84.1127 4.69514 178.158
137.199 24.8188 84.1683 4.68703 178.102
137.299 24.7597 84.2238 4.67891 178.047
137.399 24.7006 84.2793 4.67076 177.991
137.499 24.6416 84.3346 4.6626 177.936
137.599 24.5826 84.3898 4.65442 177.881
137.699 24.5235 84.4449 4.64623 177.826
137.799 24.4645 84.4999 4.63801 177.771
137.899 24.4055 84.5548 4.62978 177.716
137.999 24.3465 84.6096 4.62153 177.661
138.099 24.2875 84.6643 4.61326 177.606
138.199 24.2285 84.7189 4.60498 177.552
138.299 24.1695 84.7734 4.59667 177.497
138.399 24.1105 84.8277 4.58835 177.443
138.499 24.0515 84.882 4.58001 177.389
138.599 23.9926 84.9362 4.57165 177.335
138.699 23.9336 84.9902 4.56328 177.281
138.799 23.8747 85.0442 4.55489 177.227
138.899 23.8157 85.098 4.54648 177.173
138.999 23.7568 85.1517 4.53805 177.119
139.099 23.6979 85.2053 4.5296 177.065
139.199 23.639 85.2589 4.52114 177.012
139.299 23.5801 85.3123 4.51266 176.958
139.399 23.5212 85.3656 4.50416 176.905
139.499 23.4623 85.4187 4.49564 176.852
139.599 23.4034 85.4718 4.48711 176.799
139.699 23.3445 85.5248 4.47856 176.746
139.799 23.2856 85.5777 4.46999 176.693
139.899 23.2268 85.6304 4.46141 176.64
139.999 23.1679 85.683 4.4528 176.588
140.099 23.109 85.7356 4.44418 176.535
140.199 23.0502 85.788 4.43554 176.483
140.299 22.9914 85.8403 4.42689 176.43
140.399 22.9325 85.8925 4.41822 176.378
140.499 22.8737 85.9446 4.40953 176.326
140.599 22.8149 85.9966 4.40082 176.274
140.699 22.7561 86.0485 4.3921 176.222
140.799 22.6973 86.1002 4.38336 176.171
140.899 22.6385 86.1519 4.3746 176.119
140.999 22.5797 86.2034 4.36582 176.067
141.099 22.5209 86.2549 4.35703 176.016
141.199 22.4622 86.3062 4.34822 175.965
141.299 22.4034 86.3574 4.33939 175.913
141.399 22.3446 86.4085 4.33055 175.862
141.499 22.2859 86.4595 4.32169 175.811
141.599 22.2271 86.5103 4.31281 175.76
141.699 22.1684 86.5611 4.30392 175.71
141.799 22.1097 86.6118 4.295 175.659
141.899 22.051 86.6623 4.28607 175.608
141.999 21.9922 86.7127 4.27713 175.558
142.099 21.9335 86.763 4.26817 175.508
142.199 21.8748 86.8132 4.25919 175.458
142.299 21.8161 86.8633 4.25019 175.407
142.399 21.7574 86.9133 4.24118 175.357
142.499 21.6988 86.9632 4.23215 175.308
142.6 21.6401 87.0129 4.2231 175.258
142.7 21.5814 87.0625 4.21404 175.208
142.8 21.5228 87.1121 4.20496 175.159
142.9 21.4641 87.1615 4.19587 175.109
143 21.4055 87.2108 4.18675 175.06
143.1 21.3468 87.2599 4.17763 175.011
143.2 21.2882 87.309 4.16848 174.962
143.3 21.2296 87.358 4.15932 174.913
143.4 21.1709 87.4068 4.15014 174.864
143.5 21.1123 87.4555 4.14094 174.815
143.6 21.0537 87.5041 4.13173 174.767
143.7 20.9951 87.5526 4.12251 174.718
143.8 20.9365 87.601 4.11326 174.67
143.9 20.8779 87.6492 4.104 174.621
144 20.8193 87.6974 4.09472 174.573
144.1 20.7608 87.7454 4.08543 174.525
144.2 20.7022 87.7933 4.07612 174.477
144.3 20.6436 87.8411 4.0668 174.43
144.4 20.5851 87.8888 4.05746 174.382
144.5 20.5265 87.9364 4.0481 174.334
144.6 20.468 87.9838 4.03872 174.287
144.7 20.4094 88.0312 4.02933 174.24
144.8 20.3509 88.0784 4.01993 174.192
144.9 20.2924 88.1255 4.01051 174.145
145 20.2339 88.1725 4.00107 174.098
145.1 20.1754 88.2193 3.99161 174.051
145.2 20.1168 88.2661 3.98215 174.005
145.3 20.0583 88.3127 3.97266 173.958
145.4 19.9999 88.3592 3.96316 173.912
145.5 19.9414 88.4056 3.95364 173.865
145.6 19.8829 88.4519 3.94411 173.819
145.7 19.8244 88.4981 3.93456 173.773
145.8 19.7659 88.5441 3.92499 173.727
145.9 19.7075 88.59 3.91541 173.681
146 19.649 88.6359 3.90582 173.635
146.1 19.5906 88.6815 3.89621 173.589
146.2 19.5321 88.7271 3.88658 173.544
146.3 19.4737 88.7726 3.87694 173.498
146.4 19.4152 88.8179 3.86728 173.453
146.5 19.3568 88.8631 3.85761 173.408
146.6 19.2984 88.9082 3.84792 173.363
146.7 19.24 88.9532 3.83821 173.318
146.8 19.1816 88.998 3.82849 173.273
146.9 19.1232 89.0428 3.81876 173.228
147 19.0648 89.0874 3.80901 173.183
147.1 19.0064 89.1319 3.79924 173.139
147.2 18.948 89.1763 3.78946 173.094
147.3 18.8896 89.2205 3.77966 173.05
147.4 18.8312 89.2647 3.76985 173.006
147.5 18.7729 89.3087 3.76002 172.962
147.6 18.7145 89.3526 3.75018 172.918
147.7 18.6561 89.3964 3.74032 172.874
147.8 18.5978 89.44 3.73045 172.831
147.9 18.5394 89.4836 3.72056 172.787
148 18.4811 89.527 3.71066 172.744
148.1 18.4228 89.5703 3.70074 172.7
148.2 18.3644 89.6134 3.69081 172.657
148.3 18.3061 89.6565 3.68086 172.614
148.4 18.2478 89.6994 3.6709 172.571
148.5 18.1895 89.7422 3.66093 172.529
148.6 18.1312 89.7849 3.65093 172.486
148.7 18.0729 89.8275 3.64093 172.443
148.8 18.0146 89.8699 3.63091 172.401
148.9 17.9563 89.9122 3.62087 172.359
149 17.898 89.9544 3.61082 172.316
149.1 17.8397 89.9965 3.60076 172.274
149.2 17.7814 90.0385 3.59068 172.232
149.3 17.7232 90.0803 3.58058 172.19
149.4 17.6649 90.122 3.57047 172.149
149.5 17.6066 90.1636 3.56035 172.107
149.6 17.5484 90.205 3.55021 172.066
149.7 17.4901 90.2464 3.54006 172.024
149.8 17.4319 90.2876 3.52989 171.983
149.9 17.3737 90.3287 3.51971 171.942
150 17.3154 90.3696 3.50952 171.901
150.1 17.2572 90.4105 3.49931 171.86
150.2 17.199 90.4512 3.48909 171.82
150.3 17.1408 90.4918 3.47885 171.779
150.4 17.0825 90.5323 3.4686 171.738
150.5 17.0243 90.5726 3.45833 171.698
150.6 16.9661 90.6129 3.44805 171.658
150.7 16.9079 90.653 3.43776 171.618
150.8 16.8498 90.6929 3.42745 171.578
150.9 16.7916 90.7328 3.41713 171.538
151 16.7334 90.7725 3.40679 171.498
151.1 16.6752 90.8121 3.39644 171.459
151.2 16.617 90.8516 3.38608 171.419
151.3 16.5589 90.8909 3.3757 171.38
151.4 16.5007 90.9302 3.36531 171.341
151.5 16.4426 90.9693 3.3549 171.301
151.6 16.3844 91.0082 3.34448 171.263
151.7 16.3263 91.0471 3.33405 171.224
151.8 16.2681 91.0858 3.3236 171.185
151.9 16.21 91.1244 3.31314 171.146
152 16.1518 91.1629 3.30267 171.108
152.1 16.0937 91.2012 3.29218 171.07
152.2 16.0356 91.2394 3.28168 171.031
152.3 15.9775 91.2775 3.27117 170.993
152.4 15.9194 91.3155 3.26064 170.955
152.5 15.8613 91.3533 3.2501 170.917
152.6 15.8031 91.391 3.23955 170.88
152.7 15.7451 91.4286 3.22898 170.842
152.8 15.687 91.4661 3.2184 170.805
152.9 15.6289 91.5034 3.20781 170.767
153 15.5708 91.5406 3.1972 170.73
153.1 15.5127 91.5777 3.18658 170.693
153.2 15.4546 91.6147 3.17595 170.656
153.3 15.3966 91.6515 3.1653 170.619
153.4 15.3385 91.6882 3.15464 170.583
153.5 15.2804 91.7247 3.14397 170.546
153.6 15.2224 91.7612 3.13329 170.51
153.7 15.1643 91.7975 3.12259 170.473
153.8 15.1063 91.8337 3.11188 170.437
153.9 15.0482 91.8697 3.10116 170.401
154 14.9902 91.9057 3.09042 170.365
154.1 14.9322 91.9415 3.07967 170.329
154.2 14.8741 91.9771 3.06891 170.294
154.3 14.8161 92.0127 3.05813 170.258
154.4 14.7581 92.0481 3.04735 170.223
154.5 14.7001 92.0834 3.03655 170.187
154.6 14.642 92.1185 3.02574 170.152
154.7 14.584 92.1536 3.01491 170.117
154.8 14.526 92.1885 3.00407 170.082
154.9 14.468 92.2232 2.99323 170.048
155 14.41 92.2579 2.98236 170.013
155.1 14.352 92.2924 2.97149 169.978
155.2 14.2941 92.3267 2.9606 169.944
155.3 14.2361 92.361 2.94971 169.91
155.4 14.1781 92.3951 2.93879 169.876
155.5 14.1201 92.4291 2.92787 169.842
155.6 14.0622 92.463 2.91694 169.808
155.7 14.0042 92.4967 2.90599 169.774
155.8 13.9462 92.5303 2.89503 169.74
155.9 13.8883 92.5638 2.88406 169.707
156 13.8303 92.5971 2.87308 169.674
156.1 13.7724 92.6303 2.86208 169.64
156.2 13.7144 92.6634 2.85107 169.607
156.3 13.6565 92.6964 2.84006 169.574
156.4 13.5985 92.7292 2.82902 169.542
156.5 13.5406 92.7619 2.81798 169.509
156.6 13.4827 92.7944 2.80693 169.476
156.7 13.4247 92.8268 2.79586 169.444
156.8 13.3668 92.8591 2.78479 169.412
156.9 13.3089 92.8913 2.7737 169.379
157 13.251 92.9233 2.7626 169.347
157.1 13.1931 92.9552 2.75148 169.316
157.2 13.1352 92.987 2.74036 169.284
157.3 13.0773 93.0186 2.72923 169.252
157.4 13.0194 93.0501 2.71808 169.221
157.5 12.9615 93.0815 2.70692 169.189
157.6 12.9036 93.1128 2.69576 169.158
157.7 12.8457 93.1439 2.68458 169.127
157.8 12.7878 93.1748 2.67338 169.096
157.9 12.7299 93.2057 2.66218 169.065
158 12.6721 93.2364 2.65097 169.034
158.1 12.6142 93.267 2.63974 169.004
158.2 12.5563 93.2974 2.62851 168.973
158.3 12.4985 93.3277 2.61726 168.943
158.4 12.4406 93.3579 2.60601 168.913
158.5 12.3827 93.388 2.59474 168.883
158.6 12.3249 93.4179 2.58346 168.853
158.7 12.267 93.4477 2.57217 168.823
158.8 12.2092 93.4773 2.56087 168.793
158.9 12.1514 93.5068 2.54956 168.764
159.001 12.0935 93.5362 2.53824 168.735
159.101 12.0357 93.5655 2.5269 168.705
159.201 11.9778 93.5946 2.51556 168.676
159.301 11.92 93.6236 2.50421 168.647
159.401 11.8622 93.6524 2.49284 168.618
159.501 11.8044 93.6812 2.48147 168.59
159.601 11.7466 93.7097 2.47008 168.561
159.701 11.6887 93.7382 2.45869 168.533
159.801 11.6309 93.7665 2.44728 168.504
159.901 11.5731 93.7947 2.43587 168.476
160.001 11.5153 93.8227 2.42444 168.448
160.101 11.4575 93.8506 2.41301 168.42
160.201 11.3997 93.8784 2.40156 168.392
160.301 11.3419 93.9061 2.3901 168.365
160.401 11.2841 93.9336 2.37864 168.337
160.501 11.2263 93.961 2.36716 168.31
160.601 11.1686 93.9882 2.35568 168.283
160.701 11.1108 94.0153 2.34418 168.255
160.801 11.053 94.0423 2.33267 168.228
160.901 10.9952 94.0691 2.32116 168.202
161.001 10.9374 94.0958 2.30963 168.175
161.101 10.8797 94.1224 2.2981 168.148
161.201 10.8219 94.1488 2.28655 168.122
161.301 10.7642 94.1751 2.275 168.096
161.401 10.7064 94.2013 2.26343 168.069
161.501 10.6486 94.2273 2.25186 168.043
161.601 10.5909 94.2532 2.24028 168.018
161.701 10.5331 94.2789 2.22869 167.992
161.801 10.4754 94.3046 2.21708 167.966
161.901 10.4176 94.33 2.20547 167.941
162.001 10.3599 94.3554 2.19385 167.915
162.101 10.3022 94.3806 2.18222 167.89
162.201 10.2444 94.4057 2.17058 167.865
162.301 10.1867 94.4306 2.15894 167.84
162.401 10.129 94.4554 2.14728 167.815
162.501 10.0712 94.4801 2.13561 167.791
162.601 10.0135 94.5046 2.12394 167.766
162.701 9.9558 94.529 2.11225 167.742
162.801 9.89808 94.5533 2.10056 167.717
162.901 9.84036 94.5774 2.08886 167.693
163.001 9.78265 94.6014 2.07715 167.669
163.101 9.72494 94.6252 2.06543 167.646
163.201 9.66724 94.649 2.0537 167.622
163.301 9.60953 94.6725 2.04196 167.598
163.401 9.55183 94.696 2.03022 167.575
163.501 9.49414 94.7193 2.01846 167.551
163.601 9.43644 94.7424 2.0067 167.528
163.701 9.37875 94.7655 1.99493 167.505
163.801 9.32106 94.7884 1.98315 167.482
163.901 9.26337 94.8111 1.97136 167.46
164.001 9.20569 94.8337 1.95957 167.437
164.101 9.14801 94.8562 1.94776 167.415
164.201 9.09033 94.8786 1.93595 167.392
164.301 9.03265 94.9008 1.92413 167.37
164.401 8.97498 94.9228 1.9123 167.348
164.501 8.91731 94.9448 1.90046 167.326
164.601 8.85964 94.9666 1.88862 167.304
164.701 8.80197 94.9882 1.87676 167.283
164.801 8.74431 95.0097 1.8649 167.261
164.901 8.68665 95.0311 1.85303 167.24
165.001 8.62899 95.0524 1.84116 167.218
165.101 8.57133 95.0735 1.82927 167.197
165.201 8.51368 95.0944 1.81738 167.176
165.301 8.45603 95.1152 1.80548 167.155
165.401 8.39838 95.1359 1.79357 167.135
165.501 8.34074 95.1565 1.78166 167.114
165.601 8.28309 95.1769 1.76973 167.094
165.701 8.22545 95.1972 1.7578 167.074
165.801 8.16781 95.2173 1.74586 167.053
165.901 8.11017 95.2373 1.73392 167.033
166.001 8.05254 95.2572 1.72197 167.014
166.101 7.99491 95.2769 1.71001 166.994
166.201 7.93728 95.2965 1.69804 166.974
166.301 7.87965 95.3159 1.68606 166.955
166.401 7.82203 95.3352 1.67408 166.936
166.501 7.7644 95.3544 1.66209 166.916
166.601 7.70678 95.3734 1.6501 166.897
166.701 7.64917 95.3923 1.63809 166.878
166.801 7.59155 95.4111 1.62608 166.86
166.901 7.53393 95.4297 1.61407 166.841
167.001 7.47632 95.4481 1.60204 166.823
167.101 7.41871 95.4665 1.59001 166.804
167.201 7.36111 95.4847 1.57798 166.786
167.301 7.3035 95.5027 1.56593 166.768
167.401 7.2459 95.5206 1.55388 166.75
167.501 7.1883 95.5384 1.54182 166.732
167.601 7.1307 95.5561 1.52976 166.715
167.701 7.0731 95.5735 1.51769 166.697
167.801 7.0155 95.5909 1.50561 166.68
167.901 6.95791 95.6081 1.49353 166.663
168.001 6.90032 95.6252 1.48144 166.646
168.101 6.84273 95.6421 1.46934 166.629
168.201 6.78514 95.6589 1.45724 166.612
168.301 6.72756 95.6756 1.44513 166.595
168.401 6.66998 95.6921 1.43302 166.579
168.501 6.61239 95.7085 1.4209 166.562
168.601 6.55481 95.7247 1.40877 166.546
168.701 6.49724 95.7408 1.39664 166.53
168.801 6.43966 95.7568 1.3845 166.514
168.901 6.38209 95.7726 1.37236 166.498
169.001 6.32452 95.7883 1.36021 166.482
169.101 6.26695 95.8038 1.34805 166.467
169.201 6.20938 95.8192 1.33589 166.452
169.301 6.15181 95.8345 1.32372 166.436
169.401 6.09425 95.8496 1.31155 166.421
169.501 6.03668 95.8646 1.29937 166.406
169.601 5.97912 95.8794 1.28718 166.391
169.701 5.92156 95.8941 1.27499 166.377
169.801 5.864 95.9087 1.2628 166.362
169.901 5.80645 95.9231 1.2506 166.348
170.001 5.74889 95.9374 1.23839 166.333
170.101 5.69134 95.9515 1.22618 166.319
170.201 5.63379 95.9655 1.21396 166.305
170.301 5.57624 95.9793 1.20174 166.291
170.401 5.51869 95.9931 1.18951 166.278
170.501 5.46114 96.0066 1.17728 166.264
170.601 5.4036 96.0201 1.16505 166.251
170.701 5.34605 96.0333 1.1528 166.237
170.801 5.28851 96.0465 1.14056 166.224
170.901 5.23097 96.0595 1.1283 166.211
171.001 5.17343 96.0724 1.11605 166.198
171.101 5.1159 96.0851 1.10379 166.186
171.201 5.05836 96.0977 1.09152 166.173
171.301 5.00083 96.1101 1.07925 166.161
171.401 4.94329 96.1224 1.06697 166.148
171.501 4.88576 96.1346 1.05469 166.136
171.601 4.82823 96.1466 1.04241 166.124
171.701 4.7707 96.1585 1.03012 166.112
171.801 4.71317 96.1702 1.01783 166.101
171.901 4.65565 96.1818 1.00553 166.089
172.001 4.59812 96.1933 0.993226 166.077
172.101 4.5406 96.2046 0.98092 166.066
172.201 4.48308 96.2158 0.968609 166.055
172.301 4.42555 96.2268 0.956294 166.044
172.401 4.36804 96.2377 0.943975 166.033
172.501 4.31052 96.2484 0.931653 166.022
172.601 4.253 96.259 0.919326 166.012
172.701 4.19548 96.2695 0.906995 166.001
172.801 4.13797 96.2798 0.89466 165.991
172.901 4.08045 96.29 0.882322 165.981
173.001 4.02294 96.3 0.869979 165.971
173.101 3.96543 96.3099 0.857633 165.961
173.201 3.90792 96.3197 0.845283 165.951
173.301 3.85041 96.3293 0.83293 165.941
173.401 3.7929 96.3388 0.820573 165.932
173.501 3.7354 96.3481 0.808213 165.923
173.601 3.67789 96.3573 0.795849 165.913
173.701 3.62039 96.3663 0.783481 165.904
173.801 3.56288 96.3752 0.771111 165.895
173.901 3.50538 96.384 0.758737 165.887
174.001 3.44788 96.3926 0.74636 165.878
174.101 3.39038 96.4011 0.733979 165.87
174.201 3.33288 96.4094 0.721595 165.861
174.301 3.27538 96.4176 0.709209 165.853
174.401 3.21788 96.4257 0.696819 165.845
174.501 3.16038 96.4336 0.684426 165.837
174.601 3.10289 96.4414 0.672031 165.829
174.701 3.04539 96.449 0.659632 165.822
174.801 2.9879 96.4565 0.647231 165.814
174.901 2.9304 96.4638 0.634826 165.807
175.001 2.87291 96.471 0.62242 165.8
175.101 2.81542 96.4781 0.61001 165.793
175.201 2.75793 96.485 0.597598 165.786
175.301 2.70044 96.4918 0.585183 165.779
175.402 2.64295 96.4984 0.572766 165.772
175.502 2.58546 96.5049 0.560346 165.766
175.602 2.52797 96.5112 0.547924 165.76
175.702 2.47048 96.5174 0.535499 165.753
175.802 2.413 96.5235 0.523073 165.747
175.902 2.35551 96.5294 0.510644 165.741
176.002 2.29802 96.5352 0.498212 165.736
176.102 2.24054 96.5408 0.485779 165.73
176.202 2.18306 96.5463 0.473343 165.724
176.302 2.12557 96.5517 0.460906 165.719
176.402 2.06809 96.5569 0.448466 165.714
176.502 2.01061 96.5619 0.436025 165.709
176.602 1.95313 96.5669 0.423582 165.704
176.702 1.89564 96.5716 0.411137 165.699
176.802 1.83816 96.5763 0.39869 165.694
176.902 1.78068 96.5808 0.386241 165.69
177.002 1.7232 96.5851 0.373791 165.686
177.102 1.66573 96.5893 0.361339 165.681
177.202 1.60825 96.5934 0.348886 165.677
177.302 1.55077 96.5973 0.336431 165.673
177.402 1.49329 96.6011 0.323975 165.67
177.502 1.43581 96.6047 0.311517 165.666
177.602 1.37834 96.6082 0.299058 165.663
177.702 1.32086 96.6116 0.286597 165.659
177.802 1.26339 96.6148 0.274136 165.656
177.902 1.20591 96.6178 0.261673 165.653
178.002 1.14843 96.6208 0.249209 165.65
178.102 1.09096 96.6236 0.236744 165.647
178.202 1.03348 96.6262 0.224278 165.645
178.302 0.97601 96.6287 0.211811 165.642
178.402 0.918536 96.631 0.199343 165.64
178.502 0.861062 96.6333 0.186875 165.637
178.602 0.803588 96.6353 0.174405 165.635
178.702 0.746115 96.6372 0.161935 165.633
178.802 0.688642 96.639 0.149464 165.632
178.902 0.631169 96.6407 0.136992 165.63
179.002 0.573696 96.6422 0.12452 165.629
179.102 0.516223 96.6435 0.112047 165.627
179.202 0.458751 96.6447 0.099574 165.626
179.302 0.401278 96.6458 0.0871004 165.625
179.402 0.343806 96.6467 0.0746263 165.624
179.502 0.286334 96.6475 0.062152 165.623
179.602 0.228862 96.6481 0.0496774 165.623
179.702 0.17139 96.6486 0.0372026 165.622
179.802 0.113918 96.649 0.0247276 165.622
179.902 0.0564461 96.6492 0.0122525 165.622
