0 180 3.54046 0 260.98
0.1 179.683 3.54053 0.0102312 260.98
0.2 179.365 3.54075 0.0204624 260.98
0.3 179.048 3.54112 0.0306935 260.98
0.4 178.731 3.54163 0.0409245 260.979
0.5 178.414 3.5423 0.0511555 260.978
0.6 178.097 3.54311 0.0613864 260.978
0.7 177.779 3.54406 0.0716171 260.977
0.8 177.462 3.54517 0.0818477 260.976
0.9 177.146 3.54642 0.092078 260.974
1 176.829 3.54782 0.102308 260.973
1.1 176.512 3.54937 0.112538 260.971
1.2 176.195 3.55106 0.122768 260.97
1.3 175.879 3.5529 0.132997 260.968
1.4 175.563 3.55489 0.143227 260.966
1.5 175.247 3.55702 0.153455 260.964
1.6 174.931 3.55931 0.163684 260.961
1.7 174.615 3.56174 0.173912 260.959
1.8 174.299 3.56431 0.18414 260.956
1.9 173.984 3.56704 0.194367 260.954
2 173.668 3.56991 0.204594 260.951
2.1 173.353 3.57293 0.214821 260.948
2.2 173.039 3.57609 0.225047 260.945
2.3 172.724 3.5794 0.235273 260.941
2.4 172.41 3.58286 0.245498 260.938
2.5 172.096 3.58647 0.255722 260.934
2.6 171.782 3.59023 0.265946 260.931
2.7 171.469 3.59413 0.27617 260.927
2.8 171.155 3.59818 0.286392 260.923
2.9 170.842 3.60237 0.296615 260.918
3 170.53 3.60671 0.306836 260.914
3.1 170.218 3.6112 0.317057 260.91
3.2 169.906 3.61584 0.327277 260.905
3.3 169.594 3.62062 0.337497 260.9
3.4 169.283 3.62556 0.347716 260.895
3.5 168.972 3.63063 0.357934 260.89
3.6 168.661 3.63586 0.368151 260.885
3.7 168.351 3.64123 0.378367 260.88
3.8 168.042 3.64675 0.388583 260.874
3.9 167.732 3.65242 0.398798 260.868
4 167.423 3.65823 0.409012 260.863
4.1 167.115 3.66419 0.419225 260.857
4.2 166.807 3.67029 0.429437 260.85
4.3 166.499 3.67655 0.439648 260.844
4.4 166.192 3.68295 0.449859 260.838
4.5 165.885 3.6895 0.460068 260.831
4.6 165.579 3.69619 0.470276 260.825
4.7 165.273 3.70303 0.480484 260.818
4.8 164.967 3.71002 0.49069 260.811
4.9 164.662 3.71715 0.500895 260.804
5 164.358 3.72443 0.511099 260.796
5.1 164.054 3.73186 0.521302 260.789
5.2 163.751 3.73944 0.531504 260.781
5.3 163.448 3.74716 0.541705 260.774
5.4 163.145 3.75502 0.551904 260.766
5.5 162.844 3.76304 0.562103 260.758
5.6 162.542 3.7712 0.5723 260.75
5.7 162.242 3.77951 0.582496 260.741
5.8 161.941 3.78796 0.59269 260.733
5.9 161.642 3.79656 0.602884 260.724
6 161.343 3.80531 0.613076 260.715
6.1 161.044 3.8142 0.623267 260.707
6.2 160.746 3.82324 0.633456 260.697
6.3 160.449 3.83243 0.643644 260.688
6.4 160.152 3.84176 0.653831 260.679
6.5 159.856 3.85124 0.664016 260.67
6.6 159.56 3.86087 0.6742 260.66
6.7 159.266 3.87064 0.684382 260.65
6.8 158.971 3.88056 0.694563 260.64
6.9 158.678 3.89062 0.704742 260.63
7 158.385 3.90083 0.71492 260.62
7.1 158.092 3.91119 0.725096 260.61
7.2 157.8 3.92169 0.735271 260.599
7.3 157.509 3.93234 0.745444 260.588
7.4 157.219 3.94314 0.755616 260.578
7.5 156.929 3.95408 0.765786 260.567
7.6 156.64 3.96516 0.775954 260.556
7.7 156.351 3.9764 0.78612 260.544
7.79999 156.064 3.98778 0.796285 260.533
7.89999 155.776 3.9993 0.806448 260.521
7.99999 155.49 4.01097 0.81661 260.51
8.09999 155.204 4.02279 0.826769 260.498
8.2 154.919 4.03475 0.836927 260.486
8.3 154.635 4.04686 0.847083 260.474
8.4 154.351 4.05911 0.857237 260.462
8.5 154.068 4.07151 0.86739 260.449
8.6 153.786 4.08406 0.87754 260.437
8.7 153.505 4.09675 0.887689 260.424
8.8 153.224 4.10959 0.897836 260.411
8.9 152.944 4.12257 0.90798 260.398
9 152.664 4.1357 0.918123 260.385
9.1 152.386 4.14897 0.928264 260.372
9.2 152.108 4.16239 0.938403 260.358
9.3 151.831 4.17595 0.948539 260.345
9.4 151.554 4.18966 0.958674 260.331
9.5 151.278 4.20352 0.968806 260.317
9.6 151.003 4.21752 0.978937 260.303
9.7 150.729 4.23166 0.989065 260.289
9.8 150.456 4.24595 0.999192 260.275
9.9 150.183 4.26039 1.00932 260.26
10 149.911 4.27497 1.01944 260.246
10.1 149.64 4.28969 1.02956 260.231
10.2 149.369 4.30456 1.03967 260.216
10.3 149.1 4.31958 1.04979 260.201
10.4 148.831 4.33474 1.0599 260.186
10.5 148.563 4.35004 1.07001 260.171
10.6 148.295 4.36549 1.08012 260.155
10.7 148.029 4.38109 1.09023 260.14
10.8 147.763 4.39683 1.10033 260.124
10.9 147.498 4.41271 1.11043 260.108
11 147.233 4.42874 1.12053 260.092
11.1 146.97 4.44491 1.13063 260.076
11.2 146.707 4.46123 1.14072 260.06
11.3 146.445 4.4777 1.15081 260.043
11.4 146.184 4.4943 1.1609 260.026
11.5 145.923 4.51105 1.17099 260.01
11.6 145.664 4.52795 1.18107 259.993
11.7 145.405 4.54499 1.19115 259.976
11.8 145.147 4.56217 1.20123 259.959
11.9 144.889 4.5795 1.21131 259.941
12 144.633 4.59697 1.22138 259.924
12.1 144.377 4.61459 1.23145 259.906
12.2 144.122 4.63235 1.24152 259.888
12.3 143.868 4.65025 1.25159 259.87
12.4 143.615 4.6683 1.26165 259.852
12.5 143.362 4.68649 1.27171 259.834
12.6 143.11 4.70483 1.28177 259.816
12.7 142.859 4.72331 1.29182 259.797
12.8 142.609 4.74193 1.30187 259.779
12.9 142.359 4.7607 1.31192 259.76
13 142.111 4.77961 1.32197 259.741
13.1 141.863 4.79866 1.33201 259.722
13.2 141.616 4.81786 1.34205 259.703
13.3 141.369 4.8372 1.35209 259.684
13.4 141.124 4.85668 1.36212 259.664
13.5 140.879 4.87631 1.37215 259.644
13.6 140.635 4.89608 1.38218 259.625
13.7 140.392 4.916 1.39221 259.605
13.8 140.149 4.93605 1.40223 259.585
13.9 139.908 4.95625 1.41225 259.564
14 139.667 4.9766 1.42226 259.544
14.1 139.427 4.99708 1.43228 259.524
14.2 139.187 5.01771 1.44229 259.503
14.3 138.949 5.03848 1.45229 259.482
14.4 138.711 5.05939 1.4623 259.461
14.5 138.474 5.08045 1.4723 259.44
14.6 138.238 5.10165 1.48229 259.419
14.7 138.002 5.12299 1.49229 259.398
14.8 137.768 5.14448 1.50228 259.376
14.9 137.534 5.1661 1.51227 259.355
15 137.3 5.18787 1.52225 259.333
15.1 137.068 5.20978 1.53223 259.311
15.2 136.836 5.23184 1.54221 259.289
15.3 136.605 5.25403 1.55218 259.267
15.4 136.375 5.27637 1.56215 259.244
15.5 136.146 5.29885 1.57212 259.222
15.6 135.917 5.32147 1.58209 259.199
15.7 135.69 5.34423 1.59205 259.177
15.8 135.462 5.36714 1.602 259.154
15.9 135.236 5.39018 1.61196 259.131
16 135.011 5.41337 1.62191 259.107
16.1 134.786 5.4367 1.63185 259.084
16.2 134.562 5.46017 1.6418 259.061
16.3 134.338 5.48379 1.65174 259.037
16.4 134.116 5.50754 1.66167 259.013
16.5 133.894 5.53144 1.6716 258.989
16.6 133.673 5.55547 1.68153 258.965
16.7 133.452 5.57965 1.69146 258.941
16.8 133.233 5.60397 1.70138 258.917
16.9 133.014 5.62843 1.7113 258.892
17 132.795 5.65303 1.72121 258.868
17.1 132.578 5.67777 1.73112 258.843
17.2 132.361 5.70266 1.74103 258.818
17.3 132.145 5.72768 1.75093 258.793
17.4 131.93 5.75284 1.76083 258.768
17.5 131.715 5.77815 1.77072 258.743
17.6 131.501 5.80359 1.78061 258.717
17.7 131.288 5.82918 1.7905 258.692
17.8 131.076 5.8549 1.80038 258.666
17.9 130.864 5.88077 1.81026 258.64
18 130.653 5.90677 1.82014 258.614
18.1 130.443 5.93292 1.83001 258.588
18.2 130.233 5.95921 1.83987 258.562
18.3 130.024 5.98563 1.84974 258.535
18.4 129.816 6.0122 1.8596 258.509
18.5 129.609 6.0389 1.86945 258.482
18.6 129.402 6.06575 1.8793 258.455
18.7 129.196 6.09273 1.88915 258.428
18.8 128.99 6.11986 1.89899 258.401
18.9 128.785 6.14712 1.90883 258.374
19 128.581 6.17452 1.91866 258.346
19.1 128.378 6.20206 1.92849 258.319
19.2 128.175 6.22975 1.93832 258.291
19.3 127.973 6.25757 1.94814 258.263
19.4 127.772 6.28553 1.95796 258.235
19.5 127.571 6.31362 1.96777 258.207
19.6 127.371 6.34186 1.97758 258.179
19.7 127.172 6.37024 1.98738 258.151
19.8 126.973 6.39875 1.99718 258.122
19.9 126.775 6.4274 2.00698 258.093
20 126.577 6.4562 2.01677 258.065
20.1 126.381 6.48513 2.02656 258.036
20.2 126.184 6.51419 2.03634 258.007
20.3 125.989 6.5434 2.04612 257.977
20.4 125.794 6.57275 2.05589 257.948
20.5 125.6 6.60223 2.06566 257.919
20.6 125.406 6.63185 2.07542 257.889
20.7 125.214 6.66161 2.08518 257.859
20.8 125.021 6.6915 2.09494 257.829
20.9 124.83 6.72154 2.10469 257.799
21 124.639 6.75171 2.11443 257.769
21.1 124.448 6.78202 2.12418 257.739
21.2 124.259 6.81246 2.13391 257.708
21.3 124.069 6.84305 2.14364 257.678
21.4 123.881 6.87377 2.15337 257.647
21.5 123.693 6.90463 2.16309 257.616
21.6 123.506 6.93562 2.17281 257.585
21.7 123.319 6.96675 2.18252 257.554
21.8 123.133 6.99802 2.19223 257.523
21.9 122.947 7.02943 2.20194 257.491
22 122.763 7.06097 2.21163 257.46
22.1 122.578 7.09265 2.22133 257.428
22.2 122.395 7.12446 2.23102 257.396
22.3 122.212 7.15642 2.2407 257.364
22.4 122.029 7.1885 2.25038 257.332
22.5 121.847 7.22073 2.26005 257.3
22.6 121.666 7.25309 2.26972 257.268
22.7001 121.485 7.28558 2.27939 257.235
22.8001 121.305 7.31822 2.28904 257.203
22.9001 121.125 7.35098 2.2987 257.17
23.0001 120.946 7.38389 2.30835 257.137
23.1001 120.768 7.41693 2.31799 257.104
23.2001 120.59 7.4501 2.32763 257.071
23.3001 120.413 7.48341 2.33726 257.037
23.4001 120.236 7.51686 2.34689 257.004
23.5001 120.06 7.55044 2.35651 256.97
23.6001 119.884 7.58415 2.36613 256.937
23.7001 119.709 7.618 2.37574 256.903
23.8001 119.535 7.65199 2.38535 256.869
23.9001 119.361 7.68611 2.39495 256.835
24.0001 119.187 7.72036 2.40455 256.8
24.1001 119.014 7.75475 2.41414 256.766
24.2001 118.842 7.78927 2.42373 256.731
24.3001 118.67 7.82393 2.43331 256.697
24.4001 118.499 7.85872 2.44288 256.662
24.5001 118.328 7.89365 2.45245 256.627
24.6001 118.158 7.92871 2.46202 256.592
24.7001 117.988 7.9639 2.47158 256.557
24.8001 117.819 7.99923 2.48113 256.522
24.9001 117.65 8.03469 2.49068 256.486
25.0001 117.482 8.07029 2.50022 256.45
25.1001 117.315 8.10602 2.50976 256.415
25.2001 117.148 8.14188 2.51929 256.379
25.3001 116.981 8.17787 2.52881 256.343
25.4001 116.815 8.214 2.53833 256.307
25.5001 116.649 8.25026 2.54785 256.27
25.6001 116.484 8.28666 2.55736 256.234
25.7001 116.32 8.32319 2.56686 256.198
25.8001 116.156 8.35985 2.57636 256.161
25.9001 115.992 8.39664 2.58585 256.124
26.0001 115.829 8.43356 2.59534 256.087
26.1001 115.666 8.47062 2.60482 256.05
26.2001 115.504 8.50781 2.61429 256.013
26.3001 115.343 8.54513 2.62376 255.976
26.4001 115.182 8.58259 2.63322 255.938
26.5001 115.021 8.62017 2.64268 255.901
26.6001 114.861 8.65789 2.65213 255.863
26.7001 114.701 8.69574 2.66158 255.825
26.8001 114.542 8.73372 2.67101 255.787
26.9001 114.383 8.77183 2.68045 255.749
27.0001 114.225 8.81008 2.68988 255.711
27.1001 114.067 8.84845 2.6993 255.672
27.2001 113.91 8.88696 2.70871 255.634
27.3001 113.753 8.92559 2.71812 255.595
27.4001 113.596 8.96436 2.72753 255.556
27.5001 113.441 9.00326 2.73692 255.517
27.6001 113.285 9.04229 2.74631 255.478
27.7001 113.13 9.08145 2.7557 255.439
27.8001 112.975 9.12074 2.76508 255.4
27.9001 112.821 9.16016 2.77445 255.361
28.0001 112.667 9.19971 2.78382 255.321
28.1001 112.514 9.23939 2.79318 255.281
28.2001 112.361 9.2792 2.80253 255.242
28.3001 112.209 9.31914 2.81188 255.202
28.4001 112.057 9.35921 2.82122 255.162
28.5001 111.905 9.39941 2.83056 255.121
28.6001 111.754 9.43974 2.83988 255.081
28.7001 111.604 9.4802 2.84921 255.041
28.8001 111.453 9.52078 2.85852 255
28.9001 111.304 9.5615 2.86783 254.959
29.0001 111.154 9.60235 2.87714 254.918
29.1001 111.005 9.64332 2.88643 254.877
29.2001 110.857 9.68442 2.89572 254.836
29.3001 110.708 9.72566 2.90501 254.795
29.4001 110.561 9.76702 2.91429 254.754
29.5001 110.413 9.8085 2.92356 254.712
29.6001 110.266 9.85012 2.93282 254.671
29.7001 110.12 9.89186 2.94208 254.629
29.8001 109.974 9.93374 2.95133 254.587
29.9001 109.828 9.97574 2.96058 254.545
30.0001 109.683 10.0179 2.96981 254.503
30.1001 109.538 10.0601 2.97904 254.461
30.2001 109.393 10.1025 2.98827 254.418
30.3001 109.249 10.145 2.99749 254.376
30.4001 109.105 10.1877 3.0067 254.333
30.5001 108.962 10.2304 3.0159 254.29
30.6001 108.819 10.2733 3.0251 254.247
30.7001 108.677 10.3163 3.03429 254.204
30.8001 108.534 10.3595 3.04348 254.161
30.9001 108.393 10.4027 3.05265 254.118
31.0001 108.251 10.4461 3.06182 254.075
31.1001 108.11 10.4897 3.07099 254.031
31.2001 107.969 10.5333 3.08014 253.987
31.3001 107.829 10.5771 3.08929 253.944
31.4001 107.689 10.621 3.09844 253.9
31.5001 107.549 10.665 3.10757 253.856
31.6001 107.41 10.7092 3.1167 253.812
31.7001 107.271 10.7534 3.12582 253.767
31.8001 107.133 10.7979 3.13494 253.723
31.9001 106.995 10.8424 3.14405 253.678
32.0001 106.857 10.887 3.15315 253.634
32.1001 106.72 10.9318 3.16224 253.589
32.2001 106.583 10.9767 3.17133 253.544
32.3001 106.446 11.0217 3.18041 253.499
32.4001 106.31 11.0669 3.18948 253.454
32.5001 106.174 11.1122 3.19854 253.409
32.6001 106.038 11.1576 3.2076 253.363
32.7001 105.903 11.2031 3.21665 253.318
32.8001 105.768 11.2487 3.22569 253.272
32.9001 105.633 11.2945 3.23473 253.226
33.0001 105.499 11.3404 3.24376 253.18
33.1001 105.365 11.3864 3.25278 253.134
33.2001 105.231 11.4326 3.26179 253.088
33.3001 105.098 11.4788 3.2708 253.042
33.4001 104.965 11.5252 3.2798 252.996
33.5001 104.832 11.5717 3.28879 252.949
33.6001 104.7 11.6184 3.29777 252.902
33.7001 104.568 11.6651 3.30675 252.856
33.8001 104.436 11.712 3.31572 252.809
33.9001 104.305 11.759 3.32468 252.762
34.0001 104.174 11.8061 3.33363 252.715
34.1001 104.044 11.8534 3.34258 252.667
34.2001 103.913 11.9008 3.35152 252.62
34.3 103.783 11.9482 3.36045 252.572
34.4 103.653 11.9959 3.36938 252.525
34.5 103.524 12.0436 3.37829 252.477
34.6 103.395 12.0914 3.3872 252.429
34.7 103.266 12.1394 3.3961 252.381
34.8 103.138 12.1875 3.40499 252.333
34.9 103.01 12.2357 3.41388 252.285
35 102.882 12.2841 3.42276 252.237
35.1 102.754 12.3325 3.43163 252.188
35.2 102.627 12.3811 3.44049 252.14
35.3 102.5 12.4298 3.44934 252.091
35.4 102.373 12.4786 3.45819 252.042
35.5 102.247 12.5276 3.46703 251.993
35.6 102.121 12.5766 3.47586 251.944
35.7 101.995 12.6258 3.48468 251.895
35.8 101.87 12.6751 3.4935 251.846
35.9 101.744 12.7245 3.5023 251.796
36 101.619 12.7741 3.5111 251.747
36.1 101.495 12.8237 3.51989 251.697
36.2 101.371 12.8735 3.52867 251.647
36.3 101.247 12.9234 3.53745 251.597
36.4 101.123 12.9734 3.54622 251.547
36.5 100.999 13.0236 3.55497 251.497
36.6 100.876 13.0738 3.56372 251.447
36.7 100.753 13.1242 3.57247 251.397
36.8 100.631 13.1747 3.5812 251.346
36.9 100.508 13.2253 3.58993 251.295
37 100.386 13.276 3.59865 251.245
37.1 100.264 13.3268 3.60735 251.194
37.2 100.143 13.3778 3.61606 251.143
37.3 100.021 13.4289 3.62475 251.092
37.4 99.9005 13.4801 3.63343 251.041
37.5 99.7797 13.5314 3.64211 250.989
37.6 99.6592 13.5828 3.65078 250.938
37.7 99.539 13.6343 3.65944 250.886
37.8 99.4191 13.686 3.66809 250.835
37.9 99.2994 13.7378 3.67673 250.783
38 99.18 13.7897 3.68537 250.731
38.1 99.0608 13.8417 3.69399 250.679
38.2 98.9419 13.8938 3.70261 250.627
38.3 98.8232 13.946 3.71122 250.575
38.4 98.7049 13.9984 3.71982 250.522
38.5 98.5867 14.0509 3.72841 250.47
38.6 98.4688 14.1035 3.737 250.417
38.7 98.3512 14.1562 3.74557 250.365
38.8 98.2338 14.209 3.75414 250.312
38.9 98.1166 14.2619 3.76269 250.259
39 97.9997 14.3149 3.77124 250.206
39.1 97.8831 14.3681 3.77978 250.153
39.2 97.7667 14.4214 3.78832 250.099
39.3 97.6505 14.4748 3.79684 250.046
39.4 97.5346 14.5283 3.80535 249.992
39.5 97.4189 14.5819 3.81386 249.939
39.6 97.3035 14.6356 3.82235 249.885
39.7 97.1883 14.6895 3.83084 249.831
39.8 97.0733 14.7434 3.83932 249.777
39.9 96.9586 14.7975 3.84779 249.723
40 96.8441 14.8517 3.85625 249.669
40.1 96.7298 14.906 3.86471 249.615
40.2 96.6158 14.9604 3.87315 249.56
40.3 96.502 15.0149 3.88158 249.506
40.4 96.3884 15.0695 3.89001 249.451
40.5 96.275 15.1243 3.89843 249.396
40.6 96.1619 15.1791 3.90683 249.342
40.7 96.049 15.2341 3.91523 249.287
40.7999 95.9364 15.2892 3.92362 249.232
40.8999 95.8239 15.3444 3.932 249.176
40.9999 95.7117 15.3997 3.94037 249.121
41.0999 95.5997 15.4551 3.94873 249.066
41.1999 95.4879 15.5106 3.95709 249.01
41.2999 95.3763 15.5663 3.96543 248.954
41.3999 95.265 15.622 3.97377 248.899
41.4999 95.1539 15.6779 3.98209 248.843
41.5999 95.043 15.7338 3.99041 248.787
41.6999 94.9323 15.7899 3.99871 248.731
41.7999 94.8218 15.8461 4.00701 248.675
41.8999 94.7115 15.9024 4.0153 248.618
41.9999 94.6015 15.9588 4.02358 248.562
42.0999 94.4916 16.0153 4.03185 248.505
42.1999 94.382 16.0719 4.04011 248.449
42.2999 94.2725 16.1287 4.04836 248.392
42.3999 94.1633 16.1855 4.0566 248.335
42.4999 94.0543 16.2425 4.06483 248.278
42.5999 93.9455 16.2995 4.07306 248.221
42.6999 93.8369 16.3567 4.08127 248.164
42.7999 93.7285 16.414 4.08947 248.107
42.8999 93.6203 16.4714 4.09767 248.049
42.9999 93.5123 16.5289 4.10585 247.992
43.0999 93.4045 16.5865 4.11403 247.934
43.1999 93.2969 16.6442 4.12219 247.877
43.2999 93.1895 16.702 4.13035 247.819
43.3999 93.0823 16.7599 4.13849 247.761
43.4999 92.9752 16.8179 4.14663 247.703
43.5999 92.8684 16.8761 4.15476 247.645
43.6999 92.7618 16.9343 4.16287 247.586
43.7999 92.6554 16.9927 4.17098 247.528
43.8999 92.5491 17.0511 4.17908 247.47
43.9999 92.4431 17.1097 4.18717 247.411
44.0999 92.3372 17.1684 4.19525 247.352
44.1999 92.2316 17.2271 4.20331 247.294
44.2999 92.1261 17.286 4.21137 247.235
44.3999 92.0208 17.345 4.21942 247.176
44.4999 91.9157 17.4041 4.22746 247.117
44.5999 91.8108 17.4633 4.23549 247.057
44.6999 91.706 17.5226 4.24351 246.998
44.7999 91.6015 17.582 4.25152 246.939
44.8999 91.4971 17.6415 4.25951 246.879
44.9999 91.3929 17.7011 4.2675 246.82
45.0999 91.2889 17.7608 4.27548 246.76
45.1999 91.1851 17.8207 4.28345 246.7
45.2999 91.0814 17.8806 4.29141 246.64
45.3999 90.978 17.9406 4.29936 246.58
45.4999 90.8747 18.0008 4.3073 246.52
45.5999 90.7716 18.061 4.31523 246.46
45.6999 90.6686 18.1213 4.32314 246.399
45.7999 90.5659 18.1818 4.33105 246.339
45.8999 90.4633 18.2423 4.33895 246.278
45.9999 90.3609 18.303 4.34684 246.218
46.0999 90.2586 18.3637 4.35472 246.157
46.1999 90.1565 18.4246 4.36258 246.096
46.2999 90.0546 18.4855 4.37044 246.035
46.3999 89.9529 18.5466 4.37829 245.974
46.4999 89.8513 18.6077 4.38612 245.913
46.5999 89.75 18.669 4.39395 245.852
46.6999 89.6487 18.7304 4.40176 245.79
46.7999 89.5477 18.7918 4.40957 245.729
46.8999 89.4468 18.8534 4.41736 245.667
46.9999 89.346 18.915 4.42515 245.606
47.0999 89.2455 18.9768 4.43292 245.544
47.1999 89.1451 19.0387 4.44069 245.482
47.2999 89.0448 19.1006 4.44844 245.42
47.3998 88.9447 19.1627 4.45618 245.358
47.4998 88.8448 19.2249 4.46391 245.296
47.5998 88.7451 19.2871 4.47163 245.234
47.6998 88.6455 19.3495 4.47934 245.171
47.7998 88.546 19.4119 4.48704 245.109
47.8998 88.4467 19.4745 4.49473 245.046
47.9998 88.3476 19.5372 4.50241 244.984
48.0998 88.2487 19.5999 4.51008 244.921
48.1998 88.1498 19.6628 4.51774 244.858
48.2998 88.0512 19.7257 4.52538 244.795
48.3998 87.9527 19.7888 4.53302 244.732
48.4998 87.8543 19.8519 4.54064 244.669
48.5998 87.7561 19.9152 4.54826 244.606
48.6998 87.6581 19.9785 4.55586 244.542
48.7998 87.5602 20.042 4.56345 244.479
48.8998 87.4624 20.1055 4.57104 244.415
48.9998 87.3649 20.1691 4.57861 244.352
49.0998 87.2674 20.2329 4.58617 244.288
49.1998 87.1701 20.2967 4.59371 244.224
49.2998 87.073 20.3606 4.60125 244.16
49.3998 86.976 20.4246 4.60878 244.096
49.4998 86.8791 20.4888 4.6163 244.032
49.5998 86.7824 20.553 4.6238 243.968
49.6998 86.6858 20.6173 4.63129 243.903
49.7998 86.5894 20.6817 4.63878 243.839
49.8998 86.4931 20.7462 4.64625 243.775
49.9998 86.397 20.8108 4.65371 243.71
50.0998 86.301 20.8755 4.66116 243.645
50.1998 86.2052 20.9402 4.6686 243.581
50.2998 86.1095 21.0051 4.67602 243.516
50.3998 86.0139 21.0701 4.68344 243.451
50.4998 85.9185 21.1351 4.69084 243.386
50.5998 85.8232 21.2003 4.69824 243.32
50.6998 85.728 21.2656 4.70562 243.255
50.7998 85.633 21.3309 4.71299 243.19
50.8998 85.5381 21.3963 4.72035 243.124
50.9998 85.4434 21.4619 4.7277 243.059
51.0998 85.3488 21.5275 4.73504 242.993
51.1998 85.2543 21.5932 4.74236 242.928
51.2998 85.16 21.659 4.74968 242.862
51.3998 85.0658 21.7249 4.75698 242.796
51.4998 84.9717 21.7909 4.76427 242.73
51.5998 84.8778 21.857 4.77155 242.664
51.6998 84.784 21.9232 4.77882 242.598
51.7998 84.6903 21.9894 4.78607 242.531
51.8998 84.5968 22.0558 4.79332 242.465
51.9998 84.5034 22.1222 4.80055 242.399
52.0998 84.4101 22.1888 4.80777 242.332
52.1998 84.3169 22.2554 4.81499 242.265
52.2998 84.2239 22.3221 4.82218 242.199
52.3998 84.131 22.3889 4.82937 242.132
52.4998 84.0383 22.4558 4.83655 242.065
52.5998 83.9456 22.5228 4.84371 241.998
52.6998 83.8531 22.5899 4.85086 241.931
52.7998 83.7607 22.6571 4.858 241.864
52.8998 83.6685 22.7243 4.86513 241.796
52.9998 83.5763 22.7917 4.87225 241.729
53.0998 83.4843 22.8591 4.87935 241.662
53.1998 83.3924 22.9266 4.88645 241.594
53.2998 83.3006 22.9942 4.89353 241.527
53.3998 83.209 23.0619 4.9006 241.459
53.4998 83.1175 23.1297 4.90765 241.391
53.5998 83.0261 23.1976 4.9147 241.323
53.6998 82.9348 23.2656 4.92173 241.255
53.7998 82.8436 23.3336 4.92876 241.187
53.8997 82.7526 23.4017 4.93577 241.119
53.9997 82.6617 23.47 4.94276 241.051
54.0997 82.5709 23.5383 4.94975 240.982
54.1997 82.4802 23.6067 4.95672 240.914
54.2997 82.3896 23.6751 4.96368 240.846
54.3997 82.2992 23.7437 4.97063 240.777
54.4997 82.2088 23.8124 4.97757 240.708
54.5997 82.1186 23.8811 4.9845 240.64
54.6997 82.0285 23.9499 4.99141 240.571
54.7997 81.9385 24.0188 4.99831 240.502
54.8997 81.8486 24.0878 5.0052 240.433
54.9997 81.7589 24.1569 5.01208 240.364
55.0997 81.6692 24.2261 5.01894 240.295
55.1997 81.5797 24.2953 5.02579 240.225
55.2997 81.4903 24.3647 5.03263 240.156
55.3997 81.401 24.4341 5.03946 240.087
55.4997 81.3118 24.5036 5.04628 240.017
55.5997 81.2227 24.5731 5.05308 239.948
55.6997 81.1337 24.6428 5.05987 239.878
55.7997 81.0448 24.7126 5.06665 239.808
55.8997 80.9561 24.7824 5.07341 239.738
55.9997 80.8674 24.8523 5.08017 239.668
56.0997 80.7789 24.9223 5.08691 239.598
56.1997 80.6905 24.9924 5.09363 239.528
56.2997 80.6021 25.0625 5.10035 239.458
56.3997 80.5139 25.1328 5.10705 239.388
56.4997 80.4258 25.2031 5.11374 239.318
56.5997 80.3378 25.2735 5.12042 239.247
56.6997 80.2499 25.344 5.12709 239.177
56.7997 80.1621 25.4146 5.13374 239.106
56.8997 80.0744 25.4852 5.14038 239.036
56.9997 79.9869 25.5559 5.14701 238.965
57.0997 79.8994 25.6268 5.15362 238.894
57.1997 79.812 25.6976 5.16022 238.823
57.2997 79.7247 25.7686 5.16681 238.752
57.3997 79.6376 25.8397 5.17339 238.681
57.4997 79.5505 25.9108 5.17995 238.61
57.5997 79.4635 25.982 5.1865 238.539
57.6997 79.3767 26.0533 5.19304 238.467
57.7997 79.2899 26.1246 5.19957 238.396
57.8997 79.2032 26.1961 5.20608 238.325
57.9997 79.1167 26.2676 5.21258 238.253
58.0997 79.0302 26.3392 5.21907 238.182
58.1997 78.9438 26.4109 5.22554 238.11
58.2997 78.8576 26.4826 5.232 238.038
58.3997 78.7714 26.5545 5.23845 237.966
58.4997 78.6853 26.6264 5.24488 237.894
58.5997 78.5994 26.6984 5.25131 237.822
58.6997 78.5135 26.7704 5.25772 237.75
58.7997 78.4277 26.8426 5.26411 237.678
58.8997 78.342 26.9148 5.27049 237.606
58.9997 78.2564 26.9871 5.27686 237.534
59.0997 78.1709 27.0594 5.28322 237.461
59.1997 78.0855 27.1319 5.28956 237.389
59.2997 78.0002 27.2044 5.29589 237.316
59.3997 77.915 27.277 5.30221 237.244
59.4997 77.8299 27.3496 5.30851 237.171
59.5997 77.7449 27.4224 5.3148 237.098
59.6997 77.66 27.4952 5.32108 237.026
59.7997 77.5751 27.5681 5.32735 236.953
59.8997 77.4904 27.6411 5.3336 236.88
59.9997 77.4057 27.7141 5.33983 236.807
60.0997 77.3212 27.7872 5.34606 236.734
60.1997 77.2367 27.8604 5.35227 236.66
60.2997 77.1523 27.9337 5.35847 236.587
60.3997 77.0681 28.007 5.36465 236.514
60.4996 76.9839 28.0804 5.37082 236.44
60.5996 76.8998 28.1539 5.37698 236.367
60.6996 76.8157 28.2274 5.38312 236.293
60.7996 76.7318 28.3011 5.38925 236.22
60.8996 76.648 28.3747 5.39537 236.146
60.9996 76.5642 28.4485 5.40147 236.072
61.0996 76.4806 28.5223 5.40756 235.998
61.1996 76.397 28.5963 5.41363 235.924
61.2996 76.3135 28.6702 5.4197 235.851
61.3996 76.2301 28.7443 5.42575 235.776
61.4996 76.1468 28.8184 5.43178 235.702
61.5996 76.0635 28.8926 5.4378 235.628
61.6996 75.9804 28.9669 5.44381 235.554
61.7996 75.8973 29.0412 5.4498 235.48
61.8996 75.8144 29.1156 5.45578 235.405
61.9996 75.7315 29.1901 5.46175 235.331
62.0996 75.6487 29.2646 5.4677 235.256
62.1996 75.566 29.3392 5.47364 235.182
62.2996 75.4833 29.4139 5.47957 235.107
62.3996 75.4008 29.4886 5.48548 235.032
62.4996 75.3183 29.5634 5.49137 234.957
62.5996 75.2359 29.6383 5.49726 234.882
62.6996 75.1536 29.7133 5.50313 234.807
62.7996 75.0714 29.7883 5.50898 234.732
62.8996 74.9892 29.8634 5.51482 234.657
62.9996 74.9072 29.9385 5.52065 234.582
63.0996 74.8252 30.0137 5.52647 234.507
63.1996 74.7433 30.089 5.53227 234.432
63.2996 74.6615 30.1644 5.53805 234.356
63.3996 74.5797 30.2398 5.54382 234.281
63.4996 74.4981 30.3153 5.54958 234.205
63.5996 74.4165 30.3908 5.55532 234.13
63.6996 74.335 30.4664 5.56105 234.054
63.7996 74.2536 30.5421 5.56677 233.979
63.8996 74.1722 30.6179 5.57247 233.903
63.9996 74.091 30.6937 5.57816 233.827
64.0996 74.0098 30.7695 5.58383 233.751
64.1996 73.9287 30.8455 5.58949 233.675
64.2996 73.8476 30.9215 5.59513 233.599
64.3996 73.7667 30.9975 5.60076 233.523
64.4996 73.6858 31.0737 5.60638 233.447
64.5996 73.605 31.1499 5.61198 233.371
64.6996 73.5243 31.2261 5.61756 233.295
64.7996 73.4436 31.3024 5.62314 233.218
64.8996 73.3631 31.3788 5.62869 233.142
64.9996 73.2826 31.4553 5.63424 233.065
65.0996 73.2021 31.5318 5.63977 232.989
65.1996 73.1218 31.6083 5.64528 232.912
65.2996 73.0415 31.685 5.65078 232.836
65.3996 72.9613 31.7617 5.65627 232.759
65.4996 72.8812 31.8384 5.66174 232.682
65.5996 72.8011 31.9152 5.6672 232.606
65.6996 72.7211 31.9921 5.67264 232.529
65.7996 72.6412 32.069 5.67807 232.452
65.8996 72.5614 32.146 5.68348 232.375
65.9996 72.4816 32.2231 5.68888 232.298
66.0996 72.4019 32.3002 5.69426 232.221
66.1996 72.3223 32.3774 5.69963 232.143
66.2996 72.2428 32.4546 5.70499 232.066
66.3996 72.1633 32.5319 5.71033 231.989
66.4996 72.0839 32.6093 5.71565 231.911
66.5996 72.0045 32.6867 5.72096 231.834
66.6996 71.9253 32.7642 5.72626 231.757
66.7996 71.8461 32.8417 5.73154 231.679
66.8996 71.7669 32.9193 5.7368 231.601
66.9995 71.6879 32.9969 5.74206 231.524
67.0995 71.6089 33.0746 5.74729 231.446
67.1995 71.53 33.1524 5.75251 231.368
67.2995 71.4511 33.2302 5.75772 231.291
67.3995 71.3724 33.3081 5.76291 231.213
67.4995 71.2936 33.386 5.76809 231.135
67.5995 71.215 33.464 5.77325 231.057
67.6995 71.1364 33.542 5.7784 230.979
67.7995 71.0579 33.6201 5.78353 230.901
67.8995 70.9795 33.6983 5.78865 230.822
67.9995 70.9011 33.7765 5.79375 230.744
68.0995 70.8228 33.8547 5.79884 230.666
68.1995 70.7445 33.9331 5.80391 230.588
68.2995 70.6663 34.0114 5.80896 230.509
68.3995 70.5882 34.0899 5.81401 230.431
68.4995 70.5102 34.1684 5.81903 230.352
68.5995 70.4322 34.2469 5.82404 230.274
68.6995 70.3543 34.3255 5.82904 230.195
68.7995 70.2764 34.4041 5.83402 230.117
68.8995 70.1987 34.4828 5.83899 230.038
68.9995 70.1209 34.5616 5.84394 229.959
69.0995 70.0433 34.6404 5.84887 229.88
69.1995 69.9657 34.7192 5.85379 229.802
69.2995 69.8882 34.7981 5.8587 229.723
69.3995 69.8107 34.8771 5.86359 229.644
69.4995 69.7333 34.9561 5.86846 229.565
69.5995 69.6559 35.0352 5.87332 229.486
69.6995 69.5787 35.1143 5.87816 229.406
69.7995 69.5015 35.1935 5.88299 229.327
69.8995 69.4243 35.2727 5.8878 229.248
69.9995 69.3472 35.3519 5.8926 229.169
70.0995 69.2702 35.4313 5.89738 229.089
70.1995 69.1932 35.5106 5.90215 229.01
70.2995 69.1163 35.59 5.9069 228.931
70.3995 69.0395 35.6695 5.91163 228.851
70.4995 68.9627 35.749 5.91635 228.772
70.5995 68.886 35.8286 5.92105 228.692
70.6995 68.8093 35.9082 5.92574 228.613
70.7995 68.7327 35.9879 5.93042 228.533
70.8995 68.6562 36.0676 5.93507 228.453
70.9995 68.5797 36.1473 5.93971 228.373
71.0995 68.5033 36.2271 5.94434 228.294
71.1995 68.4269 36.307 5.94895 228.214
71.2995 68.3506 36.3869 5.95354 228.134
71.3995 68.2743 36.4669 5.95812 228.054
71.4995 68.1982 36.5469 5.96268 227.974
71.5995 68.122 36.6269 5.96723 227.894
71.6995 68.046 36.707 5.97176 227.814
71.7995 67.97 36.7871 5.97628 227.734
71.8995 67.894 36.8673 5.98078 227.653
71.9995 67.8181 36.9475 5.98526 227.573
72.0995 67.7423 37.0278 5.98973 227.493
72.1995 67.6665 37.1081 5.99418 227.413
72.2995 67.5908 37.1885 5.99862 227.332
72.3995 67.5151 37.2689 6.00304 227.252
72.4995 67.4395 37.3494 6.00744 227.171
72.5995 67.3639 37.4299 6.01183 227.091
72.6995 67.2884 37.5104 6.0162 227.01
72.7995 67.213 37.591 6.02056 226.93
72.8995 67.1376 37.6716 6.0249 226.849
72.9995 67.0623 37.7523 6.02922 226.768
73.0995 66.987 37.833 6.03353 226.688
73.1995 66.9118 37.9138 6.03782 226.607
73.2995 66.8366 37.9946 6.04209 226.526
73.3995 66.7615 38.0754 6.04635 226.445
73.4995 66.6865 38.1563 6.0506 226.364
73.5994 66.6115 38.2372 6.05482 226.284
73.6994 66.5365 38.3182 6.05904 226.203
73.7994 66.4616 38.3992 6.06323 226.122
73.8994 66.3868 38.4802 6.06741 226.04
73.9994 66.312 38.5613 6.07157 225.959
74.0994 66.2373 38.6425 6.07572 225.878
74.1994 66.1626 38.7236 6.07985 225.797
74.2994 66.088 38.8049 6.08396 225.716
74.3994 66.0134 38.8861 6.08806 225.635
74.4994 65.9389 38.9674 6.09214 225.553
74.5994 65.8644 39.0487 6.0962 225.472
74.6994 65.79 39.1301 6.10025 225.391
74.7994 65.7156 39.2115 6.10428 225.309
74.8994 65.6413 39.293 6.1083 225.228
74.9994 65.5671 39.3745 6.11229 225.146
75.0994 65.4929 39.456 6.11628 225.065
75.1994 65.4187 39.5375 6.12024 224.983
75.2994 65.3446 39.6191 6.12419 224.902
75.3994 65.2706 39.7008 6.12812 224.82
75.4994 65.1966 39.7825 6.13204 224.738
75.5994 65.1226 39.8642 6.13594 224.657
75.6994 65.0487 39.9459 6.13982 224.575
75.7994 64.9749 40.0277 6.14369 224.493
75.8994 64.9011 40.1095 6.14754 224.411
75.9994 64.8273 40.1914 6.15137 224.329
76.0994 64.7536 40.2733 6.15518 224.247
76.1994 64.68 40.3552 6.15898 224.166
76.2994 64.6064 40.4372 6.16277 224.084
76.3994 64.5328 40.5192 6.16653 224.002
76.4994 64.4593 40.6012 6.17028 223.92
76.5994 64.3859 40.6833 6.17401 223.837
76.6994 64.3125 40.7654 6.17773 223.755
76.7994 64.2391 40.8475 6.18143 223.673
76.8994 64.1658 40.9297 6.18511 223.591
76.9994 64.0925 41.0119 6.18878 223.509
77.0994 64.0193 41.0941 6.19242 223.427
77.1994 63.9462 41.1764 6.19606 223.344
77.2994 63.8731 41.2587 6.19967 223.262
77.3994 63.8 41.341 6.20327 223.18
77.4994 63.727 41.4234 6.20685 223.097
77.5994 63.654 41.5058 6.21041 223.015
77.6994 63.5811 41.5882 6.21396 222.933
77.7994 63.5082 41.6707 6.21749 222.85
77.8994 63.4354 41.7531 6.221 222.768
77.9994 63.3626 41.8357 6.2245 222.685
78.0994 63.2898 41.9182 6.22797 222.603
78.1994 63.2172 42.0008 6.23144 222.52
78.2994 63.1445 42.0834 6.23488 222.437
78.3994 63.0719 42.1661 6.23831 222.355
78.4994 62.9994 42.2487 6.24172 222.272
78.5994 62.9269 42.3314 6.24511 222.189
78.6994 62.8544 42.4142 6.24849 222.107
78.7994 62.782 42.4969 6.25184 222.024
78.8994 62.7096 42.5797 6.25519 221.941
78.9994 62.6373 42.6625 6.25851 221.858
79.0994 62.565 42.7454 6.26182 221.775
79.1994 62.4928 42.8283 6.26511 221.692
79.2994 62.4206 42.9112 6.26838 221.61
79.3994 62.3484 42.9941 6.27163 221.527
79.4994 62.2763 43.077 6.27487 221.444
79.5994 62.2043 43.16 6.27809 221.361
79.6994 62.1323 43.243 6.28129 221.278
79.7994 62.0603 43.3261 6.28448 221.195
79.8994 61.9884 43.4091 6.28765 221.112
79.9994 61.9165 43.4922 6.2908 221.029
80.0993 61.8447 43.5753 6.29393 220.945
80.1993 61.7729 43.6585 6.29705 220.862
80.2993 61.7011 43.7416 6.30015 220.779
80.3993 61.6294 43.8248 6.30323 220.696
80.4993 61.5578 43.908 6.30629 220.613
80.5993 61.4861 43.9913 6.30934 220.529
80.6993 61.4146 44.0745 6.31236 220.446
80.7993 61.343 44.1578 6.31537 220.363
80.8993 61.2715 44.2411 6.31837 220.28
80.9993 61.2001 44.3244 6.32134 220.196
81.0993 61.1287 44.4078 6.3243 220.113
81.1993 61.0573 44.4912 6.32724 220.03
81.2993 60.986 44.5746 6.33016 219.946
81.3993 60.9147 44.658 6.33307 219.863
81.4993 60.8434 44.7414 6.33595 219.779
81.5993 60.7722 44.8249 6.33882 219.696
81.6993 60.7011 44.9084 6.34168 219.612
81.7993 60.63 44.9919 6.34451 219.529
81.8993 60.5589 45.0754 6.34733 219.445
81.9993 60.4878 45.159 6.35012 219.362
82.0993 60.4169 45.2425 6.3529 219.278
82.1993 60.3459 45.3261 6.35567 219.195
82.2993 60.275 45.4097 6.35841 219.111
82.3993 60.2041 45.4934 6.36114 219.027
82.4993 60.1333 45.577 6.36385 218.944
82.5993 60.0625 45.6607 6.36654 218.86
82.6993 59.9917 45.7444 6.36921 218.776
82.7993 59.921 45.8281 6.37187 218.693
82.8993 59.8503 45.9118 6.37451 218.609
82.9993 59.7797 45.9956 6.37713 218.525
83.0993 59.7091 46.0793 6.37973 218.441
83.1993 59.6386 46.1631 6.38231 218.358
83.2993 59.568 46.2469 6.38488 218.274
83.3993 59.4976 46.3307 6.38742 218.19
83.4993 59.4271 46.4145 6.38995 218.106
83.5993 59.3567 46.4984 6.39246 218.022
83.6993 59.2864 46.5822 6.39496 217.938
83.7993 59.216 46.6661 6.39743 217.855
83.8993 59.1458 46.75 6.39989 217.771
83.9993 59.0755 46.8339 6.40233 217.687
84.0993 59.0053 46.9179 6.40475 217.603
84.1993 58.9351 47.0018 6.40715 217.519
84.2993 58.865 47.0858 6.40954 217.435
84.3993 58.7949 47.1697 6.4119 217.351
84.4993 58.7249 47.2537 6.41425 217.267
84.5993 58.6548 47.3377 6.41658 217.183
84.6993 58.5849 47.4217 6.41889 217.099
84.7993 58.5149 47.5058 6.42118 217.015
84.8993 58.445 47.5898 6.42346 216.931
84.9993 58.3751 47.6739 6.42571 216.847
85.0993 58.3053 47.7579 6.42795 216.763
85.1993 58.2355 47.842 6.43017 216.679
85.2993 58.1658 47.9261 6.43237 216.595
85.3993 58.096 48.0102 6.43456 216.511
85.4993 58.0264 48.0943 6.43672 216.426
85.5993 57.9567 48.1784 6.43887 216.342
85.6993 57.8871 48.2626 6.44099 216.258
85.7993 57.8175 48.3467 6.4431 216.174
85.8993 57.748 48.4309 6.44519 216.09
85.9993 57.6785 48.5151 6.44727 216.006
86.0993 57.609 48.5992 6.44932 215.922
86.1993 57.5396 48.6834 6.45136 215.837
86.2993 57.4702 48.7676 6.45337 215.753
86.3993 57.4008 48.8518 6.45537 215.669
86.4993 57.3315 48.9361 6.45735 215.585
86.5993 57.2622 49.0203 6.45931 215.5
86.6992 57.1929 49.1045 6.46125 215.416
86.7992 57.1237 49.1888 6.46318 215.332
86.8992 57.0545 49.273 6.46508 215.248
86.9992 56.9854 49.3573 6.46697 215.163
87.0992 56.9163 49.4416 6.46884 215.079
87.1992 56.8472 49.5258 6.47069 214.995
87.2992 56.7781 49.6101 6.47252 214.911
87.3992 56.7091 49.6944 6.47433 214.826
87.4992 56.6402 49.7787 6.47612 214.742
87.5992 56.5712 49.863 6.47789 214.658
87.6992 56.5023 49.9473 6.47965 214.573
87.7992 56.4334 50.0316 6.48139 214.489
87.8992 56.3646 50.116 6.4831 214.405
87.9992 56.2958 50.2003 6.4848 214.32
88.0992 56.227 50.2846 6.48648 214.236
88.1992 56.1583 50.369 6.48814 214.152
88.2992 56.0896 50.4533 6.48979 214.067
88.3992 56.0209 50.5376 6.49141 213.983
88.4992 55.9523 50.622 6.49302 213.899
88.5992 55.8836 50.7064 6.4946 213.814
88.6992 55.8151 50.7907 6.49617 213.73
88.7992 55.7465 50.8751 6.49772 213.646
88.8992 55.678 50.9594 6.49924 213.561
88.9992 55.6096 51.0438 6.50075 213.477
89.0992 55.5411 51.1282 6.50225 213.393
89.1992 55.4727 51.2125 6.50372 213.308
89.2992 55.4043 51.2969 6.50517 213.224
89.3992 55.336 51.3813 6.5066 213.139
89.4992 55.2677 51.4657 6.50802 213.055
89.5992 55.1994 51.5501 6.50941 212.971
89.6992 55.1311 51.6344 6.51079 212.886
89.7992 55.0629 51.7188 6.51215 212.802
89.8992 54.9947 51.8032 6.51349 212.718
89.9992 54.9266 51.8876 6.51481 212.633
90.0992 54.8585 51.972 6.51611 212.549
90.1992 54.7904 52.0563 6.51739 212.464
90.2992 54.7223 52.1407 6.51865 212.38
90.3992 54.6543 52.2251 6.51989 212.296
90.4992 54.5863 52.3095 6.52112 212.211
90.5992 54.5183 52.3939 6.52232 212.127
90.6992 54.4504 52.4782 6.5235 212.043
90.7992 54.3825 52.5626 6.52467 211.958
90.8992 54.3146 52.647 6.52582 211.874
90.9992 54.2468 52.7313 6.52694 211.789
91.0992 54.179 52.8157 6.52805 211.705
91.1992 54.1112 52.9001 6.52914 211.621
91.2992 54.0435 52.9844 6.53021 211.536
91.3992 53.9757 53.0688 6.53126 211.452
91.4992 53.9081 53.1532 6.53229 211.368
91.5992 53.8404 53.2375 6.5333 211.283
91.6992 53.7728 53.3219 6.53429 211.199
91.7992 53.7052 53.4062 6.53526 211.115
91.8992 53.6376 53.4905 6.53622 211.03
91.9992 53.5701 53.5749 6.53715 210.946
92.0992 53.5026 53.6592 6.53806 210.862
92.1992 53.4351 53.7435 6.53896 210.777
92.2992 53.3676 53.8278 6.53983 210.693
92.3992 53.3002 53.9121 6.54069 210.609
92.4992 53.2328 53.9964 6.54153 210.524
92.5992 53.1655 54.0807 6.54234 210.44
92.6992 53.0982 54.165 6.54314 210.356
92.7992 53.0309 54.2493 6.54392 210.271
92.8992 52.9636 54.3336 6.54467 210.187
92.9992 52.8963 54.4179 6.54541 210.103
93.0992 52.8291 54.5021 6.54613 210.019
93.1992 52.762 54.5864 6.54683 209.934
93.2991 52.6948 54.6706 6.54751 209.85
93.3991 52.6277 54.7549 6.54817 209.766
93.4991 52.5606 54.8391 6.54881 209.682
93.5991 52.4935 54.9233 6.54943 209.597
93.6991 52.4265 55.0075 6.55003 209.513
93.7991 52.3595 55.0917 6.55061 209.429
93.8991 52.2925 55.1759 6.55117 209.345
93.9991 52.2255 55.2601 6.55172 209.261
94.0991 52.1586 55.3443 6.55224 209.176
94.1991 52.0917 55.4284 6.55274 209.092
94.2991 52.0248 55.5126 6.55322 209.008
94.3991 51.958 55.5967 6.55369 208.924
94.4991 51.8912 55.6808 6.55413 208.84
94.5991 51.8244 55.765 6.55455 208.756
94.6991 51.7576 55.8491 6.55495 208.672
94.7991 51.6909 55.9332 6.55534 208.588
94.8991 51.6242 56.0172 6.5557 208.504
94.9991 51.5575 56.1013 6.55605 208.419
95.0991 51.4908 56.1854 6.55637 208.335
95.1991 51.4242 56.2694 6.55667 208.251
95.2991 51.3576 56.3534 6.55696 208.167
95.3991 51.2911 56.4374 6.55722 208.083
95.4991 51.2245 56.5214 6.55747 207.999
95.5991 51.158 56.6054 6.55769 207.915
95.6991 51.0915 56.6894 6.5579 207.831
95.7991 51.0251 56.7734 6.55808 207.747
95.8991 50.9586 56.8573 6.55824 207.663
95.9991 50.8922 56.9412 6.55839 207.58
96.0991 50.8258 57.0251 6.55851 207.496
96.1991 50.7595 57.109 6.55862 207.412
96.2991 50.6931 57.1929 6.5587 207.328
96.3991 50.6268 57.2768 6.55877 207.244
96.4991 50.5606 57.3606 6.55881 207.16
96.5991 50.4943 57.4445 6.55884 207.076
96.6991 50.4281 57.5283 6.55884 206.992
96.7991 50.3619 57.6121 6.55883 206.909
96.8991 50.2957 57.6958 6.55879 206.825
96.9991 50.2296 57.7796 6.55873 206.741
97.0991 50.1635 57.8633 6.55866 206.657
97.1991 50.0974 57.9471 6.55856 206.574
97.2991 50.0313 58.0308 6.55845 206.49
97.3991 49.9653 58.1145 6.55831 206.406
97.4991 49.8992 58.1981 6.55815 206.323
97.5991 49.8332 58.2818 6.55798 206.239
97.6991 49.7673 58.3654 6.55778 206.155
97.7991 49.7013 58.449 6.55756 206.072
97.8991 49.6354 58.5326 6.55733 205.988
97.9991 49.5695 58.6162 6.55707 205.905
98.0991 49.5037 58.6997 6.55679 205.821
98.1991 49.4378 58.7833 6.55649 205.737
98.2991 49.372 58.8668 6.55617 205.654
98.3991 49.3062 58.9503 6.55583 205.57
98.4991 49.2404 59.0337 6.55548 205.487
98.5991 49.1747 59.1172 6.5551 205.404
98.6991 49.109 59.2006 6.5547 205.32
98.7991 49.0433 59.284 6.55428 205.237
98.8991 48.9776 59.3674 6.55384 205.153
98.9991 48.912 59.4507 6.55338 205.07
99.0991 48.8464 59.5341 6.5529 204.987
99.1991 48.7808 59.6174 6.5524 204.903
99.2991 48.7152 59.7007 6.55187 204.82
99.3991 48.6496 59.7839 6.55133 204.737
99.4991 48.5841 59.8672 6.55077 204.654
99.5991 48.5186 59.9504 6.55019 204.57
99.6991 48.4531 60.0336 6.54958 204.487
99.799 48.3877 60.1167 6.54896 204.404
99.899 48.3223 60.1999 6.54832 204.321
99.999 48.2569 60.283 6.54765 204.238
100.099 48.1915 60.3661 6.54697 204.155
100.199 48.1261 60.4491 6.54626 204.072
100.299 48.0608 60.5321 6.54554 203.989
100.399 47.9955 60.6152 6.54479 203.906
100.499 47.9302 60.6981 6.54402 203.823
100.599 47.8649 60.7811 6.54324 203.74
100.699 47.7997 60.864 6.54243 203.657
100.799 47.7345 60.9469 6.5416 203.574
100.899 47.6693 61.0298 6.54075 203.491
100.999 47.6041 61.1126 6.53988 203.408
101.099 47.539 61.1955 6.53899 203.325
101.199 47.4739 61.2782 6.53808 203.242
101.299 47.4088 61.361 6.53715 203.16
101.399 47.3437 61.4437 6.5362 203.077
101.499 47.2786 61.5264 6.53523 202.994
101.599 47.2136 61.6091 6.53423 202.912
101.699 47.1486 61.6918 6.53322 202.829
101.799 47.0836 61.7744 6.53219 202.746
101.899 47.0186 61.857 6.53113 202.664
101.999 46.9537 61.9395 6.53006 202.581
102.099 46.8888 62.022 6.52896 202.499
102.199 46.8239 62.1045 6.52784 202.416
102.299 46.759 62.187 6.52671 202.334
102.399 46.6941 62.2694 6.52555 202.251
102.499 46.6293 62.3518 6.52437 202.169
102.599 46.5645 62.4342 6.52317 202.087
102.699 46.4997 62.5165 6.52195 202.004
102.799 46.4349 62.5988 6.52071 201.922
102.899 46.3702 62.6811 6.51945 201.84
102.999 46.3055 62.7633 6.51816 201.757
103.099 46.2408 62.8455 6.51686 201.675
103.199 46.1761 62.9277 6.51554 201.593
103.299 46.1114 63.0098 6.51419 201.511
103.399 46.0468 63.0919 6.51283 201.429
103.499 45.9822 63.174 6.51144 201.347
103.599 45.9176 63.256 6.51003 201.265
103.699 45.853 63.338 6.50861 201.183
103.799 45.7885 63.42 6.50716 201.101
103.899 45.724 63.5019 6.50569 201.019
103.999 45.6594 63.5838 6.5042 200.937
104.099 45.595 63.6657 6.50269 200.855
104.199 45.5305 63.7475 6.50116 200.773
104.299 45.4661 63.8293 6.4996 200.691
104.399 45.4016 63.911 6.49803 200.61
104.499 45.3372 63.9927 6.49644 200.528
104.599 45.2729 64.0744 6.49482 200.446
104.699 45.2085 64.1561 6.49318 200.365
104.799 45.1442 64.2377 6.49153 200.283
104.899 45.0798 64.3192 6.48985 200.202
104.999 45.0155 64.4007 6.48815 200.12
105.099 44.9513 64.4822 6.48643 200.039
105.199 44.887 64.5637 6.48469 199.957
105.299 44.8228 64.6451 6.48293 199.876
105.399 44.7586 64.7265 6.48115 199.794
105.499 44.6944 64.8078 6.47934 199.713
105.599 44.6302 64.8891 6.47752 199.632
105.699 44.566 64.9703 6.47567 199.55
105.799 44.5019 65.0516 6.47381 199.469
105.899 44.4378 65.1327 6.47192 199.388
105.999 44.3737 65.2139 6.47001 199.307
106.099 44.3096 65.295 6.46808 199.226
106.199 44.2456 65.376 6.46613 199.145
106.299 44.1815 65.457 6.46416 199.064
106.399 44.1175 65.538 6.46217 198.983
106.499 44.0535 65.6189 6.46016 198.902
106.599 43.9895 65.6998 6.45812 198.821
106.699 43.9256 65.7806 6.45607 198.74
106.799 43.8617 65.8614 6.45399 198.659
106.899 43.7977 65.9422 6.45189 198.579
106.999 43.7338 66.0229 6.44978 198.498
107.099 43.67 66.1036 6.44764 198.417
107.199 43.6061 66.1842 6.44548 198.337
107.299 43.5423 66.2648 6.4433 198.256
107.399 43.4785 66.3454 6.44109 198.175
107.499 43.4147 66.4259 6.43887 198.095
107.599 43.3509 66.5063 6.43663 198.014
107.699 43.2871 66.5867 6.43436 197.934
107.799 43.2234 66.6671 6.43207 197.854
107.899 43.1596 66.7474 6.42977 197.773
107.999 43.0959 66.8277 6.42744 197.693
108.099 43.0323 66.9079 6.42509 197.613
108.199 42.9686 66.9881 6.42272 197.533
108.299 42.9049 67.0682 6.42032 197.453
108.399 42.8413 67.1483 6.41791 197.372
108.499 42.7777 67.2284 6.41548 197.292
108.599 42.7141 67.3084 6.41302 197.212
108.699 42.6505 67.3883 6.41054 197.132
108.799 42.587 67.4682 6.40805 197.053
108.899 42.5235 67.5481 6.40553 196.973
108.999 42.4599 67.6279 6.40299 196.893
109.099 42.3964 67.7076 6.40043 196.813
109.199 42.333 67.7874 6.39784 196.733
109.299 42.2695 67.867 6.39524 196.654
109.399 42.2061 67.9466 6.39262 196.574
109.499 42.1426 68.0262 6.38997 196.495
109.599 42.0792 68.1057 6.3873 196.415
109.699 42.0158 68.1852 6.38462 196.336
109.799 41.9525 68.2646 6.38191 196.256
109.899 41.8891 68.344 6.37918 196.177
109.999 41.8258 68.4233 6.37642 196.097
110.099 41.7625 68.5026 6.37365 196.018
110.199 41.6992 68.5818 6.37086 195.939
110.299 41.6359 68.6609 6.36804 195.86
110.399 41.5726 68.7401 6.36521 195.781
110.499 41.5094 68.8191 6.36235 195.702
110.599 41.4462 68.8981 6.35947 195.623
110.699 41.383 68.9771 6.35657 195.544
110.799 41.3198 69.056 6.35365 195.465
110.899 41.2566 69.1349 6.35071 195.386
110.999 41.1934 69.2137 6.34774 195.307
111.099 41.1303 69.2924 6.34476 195.228
111.199 41.0672 69.3711 6.34175 195.15
111.299 41.0041 69.4498 6.33872 195.071
111.399 40.941 69.5284 6.33568 194.992
111.499 40.8779 69.6069 6.33261 194.914
111.599 40.8149 69.6854 6.32951 194.835
111.699 40.7518 69.7638 6.3264 194.757
111.799 40.6888 69.8422 6.32327 194.679
111.899 40.6258 69.9205 6.32011 194.6
111.999 40.5628 69.9988 6.31694 194.522
112.099 40.4999 70.077 6.31374 194.444
112.199 40.4369 70.1551 6.31052 194.366
112.299 40.374 70.2332 6.30728 194.288
112.399 40.3111 70.3113 6.30402 194.209
112.499 40.2482 70.3893 6.30074 194.131
112.599 40.1853 70.4672 6.29744 194.054
112.699 40.1224 70.5451 6.29411 193.976
112.799 40.0596 70.6229 6.29076 193.898
112.899 39.9967 70.7006 6.2874 193.82
112.999 39.9339 70.7783 6.28401 193.742
113.099 39.8711 70.856 6.2806 193.665
113.199 39.8083 70.9336 6.27717 193.587
113.299 39.7456 71.0111 6.27372 193.51
113.399 39.6828 71.0886 6.27024 193.432
113.499 39.6201 71.166 6.26675 193.355
113.599 39.5574 71.2433 6.26323 193.277
113.699 39.4947 71.3206 6.25969 193.2
113.799 39.432 71.3979 6.25614 193.123
113.899 39.3693 71.4751 6.25256 193.046
113.999 39.3067 71.5522 6.24895 192.969
114.099 39.244 71.6292 6.24533 192.892
114.199 39.1814 71.7062 6.24169 192.815
114.299 39.1188 71.7832 6.23802 192.738
114.399 39.0562 71.86 6.23434 192.661
114.499 38.9937 71.9369 6.23063 192.584
114.599 38.9311 72.0136 6.2269 192.507
114.699 38.8686 72.0903 6.22315 192.43
114.799 38.806 72.1669 6.21938 192.354
114.899 38.7435 72.2435 6.21559 192.277
114.999 38.6811 72.32 6.21177 192.201
115.099 38.6186 72.3965 6.20794 192.124
115.199 38.5561 72.4728 6.20408 192.048
115.299 38.4937 72.5492 6.2002 191.972
115.399 38.4312 72.6254 6.1963 191.895
115.499 38.3688 72.7016 6.19238 191.819
115.599 38.3064 72.7777 6.18844 191.743
115.699 38.244 72.8538 6.18448 191.667
115.799 38.1817 72.9298 6.18049 191.591
115.899 38.1193 73.0057 6.17649 191.515
115.999 38.057 73.0816 6.17246 191.439
116.099 37.9947 73.1574 6.16841 191.363
116.199 37.9324 73.2332 6.16434 191.288
116.299 37.8701 73.3089 6.16025 191.212
116.399 37.8078 73.3845 6.15614 191.136
116.499 37.7455 73.46 6.15201 191.061
116.599 37.6833 73.5355 6.14785 190.985
116.699 37.6211 73.6109 6.14368 190.91
116.799 37.5588 73.6863 6.13948 190.834
116.899 37.4966 73.7616 6.13526 190.759
116.999 37.4345 73.8368 6.13102 190.684
117.099 37.3723 73.9119 6.12676 190.609
117.199 37.3101 73.987 6.12248 190.534
117.299 37.248 74.062 6.11818 190.459
117.399 37.1859 74.137 6.11385 190.384
117.499 37.1238 74.2119 6.10951 190.309
117.599 37.0617 74.2867 6.10514 190.234
117.699 36.9996 74.3614 6.10075 190.159
117.799 36.9375 74.4361 6.09634 190.085
117.899 36.8755 74.5107 6.09191 190.01
117.999 36.8134 74.5853 6.08746 189.935
118.099 36.7514 74.6597 6.08299 189.861
118.199 36.6894 74.7341 6.0785 189.787
118.299 36.6274 74.8085 6.07398 189.712
118.399 36.5654 74.8827 6.06944 189.638
118.499 36.5034 74.9569 6.06488 189.564
118.599 36.4415 75.031 6.06031 189.49
118.699 36.3796 75.1051 6.05571 189.416
118.799 36.3176 75.1791 6.05108 189.342
118.899 36.2557 75.253 6.04644 189.268
118.999 36.1938 75.3268 6.04178 189.194
119.099 36.1319 75.4006 6.03709 189.12
119.199 36.0701 75.4743 6.03239 189.046
119.299 36.0082 75.5479 6.02766 188.973
119.399 35.9464 75.6214 6.02291 188.899
119.499 35.8846 75.6949 6.01814 188.826
119.599 35.8228 75.7683 6.01335 188.752
119.699 35.761 75.8417 6.00854 188.679
119.799 35.6992 75.9149 6.0037 188.606
119.899 35.6374 75.9881 5.99885 188.533
119.999 35.5757 76.0612 5.99397 188.46
120.099 35.5139 76.1343 5.98908 188.386
120.199 35.4522 76.2072 5.98416 188.314
120.299 35.3905 76.2801 5.97922 188.241
120.399 35.3288 76.3529 5.97426 188.168
120.499 35.2671 76.4257 5.96928 188.095
120.599 35.2054 76.4984 5.96427 188.022
120.699 35.1437 76.571 5.95925 187.95
120.799 35.0821 76.6435 5.95421 187.877
120.899 35.0205 76.7159 5.94914 187.805
120.999 34.9588 76.7883 5.94405 187.732
121.099 34.8972 76.8606 5.93894 187.66
121.199 34.8356 76.9328 5.93382 187.588
121.299 34.7741 77.0049 5.92867 187.516
121.399 34.7125 77.077 5.92349 187.444
121.499 34.6509 77.149 5.9183 187.372
121.599 34.5894 77.2209 5.91309 187.3
121.699 34.5279 77.2927 5.90785 187.228
121.799 34.4664 77.3645 5.9026 187.156
121.899 34.4049 77.4362 5.89732 187.085
121.999 34.3434 77.5078 5.89202 187.013
122.099 34.2819 77.5793 5.8867 186.941
122.199 34.2204 77.6507 5.88136 186.87
122.299 34.159 77.7221 5.876 186.799
122.399 34.0976 77.7934 5.87062 186.727
122.499 34.0361 77.8646 5.86522 186.656
122.599 33.9747 77.9357 5.8598 186.585
122.699 33.9133 78.0068 5.85435 186.514
122.799 33.8519 78.0777 5.84888 186.443
122.899 33.7906 78.1486 5.8434 186.372
122.999 33.7292 78.2194 5.83789 186.301
123.099 33.6679 78.2902 5.83236 186.231
123.199 33.6065 78.3608 5.82681 186.16
123.299 33.5452 78.4314 5.82124 186.089
123.399 33.4839 78.5019 5.81565 186.019
123.499 33.4226 78.5723 5.81004 185.948
123.599 33.3613 78.6426 5.8044 185.878
123.699 33.3001 78.7128 5.79875 185.808
123.799 33.2388 78.783 5.79307 185.738
123.899 33.1776 78.8531 5.78738 185.668
123.999 33.1163 78.9231 5.78166 185.598
124.099 33.0551 78.993 5.77592 185.528
124.199 32.9939 79.0628 5.77016 185.458
124.299 32.9327 79.1326 5.76438 185.388
124.399 32.8715 79.2022 5.75858 185.319
124.499 32.8103 79.2718 5.75276 185.249
124.599 32.7492 79.3413 5.74692 185.179
124.699 32.688 79.4107 5.74106 185.11
124.799 32.6269 79.4801 5.73517 185.041
124.899 32.5658 79.5493 5.72927 184.971
124.999 32.5047 79.6185 5.72334 184.902
125.099 32.4436 79.6876 5.7174 184.833
125.199 32.3825 79.7566 5.71143 184.764
125.299 32.3214 79.8255 5.70544 184.695
125.399 32.2603 79.8943 5.69943 184.626
125.499 32.1993 79.963 5.6934 184.558
125.599 32.1382 80.0317 5.68735 184.489
125.699 32.0772 80.1003 5.68128 184.42
125.799 32.0162 80.1687 5.67519 184.352
125.899 31.9552 80.2371 5.66908 184.284
125.999 31.8942 80.3055 5.66295 184.215
126.099 31.8332 80.3737 5.65679 184.147
126.199 31.7723 80.4418 5.65062 184.079
126.299 31.7113 80.5099 5.64442 184.011
126.399 31.6503 80.5778 5.63821 183.943
126.499 31.5894 80.6457 5.63197 183.875
126.599 31.5285 80.7135 5.62571 183.807
126.699 31.4676 80.7812 5.61944 183.74
126.799 31.4067 80.8488 5.61314 183.672
126.899 31.3458 80.9163 5.60682 183.604
126.999 31.2849 80.9838 5.60048 183.537
127.099 31.224 81.0511 5.59412 183.47
127.199 31.1632 81.1184 5.58774 183.402
127.299 31.1023 81.1855 5.58134 183.335
127.399 31.0415 81.2526 5.57492 183.268
127.499 30.9807 81.3196 5.56848 183.201
127.599 30.9199 81.3865 5.56201 183.134
127.699 30.8591 81.4533 5.55553 183.067
127.799 30.7983 81.52 5.54903 183.001
127.899 30.7375 81.5867 5.5425 182.934
127.999 30.6768 81.6532 5.53596 182.868
128.099 30.616 81.7197 5.52939 182.801
128.199 30.5553 81.786 5.52281 182.735
128.299 30.4945 81.8523 5.5162 182.668
128.399 30.4338 81.9185 5.50957 182.602
128.499 30.3731 81.9846 5.50293 182.536
128.599 30.3124 82.0506 5.49626 182.47
128.699 30.2517 82.1165 5.48957 182.404
128.799 30.191 82.1823 5.48286 182.338
128.899 30.1303 82.248 5.47613 182.273
128.999 30.0697 82.3136 5.46939 182.207
129.099 30.009 82.3792 5.46262 182.142
129.199 29.9484 82.4446 5.45583 182.076
129.299 29.8878 82.51 5.44902 182.011
129.399 29.8271 82.5752 5.44219 181.946
129.499 29.7665 82.6404 5.43534 181.88
129.599 29.7059 82.7055 5.42847 181.815
129.699 29.6453 82.7704 5.42157 181.75
129.799 29.5848 82.8353 5.41466 181.685
129.899 29.5242 82.9001 5.40773 181.621
129.999 29.4636 82.9648 5.40078 181.556
130.099 29.4031 83.0294 5.39381 181.491
130.199 29.3426 83.0939 5.38682 181.427
130.299 29.2821 83.1583 5.37981 181.362
130.399 29.2215 83.2226 5.37277 181.298
130.499 29.161 83.2868 5.36572 181.234
130.599 29.1005 83.351 5.35865 181.17
130.699 29.0401 83.415 5.35156 181.106
130.799 28.9796 83.4789 5.34444 181.042
130.899 28.9191 83.5428 5.33731 180.978
130.999 28.8587 83.6065 5.33016 180.914
131.099 28.7982 83.6701 5.32299 180.851
131.199 28.7378 83.7337 5.31579 180.787
131.299 28.6774 83.7971 5.30858 180.724
131.399 28.617 83.8605 5.30135 180.66
131.499 28.5566 83.9237 5.2941 180.597
131.599 28.4962 83.9869 5.28682 180.534
131.699 28.4358 84.0499 5.27953 180.471
131.799 28.3754 84.1129 5.27222 180.408
131.899 28.3151 84.1758 5.26489 180.345
131.999 28.2547 84.2385 5.25754 180.282
132.099 28.1944 84.3012 5.25016 180.22
132.199 28.1341 84.3638 5.24277 180.157
132.299 28.0737 84.4262 5.23536 180.095
132.399 28.0134 84.4886 5.22793 180.032
132.499 27.9531 84.5509 5.22048 179.97
132.599 27.8928 84.613 5.21301 179.908
132.699 27.8326 84.6751 5.20552 179.846
132.799 27.7723 84.7371 5.19801 179.784
132.899 27.712 84.7989 5.19048 179.722
132.999 27.6518 84.8607 5.18293 179.66
133.099 27.5915 84.9224 5.17536 179.598
133.199 27.5313 84.9839 5.16777 179.537
133.299 27.4711 85.0454 5.16016 179.475
133.399 27.4109 85.1068 5.15253 179.414
133.499 27.3506 85.168 5.14488 179.353
133.599 27.2905 85.2292 5.13722 179.292
133.699 27.2303 85.2903 5.12953 179.23
133.799 27.1701 85.3512 5.12182 179.17
133.899 27.1099 85.4121 5.1141 179.109
133.999 27.0498 85.4728 5.10635 179.048
134.099 26.9896 85.5335 5.09859 178.987
134.199 26.9295 85.594 5.0908 178.927
134.299 26.8693 85.6545 5.083 178.866
134.399 26.8092 85.7148 5.07518 178.806
134.499 26.7491 85.7751 5.06733 178.746
134.599 26.689 85.8352 5.05947 178.686
134.699 26.6289 85.8952 5.05159 178.625
134.799 26.5688 85.9552 5.04369 178.566
134.899 26.5088 86.015 5.03577 178.506
134.999 26.4487 86.0747 5.02783 178.446
135.099 26.3886 86.1344 5.01987 178.386
135.199 26.3286 86.1939 5.01189 178.327
135.299 26.2686 86.2533 5.00389 178.267
135.399 26.2085 86.3126 4.99588 178.208
135.499 26.1485 86.3718 4.98784 178.149
135.599 26.0885 86.4309 4.97979 178.09
135.699 26.0285 86.4899 4.97171 178.031
135.799 25.9685 86.5488 4.96362 177.972
135.899 25.9085 86.6075 4.95551 177.913
135.999 25.8485 86.6662 4.94738 177.855
136.099 25.7886 86.7248 4.93923 177.796
136.199 25.7286 86.7832 4.93106 177.737
136.299 25.6687 86.8416 4.92287 177.679
136.399 25.6087 86.8999 4.91466 177.621
136.499 25.5488 86.958 4.90643 177.563
136.599 25.4889 87.016 4.89819 177.505
136.699 25.429 87.074 4.88993 177.447
136.799 25.3691 87.1318 4.88164 177.389
136.899 25.3092 87.1895 4.87334 177.331
136.999 25.2493 87.2471 4.86502 177.274
137.099 25.1894 87.3046 4.85668 177.216
137.199 25.1295 87.362 4.84832 177.159
137.299 25.0697 87.4193 4.83994 177.101
137.399 25.0098 87.4765 4.83155 177.044
137.499 24.9499 87.5335 4.82313 176.987
137.599 24.8901 87.5905 4.8147 176.93
137.699 24.8303 87.6473 4.80625 176.873
137.799 24.7705 87.7041 4.79777 176.817
137.899 24.7106 87.7607 4.78928 176.76
137.999 24.6508 87.8172 4.78078 176.704
138.099 24.591 87.8736 4.77225 176.647
138.199 24.5313 87.9299 4.7637 176.591
138.299 24.4715 87.9861 4.75514 176.535
138.399 24.4117 88.0422 4.74656 176.479
138.499 24.3519 88.0982 4.73796 176.423
138.599 24.2922 88.1541 4.72934 176.367
138.699 24.2324 88.2098 4.7207 176.311
138.799 24.1727 88.2654 4.71204 176.255
138.899 24.113 88.321 4.70337 176.2
138.999 24.0533 88.3764 4.69467 176.144
139.099 23.9935 88.4317 4.68596 176.089
139.199 23.9338 88.4869 4.67723 176.034
139.299 23.8741 88.542 4.66848 175.979
139.399 23.8144 88.597 4.65972 175.924
139.499 23.7548 88.6518 4.65093 175.869
139.599 23.6951 88.7066 4.64213 175.814
139.699 23.6354 88.7612 4.63331 175.76
139.799 23.5758 88.8157 4.62447 175.705
139.899 23.5161 88.8702 4.61561 175.651
139.999 23.4565 88.9245 4.60673 175.596
140.099 23.3968 88.9786 4.59784 175.542
140.199 23.3372 89.0327 4.58893 175.488
140.299 23.2776 89.0867 4.58 175.434
140.399 23.218 89.1405 4.57105 175.38
140.499 23.1584 89.1943 4.56208 175.326
140.599 23.0988 89.2479 4.5531 175.273
140.699 23.0392 89.3014 4.5441 175.219
140.799 22.9796 89.3548 4.53508 175.166
140.899 22.92 89.4081 4.52604 175.113
140.999 22.8605 89.4612 4.51698 175.06
141.099 22.8009 89.5143 4.50791 175.006
141.199 22.7414 89.5672 4.49882 174.954
141.299 22.6818 89.62 4.48971 174.901
141.399 22.6223 89.6727 4.48058 174.848
141.499 22.5628 89.7253 4.47144 174.795
141.599 22.5032 89.7778 4.46228 174.743
141.699 22.4437 89.8302 4.4531 174.691
141.799 22.3842 89.8824 4.4439 174.638
141.899 22.3247 89.9345 4.43468 174.586
141.999 22.2652 89.9866 4.42545 174.534
142.099 22.2057 90.0385 4.4162 174.482
142.199 22.1463 90.0902 4.40693 174.431
142.299 22.0868 90.1419 4.39765 174.379
142.399 22.0273 90.1934 4.38835 174.327
142.499 21.9679 90.2449 4.37903 174.276
142.6 21.9084 90.2962 4.36969 174.225
142.7 21.849 90.3474 4.36033 174.173
142.8 21.7896 90.3985 4.35096 174.122
142.9 21.7301 90.4494 4.34157 174.071
143 21.6707 90.5003 4.33216 174.02
143.1 21.6113 90.551 4.32274 173.97
143.2 21.5519 90.6016 4.3133 173.919
143.3 21.4925 90.6521 4.30384 173.869
143.4 21.4331 90.7025 4.29436 173.818
143.5 21.3737 90.7527 4.28487 173.768
143.6 21.3144 90.8029 4.27536 173.718
143.7 21.255 90.8529 4.26583 173.668
143.8 21.1956 90.9028 4.25629 173.618
143.9 21.1363 90.9526 4.24673 173.568
144 21.0769 91.0022 4.23715 173.519
144.1 21.0176 91.0518 4.22755 173.469
144.2 20.9582 91.1012 4.21794 173.42
144.3 20.8989 91.1505 4.20831 173.37
144.4 20.8396 91.1997 4.19867 173.321
144.5 20.7803 91.2488 4.189 173.272
144.6 20.721 91.2977 4.17933 173.223
144.7 20.6617 91.3465 4.16963 173.174
144.8 20.6024 91.3952 4.15992 173.126
144.9 20.5431 91.4438 4.15019 173.077
145 20.4838 91.4923 4.14044 173.028
145.1 20.4245 91.5406 4.13068 172.98
145.2 20.3653 91.5888 4.1209 172.932
145.3 20.306 91.6369 4.1111 172.884
145.4 20.2467 91.6849 4.10129 172.836
145.5 20.1875 91.7328 4.09146 172.788
145.6 20.1283 91.7805 4.08161 172.74
145.7 20.069 91.8281 4.07175 172.693
145.8 20.0098 91.8756 4.06187 172.645
145.9 19.9506 91.923 4.05198 172.598
146 19.8914 91.9703 4.04207 172.55
146.1 19.8321 92.0174 4.03214 172.503
146.2 19.7729 92.0644 4.0222 172.456
146.3 19.7137 92.1113 4.01224 172.409
146.4 19.6546 92.158 4.00226 172.363
146.5 19.5954 92.2047 3.99227 172.316
146.6 19.5362 92.2512 3.98226 172.27
146.7 19.477 92.2976 3.97223 172.223
146.8 19.4179 92.3439 3.96219 172.177
146.9 19.3587 92.39 3.95214 172.131
147 19.2996 92.436 3.94206 172.085
147.1 19.2404 92.4819 3.93197 172.039
147.2 19.1813 92.5277 3.92187 171.993
147.3 19.1221 92.5733 3.91175 171.947
147.4 19.063 92.6189 3.90161 171.902
147.5 19.0039 92.6643 3.89146 171.856
147.6 18.9448 92.7096 3.88129 171.811
147.7 18.8857 92.7547 3.87111 171.766
147.8 18.8266 92.7997 3.86091 171.721
147.9 18.7675 92.8447 3.85069 171.676
148 18.7084 92.8894 3.84046 171.631
148.1 18.6493 92.9341 3.83021 171.587
148.2 18.5902 92.9786 3.81995 171.542
148.3 18.5311 93.023 3.80967 171.498
148.4 18.4721 93.0673 3.79938 171.453
148.5 18.413 93.1115 3.78907 171.409
148.6 18.3539 93.1555 3.77875 171.365
148.7 18.2949 93.1994 3.76841 171.321
148.8 18.2359 93.2432 3.75805 171.278
148.9 18.1768 93.2868 3.74768 171.234
149 18.1178 93.3304 3.7373 171.19
149.1 18.0588 93.3738 3.72689 171.147
149.2 17.9997 93.417 3.71648 171.104
149.3 17.9407 93.4602 3.70605 171.061
149.4 17.8817 93.5032 3.6956 171.018
149.5 17.8227 93.5461 3.68514 170.975
149.6 17.7637 93.5889 3.67466 170.932
149.7 17.7047 93.6315 3.66417 170.889
149.8 17.6457 93.674 3.65366 170.847
149.9 17.5868 93.7164 3.64314 170.804
150 17.5278 93.7587 3.6326 170.762
150.1 17.4688 93.8008 3.62205 170.72
150.2 17.4098 93.8428 3.61149 170.678
150.3 17.3509 93.8847 3.60091 170.636
150.4 17.2919 93.9264 3.59031 170.594
150.5 17.233 93.968 3.5797 170.553
150.6 17.174 94.0095 3.56907 170.511
150.7 17.1151 94.0509 3.55843 170.47
150.8 17.0562 94.0921 3.54778 170.429
150.9 16.9973 94.1332 3.53711 170.388
151 16.9383 94.1742 3.52642 170.347
151.1 16.8794 94.215 3.51573 170.306
151.2 16.8205 94.2558 3.50501 170.265
151.3 16.7616 94.2963 3.49429 170.224
151.4 16.7027 94.3368 3.48354 170.184
151.5 16.6438 94.3771 3.47279 170.144
151.6 16.5849 94.4173 3.46202 170.103
151.7 16.526 94.4574 3.45123 170.063
151.8 16.4672 94.4974 3.44043 170.023
151.9 16.4083 94.5372 3.42962 169.984
152 16.3494 94.5769 3.41879 169.944
152.1 16.2906 94.6164 3.40795 169.904
152.2 16.2317 94.6558 3.3971 169.865
152.3 16.1728 94.6951 3.38623 169.826
152.4 16.114 94.7343 3.37534 169.786
152.5 16.0552 94.7733 3.36444 169.747
152.6 15.9963 94.8122 3.35353 169.709
152.7 15.9375 94.851 3.34261 169.67
152.8 15.8787 94.8896 3.33167 169.631
152.9 15.8198 94.9281 3.32071 169.593
153 15.761 94.9665 3.30975 169.554
153.1 15.7022 95.0048 3.29877 169.516
153.2 15.6434 95.0429 3.28777 169.478
153.3 15.5846 95.0808 3.27677 169.44
153.4 15.5258 95.1187 3.26574 169.402
153.5 15.467 95.1564 3.25471 169.364
153.6 15.4082 95.194 3.24366 169.327
153.7 15.3494 95.2315 3.2326 169.289
153.8 15.2907 95.2688 3.22152 169.252
153.9 15.2319 95.306 3.21043 169.215
154 15.1731 95.343 3.19933 169.178
154.1 15.1144 95.38 3.18822 169.141
154.2 15.0556 95.4168 3.17709 169.104
154.3 14.9968 95.4534 3.16595 169.067
154.4 14.9381 95.4899 3.15479 169.031
154.5 14.8793 95.5263 3.14362 168.994
154.6 14.8206 95.5626 3.13244 168.958
154.7 14.7619 95.5987 3.12125 168.922
154.8 14.7031 95.6347 3.11004 168.886
154.9 14.6444 95.6706 3.09882 168.85
155 14.5857 95.7063 3.08759 168.814
155.1 14.527 95.7419 3.07634 168.779
155.2 14.4683 95.7774 3.06508 168.743
155.3 14.4096 95.8127 3.05381 168.708
155.4 14.3508 95.8479 3.04252 168.673
155.5 14.2921 95.883 3.03123 168.638
155.6 14.2335 95.9179 3.01992 168.603
155.7 14.1748 95.9527 3.00859 168.568
155.8 14.1161 95.9874 2.99726 168.533
155.9 14.0574 96.0219 2.98591 168.499
156 13.9987 96.0563 2.97455 168.464
156.1 13.94 96.0905 2.96318 168.43
156.2 13.8814 96.1246 2.95179 168.396
156.3 13.8227 96.1586 2.9404 168.362
156.4 13.7641 96.1925 2.92899 168.328
156.5 13.7054 96.2262 2.91756 168.295
156.6 13.6467 96.2598 2.90613 168.261
156.7 13.5881 96.2932 2.89468 168.228
156.8 13.5295 96.3265 2.88322 168.194
156.9 13.4708 96.3597 2.87175 168.161
157 13.4122 96.3928 2.86027 168.128
157.1 13.3535 96.4257 2.84878 168.095
157.2 13.2949 96.4584 2.83727 168.062
157.3 13.2363 96.4911 2.82575 168.03
157.4 13.1777 96.5236 2.81422 167.997
157.5 13.1191 96.5559 2.80268 167.965
157.6 13.0605 96.5881 2.79112 167.933
157.7 13.0019 96.6202 2.77956 167.901
157.8 12.9433 96.6522 2.76798 167.869
157.9 12.8847 96.684 2.75639 167.837
158 12.8261 96.7157 2.74479 167.805
158.1 12.7675 96.7472 2.73318 167.774
158.2 12.7089 96.7786 2.72155 167.742
158.3 12.6503 96.8099 2.70992 167.711
158.4 12.5917 96.841 2.69827 167.68
158.5 12.5331 96.872 2.68661 167.649
158.6 12.4746 96.9029 2.67494 167.618
158.7 12.416 96.9336 2.66326 167.587
158.8 12.3574 96.9642 2.65157 167.557
158.9 12.2989 96.9946 2.63987 167.526
159.001 12.2403 97.025 2.62815 167.496
159.101 12.1818 97.0551 2.61643 167.466
159.201 12.1232 97.0852 2.60469 167.436
159.301 12.0647 97.1151 2.59294 167.406
159.401 12.0062 97.1448 2.58119 167.376
159.501 11.9476 97.1744 2.56942 167.346
159.601 11.8891 97.2039 2.55764 167.317
159.701 11.8306 97.2333 2.54585 167.287
159.801 11.772 97.2625 2.53404 167.258
159.901 11.7135 97.2916 2.52223 167.229
160.001 11.655 97.3205 2.51041 167.2
160.101 11.5965 97.3493 2.49857 167.171
160.201 11.538 97.3779 2.48673 167.143
160.301 11.4795 97.4064 2.47487 167.114
160.401 11.421 97.4348 2.46301 167.086
160.501 11.3624 97.4631 2.45113 167.058
160.601 11.304 97.4912 2.43925 167.03
160.701 11.2455 97.5191 2.42735 167.002
160.801 11.187 97.5469 2.41544 166.974
160.901 11.1285 97.5746 2.40353 166.946
161.001 11.07 97.6022 2.3916 166.919
161.101 11.0115 97.6296 2.37966 166.891
161.201 10.953 97.6568 2.36771 166.864
161.301 10.8946 97.684 2.35576 166.837
161.401 10.8361 97.7109 2.34379 166.81
161.501 10.7776 97.7378 2.33181 166.783
161.601 10.7192 97.7645 2.31982 166.756
161.701 10.6607 97.7911 2.30783 166.73
161.801 10.6023 97.8175 2.29582 166.703
161.901 10.5438 97.8438 2.2838 166.677
162.001 10.4854 97.8699 2.27177 166.651
162.101 10.4269 97.8959 2.25974 166.625
162.201 10.3685 97.9218 2.24769 166.599
162.301 10.31 97.9475 2.23564 166.573
162.401 10.2516 97.9731 2.22357 166.548
162.501 10.1931 97.9985 2.2115 166.522
162.601 10.1347 98.0239 2.19941 166.497
162.701 10.0763 98.049 2.18732 166.472
162.801 10.0179 98.074 2.17522 166.447
162.901 9.95944 98.0989 2.1631 166.422
163.001 9.90102 98.1237 2.15098 166.397
163.101 9.84261 98.1483 2.13885 166.372
163.201 9.78419 98.1727 2.12671 166.348
163.301 9.72578 98.197 2.11456 166.324
163.401 9.66738 98.2212 2.10241 166.3
163.501 9.60897 98.2453 2.09024 166.275
163.601 9.55057 98.2692 2.07806 166.252
163.701 9.49217 98.2929 2.06588 166.228
163.801 9.43378 98.3165 2.05369 166.204
163.901 9.37539 98.34 2.04149 166.181
164.001 9.317 98.3633 2.02927 166.157
164.101 9.25861 98.3865 2.01706 166.134
164.201 9.20023 98.4096 2.00483 166.111
164.301 9.14184 98.4325 1.99259 166.088
164.401 9.08347 98.4552 1.98035 166.066
164.501 9.02509 98.4778 1.96809 166.043
164.601 8.96672 98.5003 1.95583 166.02
164.701 8.90835 98.5227 1.94356 165.998
164.801 8.84998 98.5449 1.93128 165.976
164.901 8.79162 98.5669 1.91899 165.954
165.001 8.73325 98.5888 1.9067 165.932
165.101 8.6749 98.6106 1.89439 165.91
165.201 8.61654 98.6322 1.88208 165.889
165.301 8.55818 98.6537 1.86976 165.867
165.401 8.49983 98.675 1.85744 165.846
165.501 8.44148 98.6962 1.8451 165.824
165.601 8.38314 98.7173 1.83276 165.803
165.701 8.32479 98.7382 1.82041 165.783
165.801 8.26645 98.759 1.80805 165.762
165.901 8.20811 98.7796 1.79568 165.741
166.001 8.14978 98.8001 1.78331 165.721
166.101 8.09144 98.8204 1.77092 165.7
166.201 8.03311 98.8406 1.75853 165.68
166.301 7.97478 98.8607 1.74614 165.66
166.401 7.91646 98.8806 1.73373 165.64
166.501 7.85813 98.9004 1.72132 165.62
166.601 7.79981 98.92 1.7089 165.601
166.701 7.74149 98.9395 1.69647 165.581
166.801 7.68318 98.9588 1.68404 165.562
166.901 7.62486 98.978 1.6716 165.543
167.001 7.56655 98.9971 1.65915 165.524
167.101 7.50824 99.016 1.64669 165.505
167.201 7.44993 99.0348 1.63423 165.486
167.301 7.39163 99.0534 1.62176 165.467
167.401 7.33332 99.0719 1.60928 165.449
167.501 7.27502 99.0902 1.5968 165.431
167.601 7.21672 99.1084 1.58431 165.412
167.701 7.15843 99.1264 1.57181 165.394
167.801 7.10013 99.1443 1.5593 165.376
167.901 7.04184 99.1621 1.54679 165.359
168.001 6.98355 99.1797 1.53428 165.341
168.101 6.92526 99.1972 1.52175 165.324
168.201 6.86698 99.2145 1.50922 165.306
168.301 6.80869 99.2317 1.49668 165.289
168.401 6.75041 99.2487 1.48414 165.272
168.501 6.69213 99.2656 1.47159 165.255
168.601 6.63385 99.2824 1.45903 165.238
168.701 6.57558 99.299 1.44647 165.222
168.801 6.5173 99.3155 1.4339 165.205
168.901 6.45903 99.3318 1.42132 165.189
169.001 6.40076 99.3479 1.40874 165.173
169.101 6.34249 99.364 1.39616 165.157
169.201 6.28423 99.3799 1.38356 165.141
169.301 6.22596 99.3956 1.37096 165.125
169.401 6.1677 99.4112 1.35836 165.11
169.501 6.10944 99.4266 1.34575 165.094
169.601 6.05118 99.4419 1.33313 165.079
169.701 5.99293 99.4571 1.32051 165.064
169.801 5.93467 99.4721 1.30788 165.049
169.901 5.87642 99.487 1.29524 165.034
170.001 5.81817 99.5017 1.2826 165.019
170.101 5.75992 99.5163 1.26996 165.004
170.201 5.70167 99.5307 1.25731 164.99
170.301 5.64342 99.545 1.24465 164.976
170.401 5.58518 99.5592 1.23199 164.962
170.501 5.52694 99.5732 1.21932 164.948
170.601 5.4687 99.587 1.20665 164.934
170.701 5.41046 99.6007 1.19397 164.92
170.801 5.35222 99.6143 1.18129 164.906
170.901 5.29398 99.6277 1.1686 164.893
171.001 5.23575 99.641 1.15591 164.88
171.101 5.17751 99.6541 1.14321 164.867
171.201 5.11928 99.6671 1.13051 164.854
171.301 5.06105 99.6799 1.1178 164.841
171.401 5.00283 99.6926 1.10509 164.828
171.501 4.9446 99.7051 1.09237 164.816
171.601 4.88637 99.7175 1.07965 164.803
171.701 4.82815 99.7298 1.06692 164.791
171.801 4.76993 99.7419 1.05419 164.779
171.901 4.71171 99.7539 1.04146 164.767
172.001 4.65349 99.7657 1.02871 164.755
172.101 4.59527 99.7774 1.01597 164.743
172.201 4.53705 99.7889 1.00322 164.732
172.301 4.47884 99.8003 0.990467 164.72
172.401 4.42062 99.8115 0.977709 164.709
172.501 4.36241 99.8226 0.964947 164.698
172.601 4.3042 99.8335 0.952181 164.687
172.701 4.24599 99.8443 0.93941 164.676
172.801 4.18778 99.855 0.926636 164.666
172.901 4.12957 99.8655 0.913857 164.655
173.001 4.07136 99.8758 0.901075 164.645
173.101 4.01316 99.886 0.888289 164.635
173.201 3.95496 99.8961 0.875498 164.625
173.301 3.89675 99.906 0.862704 164.615
173.401 3.83855 99.9158 0.849907 164.605
173.501 3.78035 99.9254 0.837105 164.595
173.601 3.72215 99.9349 0.8243 164.586
173.701 3.66395 99.9442 0.811492 164.577
173.801 3.60576 99.9534 0.798679 164.567
173.901 3.54756 99.9624 0.785864 164.558
174.001 3.48937 99.9713 0.773045 164.549
174.101 3.43117 99.9801 0.760222 164.541
174.201 3.37298 99.9887 0.747397 164.532
174.301 3.31479 99.9971 0.734568 164.524
174.401 3.2566 100.005 0.721736 164.515
174.501 3.19841 100.014 0.7089 164.507
174.601 3.14022 100.022 0.696062 164.499
174.701 3.08203 100.029 0.683221 164.491
174.801 3.02384 100.037 0.670376 164.484
174.901 2.96566 100.045 0.657529 164.476
175.001 2.90747 100.052 0.644679 164.469
175.101 2.84929 100.059 0.631826 164.461
175.201 2.7911 100.067 0.618971 164.454
175.301 2.73292 100.074 0.606112 164.447
175.402 2.67474 100.08 0.593251 164.44
175.502 2.61656 100.087 0.580388 164.434
175.602 2.55838 100.094 0.567522 164.427
175.702 2.5002 100.1 0.554653 164.421
175.802 2.44202 100.106 0.541782 164.414
175.902 2.38384 100.112 0.528909 164.408
176.002 2.32567 100.118 0.516034 164.402
176.102 2.26749 100.124 0.503156 164.397
176.202 2.20931 100.13 0.490276 164.391
176.302 2.15114 100.135 0.477394 164.385
176.402 2.09296 100.141 0.46451 164.38
176.502 2.03479 100.146 0.451623 164.375
176.602 1.97662 100.151 0.438735 164.37
176.702 1.91844 100.156 0.425845 164.365
176.802 1.86027 100.161 0.412953 164.36
176.902 1.8021 100.165 0.400059 164.355
177.002 1.74393 100.17 0.387164 164.351
177.102 1.68576 100.174 0.374267 164.347
177.202 1.62759 100.178 0.361368 164.342
177.302 1.56942 100.182 0.348468 164.338
177.402 1.51125 100.186 0.335566 164.334
177.502 1.45308 100.19 0.322662 164.331
177.602 1.39491 100.194 0.309758 164.327
177.702 1.33674 100.197 0.296852 164.324
177.802 1.27858 100.2 0.283944 164.32
177.902 1.22041 100.204 0.271036 164.317
178.002 1.16224 100.207 0.258126 164.314
178.102 1.10408 100.21 0.245215 164.311
178.202 1.04591 100.212 0.232303 164.309
178.302 0.987746 100.215 0.21939 164.306
178.402 0.929581 100.217 0.206476 164.304
178.502 0.871416 100.22 0.193561 164.301
178.602 0.813251 100.222 0.180646 164.299
178.702 0.755086 100.224 0.167729 164.297
178.802 0.696922 100.225 0.154812 164.295
178.902 0.638758 100.227 0.141894 164.294
179.002 0.580594 100.229 0.128976 164.292
179.102 0.52243 100.23 0.116057 164.291
179.202 0.464267 100.231 0.103137 164.289
179.302 0.406103 100.232 0.0902171 164.288
179.402 0.34794 100.233 0.0772967 164.287
179.502 0.289777 100.234 0.064376 164.287
179.602 0.231614 100.235 0.051455 164.286
179.702 0.173451 100.235 0.0385338 164.285
179.802 0.115288 100.236 0.0256124 164.285
179.902 0.0571248 100.236 0.0126909 164.285
