0 179.568 0 0 264.592
0.1 89.949 5.79834e-05 0.00771884 264.592
0.2 89.898 0.000231933 0.0154377 264.592
0.3 89.847 0.00052185 0.0231564 264.592
0.4 89.796 0.000927731 0.0308752 264.591
0.5 89.745 0.00144958 0.0385938 264.591
0.6 89.694 0.00208738 0.0463124 264.59
0.7 89.643 0.00284115 0.0540308 264.589
0.8 89.592 0.00371088 0.0617492 264.589
0.9 89.541 0.00469656 0.0694674 264.588
1 89.49 0.0057982 0.0771854 264.586
1.1 89.439 0.00701578 0.0849032 264.585
1.2 89.388 0.00834931 0.0926208 264.584
1.3 89.337 0.00979878 0.100338 264.582
1.4 89.2859 0.0113642 0.108055 264.581
1.5 89.2349 0.0130455 0.115772 264.579
1.6 89.1839 0.0148428 0.123489 264.577
1.7 89.1329 0.016756 0.131205 264.576
1.8 89.0819 0.0187851 0.138921 264.573
1.9 89.0309 0.0209301 0.146637 264.571
2 88.9799 0.023191 0.154353 264.569
2.1 88.9289 0.0255678 0.162068 264.567
2.2 88.8779 0.0280605 0.169782 264.564
2.3 88.8269 0.0306691 0.177496 264.562
2.4 88.7759 0.0333936 0.18521 264.559
2.5 88.7249 0.0362339 0.192923 264.556
2.6 88.6739 0.0391901 0.200636 264.553
2.7 88.6229 0.0422621 0.208349 264.55
2.8 88.5719 0.0454499 0.216061 264.547
2.9 88.5209 0.0487536 0.223772 264.544
3 88.4699 0.0521731 0.231483 264.54
3.1 88.4189 0.0557084 0.239193 264.537
3.2 88.3679 0.0593596 0.246903 264.533
3.3 88.3169 0.0631265 0.254612 264.529
3.4 88.2659 0.0670091 0.262321 264.525
3.5 88.2149 0.0710076 0.270029 264.521
3.6 88.1639 0.0751217 0.277736 264.517
3.7 88.1129 0.0793517 0.285443 264.513
3.8 88.0619 0.0836973 0.293149 264.509
3.9 88.0109 0.0881587 0.300854 264.504
4 87.9599 0.0927357 0.308559 264.5
4.1 87.9089 0.0974285 0.316263 264.495
4.2 87.8579 0.102237 0.323966 264.49
4.3 87.8069 0.107161 0.331668 264.485
4.4 87.7559 0.112201 0.33937 264.48
4.5 87.7049 0.117356 0.347071 264.475
4.6 87.6539 0.122627 0.354771 264.47
4.7 87.6029 0.128013 0.36247 264.464
4.8 87.5519 0.133516 0.370168 264.459
4.9 87.5009 0.139133 0.377865 264.453
5 87.4499 0.144866 0.385562 264.447
5.1 87.3989 0.150715 0.393257 264.442
5.2 87.3479 0.156679 0.400952 264.436
5.3 87.2969 0.162759 0.408646 264.43
5.4 87.2459 0.168954 0.416339 264.423
5.5 87.1949 0.175265 0.42403 264.417
5.6 87.1439 0.181691 0.431721 264.411
5.7 87.0929 0.188233 0.439411 264.404
5.8 87.0419 0.19489 0.447099 264.397
5.9 86.9909 0.201662 0.454787 264.391
6 86.9399 0.208549 0.462474 264.384
6.1 86.8889 0.215552 0.470159 264.377
6.2 86.8379 0.222671 0.477843 264.37
6.3 86.7869 0.229904 0.485527 264.362
6.4 86.7359 0.237253 0.493209 264.355
6.5 86.6849 0.244717 0.50089 264.348
6.6 86.6339 0.252296 0.508569 264.34
6.7 86.5829 0.259991 0.516248 264.332
6.8 86.5319 0.2678 0.523925 264.324
6.9 86.4809 0.275725 0.531601 264.317
7 86.4299 0.283765 0.539276 264.308
7.1 86.3789 0.29192 0.546949 264.3
7.2 86.3279 0.30019 0.554622 264.292
7.3 86.2769 0.308575 0.562293 264.284
7.4 86.2259 0.317076 0.569962 264.275
7.5 86.1749 0.325691 0.57763 264.267
7.6 86.1239 0.334421 0.585297 264.258
7.7 86.073 0.343266 0.592963 264.249
7.79999 86.022 0.352226 0.600627 264.24
7.89999 85.971 0.361301 0.608289 264.231
7.99999 85.92 0.370491 0.615951 264.222
8.09999 85.869 0.379796 0.62361 264.212
8.2 85.818 0.389215 0.631269 264.203
8.3 85.767 0.398749 0.638925 264.194
8.4 85.716 0.408398 0.646581 264.184
8.5 85.665 0.418162 0.654235 264.174
8.6 85.614 0.42804 0.661887 264.164
8.7 85.563 0.438034 0.669537 264.154
8.8 85.512 0.448141 0.677186 264.144
8.9 85.461 0.458364 0.684834 264.134
9 85.41 0.468701 0.69248 264.124
9.1 85.3591 0.479152 0.700124 264.113
9.2 85.3081 0.489718 0.707767 264.103
9.3 85.2571 0.500398 0.715407 264.092
9.4 85.2061 0.511193 0.723047 264.081
9.5 85.1551 0.522103 0.730684 264.07
9.6 85.1041 0.533126 0.73832 264.059
9.7 85.0531 0.544264 0.745954 264.048
9.8 85.0021 0.555517 0.753586 264.037
9.9 84.9511 0.566883 0.761216 264.025
10 84.9002 0.578364 0.768845 264.014
10.1 84.8492 0.589959 0.776472 264.002
10.2 84.7982 0.601668 0.784097 263.991
10.3 84.7472 0.613492 0.79172 263.979
10.4 84.6962 0.625429 0.799341 263.967
10.5 84.6452 0.637481 0.80696 263.955
10.6 84.5942 0.649646 0.814578 263.943
10.7 84.5432 0.661926 0.822193 263.93
10.8 84.4923 0.674319 0.829807 263.918
10.9 84.4413 0.686826 0.837418 263.905
11 84.3903 0.699448 0.845028 263.893
11.1 84.3393 0.712183 0.852635 263.88
11.2 84.2883 0.725032 0.860241 263.867
11.3 84.2373 0.737994 0.867844 263.854
11.4 84.1863 0.751071 0.875446 263.841
11.5 84.1354 0.764261 0.883045 263.828
11.6 84.0844 0.777565 0.890642 263.815
11.7 84.0334 0.790982 0.898238 263.801
11.8 83.9824 0.804513 0.905831 263.788
11.9 83.9314 0.818157 0.913421 263.774
12 83.8805 0.831915 0.92101 263.76
12.1 83.8295 0.845786 0.928597 263.746
12.2 83.7785 0.859771 0.936181 263.732
12.3 83.7275 0.873869 0.943763 263.718
12.4 83.6765 0.88808 0.951343 263.704
12.5 83.6256 0.902405 0.95892 263.69
12.6 83.5746 0.916843 0.966496 263.675
12.7 83.5236 0.931394 0.974069 263.661
12.8 83.4726 0.946058 0.98164 263.646
12.9 83.4216 0.960835 0.989208 263.631
13 83.3707 0.975725 0.996774 263.617
13.1 83.3197 0.990728 1.00434 263.602
13.2 83.2687 1.00584 1.0119 263.586
13.3 83.2177 1.02107 1.01946 263.571
13.4 83.1668 1.03642 1.02701 263.556
13.5 83.1158 1.05187 1.03457 263.54
13.6 83.0648 1.06744 1.04212 263.525
13.7 83.0138 1.08312 1.04967 263.509
13.8 82.9629 1.09891 1.05722 263.493
13.9 82.9119 1.11482 1.06476 263.477
14 82.8609 1.13083 1.0723 263.461
14.1 82.8099 1.14697 1.07984 263.445
14.2 82.759 1.16321 1.08738 263.429
14.3 82.708 1.17956 1.09491 263.413
14.4 82.657 1.19603 1.10244 263.396
14.5 82.606 1.21261 1.10997 263.38
14.6 82.5551 1.2293 1.1175 263.363
14.7 82.5041 1.24611 1.12502 263.346
14.8 82.4531 1.26303 1.13254 263.329
14.9 82.4022 1.28005 1.14006 263.312
15 82.3512 1.2972 1.14757 263.295
15.1 82.3002 1.31445 1.15509 263.278
15.2 82.2493 1.33181 1.16259 263.26
15.3 82.1983 1.34929 1.1701 263.243
15.4 82.1473 1.36688 1.17761 263.225
15.5 82.0964 1.38458 1.18511 263.208
15.6 82.0454 1.40239 1.19261 263.19
15.7 81.9944 1.42032 1.2001 263.172
15.8 81.9435 1.43835 1.20759 263.154
15.9 81.8925 1.4565 1.21508 263.136
16 81.8415 1.47476 1.22257 263.118
16.1 81.7906 1.49313 1.23006 263.099
16.2 81.7396 1.51161 1.23754 263.081
16.3 81.6886 1.5302 1.24501 263.062
16.4 81.6377 1.54891 1.25249 263.043
16.5 81.5867 1.56772 1.25996 263.025
16.6 81.5358 1.58665 1.26743 263.006
16.7 81.4848 1.60569 1.2749 262.987
16.8 81.4338 1.62484 1.28236 262.967
16.9 81.3829 1.6441 1.28982 262.948
17 81.3319 1.66347 1.29728 262.929
17.1 81.281 1.68295 1.30473 262.909
17.2 81.23 1.70254 1.31218 262.89
17.3 81.179 1.72225 1.31963 262.87
17.4 81.1281 1.74206 1.32708 262.85
17.5 81.0771 1.76199 1.33452 262.83
17.6 81.0262 1.78202 1.34196 262.81
17.7 80.9752 1.80217 1.34939 262.79
17.8 80.9243 1.82242 1.35682 262.77
17.9 80.8733 1.84279 1.36425 262.749
18 80.8224 1.86327 1.37168 262.729
18.1 80.7714 1.88386 1.3791 262.708
18.2 80.7205 1.90455 1.38652 262.688
18.3 80.6695 1.92536 1.39393 262.667
18.4 80.6185 1.94628 1.40134 262.646
18.5 80.5676 1.96731 1.40875 262.625
18.6 80.5166 1.98845 1.41616 262.604
18.7 80.4657 2.00969 1.42356 262.583
18.8 80.4147 2.03105 1.43096 262.561
18.9 80.3638 2.05252 1.43836 262.54
19 80.3129 2.0741 1.44575 262.518
19.1 80.2619 2.09578 1.45314 262.496
19.2 80.211 2.11758 1.46052 262.475
19.3 80.16 2.13949 1.4679 262.453
19.4 80.1091 2.1615 1.47528 262.431
19.5 80.0581 2.18363 1.48265 262.409
19.6 80.0072 2.20586 1.49002 262.386
19.7 79.9562 2.22821 1.49739 262.364
19.8 79.9053 2.25066 1.50476 262.342
19.9 79.8543 2.27322 1.51212 262.319
20 79.8034 2.29589 1.51947 262.296
20.1 79.7525 2.31867 1.52682 262.274
20.2 79.7015 2.34156 1.53417 262.251
20.3 79.6506 2.36456 1.54152 262.228
20.4 79.5996 2.38766 1.54886 262.205
20.5 79.5487 2.41088 1.5562 262.181
20.6 79.4978 2.4342 1.56353 262.158
20.7 79.4468 2.45763 1.57086 262.135
20.8 79.3959 2.48117 1.57819 262.111
20.9 79.345 2.50482 1.58551 262.087
21 79.294 2.52858 1.59283 262.064
21.1 79.2431 2.55245 1.60015 262.04
21.2 79.1922 2.57642 1.60746 262.016
21.3 79.1412 2.6005 1.61477 261.992
21.4 79.0903 2.62469 1.62207 261.968
21.5 79.0394 2.64899 1.62937 261.943
21.6 78.9884 2.6734 1.63667 261.919
21.7 78.9375 2.69791 1.64396 261.894
21.8 78.8866 2.72253 1.65125 261.87
21.9 78.8356 2.74726 1.65853 261.845
22 78.7847 2.7721 1.66581 261.82
22.1 78.7338 2.79704 1.67309 261.795
22.2 78.6828 2.82209 1.68036 261.77
22.3 78.6319 2.84725 1.68763 261.745
22.4 78.581 2.87252 1.69489 261.72
22.5 78.5301 2.89789 1.70215 261.694
22.6 78.4791 2.92337 1.70941 261.669
22.7001 78.4282 2.94896 1.71666 261.643
22.8001 78.3773 2.97466 1.72391 261.618
22.9001 78.3264 3.00046 1.73115 261.592
23.0001 78.2754 3.02637 1.73839 261.566
23.1001 78.2245 3.05238 1.74563 261.54
23.2001 78.1736 3.0785 1.75286 261.514
23.3001 78.1227 3.10473 1.76008 261.488
23.4001 78.0718 3.13107 1.76731 261.461
23.5001 78.0208 3.15751 1.77452 261.435
23.6001 77.9699 3.18406 1.78174 261.408
23.7001 77.919 3.21071 1.78895 261.382
23.8001 77.8681 3.23747 1.79615 261.355
23.9001 77.8172 3.26434 1.80335 261.328
24.0001 77.7663 3.29131 1.81055 261.301
24.1001 77.7153 3.31839 1.81774 261.274
24.2001 77.6644 3.34557 1.82493 261.247
24.3001 77.6135 3.37286 1.83212 261.219
24.4001 77.5626 3.40026 1.83929 261.192
24.5001 77.5117 3.42776 1.84647 261.165
24.6001 77.4608 3.45537 1.85364 261.137
24.7001 77.4099 3.48308 1.86081 261.109
24.8001 77.359 3.5109 1.86797 261.081
24.9001 77.3081 3.53882 1.87512 261.053
25.0001 77.2572 3.56685 1.88228 261.025
25.1001 77.2062 3.59498 1.88942 260.997
25.2001 77.1553 3.62322 1.89657 260.969
25.3001 77.1044 3.65156 1.90371 260.941
25.4001 77.0535 3.68001 1.91084 260.912
25.5001 77.0026 3.70856 1.91797 260.884
25.6001 76.9517 3.73722 1.92509 260.855
25.7001 76.9008 3.76598 1.93221 260.826
25.8001 76.8499 3.79485 1.93933 260.797
25.9001 76.799 3.82382 1.94644 260.768
26.0001 76.7481 3.8529 1.95355 260.739
26.1001 76.6972 3.88207 1.96065 260.71
26.2001 76.6463 3.91136 1.96775 260.681
26.3001 76.5954 3.94075 1.97484 260.652
26.4001 76.5445 3.97024 1.98192 260.622
26.5001 76.4936 3.99983 1.98901 260.592
26.6001 76.4427 4.02953 1.99608 260.563
26.7001 76.3918 4.05934 2.00316 260.533
26.8001 76.341 4.08924 2.01023 260.503
26.9001 76.2901 4.11925 2.01729 260.473
27.0001 76.2392 4.14937 2.02435 260.443
27.1001 76.1883 4.17958 2.0314 260.413
27.2001 76.1374 4.2099 2.03845 260.382
27.3001 76.0865 4.24033 2.04549 260.352
27.4001 76.0356 4.27085 2.05253 260.321
27.5001 75.9847 4.30148 2.05956 260.291
27.6001 75.9338 4.33221 2.06659 260.26
27.7001 75.8829 4.36305 2.07362 260.229
27.8001 75.8321 4.39399 2.08063 260.198
27.9001 75.7812 4.42503 2.08765 260.167
28.0001 75.7303 4.45617 2.09466 260.136
28.1001 75.6794 4.48741 2.10166 260.105
28.2001 75.6285 4.51876 2.10866 260.074
28.3001 75.5776 4.55021 2.11565 260.042
28.4001 75.5268 4.58176 2.12264 260.011
28.5001 75.4759 4.61342 2.12962 259.979
28.6001 75.425 4.64517 2.1366 259.947
28.7001 75.3741 4.67703 2.14357 259.915
28.8001 75.3233 4.70899 2.15054 259.883
28.9001 75.2724 4.74105 2.1575 259.851
29.0001 75.2215 4.77321 2.16446 259.819
29.1001 75.1706 4.80547 2.17141 259.787
29.2001 75.1198 4.83784 2.17836 259.754
29.3001 75.0689 4.8703 2.1853 259.722
29.4001 75.018 4.90287 2.19223 259.689
29.5001 74.9671 4.93554 2.19916 259.657
29.6001 74.9163 4.96831 2.20609 259.624
29.7001 74.8654 5.00118 2.21301 259.591
29.8001 74.8145 5.03415 2.21992 259.558
29.9001 74.7637 5.06722 2.22683 259.525
30.0001 74.7128 5.10039 2.23373 259.492
30.1001 74.6619 5.13367 2.24063 259.459
30.2001 74.6111 5.16704 2.24752 259.425
30.3001 74.5602 5.20051 2.25441 259.392
30.4001 74.5093 5.23409 2.26129 259.358
30.5001 74.4585 5.26776 2.26817 259.325
30.6001 74.4076 5.30153 2.27504 259.291
30.7001 74.3568 5.3354 2.2819 259.257
30.8001 74.3059 5.36938 2.28876 259.223
30.9001 74.255 5.40345 2.29562 259.189
31.0001 74.2042 5.43762 2.30247 259.155
31.1001 74.1533 5.47189 2.30931 259.12
31.2001 74.1025 5.50626 2.31615 259.086
31.3001 74.0516 5.54073 2.32298 259.052
31.4001 74.0008 5.5753 2.3298 259.017
31.5001 73.9499 5.60997 2.33662 258.982
31.6001 73.8991 5.64474 2.34344 258.948
31.7001 73.8482 5.6796 2.35025 258.913
31.8001 73.7974 5.71457 2.35705 258.878
31.9001 73.7465 5.74963 2.36384 258.843
32.0001 73.6957 5.78479 2.37064 258.807
32.1001 73.6448 5.82005 2.37742 258.772
32.2001 73.594 5.8554 2.3842 258.737
32.3001 73.5431 5.89086 2.39097 258.701
32.4001 73.4923 5.92641 2.39774 258.666
32.5001 73.4415 5.96206 2.4045 258.63
32.6001 73.3906 5.99781 2.41126 258.594
32.7001 73.3398 6.03366 2.41801 258.559
32.8001 73.2889 6.0696 2.42476 258.523
32.9001 73.2381 6.10564 2.43149 258.487
33.0001 73.1873 6.14178 2.43823 258.45
33.1001 73.1364 6.17802 2.44495 258.414
33.2001 73.0856 6.21435 2.45167 258.378
33.3001 73.0348 6.25078 2.45839 258.341
33.4001 72.9839 6.28731 2.4651 258.305
33.5001 72.9331 6.32393 2.4718 258.268
33.6001 72.8823 6.36065 2.4785 258.232
33.7001 72.8314 6.39747 2.48519 258.195
33.8001 72.7806 6.43439 2.49187 258.158
33.9001 72.7298 6.4714 2.49855 258.121
34.0001 72.6789 6.5085 2.50522 258.084
34.1001 72.6281 6.54571 2.51189 258.047
34.2001 72.5773 6.583 2.51855 258.009
34.3 72.5265 6.6204 2.5252 257.972
34.4 72.4756 6.65789 2.53185 257.934
34.5 72.4248 6.69547 2.53849 257.897
34.6 72.374 6.73316 2.54512 257.859
34.7 72.3232 6.77093 2.55175 257.821
34.8 72.2724 6.80881 2.55837 257.783
34.9 72.2215 6.84677 2.56499 257.745
35 72.1707 6.88484 2.5716 257.707
35.1 72.1199 6.92299 2.5782 257.669
35.2 72.0691 6.96125 2.5848 257.631
35.3 72.0183 6.99959 2.59139 257.593
35.4 71.9675 7.03804 2.59797 257.554
35.5 71.9167 7.07657 2.60455 257.516
35.6 71.8658 7.1152 2.61112 257.477
35.7 71.815 7.15393 2.61769 257.438
35.8 71.7642 7.19275 2.62425 257.4
35.9 71.7134 7.23166 2.6308 257.361
36 71.6626 7.27067 2.63735 257.322
36.1 71.6118 7.30977 2.64389 257.282
36.2 71.561 7.34896 2.65042 257.243
36.3 71.5102 7.38825 2.65694 257.204
36.4 71.4594 7.42763 2.66346 257.165
36.5 71.4086 7.46711 2.66998 257.125
36.6 71.3578 7.50668 2.67648 257.086
36.7 71.307 7.54634 2.68298 257.046
36.8 71.2562 7.58609 2.68948 257.006
36.9 71.2054 7.62594 2.69596 256.966
37 71.1546 7.66588 2.70244 256.926
37.1 71.1038 7.70591 2.70892 256.886
37.2 71.053 7.74604 2.71538 256.846
37.3 71.0022 7.78626 2.72184 256.806
37.4 70.9514 7.82657 2.7283 256.766
37.5 70.9006 7.86697 2.73474 256.725
37.6 70.8498 7.90746 2.74118 256.685
37.7 70.7991 7.94805 2.74761 256.644
37.8 70.7483 7.98873 2.75404 256.604
37.9 70.6975 8.0295 2.76046 256.563
38 70.6467 8.07036 2.76687 256.522
38.1 70.5959 8.11131 2.77328 256.481
38.2 70.5451 8.15235 2.77968 256.44
38.3 70.4943 8.19349 2.78607 256.399
38.4 70.4436 8.23471 2.79245 256.358
38.5 70.3928 8.27603 2.79883 256.316
38.6 70.342 8.31744 2.8052 256.275
38.7 70.2912 8.35893 2.81157 256.233
38.8 70.2405 8.40052 2.81792 256.192
38.9 70.1897 8.4422 2.82427 256.15
39 70.1389 8.48397 2.83062 256.108
39.1 70.0881 8.52583 2.83695 256.066
39.2 70.0374 8.56778 2.84328 256.024
39.3 69.9866 8.60982 2.8496 255.982
39.4 69.9358 8.65195 2.85592 255.94
39.5 69.8851 8.69416 2.86223 255.898
39.6 69.8343 8.73647 2.86853 255.856
39.7 69.7835 8.77887 2.87482 255.813
39.8 69.7328 8.82135 2.88111 255.771
39.9 69.682 8.86393 2.88739 255.728
40 69.6312 8.90659 2.89366 255.686
40.1 69.5805 8.94935 2.89992 255.643
40.2 69.5297 8.99219 2.90618 255.6
40.3 69.4789 9.03512 2.91243 255.557
40.4 69.4282 9.07814 2.91867 255.514
40.5 69.3774 9.12125 2.92491 255.471
40.6 69.3267 9.16444 2.93114 255.428
40.7 69.2759 9.20772 2.93736 255.385
40.7999 69.2252 9.2511 2.94357 255.341
40.8999 69.1744 9.29455 2.94978 255.298
40.9999 69.1237 9.3381 2.95598 255.254
41.0999 69.0729 9.38174 2.96217 255.211
41.1999 69.0222 9.42546 2.96836 255.167
41.2999 68.9714 9.46927 2.97453 255.123
41.3999 68.9207 9.51316 2.9807 255.079
41.4999 68.8699 9.55715 2.98686 255.035
41.5999 68.8192 9.60122 2.99302 254.991
41.6999 68.7684 9.64537 2.99917 254.947
41.7999 68.7177 9.68961 3.00531 254.903
41.8999 68.667 9.73394 3.01144 254.858
41.9999 68.6162 9.77836 3.01756 254.814
42.0999 68.5655 9.82286 3.02368 254.769
42.1999 68.5147 9.86745 3.02979 254.725
42.2999 68.464 9.91212 3.03589 254.68
42.3999 68.4133 9.95688 3.04199 254.635
42.4999 68.3625 10.0017 3.04807 254.591
42.5999 68.3118 10.0467 3.05415 254.546
42.6999 68.2611 10.0917 3.06022 254.501
42.7999 68.2103 10.1368 3.06629 254.455
42.8999 68.1596 10.182 3.07235 254.41
42.9999 68.1089 10.2272 3.07839 254.365
43.0999 68.0582 10.2726 3.08443 254.32
43.1999 68.0074 10.318 3.09047 254.274
43.2999 67.9567 10.3636 3.09649 254.229
43.3999 67.906 10.4092 3.10251 254.183
43.4999 67.8553 10.4549 3.10852 254.137
43.5999 67.8046 10.5006 3.11452 254.092
43.6999 67.7538 10.5465 3.12052 254.046
43.7999 67.7031 10.5925 3.1265 254
43.8999 67.6524 10.6385 3.13248 253.954
43.9999 67.6017 10.6846 3.13845 253.908
44.0999 67.551 10.7308 3.14441 253.861
44.1999 67.5003 10.7771 3.15037 253.815
44.2999 67.4495 10.8234 3.15632 253.769
44.3999 67.3988 10.8699 3.16225 253.722
44.4999 67.3481 10.9164 3.16819 253.676
44.5999 67.2974 10.963 3.17411 253.629
44.6999 67.2467 11.0097 3.18002 253.583
44.7999 67.196 11.0565 3.18593 253.536
44.8999 67.1453 11.1034 3.19183 253.489
44.9999 67.0946 11.1503 3.19772 253.442
45.0999 67.0439 11.1973 3.2036 253.395
45.1999 66.9932 11.2444 3.20948 253.348
45.2999 66.9425 11.2916 3.21534 253.301
45.3999 66.8918 11.3389 3.2212 253.253
45.4999 66.8411 11.3862 3.22705 253.206
45.5999 66.7904 11.4337 3.2329 253.159
45.6999 66.7397 11.4812 3.23873 253.111
45.7999 66.689 11.5288 3.24456 253.063
45.8999 66.6383 11.5764 3.25037 253.016
45.9999 66.5876 11.6242 3.25618 252.968
46.0999 66.537 11.672 3.26198 252.92
46.1999 66.4863 11.7199 3.26778 252.872
46.2999 66.4356 11.7679 3.27356 252.824
46.3999 66.3849 11.816 3.27934 252.776
46.4999 66.3342 11.8642 3.28511 252.728
46.5999 66.2835 11.9124 3.29087 252.68
46.6999 66.2329 11.9607 3.29662 252.632
46.7999 66.1822 12.0091 3.30236 252.583
46.8999 66.1315 12.0576 3.30809 252.535
46.9999 66.0808 12.1061 3.31382 252.486
47.0999 66.0301 12.1548 3.31954 252.437
47.1999 65.9795 12.2035 3.32525 252.389
47.2999 65.9288 12.2523 3.33095 252.34
47.3998 65.8781 12.3012 3.33664 252.291
47.4998 65.8275 12.3501 3.34233 252.242
47.5998 65.7768 12.3991 3.348 252.193
47.6998 65.7261 12.4482 3.35367 252.144
47.7998 65.6755 12.4974 3.35933 252.095
47.8998 65.6248 12.5467 3.36498 252.046
47.9998 65.5741 12.596 3.37062 251.996
48.0998 65.5235 12.6454 3.37625 251.947
48.1998 65.4728 12.6949 3.38188 251.897
48.2998 65.4221 12.7445 3.38749 251.848
48.3998 65.3715 12.7941 3.3931 251.798
48.4998 65.3208 12.8439 3.3987 251.748
48.5998 65.2702 12.8937 3.40429 251.699
48.6998 65.2195 12.9435 3.40987 251.649
48.7998 65.1689 12.9935 3.41544 251.599
48.8998 65.1182 13.0435 3.42101 251.549
48.9998 65.0676 13.0936 3.42656 251.499
49.0998 65.0169 13.1438 3.43211 251.448
49.1998 64.9663 13.1941 3.43765 251.398
49.2998 64.9156 13.2444 3.44317 251.348
49.3998 64.865 13.2948 3.44869 251.297
49.4998 64.8143 13.3453 3.45421 251.247
49.5998 64.7637 13.3959 3.45971 251.196
49.6998 64.713 13.4465 3.4652 251.146
49.7998 64.6624 13.4972 3.47069 251.095
49.8998 64.6118 13.548 3.47616 251.044
49.9998 64.5611 13.5989 3.48163 250.993
50.0998 64.5105 13.6498 3.48709 250.942
50.1998 64.4599 13.7008 3.49254 250.891
50.2998 64.4092 13.7519 3.49798 250.84
50.3998 64.3586 13.803 3.50341 250.789
50.4998 64.308 13.8543 3.50883 250.738
50.5998 64.2573 13.9056 3.51424 250.687
50.6998 64.2067 13.957 3.51965 250.635
50.7998 64.1561 14.0084 3.52504 250.584
50.8998 64.1055 14.0599 3.53043 250.532
50.9998 64.0548 14.1115 3.53581 250.481
51.0998 64.0042 14.1632 3.54117 250.429
51.1998 63.9536 14.215 3.54653 250.377
51.2998 63.903 14.2668 3.55188 250.325
51.3998 63.8524 14.3187 3.55722 250.274
51.4998 63.8017 14.3706 3.56255 250.222
51.5998 63.7511 14.4227 3.56788 250.17
51.6998 63.7005 14.4748 3.57319 250.117
51.7998 63.6499 14.527 3.57849 250.065
51.8998 63.5993 14.5792 3.58379 250.013
51.9998 63.5487 14.6315 3.58907 249.961
52.0998 63.4981 14.6839 3.59435 249.908
52.1998 63.4475 14.7364 3.59962 249.856
52.2998 63.3969 14.7889 3.60488 249.803
52.3998 63.3463 14.8415 3.61012 249.751
52.4998 63.2957 14.8942 3.61536 249.698
52.5998 63.2451 14.9469 3.62059 249.645
52.6998 63.1945 14.9998 3.62581 249.592
52.7998 63.1439 15.0527 3.63102 249.54
52.8998 63.0933 15.1056 3.63623 249.487
52.9998 63.0427 15.1586 3.64142 249.434
53.0998 62.9921 15.2117 3.6466 249.381
53.1998 62.9415 15.2649 3.65178 249.327
53.2998 62.8909 15.3181 3.65694 249.274
53.3998 62.8403 15.3715 3.66209 249.221
53.4998 62.7897 15.4248 3.66724 249.167
53.5998 62.7391 15.4783 3.67238 249.114
53.6998 62.6885 15.5318 3.6775 249.06
53.7998 62.638 15.5854 3.68262 249.007
53.8997 62.5874 15.639 3.68773 248.953
53.9997 62.5368 15.6927 3.69282 248.9
54.0997 62.4862 15.7465 3.69791 248.846
54.1997 62.4356 15.8004 3.70299 248.792
54.2997 62.3851 15.8543 3.70806 248.738
54.3997 62.3345 15.9083 3.71312 248.684
54.4997 62.2839 15.9624 3.71817 248.63
54.5997 62.2333 16.0165 3.72321 248.576
54.6997 62.1828 16.0707 3.72824 248.522
54.7997 62.1322 16.1249 3.73326 248.467
54.8997 62.0816 16.1793 3.73827 248.413
54.9997 62.0311 16.2337 3.74327 248.359
55.0997 61.9805 16.2881 3.74826 248.304
55.1997 61.9299 16.3426 3.75324 248.25
55.2997 61.8794 16.3972 3.75822 248.195
55.3997 61.8288 16.4519 3.76318 248.14
55.4997 61.7783 16.5066 3.76813 248.086
55.5997 61.7277 16.5614 3.77307 248.031
55.6997 61.6771 16.6163 3.77801 247.976
55.7997 61.6266 16.6712 3.78293 247.921
55.8997 61.576 16.7262 3.78784 247.866
55.9997 61.5255 16.7812 3.79275 247.811
56.0997 61.4749 16.8363 3.79764 247.756
56.1997 61.4244 16.8915 3.80252 247.701
56.2997 61.3738 16.9468 3.8074 247.645
56.3997 61.3233 17.0021 3.81226 247.59
56.4997 61.2727 17.0574 3.81711 247.535
56.5997 61.2222 17.1129 3.82196 247.479
56.6997 61.1717 17.1684 3.82679 247.424
56.7997 61.1211 17.224 3.83161 247.368
56.8997 61.0706 17.2796 3.83643 247.313
56.9997 61.02 17.3353 3.84123 247.257
57.0997 60.9695 17.391 3.84602 247.201
57.1997 60.919 17.4468 3.85081 247.145
57.2997 60.8684 17.5027 3.85558 247.09
57.3997 60.8179 17.5587 3.86034 247.034
57.4997 60.7674 17.6147 3.8651 246.978
57.5997 60.7169 17.6707 3.86984 246.922
57.6997 60.6663 17.7269 3.87457 246.865
57.7997 60.6158 17.7831 3.8793 246.809
57.8997 60.5653 17.8393 3.88401 246.753
57.9997 60.5148 17.8956 3.88871 246.697
58.0997 60.4642 17.952 3.8934 246.64
58.1997 60.4137 18.0085 3.89808 246.584
58.2997 60.3632 18.065 3.90276 246.527
58.3997 60.3127 18.1215 3.90742 246.471
58.4997 60.2622 18.1781 3.91207 246.414
58.5997 60.2117 18.2348 3.91671 246.357
58.6997 60.1611 18.2916 3.92134 246.301
58.7997 60.1106 18.3484 3.92596 246.244
58.8997 60.0601 18.4052 3.93057 246.187
58.9997 60.0096 18.4622 3.93517 246.13
59.0997 59.9591 18.5191 3.93976 246.073
59.1997 59.9086 18.5762 3.94434 246.016
59.2997 59.8581 18.6333 3.9489 245.959
59.3997 59.8076 18.6904 3.95346 245.902
59.4997 59.7571 18.7477 3.95801 245.845
59.5997 59.7066 18.8049 3.96255 245.787
59.6997 59.6561 18.8623 3.96707 245.73
59.7997 59.6056 18.9197 3.97159 245.673
59.8997 59.5551 18.9771 3.9761 245.615
59.9997 59.5046 19.0346 3.98059 245.558
60.0997 59.4541 19.0922 3.98507 245.5
60.1997 59.4036 19.1498 3.98955 245.442
60.2997 59.3532 19.2075 3.99401 245.385
60.3997 59.3027 19.2653 3.99847 245.327
60.4996 59.2522 19.3231 4.00291 245.269
60.5996 59.2017 19.3809 4.00734 245.211
60.6996 59.1512 19.4388 4.01176 245.153
60.7996 59.1007 19.4968 4.01617 245.095
60.8996 59.0503 19.5548 4.02057 245.037
60.9996 58.9998 19.6129 4.02496 244.979
61.0996 58.9493 19.6711 4.02934 244.921
61.1996 58.8988 19.7293 4.03371 244.863
61.2996 58.8484 19.7875 4.03806 244.805
61.3996 58.7979 19.8458 4.04241 244.746
61.4996 58.7474 19.9042 4.04674 244.688
61.5996 58.697 19.9626 4.05107 244.63
61.6996 58.6465 20.0211 4.05538 244.571
61.7996 58.596 20.0796 4.05969 244.513
61.8996 58.5456 20.1382 4.06398 244.454
61.9996 58.4951 20.1968 4.06826 244.395
62.0996 58.4447 20.2555 4.07253 244.337
62.1996 58.3942 20.3143 4.07679 244.278
62.2996 58.3437 20.3731 4.08104 244.219
62.3996 58.2933 20.4319 4.08528 244.16
62.4996 58.2428 20.4908 4.0895 244.101
62.5996 58.1924 20.5498 4.09372 244.042
62.6996 58.1419 20.6088 4.09793 243.983
62.7996 58.0915 20.6679 4.10212 243.924
62.8996 58.041 20.727 4.1063 243.865
62.9996 57.9906 20.7862 4.11048 243.806
63.0996 57.9401 20.8454 4.11464 243.747
63.1996 57.8897 20.9047 4.11879 243.688
63.2996 57.8393 20.964 4.12293 243.628
63.3996 57.7888 21.0234 4.12706 243.569
63.4996 57.7384 21.0828 4.13117 243.509
63.5996 57.688 21.1423 4.13528 243.45
63.6996 57.6375 21.2019 4.13938 243.39
63.7996 57.5871 21.2614 4.14346 243.331
63.8996 57.5367 21.3211 4.14753 243.271
63.9996 57.4862 21.3808 4.15159 243.211
64.0996 57.4358 21.4405 4.15564 243.152
64.1996 57.3854 21.5003 4.15968 243.092
64.2996 57.3349 21.5602 4.16371 243.032
64.3996 57.2845 21.6201 4.16773 242.972
64.4996 57.2341 21.68 4.17174 242.912
64.5996 57.1837 21.74 4.17573 242.852
64.6996 57.1333 21.8 4.17971 242.792
64.7996 57.0828 21.8601 4.18369 242.732
64.8996 57.0324 21.9203 4.18765 242.672
64.9996 56.982 21.9805 4.1916 242.612
65.0996 56.9316 22.0407 4.19554 242.552
65.1996 56.8812 22.101 4.19946 242.491
65.2996 56.8308 22.1614 4.20338 242.431
65.3996 56.7804 22.2217 4.20728 242.371
65.4996 56.73 22.2822 4.21118 242.31
65.5996 56.6796 22.3427 4.21506 242.25
65.6996 56.6292 22.4032 4.21893 242.189
65.7996 56.5788 22.4638 4.22279 242.128
65.8996 56.5284 22.5244 4.22664 242.068
65.9996 56.478 22.5851 4.23047 242.007
66.0996 56.4276 22.6458 4.2343 241.946
66.1996 56.3772 22.7066 4.23811 241.886
66.2996 56.3268 22.7674 4.24191 241.825
66.3996 56.2764 22.8282 4.2457 241.764
66.4996 56.226 22.8892 4.24948 241.703
66.5996 56.1756 22.9501 4.25325 241.642
66.6996 56.1252 23.0111 4.25701 241.581
66.7996 56.0748 23.0722 4.26075 241.52
66.8996 56.0245 23.1332 4.26448 241.459
66.9995 55.9741 23.1944 4.2682 241.398
67.0995 55.9237 23.2556 4.27191 241.337
67.1995 55.8733 23.3168 4.27561 241.275
67.2995 55.8229 23.3781 4.2793 241.214
67.3995 55.7726 23.4394 4.28297 241.153
67.4995 55.7222 23.5008 4.28664 241.092
67.5995 55.6718 23.5622 4.29029 241.03
67.6995 55.6215 23.6236 4.29393 240.969
67.7995 55.5711 23.6851 4.29756 240.907
67.8995 55.5207 23.7466 4.30117 240.846
67.9995 55.4704 23.8082 4.30478 240.784
68.0995 55.42 23.8699 4.30837 240.722
68.1995 55.3696 23.9315 4.31195 240.661
68.2995 55.3193 23.9932 4.31552 240.599
68.3995 55.2689 24.055 4.31908 240.537
68.4995 55.2186 24.1168 4.32262 240.475
68.5995 55.1682 24.1786 4.32616 240.414
68.6995 55.1178 24.2405 4.32968 240.352
68.7995 55.0675 24.3024 4.33319 240.29
68.8995 55.0171 24.3644 4.33669 240.228
68.9995 54.9668 24.4264 4.34018 240.166
69.0995 54.9164 24.4885 4.34365 240.104
69.1995 54.8661 24.5506 4.34712 240.042
69.2995 54.8158 24.6127 4.35057 239.98
69.3995 54.7654 24.6749 4.35401 239.917
69.4995 54.7151 24.7371 4.35743 239.855
69.5995 54.6647 24.7993 4.36085 239.793
69.6995 54.6144 24.8616 4.36425 239.731
69.7995 54.5641 24.924 4.36764 239.668
69.8995 54.5137 24.9863 4.37102 239.606
69.9995 54.4634 25.0488 4.37439 239.543
70.0995 54.4131 25.1112 4.37775 239.481
70.1995 54.3627 25.1737 4.38109 239.419
70.2995 54.3124 25.2362 4.38442 239.356
70.3995 54.2621 25.2988 4.38774 239.293
70.4995 54.2118 25.3614 4.39105 239.231
70.5995 54.1614 25.4241 4.39434 239.168
70.6995 54.1111 25.4868 4.39763 239.105
70.7995 54.0608 25.5495 4.4009 239.043
70.8995 54.0105 25.6123 4.40416 238.98
70.9995 53.9602 25.6751 4.4074 238.917
71.0995 53.9099 25.7379 4.41064 238.854
71.1995 53.8595 25.8008 4.41386 238.791
71.2995 53.8092 25.8637 4.41707 238.729
71.3995 53.7589 25.9267 4.42027 238.666
71.4995 53.7086 25.9897 4.42345 238.603
71.5995 53.6583 26.0527 4.42663 238.54
71.6995 53.608 26.1157 4.42979 238.477
71.7995 53.5577 26.1789 4.43294 238.413
71.8995 53.5074 26.242 4.43608 238.35
71.9995 53.4571 26.3052 4.4392 238.287
72.0995 53.4068 26.3684 4.44231 238.224
72.1995 53.3565 26.4316 4.44541 238.161
72.2995 53.3062 26.4949 4.4485 238.097
72.3995 53.2559 26.5582 4.45158 238.034
72.4995 53.2056 26.6216 4.45464 237.971
72.5995 53.1553 26.6849 4.45769 237.907
72.6995 53.1051 26.7484 4.46073 237.844
72.7995 53.0548 26.8118 4.46375 237.78
72.8995 53.0045 26.8753 4.46677 237.717
72.9995 52.9542 26.9388 4.46977 237.653
73.0995 52.9039 27.0024 4.47276 237.59
73.1995 52.8536 27.066 4.47573 237.526
73.2995 52.8034 27.1296 4.4787 237.463
73.3995 52.7531 27.1933 4.48165 237.399
73.4995 52.7028 27.2569 4.48459 237.335
73.5994 52.6525 27.3207 4.48751 237.272
73.6994 52.6023 27.3844 4.49043 237.208
73.7994 52.552 27.4482 4.49333 237.144
73.8994 52.5017 27.512 4.49622 237.08
73.9994 52.4515 27.5759 4.4991 237.016
74.0994 52.4012 27.6398 4.50196 236.952
74.1994 52.3509 27.7037 4.50481 236.889
74.2994 52.3007 27.7676 4.50765 236.825
74.3994 52.2504 27.8316 4.51048 236.761
74.4994 52.2002 27.8956 4.51329 236.697
74.5994 52.1499 27.9597 4.51609 236.633
74.6994 52.0997 28.0237 4.51888 236.569
74.7994 52.0494 28.0878 4.52165 236.504
74.8994 51.9992 28.152 4.52442 236.44
74.9994 51.9489 28.2161 4.52717 236.376
75.0994 51.8987 28.2803 4.5299 236.312
75.1994 51.8484 28.3446 4.53263 236.248
75.2994 51.7982 28.4088 4.53534 236.183
75.3994 51.7479 28.4731 4.53804 236.119
75.4994 51.6977 28.5374 4.54073 236.055
75.5994 51.6475 28.6018 4.5434 235.991
75.6994 51.5972 28.6661 4.54606 235.926
75.7994 51.547 28.7305 4.54871 235.862
75.8994 51.4967 28.7949 4.55135 235.797
75.9994 51.4465 28.8594 4.55397 235.733
76.0994 51.3963 28.9239 4.55658 235.668
76.1994 51.3461 28.9884 4.55918 235.604
76.2994 51.2958 29.0529 4.56176 235.539
76.3994 51.2456 29.1175 4.56433 235.475
76.4994 51.1954 29.1821 4.56689 235.41
76.5994 51.1452 29.2467 4.56944 235.346
76.6994 51.0949 29.3114 4.57197 235.281
76.7994 51.0447 29.376 4.57449 235.216
76.8994 50.9945 29.4407 4.577 235.152
76.9994 50.9443 29.5055 4.57949 235.087
77.0994 50.8941 29.5702 4.58197 235.022
77.1994 50.8439 29.635 4.58444 234.957
77.2994 50.7937 29.6998 4.5869 234.892
77.3994 50.7434 29.7646 4.58934 234.828
77.4994 50.6932 29.8295 4.59177 234.763
77.5994 50.643 29.8944 4.59419 234.698
77.6994 50.5928 29.9593 4.59659 234.633
77.7994 50.5426 30.0242 4.59898 234.568
77.8994 50.4924 30.0892 4.60136 234.503
77.9994 50.4422 30.1541 4.60372 234.438
78.0994 50.392 30.2191 4.60607 234.373
78.1994 50.3418 30.2842 4.60841 234.308
78.2994 50.2917 30.3492 4.61074 234.243
78.3994 50.2415 30.4143 4.61305 234.178
78.4994 50.1913 30.4794 4.61535 234.113
78.5994 50.1411 30.5445 4.61763 234.048
78.6994 50.0909 30.6097 4.6199 233.983
78.7994 50.0407 30.6748 4.62216 233.917
78.8994 49.9905 30.74 4.62441 233.852
78.9994 49.9404 30.8052 4.62664 233.787
79.0994 49.8902 30.8705 4.62886 233.722
79.1994 49.84 30.9357 4.63107 233.657
79.2994 49.7898 31.001 4.63326 233.591
79.3994 49.7397 31.0663 4.63544 233.526
79.4994 49.6895 31.1316 4.63761 233.461
79.5994 49.6393 31.1969 4.63977 233.395
79.6994 49.5891 31.2623 4.64191 233.33
79.7994 49.539 31.3277 4.64403 233.265
79.8994 49.4888 31.3931 4.64615 233.199
79.9994 49.4386 31.4585 4.64825 233.134
80.0993 49.3885 31.524 4.65034 233.068
80.1993 49.3383 31.5894 4.65241 233.003
80.2993 49.2882 31.6549 4.65447 232.937
80.3993 49.238 31.7204 4.65652 232.872
80.4993 49.1879 31.7859 4.65855 232.806
80.5993 49.1377 31.8515 4.66057 232.741
80.6993 49.0875 31.917 4.66258 232.675
80.7993 49.0374 31.9826 4.66458 232.61
80.8993 48.9873 32.0482 4.66656 232.544
80.9993 48.9371 32.1138 4.66852 232.478
81.0993 48.887 32.1795 4.67048 232.413
81.1993 48.8368 32.2451 4.67242 232.347
81.2993 48.7867 32.3108 4.67434 232.281
81.3993 48.7365 32.3765 4.67626 232.216
81.4993 48.6864 32.4422 4.67816 232.15
81.5993 48.6363 32.5079 4.68005 232.084
81.6993 48.5861 32.5736 4.68192 232.019
81.7993 48.536 32.6394 4.68378 231.953
81.8993 48.4859 32.7052 4.68562 231.887
81.9993 48.4357 32.7709 4.68746 231.821
82.0993 48.3856 32.8368 4.68928 231.756
82.1993 48.3355 32.9026 4.69108 231.69
82.2993 48.2854 32.9684 4.69287 231.624
82.3993 48.2352 33.0343 4.69465 231.558
82.4993 48.1851 33.1001 4.69642 231.492
82.5993 48.135 33.166 4.69817 231.426
82.6993 48.0849 33.2319 4.69991 231.36
82.7993 48.0348 33.2978 4.70163 231.294
82.8993 47.9847 33.3637 4.70334 231.229
82.9993 47.9345 33.4297 4.70504 231.163
83.0993 47.8844 33.4956 4.70672 231.097
83.1993 47.8343 33.5616 4.70839 231.031
83.2993 47.7842 33.6276 4.71005 230.965
83.3993 47.7341 33.6936 4.71169 230.899
83.4993 47.684 33.7596 4.71332 230.833
83.5993 47.6339 33.8256 4.71493 230.767
83.6993 47.5838 33.8917 4.71654 230.701
83.7993 47.5337 33.9577 4.71812 230.635
83.8993 47.4836 34.0238 4.7197 230.569
83.9993 47.4335 34.0898 4.72126 230.502
84.0993 47.3834 34.1559 4.7228 230.436
84.1993 47.3333 34.222 4.72434 230.37
84.2993 47.2833 34.2881 4.72586 230.304
84.3993 47.2332 34.3542 4.72736 230.238
84.4993 47.1831 34.4204 4.72885 230.172
84.5993 47.133 34.4865 4.73033 230.106
84.6993 47.0829 34.5527 4.73179 230.04
84.7993 47.0328 34.6188 4.73324 229.973
84.8993 46.9828 34.685 4.73468 229.907
84.9993 46.9327 34.7512 4.7361 229.841
85.0993 46.8826 34.8174 4.73751 229.775
85.1993 46.8325 34.8836 4.7389 229.709
85.2993 46.7825 34.9498 4.74029 229.642
85.3993 46.7324 35.016 4.74165 229.576
85.4993 46.6823 35.0823 4.74301 229.51
85.5993 46.6323 35.1485 4.74434 229.444
85.6993 46.5822 35.2148 4.74567 229.377
85.7993 46.5321 35.281 4.74698 229.311
85.8993 46.4821 35.3473 4.74828 229.245
85.9993 46.432 35.4136 4.74956 229.179
86.0993 46.3819 35.4799 4.75083 229.112
86.1993 46.3319 35.5461 4.75209 229.046
86.2993 46.2818 35.6125 4.75333 228.98
86.3993 46.2318 35.6788 4.75456 228.914
86.4993 46.1817 35.7451 4.75577 228.847
86.5993 46.1317 35.8114 4.75697 228.781
86.6992 46.0816 35.8777 4.75815 228.715
86.7992 46.0316 35.9441 4.75933 228.648
86.8992 45.9815 36.0104 4.76048 228.582
86.9992 45.9315 36.0768 4.76163 228.516
87.0992 45.8815 36.1431 4.76276 228.449
87.1992 45.8314 36.2095 4.76387 228.383
87.2992 45.7814 36.2758 4.76497 228.316
87.3992 45.7314 36.3422 4.76606 228.25
87.4992 45.6813 36.4086 4.76713 228.184
87.5992 45.6313 36.475 4.76819 228.117
87.6992 45.5813 36.5414 4.76924 228.051
87.7992 45.5312 36.6077 4.77027 227.985
87.8992 45.4812 36.6741 4.77129 227.918
87.9992 45.4312 36.7405 4.77229 227.852
88.0992 45.3812 36.8069 4.77328 227.785
88.1992 45.3311 36.8734 4.77425 227.719
88.2992 45.2811 36.9398 4.77521 227.652
88.3992 45.2311 37.0062 4.77616 227.586
88.4992 45.1811 37.0726 4.77709 227.52
88.5992 45.1311 37.139 4.77801 227.453
88.6992 45.081 37.2054 4.77891 227.387
88.7992 45.031 37.2719 4.7798 227.32
88.8992 44.981 37.3383 4.78068 227.254
88.9992 44.931 37.4047 4.78154 227.188
89.0992 44.881 37.4712 4.78238 227.121
89.1992 44.831 37.5376 4.78322 227.055
89.2992 44.781 37.604 4.78403 226.988
89.3992 44.731 37.6705 4.78484 226.922
89.4992 44.681 37.7369 4.78563 226.855
89.5992 44.631 37.8034 4.7864 226.789
89.6992 44.581 37.8698 4.78717 226.722
89.7992 44.531 37.9362 4.78791 226.656
89.8992 44.481 38.0027 4.78865 226.59
89.9992 44.431 38.0691 4.78936 226.523
90.0992 44.3811 38.1356 4.79007 226.457
90.1992 44.3311 38.202 4.79076 226.39
90.2992 44.2811 38.2685 4.79143 226.324
90.3992 44.2311 38.3349 4.79209 226.257
90.4992 44.1811 38.4013 4.79274 226.191
90.5992 44.1311 38.4678 4.79337 226.124
90.6992 44.0812 38.5342 4.79399 226.058
90.7992 44.0312 38.6007 4.79459 225.992
90.8992 43.9812 38.6671 4.79518 225.925
90.9992 43.9312 38.7335 4.79576 225.859
91.0992 43.8813 38.8 4.79632 225.792
91.1992 43.8313 38.8664 4.79687 225.726
91.2992 43.7813 38.9328 4.7974 225.659
91.3992 43.7314 38.9992 4.79791 225.593
91.4992 43.6814 39.0657 4.79842 225.527
91.5992 43.6314 39.1321 4.79891 225.46
91.6992 43.5815 39.1985 4.79938 225.394
91.7992 43.5315 39.2649 4.79984 225.327
91.8992 43.4816 39.3313 4.80028 225.261
91.9992 43.4316 39.3977 4.80071 225.195
92.0992 43.3816 39.4641 4.80113 225.128
92.1992 43.3317 39.5305 4.80153 225.062
92.2992 43.2817 39.5969 4.80192 224.995
92.3992 43.2318 39.6633 4.80229 224.929
92.4992 43.1818 39.7297 4.80265 224.863
92.5992 43.1319 39.7961 4.80299 224.796
92.6992 43.082 39.8624 4.80332 224.73
92.7992 43.032 39.9288 4.80364 224.663
92.8992 42.9821 39.9952 4.80394 224.597
92.9992 42.9321 40.0615 4.80422 224.531
93.0992 42.8822 40.1279 4.80449 224.464
93.1992 42.8323 40.1942 4.80475 224.398
93.2991 42.7823 40.2605 4.80499 224.332
93.3991 42.7324 40.3269 4.80522 224.265
93.4991 42.6825 40.3932 4.80543 224.199
93.5991 42.6325 40.4595 4.80563 224.133
93.6991 42.5826 40.5258 4.80581 224.066
93.7991 42.5327 40.5921 4.80598 224
93.8991 42.4828 40.6584 4.80614 223.934
93.9991 42.4329 40.7247 4.80628 223.868
94.0991 42.3829 40.791 4.8064 223.801
94.1991 42.333 40.8572 4.80651 223.735
94.2991 42.2831 40.9235 4.80661 223.669
94.3991 42.2332 40.9898 4.80669 223.603
94.4991 42.1833 41.056 4.80676 223.536
94.5991 42.1334 41.1222 4.80681 223.47
94.6991 42.0835 41.1885 4.80685 223.404
94.7991 42.0335 41.2547 4.80687 223.338
94.8991 41.9836 41.3209 4.80688 223.271
94.9991 41.9337 41.3871 4.80687 223.205
95.0991 41.8838 41.4533 4.80685 223.139
95.1991 41.8339 41.5194 4.80681 223.073
95.2991 41.784 41.5856 4.80676 223.007
95.3991 41.7341 41.6518 4.80669 222.941
95.4991 41.6842 41.7179 4.80661 222.874
95.5991 41.6343 41.784 4.80652 222.808
95.6991 41.5845 41.8502 4.80641 222.742
95.7991 41.5346 41.9163 4.80629 222.676
95.8991 41.4847 41.9824 4.80615 222.61
95.9991 41.4348 42.0484 4.80599 222.544
96.0991 41.3849 42.1145 4.80582 222.478
96.1991 41.335 42.1806 4.80564 222.412
96.2991 41.2851 42.2466 4.80544 222.346
96.3991 41.2353 42.3127 4.80523 222.28
96.4991 41.1854 42.3787 4.805 222.214
96.5991 41.1355 42.4447 4.80476 222.148
96.6991 41.0856 42.5107 4.8045 222.082
96.7991 41.0358 42.5767 4.80423 222.016
96.8991 40.9859 42.6426 4.80394 221.95
96.9991 40.936 42.7086 4.80364 221.884
97.0991 40.8862 42.7745 4.80332 221.818
97.1991 40.8363 42.8405 4.80299 221.752
97.2991 40.7864 42.9064 4.80265 221.686
97.3991 40.7366 42.9723 4.80229 221.62
97.4991 40.6867 43.0382 4.80191 221.554
97.5991 40.6368 43.104 4.80152 221.488
97.6991 40.587 43.1699 4.80111 221.422
97.7991 40.5371 43.2357 4.80069 221.357
97.8991 40.4873 43.3015 4.80026 221.291
97.9991 40.4374 43.3673 4.79981 221.225
98.0991 40.3876 43.4331 4.79934 221.159
98.1991 40.3377 43.4989 4.79886 221.093
98.2991 40.2879 43.5647 4.79837 221.028
98.3991 40.238 43.6304 4.79786 220.962
98.4991 40.1882 43.6961 4.79733 220.896
98.5991 40.1383 43.7618 4.7968 220.83
98.6991 40.0885 43.8275 4.79624 220.765
98.7991 40.0387 43.8932 4.79567 220.699
98.8991 39.9888 43.9588 4.79509 220.633
98.9991 39.939 44.0245 4.79449 220.568
99.0991 39.8892 44.0901 4.79387 220.502
99.1991 39.8393 44.1557 4.79325 220.437
99.2991 39.7895 44.2213 4.7926 220.371
99.3991 39.7397 44.2868 4.79194 220.305
99.4991 39.6898 44.3524 4.79127 220.24
99.5991 39.64 44.4179 4.79058 220.174
99.6991 39.5902 44.4834 4.78988 220.109
99.799 39.5404 44.5489 4.78916 220.043
99.899 39.4905 44.6143 4.78843 219.978
99.999 39.4407 44.6798 4.78768 219.912
100.099 39.3909 44.7452 4.78691 219.847
100.199 39.3411 44.8106 4.78614 219.782
100.299 39.2913 44.876 4.78534 219.716
100.399 39.2415 44.9413 4.78454 219.651
100.499 39.1917 45.0067 4.78371 219.586
100.599 39.1419 45.072 4.78287 219.52
100.699 39.092 45.1373 4.78202 219.455
100.799 39.0422 45.2026 4.78115 219.39
100.899 38.9924 45.2678 4.78027 219.324
100.999 38.9426 45.3331 4.77937 219.259
101.099 38.8928 45.3983 4.77846 219.194
101.199 38.843 45.4635 4.77753 219.129
101.299 38.7932 45.5286 4.77659 219.064
101.399 38.7435 45.5938 4.77563 218.998
101.499 38.6937 45.6589 4.77466 218.933
101.599 38.6439 45.724 4.77367 218.868
101.699 38.5941 45.7891 4.77266 218.803
101.799 38.5443 45.8541 4.77165 218.738
101.899 38.4945 45.9192 4.77061 218.673
101.999 38.4447 45.9842 4.76956 218.608
102.099 38.3949 46.0491 4.7685 218.543
102.199 38.3452 46.1141 4.76742 218.478
102.299 38.2954 46.179 4.76633 218.413
102.399 38.2456 46.2439 4.76522 218.348
102.499 38.1958 46.3088 4.7641 218.283
102.599 38.146 46.3737 4.76296 218.219
102.699 38.0963 46.4385 4.7618 218.154
102.799 38.0465 46.5033 4.76064 218.089
102.899 37.9967 46.5681 4.75945 218.024
102.999 37.947 46.6328 4.75825 217.959
103.099 37.8972 46.6976 4.75704 217.895
103.199 37.8474 46.7623 4.75581 217.83
103.299 37.7977 46.8269 4.75457 217.765
103.399 37.7479 46.8916 4.75331 217.701
103.499 37.6982 46.9562 4.75203 217.636
103.599 37.6484 47.0208 4.75074 217.571
103.699 37.5986 47.0854 4.74944 217.507
103.799 37.5489 47.1499 4.74812 217.442
103.899 37.4991 47.2144 4.74678 217.378
103.999 37.4494 47.2789 4.74544 217.313
104.099 37.3996 47.3434 4.74407 217.249
104.199 37.3499 47.4078 4.74269 217.184
104.299 37.3001 47.4722 4.7413 217.12
104.399 37.2504 47.5366 4.73989 217.056
104.499 37.2007 47.6009 4.73846 216.991
104.599 37.1509 47.6652 4.73702 216.927
104.699 37.1012 47.7295 4.73556 216.863
104.799 37.0514 47.7937 4.73409 216.799
104.899 37.0017 47.858 4.73261 216.734
104.999 36.952 47.9222 4.73111 216.67
105.099 36.9022 47.9863 4.72959 216.606
105.199 36.8525 48.0505 4.72806 216.542
105.299 36.8028 48.1146 4.72651 216.478
105.399 36.753 48.1786 4.72495 216.414
105.499 36.7033 48.2427 4.72338 216.35
105.599 36.6536 48.3067 4.72178 216.286
105.699 36.6039 48.3707 4.72018 216.222
105.799 36.5541 48.4346 4.71856 216.158
105.899 36.5044 48.4985 4.71692 216.094
105.999 36.4547 48.5624 4.71527 216.03
106.099 36.405 48.6263 4.7136 215.966
106.199 36.3553 48.6901 4.71192 215.902
106.299 36.3056 48.7539 4.71022 215.838
106.399 36.2559 48.8176 4.70851 215.775
106.499 36.2061 48.8814 4.70678 215.711
106.599 36.1564 48.9451 4.70504 215.647
106.699 36.1067 49.0087 4.70328 215.584
106.799 36.057 49.0723 4.7015 215.52
106.899 36.0073 49.1359 4.69972 215.456
106.999 35.9576 49.1995 4.69791 215.393
107.099 35.9079 49.263 4.69609 215.329
107.199 35.8582 49.3265 4.69426 215.266
107.299 35.8085 49.39 4.69241 215.202
107.399 35.7588 49.4534 4.69055 215.139
107.499 35.7091 49.5168 4.68867 215.076
107.599 35.6594 49.5801 4.68677 215.012
107.699 35.6098 49.6434 4.68486 214.949
107.799 35.5601 49.7067 4.68294 214.886
107.899 35.5104 49.77 4.681 214.822
107.999 35.4607 49.8332 4.67904 214.759
108.099 35.411 49.8963 4.67707 214.696
108.199 35.3613 49.9595 4.67509 214.633
108.299 35.3117 50.0226 4.67309 214.57
108.399 35.262 50.0856 4.67107 214.507
108.499 35.2123 50.1487 4.66904 214.444
108.599 35.1626 50.2117 4.66699 214.381
108.699 35.1129 50.2746 4.66493 214.318
108.799 35.0633 50.3375 4.66286 214.255
108.899 35.0136 50.4004 4.66077 214.192
108.999 34.9639 50.4633 4.65866 214.129
109.099 34.9143 50.5261 4.65654 214.066
109.199 34.8646 50.5888 4.6544 214.003
109.299 34.8149 50.6516 4.65225 213.941
109.399 34.7653 50.7142 4.65008 213.878
109.499 34.7156 50.7769 4.6479 213.815
109.599 34.666 50.8395 4.6457 213.753
109.699 34.6163 50.9021 4.64349 213.69
109.799 34.5666 50.9646 4.64126 213.628
109.899 34.517 51.0271 4.63902 213.565
109.999 34.4673 51.0896 4.63676 213.503
110.099 34.4177 51.152 4.63449 213.44
110.199 34.368 51.2144 4.6322 213.378
110.299 34.3184 51.2767 4.62989 213.316
110.399 34.2687 51.339 4.62757 213.253
110.499 34.2191 51.4013 4.62524 213.191
110.599 34.1695 51.4635 4.62289 213.129
110.699 34.1198 51.5256 4.62053 213.067
110.799 34.0702 51.5878 4.61815 213.004
110.899 34.0205 51.6499 4.61575 212.942
110.999 33.9709 51.7119 4.61334 212.88
111.099 33.9213 51.7739 4.61092 212.818
111.199 33.8716 51.8359 4.60848 212.756
111.299 33.822 51.8978 4.60602 212.694
111.399 33.7724 51.9597 4.60355 212.633
111.499 33.7227 52.0215 4.60107 212.571
111.599 33.6731 52.0833 4.59857 212.509
111.699 33.6235 52.1451 4.59605 212.447
111.799 33.5739 52.2068 4.59352 212.385
111.899 33.5242 52.2685 4.59097 212.324
111.999 33.4746 52.3301 4.58841 212.262
112.099 33.425 52.3917 4.58584 212.201
112.199 33.3754 52.4532 4.58324 212.139
112.299 33.3258 52.5147 4.58064 212.078
112.399 33.2762 52.5762 4.57802 212.016
112.499 33.2265 52.6376 4.57538 211.955
112.599 33.1769 52.699 4.57273 211.893
112.699 33.1273 52.7603 4.57006 211.832
112.799 33.0777 52.8216 4.56738 211.771
112.899 33.0281 52.8828 4.56468 211.709
112.999 32.9785 52.944 4.56197 211.648
113.099 32.9289 53.0051 4.55924 211.587
113.199 32.8793 53.0662 4.5565 211.526
113.299 32.8297 53.1272 4.55374 211.465
113.399 32.7801 53.1882 4.55097 211.404
113.499 32.7305 53.2492 4.54818 211.343
113.599 32.6809 53.3101 4.54538 211.282
113.699 32.6313 53.371 4.54256 211.221
113.799 32.5817 53.4318 4.53973 211.16
113.899 32.5321 53.4926 4.53688 211.1
113.999 32.4825 53.5533 4.53401 211.039
114.099 32.4329 53.614 4.53114 210.978
114.199 32.3834 53.6746 4.52824 210.918
114.299 32.3338 53.7352 4.52533 210.857
114.399 32.2842 53.7957 4.52241 210.797
114.499 32.2346 53.8562 4.51947 210.736
114.599 32.185 53.9166 4.51652 210.676
114.699 32.1355 53.977 4.51355 210.615
114.799 32.0859 54.0374 4.51057 210.555
114.899 32.0363 54.0976 4.50757 210.495
114.999 31.9867 54.1579 4.50455 210.434
115.099 31.9372 54.2181 4.50152 210.374
115.199 31.8876 54.2782 4.49848 210.314
115.299 31.838 54.3383 4.49542 210.254
115.399 31.7884 54.3984 4.49235 210.194
115.499 31.7389 54.4584 4.48926 210.134
115.599 31.6893 54.5183 4.48615 210.074
115.699 31.6398 54.5782 4.48303 210.014
115.799 31.5902 54.6381 4.4799 209.954
115.899 31.5406 54.6979 4.47675 209.894
115.999 31.4911 54.7576 4.47359 209.835
116.099 31.4415 54.8173 4.47041 209.775
116.199 31.392 54.8769 4.46721 209.715
116.299 31.3424 54.9365 4.464 209.656
116.399 31.2929 54.9961 4.46078 209.596
116.499 31.2433 55.0556 4.45754 209.537
116.599 31.1938 55.115 4.45428 209.477
116.699 31.1442 55.1744 4.45101 209.418
116.799 31.0947 55.2337 4.44773 209.359
116.899 31.0451 55.293 4.44443 209.299
116.999 30.9956 55.3522 4.44112 209.24
117.099 30.946 55.4114 4.43779 209.181
117.199 30.8965 55.4705 4.43444 209.122
117.299 30.847 55.5296 4.43108 209.063
117.399 30.7974 55.5886 4.42771 209.004
117.499 30.7479 55.6476 4.42432 208.945
117.599 30.6983 55.7065 4.42092 208.886
117.699 30.6488 55.7653 4.4175 208.827
117.799 30.5993 55.8241 4.41406 208.768
117.899 30.5498 55.8829 4.41062 208.709
117.999 30.5002 55.9416 4.40715 208.651
118.099 30.4507 56.0002 4.40367 208.592
118.199 30.4012 56.0588 4.40018 208.533
118.299 30.3516 56.1173 4.39667 208.475
118.399 30.3021 56.1758 4.39315 208.416
118.499 30.2526 56.2342 4.38961 208.358
118.599 30.2031 56.2926 4.38606 208.3
118.699 30.1536 56.3509 4.38249 208.241
118.799 30.1041 56.4091 4.37891 208.183
118.899 30.0545 56.4673 4.37531 208.125
118.999 30.005 56.5255 4.3717 208.067
119.099 29.9555 56.5836 4.36807 208.009
119.199 29.906 56.6416 4.36443 207.951
119.299 29.8565 56.6996 4.36077 207.893
119.399 29.807 56.7575 4.3571 207.835
119.499 29.7575 56.8153 4.35341 207.777
119.599 29.708 56.8731 4.34971 207.719
119.699 29.6585 56.9309 4.34599 207.661
119.799 29.609 56.9886 4.34226 207.604
119.899 29.5595 57.0462 4.33851 207.546
119.999 29.51 57.1038 4.33475 207.488
120.099 29.4605 57.1613 4.33098 207.431
120.199 29.411 57.2187 4.32719 207.374
120.299 29.3615 57.2761 4.32338 207.316
120.399 29.312 57.3335 4.31956 207.259
120.499 29.2625 57.3908 4.31573 207.202
120.599 29.213 57.448 4.31188 207.144
120.699 29.1635 57.5051 4.30801 207.087
120.799 29.114 57.5622 4.30413 207.03
120.899 29.0646 57.6193 4.30024 206.973
120.999 29.0151 57.6763 4.29633 206.916
121.099 28.9656 57.7332 4.29241 206.859
121.199 28.9161 57.7901 4.28847 206.802
121.299 28.8666 57.8469 4.28452 206.745
121.399 28.8172 57.9036 4.28055 206.689
121.499 28.7677 57.9603 4.27657 206.632
121.599 28.7182 58.0169 4.27257 206.575
121.699 28.6687 58.0735 4.26856 206.519
121.799 28.6193 58.13 4.26453 206.462
121.899 28.5698 58.1864 4.26049 206.406
121.999 28.5203 58.2428 4.25644 206.349
122.099 28.4708 58.2991 4.25237 206.293
122.199 28.4214 58.3554 4.24828 206.237
122.299 28.3719 58.4116 4.24418 206.181
122.399 28.3225 58.4677 4.24007 206.125
122.499 28.273 58.5238 4.23594 206.069
122.599 28.2235 58.5798 4.2318 206.012
122.699 28.1741 58.6357 4.22764 205.957
122.799 28.1246 58.6916 4.22347 205.901
122.899 28.0752 58.7474 4.21928 205.845
122.999 28.0257 58.8032 4.21508 205.789
123.099 27.9763 58.8589 4.21086 205.733
123.199 27.9268 58.9145 4.20663 205.678
123.299 27.8773 58.9701 4.20239 205.622
123.399 27.8279 59.0256 4.19813 205.567
123.499 27.7785 59.081 4.19385 205.511
123.599 27.729 59.1364 4.18956 205.456
123.699 27.6796 59.1917 4.18526 205.401
123.799 27.6301 59.2469 4.18094 205.345
123.899 27.5807 59.3021 4.17661 205.29
123.999 27.5312 59.3572 4.17226 205.235
124.099 27.4818 59.4123 4.1679 205.18
124.199 27.4324 59.4673 4.16353 205.125
124.299 27.3829 59.5222 4.15914 205.07
124.399 27.3335 59.577 4.15473 205.015
124.499 27.2841 59.6318 4.15031 204.96
124.599 27.2346 59.6866 4.14588 204.906
124.699 27.1852 59.7412 4.14143 204.851
124.799 27.1358 59.7958 4.13697 204.796
124.899 27.0863 59.8503 4.13249 204.742
124.999 27.0369 59.9048 4.128 204.687
125.099 26.9875 59.9592 4.12349 204.633
125.199 26.9381 60.0135 4.11897 204.579
125.299 26.8886 60.0678 4.11444 204.524
125.399 26.8392 60.122 4.10989 204.47
125.499 26.7898 60.1761 4.10533 204.416
125.599 26.7404 60.2302 4.10075 204.362
125.699 26.691 60.2842 4.09616 204.308
125.799 26.6415 60.3381 4.09155 204.254
125.899 26.5921 60.3919 4.08693 204.2
125.999 26.5427 60.4457 4.0823 204.147
126.099 26.4933 60.4995 4.07765 204.093
126.199 26.4439 60.5531 4.07298 204.039
126.299 26.3945 60.6067 4.06831 203.986
126.399 26.3451 60.6602 4.06362 203.932
126.499 26.2957 60.7136 4.05891 203.879
126.599 26.2463 60.767 4.05419 203.825
126.699 26.1969 60.8203 4.04946 203.772
126.799 26.1475 60.8736 4.04471 203.719
126.899 26.0981 60.9267 4.03994 203.666
126.999 26.0487 60.9798 4.03517 203.612
127.099 25.9993 61.0329 4.03038 203.559
127.199 25.9499 61.0858 4.02557 203.506
127.299 25.9005 61.1387 4.02075 203.454
127.399 25.8511 61.1915 4.01592 203.401
127.499 25.8017 61.2443 4.01107 203.348
127.599 25.7523 61.297 4.00621 203.295
127.699 25.7029 61.3496 4.00133 203.243
127.799 25.6535 61.4021 3.99644 203.19
127.899 25.6041 61.4546 3.99154 203.138
127.999 25.5547 61.507 3.98662 203.085
128.099 25.5054 61.5593 3.98169 203.033
128.199 25.456 61.6116 3.97674 202.981
128.299 25.4066 61.6637 3.97178 202.929
128.399 25.3572 61.7158 3.9668 202.876
128.499 25.3078 61.7679 3.96182 202.824
128.599 25.2584 61.8199 3.95681 202.772
128.699 25.2091 61.8717 3.9518 202.721
128.799 25.1597 61.9236 3.94677 202.669
128.899 25.1103 61.9753 3.94172 202.617
128.999 25.0609 62.027 3.93666 202.565
129.099 25.0115 62.0786 3.93159 202.514
129.199 24.9622 62.1301 3.9265 202.462
129.299 24.9128 62.1816 3.9214 202.411
129.399 24.8634 62.233 3.91629 202.359
129.499 24.8141 62.2843 3.91116 202.308
129.599 24.7647 62.3355 3.90602 202.257
129.699 24.7153 62.3867 3.90086 202.206
129.799 24.666 62.4378 3.89569 202.154
129.899 24.6166 62.4888 3.89051 202.103
129.999 24.5672 62.5397 3.88531 202.053
130.099 24.5179 62.5906 3.8801 202.002
130.199 24.4685 62.6414 3.87488 201.951
130.299 24.4191 62.6921 3.86964 201.9
130.399 24.3698 62.7427 3.86438 201.85
130.499 24.3204 62.7933 3.85912 201.799
130.599 24.2711 62.8438 3.85384 201.748
130.699 24.2217 62.8942 3.84854 201.698
130.799 24.1724 62.9446 3.84324 201.648
130.899 24.123 62.9948 3.83792 201.597
130.999 24.0737 63.045 3.83258 201.547
131.099 24.0243 63.0951 3.82723 201.497
131.199 23.975 63.1452 3.82187 201.447
131.299 23.9256 63.1951 3.81649 201.397
131.399 23.8763 63.245 3.8111 201.347
131.499 23.8269 63.2948 3.8057 201.297
131.599 23.7776 63.3445 3.80028 201.248
131.699 23.7283 63.3942 3.79485 201.198
131.799 23.6789 63.4438 3.78941 201.148
131.899 23.6296 63.4933 3.78395 201.099
131.999 23.5802 63.5427 3.77848 201.05
132.099 23.5309 63.592 3.773 201
132.199 23.4816 63.6413 3.7675 200.951
132.299 23.4322 63.6905 3.76199 200.902
132.399 23.3829 63.7396 3.75646 200.853
132.499 23.3336 63.7886 3.75092 200.804
132.599 23.2842 63.8376 3.74537 200.755
132.699 23.2349 63.8864 3.73981 200.706
132.799 23.1856 63.9352 3.73423 200.657
132.899 23.1363 63.984 3.72863 200.608
132.999 23.0869 64.0326 3.72303 200.56
133.099 23.0376 64.0812 3.71741 200.511
133.199 22.9883 64.1296 3.71178 200.463
133.299 22.939 64.178 3.70613 200.414
133.399 22.8896 64.2263 3.70047 200.366
133.499 22.8403 64.2746 3.6948 200.318
133.599 22.791 64.3228 3.68911 200.27
133.699 22.7417 64.3708 3.68342 200.221
133.799 22.6924 64.4188 3.6777 200.173
133.899 22.6431 64.4668 3.67198 200.126
133.999 22.5937 64.5146 3.66624 200.078
134.099 22.5444 64.5624 3.66049 200.03
134.199 22.4951 64.61 3.65472 199.982
134.299 22.4458 64.6576 3.64894 199.935
134.399 22.3965 64.7051 3.64315 199.887
134.499 22.3472 64.7526 3.63735 199.84
134.599 22.2979 64.7999 3.63153 199.792
134.699 22.2486 64.8472 3.6257 199.745
134.799 22.1993 64.8944 3.61985 199.698
134.899 22.15 64.9415 3.614 199.651
134.999 22.1007 64.9885 3.60813 199.604
135.099 22.0514 65.0355 3.60224 199.557
135.199 22.0021 65.0823 3.59635 199.51
135.299 21.9528 65.1291 3.59044 199.463
135.399 21.9035 65.1758 3.58451 199.416
135.499 21.8542 65.2224 3.57858 199.37
135.599 21.8049 65.269 3.57263 199.323
135.699 21.7556 65.3154 3.56667 199.277
135.799 21.7063 65.3618 3.56069 199.23
135.899 21.657 65.4081 3.55471 199.184
135.999 21.6077 65.4543 3.54871 199.138
136.099 21.5584 65.5004 3.54269 199.092
136.199 21.5092 65.5464 3.53667 199.046
136.299 21.4599 65.5924 3.53063 199
136.399 21.4106 65.6382 3.52458 198.954
136.499 21.3613 65.684 3.51851 198.908
136.599 21.312 65.7297 3.51244 198.863
136.699 21.2627 65.7753 3.50634 198.817
136.799 21.2135 65.8209 3.50024 198.771
136.899 21.1642 65.8663 3.49413 198.726
136.999 21.1149 65.9117 3.488 198.681
137.099 21.0656 65.957 3.48186 198.635
137.199 21.0164 66.0021 3.4757 198.59
137.299 20.9671 66.0473 3.46954 198.545
137.399 20.9178 66.0923 3.46336 198.5
137.499 20.8685 66.1372 3.45717 198.455
137.599 20.8193 66.1821 3.45096 198.41
137.699 20.77 66.2268 3.44474 198.365
137.799 20.7207 66.2715 3.43851 198.321
137.899 20.6715 66.3161 3.43227 198.276
137.999 20.6222 66.3606 3.42602 198.232
138.099 20.5729 66.405 3.41975 198.187
138.199 20.5237 66.4494 3.41347 198.143
138.299 20.4744 66.4936 3.40718 198.099
138.399 20.4251 66.5378 3.40087 198.055
138.499 20.3759 66.5818 3.39456 198.01
138.599 20.3266 66.6258 3.38823 197.966
138.699 20.2774 66.6697 3.38188 197.923
138.799 20.2281 66.7135 3.37553 197.879
138.899 20.1788 66.7573 3.36916 197.835
138.999 20.1296 66.8009 3.36278 197.791
139.099 20.0803 66.8444 3.35639 197.748
139.199 20.0311 66.8879 3.34999 197.704
139.299 19.9818 66.9313 3.34357 197.661
139.399 19.9326 66.9746 3.33714 197.618
139.499 19.8833 67.0178 3.3307 197.574
139.599 19.8341 67.0609 3.32425 197.531
139.699 19.7848 67.1039 3.31778 197.488
139.799 19.7356 67.1468 3.31131 197.445
139.899 19.6863 67.1897 3.30482 197.403
139.999 19.6371 67.2324 3.29832 197.36
140.099 19.5879 67.2751 3.2918 197.317
140.199 19.5386 67.3177 3.28527 197.275
140.299 19.4894 67.3602 3.27874 197.232
140.399 19.4401 67.4026 3.27219 197.19
140.499 19.3909 67.4449 3.26562 197.147
140.599 19.3417 67.4871 3.25905 197.105
140.699 19.2924 67.5292 3.25246 197.063
140.799 19.2432 67.5713 3.24586 197.021
140.899 19.194 67.6132 3.23925 196.979
140.999 19.1447 67.6551 3.23263 196.937
141.099 19.0955 67.6969 3.226 196.895
141.199 19.0463 67.7386 3.21935 196.854
141.299 18.997 67.7802 3.21269 196.812
141.399 18.9478 67.8217 3.20602 196.771
141.499 18.8986 67.8631 3.19934 196.729
141.599 18.8493 67.9044 3.19265 196.688
141.699 18.8001 67.9456 3.18594 196.647
141.799 18.7509 67.9868 3.17922 196.606
141.899 18.7017 68.0278 3.17249 196.564
141.999 18.6524 68.0688 3.16575 196.524
142.099 18.6032 68.1096 3.159 196.483
142.199 18.554 68.1504 3.15224 196.442
142.299 18.5048 68.1911 3.14546 196.401
142.399 18.4556 68.2317 3.13867 196.361
142.499 18.4063 68.2722 3.13187 196.32
142.6 18.3571 68.3126 3.12506 196.28
142.7 18.3079 68.3529 3.11824 196.239
142.8 18.2587 68.3931 3.11141 196.199
142.9 18.2095 68.4332 3.10456 196.159
143 18.1603 68.4733 3.0977 196.119
143.1 18.1111 68.5132 3.09083 196.079
143.2 18.0619 68.5531 3.08395 196.039
143.3 18.0126 68.5928 3.07706 195.999
143.4 17.9634 68.6325 3.07016 195.96
143.5 17.9142 68.6721 3.06324 195.92
143.6 17.865 68.7115 3.05632 195.881
143.7 17.8158 68.7509 3.04938 195.841
143.8 17.7666 68.7902 3.04243 195.802
143.9 17.7174 68.8294 3.03547 195.763
144 17.6682 68.8685 3.0285 195.724
144.1 17.619 68.9075 3.02152 195.685
144.2 17.5698 68.9464 3.01452 195.646
144.3 17.5206 68.9853 3.00752 195.607
144.4 17.4714 69.024 3.0005 195.568
144.5 17.4222 69.0626 2.99347 195.53
144.6 17.373 69.1012 2.98643 195.491
144.7 17.3238 69.1396 2.97938 195.453
144.8 17.2746 69.178 2.97232 195.414
144.9 17.2254 69.2162 2.96525 195.376
145 17.1762 69.2544 2.95817 195.338
145.1 17.127 69.2924 2.95107 195.3
145.2 17.0778 69.3304 2.94397 195.262
145.3 17.0287 69.3683 2.93685 195.224
145.4 16.9795 69.4061 2.92972 195.186
145.5 16.9303 69.4438 2.92258 195.149
145.6 16.8811 69.4813 2.91543 195.111
145.7 16.8319 69.5188 2.90827 195.073
145.8 16.7827 69.5562 2.9011 195.036
145.9 16.7335 69.5935 2.89392 194.999
146 16.6844 69.6307 2.88673 194.962
146.1 16.6352 69.6679 2.87952 194.924
146.2 16.586 69.7049 2.87231 194.887
146.3 16.5368 69.7418 2.86508 194.85
146.4 16.4876 69.7786 2.85784 194.814
146.5 16.4385 69.8153 2.8506 194.777
146.6 16.3893 69.852 2.84334 194.74
146.7 16.3401 69.8885 2.83607 194.704
146.8 16.2909 69.9249 2.82879 194.667
146.9 16.2417 69.9613 2.8215 194.631
147 16.1926 69.9975 2.8142 194.595
147.1 16.1434 70.0336 2.80689 194.559
147.2 16.0942 70.0697 2.79957 194.523
147.3 16.0451 70.1056 2.79224 194.487
147.4 15.9959 70.1415 2.78489 194.451
147.5 15.9467 70.1772 2.77754 194.415
147.6 15.8975 70.2129 2.77018 194.379
147.7 15.8484 70.2484 2.7628 194.344
147.8 15.7992 70.2839 2.75542 194.308
147.9 15.75 70.3193 2.74802 194.273
148 15.7009 70.3545 2.74062 194.238
148.1 15.6517 70.3897 2.7332 194.203
148.2 15.6026 70.4247 2.72578 194.168
148.3 15.5534 70.4597 2.71834 194.133
148.4 15.5042 70.4946 2.7109 194.098
148.5 15.4551 70.5293 2.70344 194.063
148.6 15.4059 70.564 2.69597 194.028
148.7 15.3568 70.5986 2.68849 193.994
148.8 15.3076 70.6331 2.68101 193.959
148.9 15.2584 70.6674 2.67351 193.925
149 15.2093 70.7017 2.666 193.891
149.1 15.1601 70.7359 2.65849 193.856
149.2 15.111 70.77 2.65096 193.822
149.3 15.0618 70.8039 2.64342 193.788
149.4 15.0127 70.8378 2.63587 193.754
149.5 14.9635 70.8716 2.62831 193.721
149.6 14.9144 70.9053 2.62075 193.687
149.7 14.8652 70.9388 2.61317 193.653
149.8 14.8161 70.9723 2.60558 193.62
149.9 14.7669 71.0057 2.59798 193.587
150 14.7178 71.039 2.59038 193.553
150.1 14.6686 71.0721 2.58276 193.52
150.2 14.6195 71.1052 2.57513 193.487
150.3 14.5703 71.1382 2.5675 193.454
150.4 14.5212 71.171 2.55985 193.421
150.5 14.472 71.2038 2.55219 193.388
150.6 14.4229 71.2365 2.54453 193.356
150.7 14.3738 71.2691 2.53685 193.323
150.8 14.3246 71.3015 2.52917 193.291
150.9 14.2755 71.3339 2.52147 193.258
151 14.2263 71.3662 2.51377 193.226
151.1 14.1772 71.3983 2.50606 193.194
151.2 14.1281 71.4304 2.49833 193.162
151.3 14.0789 71.4623 2.4906 193.13
151.4 14.0298 71.4942 2.48286 193.098
151.5 13.9806 71.526 2.4751 193.066
151.6 13.9315 71.5576 2.46734 193.035
151.7 13.8824 71.5892 2.45957 193.003
151.8 13.8332 71.6206 2.45179 192.972
151.9 13.7841 71.652 2.444 192.94
152 13.735 71.6832 2.4362 192.909
152.1 13.6859 71.7144 2.4284 192.878
152.2 13.6367 71.7454 2.42058 192.847
152.3 13.5876 71.7763 2.41275 192.816
152.4 13.5385 71.8072 2.40492 192.785
152.5 13.4893 71.8379 2.39707 192.754
152.6 13.4402 71.8685 2.38922 192.724
152.7 13.3911 71.8991 2.38135 192.693
152.8 13.342 71.9295 2.37348 192.663
152.9 13.2928 71.9598 2.3656 192.632
153 13.2437 71.99 2.35771 192.602
153.1 13.1946 72.0201 2.34981 192.572
153.2 13.1455 72.0502 2.3419 192.542
153.3 13.0963 72.0801 2.33399 192.512
153.4 13.0472 72.1099 2.32606 192.482
153.5 12.9981 72.1396 2.31812 192.453
153.6 12.949 72.1692 2.31018 192.423
153.7 12.8999 72.1987 2.30223 192.394
153.8 12.8507 72.228 2.29427 192.364
153.9 12.8016 72.2573 2.2863 192.335
154 12.7525 72.2865 2.27832 192.306
154.1 12.7034 72.3156 2.27033 192.277
154.2 12.6543 72.3446 2.26233 192.248
154.3 12.6052 72.3734 2.25433 192.219
154.4 12.5561 72.4022 2.24631 192.19
154.5 12.5069 72.4309 2.23829 192.161
154.6 12.4578 72.4594 2.23026 192.133
154.7 12.4087 72.4879 2.22222 192.104
154.8 12.3596 72.5162 2.21417 192.076
154.9 12.3105 72.5444 2.20611 192.048
155 12.2614 72.5726 2.19805 192.02
155.1 12.2123 72.6006 2.18997 191.992
155.2 12.1632 72.6285 2.18189 191.964
155.3 12.1141 72.6563 2.1738 191.936
155.4 12.065 72.6841 2.1657 191.908
155.5 12.0159 72.7117 2.1576 191.881
155.6 11.9668 72.7392 2.14948 191.853
155.7 11.9176 72.7666 2.14136 191.826
155.8 11.8685 72.7939 2.13322 191.798
155.9 11.8194 72.821 2.12508 191.771
156 11.7703 72.8481 2.11694 191.744
156.1 11.7212 72.8751 2.10878 191.717
156.2 11.6721 72.902 2.10062 191.69
156.3 11.623 72.9287 2.09244 191.664
156.4 11.5739 72.9554 2.08426 191.637
156.5 11.5248 72.9819 2.07607 191.61
156.6 11.4757 73.0084 2.06788 191.584
156.7 11.4266 73.0347 2.05967 191.558
156.8 11.3775 73.0609 2.05146 191.531
156.9 11.3285 73.0871 2.04324 191.505
157 11.2794 73.1131 2.03501 191.479
157.1 11.2303 73.139 2.02677 191.453
157.2 11.1812 73.1648 2.01853 191.427
157.3 11.1321 73.1905 2.01028 191.402
157.4 11.083 73.2161 2.00202 191.376
157.5 11.0339 73.2416 1.99375 191.351
157.6 10.9848 73.2669 1.98547 191.325
157.7 10.9357 73.2922 1.97719 191.3
157.8 10.8866 73.3174 1.9689 191.275
157.9 10.8375 73.3424 1.9606 191.25
158 10.7884 73.3674 1.9523 191.225
158.1 10.7393 73.3922 1.94398 191.2
158.2 10.6903 73.4169 1.93566 191.175
158.3 10.6412 73.4415 1.92734 191.151
158.4 10.5921 73.4661 1.919 191.126
158.5 10.543 73.4905 1.91066 191.102
158.6 10.4939 73.5148 1.90231 191.077
158.7 10.4448 73.539 1.89395 191.053
158.8 10.3957 73.563 1.88558 191.029
158.9 10.3467 73.587 1.87721 191.005
159.001 10.2976 73.6109 1.86883 190.981
159.101 10.2485 73.6346 1.86044 190.958
159.201 10.1994 73.6583 1.85205 190.934
159.301 10.1503 73.6818 1.84365 190.91
159.401 10.1013 73.7053 1.83524 190.887
159.501 10.0522 73.7286 1.82683 190.864
159.601 10.0031 73.7518 1.8184 190.84
159.701 9.95402 73.7749 1.80997 190.817
159.801 9.90494 73.7979 1.80154 190.794
159.901 9.85586 73.8208 1.79309 190.771
160.001 9.80679 73.8436 1.78464 190.749
160.101 9.75771 73.8663 1.77618 190.726
160.201 9.70863 73.8888 1.76772 190.703
160.301 9.65956 73.9113 1.75925 190.681
160.401 9.61048 73.9336 1.75077 190.659
160.501 9.56141 73.9558 1.74229 190.636
160.601 9.51234 73.978 1.73379 190.614
160.701 9.46326 74 1.7253 190.592
160.801 9.41419 74.0219 1.71679 190.57
160.901 9.36512 74.0437 1.70828 190.549
161.001 9.31605 74.0654 1.69976 190.527
161.101 9.26698 74.087 1.69123 190.505
161.201 9.21791 74.1084 1.6827 190.484
161.301 9.16884 74.1298 1.67416 190.462
161.401 9.11977 74.151 1.66562 190.441
161.501 9.0707 74.1722 1.65707 190.42
161.601 9.02163 74.1932 1.64851 190.399
161.701 8.97256 74.2141 1.63995 190.378
161.801 8.9235 74.2349 1.63138 190.357
161.901 8.87443 74.2556 1.6228 190.337
162.001 8.82536 74.2762 1.61422 190.316
162.101 8.7763 74.2967 1.60563 190.296
162.201 8.72723 74.3171 1.59703 190.275
162.301 8.67817 74.3373 1.58843 190.255
162.401 8.6291 74.3575 1.57982 190.235
162.501 8.58004 74.3775 1.57121 190.215
162.601 8.53098 74.3974 1.56259 190.195
162.701 8.48192 74.4172 1.55396 190.175
162.801 8.43285 74.4369 1.54533 190.155
162.901 8.38379 74.4565 1.53669 190.136
163.001 8.33473 74.476 1.52805 190.116
163.101 8.28567 74.4954 1.5194 190.097
163.201 8.23661 74.5146 1.51074 190.078
163.301 8.18755 74.5338 1.50208 190.058
163.401 8.13849 74.5528 1.49341 190.039
163.501 8.08943 74.5718 1.48474 190.02
163.601 8.04037 74.5906 1.47606 190.002
163.701 7.99132 74.6093 1.46737 189.983
163.801 7.94226 74.6279 1.45868 189.964
163.901 7.8932 74.6464 1.44998 189.946
164.001 7.84415 74.6647 1.44128 189.928
164.101 7.79509 74.683 1.43257 189.909
164.201 7.74604 74.7011 1.42386 189.891
164.301 7.69698 74.7192 1.41514 189.873
164.401 7.64793 74.7371 1.40641 189.855
164.501 7.59887 74.7549 1.39768 189.837
164.601 7.54982 74.7726 1.38895 189.82
164.701 7.50077 74.7902 1.38021 189.802
164.801 7.45171 74.8077 1.37146 189.785
164.901 7.40266 74.825 1.36271 189.767
165.001 7.35361 74.8423 1.35395 189.75
165.101 7.30456 74.8594 1.34519 189.733
165.201 7.25551 74.8765 1.33642 189.716
165.301 7.20646 74.8934 1.32765 189.699
165.401 7.15741 74.9102 1.31887 189.682
165.501 7.10836 74.9269 1.31008 189.665
165.601 7.05931 74.9435 1.3013 189.649
165.701 7.01026 74.9599 1.2925 189.632
165.801 6.96121 74.9763 1.2837 189.616
165.901 6.91216 74.9925 1.2749 189.6
166.001 6.86311 75.0087 1.26609 189.584
166.101 6.81407 75.0247 1.25728 189.568
166.201 6.76502 75.0406 1.24846 189.552
166.301 6.71597 75.0564 1.23963 189.536
166.401 6.66693 75.072 1.23081 189.52
166.501 6.61788 75.0876 1.22197 189.505
166.601 6.56884 75.1031 1.21313 189.489
166.701 6.51979 75.1184 1.20429 189.474
166.801 6.47075 75.1336 1.19544 189.459
166.901 6.4217 75.1488 1.18659 189.444
167.001 6.37266 75.1638 1.17774 189.429
167.101 6.32362 75.1787 1.16887 189.414
167.201 6.27457 75.1934 1.16001 189.399
167.301 6.22553 75.2081 1.15114 189.384
167.401 6.17649 75.2226 1.14226 189.37
167.501 6.12745 75.2371 1.13338 189.355
167.601 6.07841 75.2514 1.1245 189.341
167.701 6.02936 75.2656 1.11561 189.327
167.801 5.98032 75.2797 1.10672 189.313
167.901 5.93128 75.2937 1.09782 189.299
168.001 5.88224 75.3076 1.08892 189.285
168.101 5.8332 75.3213 1.08001 189.271
168.201 5.78416 75.335 1.0711 189.257
168.301 5.73512 75.3485 1.06219 189.244
168.401 5.68609 75.3619 1.05327 189.23
168.501 5.63705 75.3752 1.04435 189.217
168.601 5.58801 75.3884 1.03542 189.204
168.701 5.53897 75.4015 1.02649 189.191
168.801 5.48993 75.4144 1.01756 189.178
168.901 5.4409 75.4273 1.00862 189.165
169.001 5.39186 75.44 0.999675 189.152
169.101 5.34282 75.4526 0.990728 189.14
169.201 5.29379 75.4652 0.981778 189.127
169.301 5.24475 75.4775 0.972823 189.115
169.401 5.19572 75.4898 0.963865 189.102
169.501 5.14668 75.502 0.954903 189.09
169.601 5.09765 75.514 0.945938 189.078
169.701 5.04861 75.526 0.936968 189.066
169.801 4.99958 75.5378 0.927995 189.054
169.901 4.95054 75.5495 0.919018 189.043
170.001 4.90151 75.5611 0.910038 189.031
170.101 4.85248 75.5726 0.901054 189.02
170.201 4.80344 75.584 0.892067 189.008
170.301 4.75441 75.5952 0.883076 188.997
170.401 4.70538 75.6063 0.874081 188.986
170.501 4.65635 75.6174 0.865083 188.975
170.601 4.60731 75.6283 0.856082 188.964
170.701 4.55828 75.6391 0.847077 188.953
170.801 4.50925 75.6497 0.838069 188.943
170.901 4.46022 75.6603 0.829058 188.932
171.001 4.41119 75.6708 0.820043 188.921
171.101 4.36216 75.6811 0.811025 188.911
171.201 4.31313 75.6913 0.802004 188.901
171.301 4.2641 75.7014 0.79298 188.891
171.401 4.21507 75.7114 0.783953 188.881
171.501 4.16604 75.7213 0.774922 188.871
171.601 4.11701 75.7311 0.765889 188.861
171.701 4.06798 75.7407 0.756853 188.852
171.801 4.01895 75.7502 0.747813 188.842
171.901 3.96992 75.7597 0.738771 188.833
172.001 3.92089 75.769 0.729725 188.823
172.101 3.87187 75.7782 0.720677 188.814
172.201 3.82284 75.7872 0.711626 188.805
172.301 3.77381 75.7962 0.702573 188.796
172.401 3.72478 75.805 0.693516 188.787
172.501 3.67576 75.8138 0.684457 188.779
172.601 3.62673 75.8224 0.675395 188.77
172.701 3.5777 75.8309 0.66633 188.761
172.801 3.52867 75.8393 0.657263 188.753
172.901 3.47965 75.8475 0.648193 188.745
173.001 3.43062 75.8557 0.63912 188.737
173.101 3.3816 75.8637 0.630045 188.729
173.201 3.33257 75.8716 0.620968 188.721
173.301 3.28354 75.8795 0.611888 188.713
173.401 3.23452 75.8871 0.602806 188.705
173.501 3.18549 75.8947 0.593721 188.698
173.601 3.13647 75.9022 0.584634 188.69
173.701 3.08744 75.9095 0.575545 188.683
173.801 3.03842 75.9168 0.566453 188.675
173.901 2.98939 75.9239 0.557359 188.668
174.001 2.94037 75.9309 0.548263 188.661
174.101 2.89135 75.9378 0.539165 188.654
174.201 2.84232 75.9445 0.530065 188.648
174.301 2.7933 75.9512 0.520962 188.641
174.401 2.74427 75.9577 0.511858 188.635
174.501 2.69525 75.9642 0.502751 188.628
174.601 2.64623 75.9705 0.493643 188.622
174.701 2.5972 75.9767 0.484532 188.616
174.801 2.54818 75.9827 0.47542 188.61
174.901 2.49916 75.9887 0.466306 188.604
175.001 2.45014 75.9946 0.45719 188.598
175.101 2.40111 76.0003 0.448072 188.592
175.201 2.35209 76.0059 0.438952 188.586
175.301 2.30307 76.0114 0.429831 188.581
175.402 2.25405 76.0168 0.420708 188.575
175.502 2.20502 76.0221 0.411583 188.57
175.602 2.156 76.0272 0.402457 188.565
175.702 2.10698 76.0322 0.393329 188.56
175.802 2.05796 76.0372 0.384199 188.555
175.902 2.00894 76.042 0.375068 188.55
176.002 1.95992 76.0467 0.365936 188.546
176.102 1.9109 76.0512 0.356802 188.541
176.202 1.86187 76.0557 0.347667 188.537
176.302 1.81285 76.0601 0.33853 188.532
176.402 1.76383 76.0643 0.329392 188.528
176.502 1.71481 76.0684 0.320253 188.524
176.602 1.66579 76.0724 0.311112 188.52
176.702 1.61677 76.0763 0.30197 188.516
176.802 1.56775 76.08 0.292827 188.512
176.902 1.51873 76.0837 0.283683 188.509
177.002 1.46971 76.0872 0.274538 188.505
177.102 1.42069 76.0906 0.265391 188.502
177.202 1.37167 76.0939 0.256244 188.498
177.302 1.32265 76.0971 0.247095 188.495
177.402 1.27363 76.1002 0.237946 188.492
177.502 1.22461 76.1031 0.228796 188.489
177.602 1.17559 76.106 0.219644 188.486
177.702 1.12657 76.1087 0.210492 188.484
177.802 1.07755 76.1113 0.201339 188.481
177.902 1.02853 76.1138 0.192185 188.478
178.002 0.979509 76.1162 0.183031 188.476
178.102 0.93049 76.1184 0.173876 188.474
178.202 0.88147 76.1206 0.16472 188.472
178.302 0.832451 76.1226 0.155563 188.47
178.402 0.783431 76.1245 0.146406 188.468
178.502 0.734412 76.1263 0.137248 188.466
178.602 0.685393 76.128 0.12809 188.464
178.702 0.636373 76.1296 0.118931 188.463
178.802 0.587354 76.131 0.109772 188.461
178.902 0.538335 76.1323 0.100612 188.46
179.002 0.489316 76.1336 0.0914517 188.459
179.102 0.440297 76.1347 0.0822912 188.458
179.202 0.391277 76.1356 0.0731304 188.457
179.302 0.342258 76.1365 0.0639693 188.456
179.402 0.293239 76.1373 0.0548079 188.455
179.502 0.24422 76.1379 0.0456463 188.454
179.602 0.195201 76.1384 0.0364846 188.454
179.702 0.146182 76.1388 0.0273227 188.453
179.802 0.0971631 76.1391 0.0181607 188.453
179.902 0.048144 76.1393 0.00899858 188.453
