0 175.862 0 0 264.592
0.1 89.9497 0.000201498 0.0496517 264.592
0.2 89.8994 0.000805992 0.0993033 264.591
0.3 89.8491 0.00181348 0.148955 264.59
0.4 89.7988 0.00322396 0.198607 264.589
0.5 89.7485 0.00503743 0.248258 264.587
0.6 89.6982 0.00725387 0.29791 264.585
0.7 89.6479 0.00987329 0.347562 264.582
0.8 89.5976 0.0128957 0.397213 264.579
0.9 89.5473 0.016321 0.446865 264.576
1 89.497 0.0201493 0.496517 264.572
1.1 89.4468 0.0243805 0.546169 264.568
1.2 89.3965 0.0290147 0.59582 264.563
1.3 89.3462 0.0340518 0.645472 264.558
1.4 89.2959 0.0394917 0.695124 264.553
1.5 89.2456 0.0453345 0.744776 264.547
1.6 89.1953 0.0515802 0.794427 264.541
1.7 89.145 0.0582288 0.844079 264.534
1.8 89.0947 0.0652801 0.893731 264.527
1.9 89.0444 0.0727342 0.943383 264.52
2 88.9941 0.0805911 0.993035 264.512
2.1 88.9438 0.0888508 1.04269 264.503
2.2 88.8935 0.0975132 1.09234 264.495
2.3 88.8432 0.106578 1.14199 264.486
2.4 88.7929 0.116046 1.19164 264.476
2.5 88.7426 0.125916 1.24129 264.466
2.6 88.6923 0.136189 1.29095 264.456
2.7 88.642 0.146865 1.3406 264.445
2.8 88.5917 0.157943 1.39025 264.434
2.9 88.5414 0.169424 1.4399 264.423
3 88.4912 0.181307 1.48955 264.411
3.1 88.4409 0.193593 1.53921 264.399
3.2 88.3906 0.20628 1.58886 264.386
3.3 88.3403 0.219371 1.63851 264.373
3.4 88.29 0.232864 1.68816 264.359
3.5 88.2397 0.246758 1.73781 264.346
3.6 88.1894 0.261056 1.78747 264.331
3.7 88.1391 0.275755 1.83712 264.317
3.8 88.0888 0.290857 1.88677 264.301
3.9 88.0385 0.30636 1.93642 264.286
4 87.9882 0.322266 1.98607 264.27
4.1 87.9379 0.338574 2.03573 264.254
4.2 87.8876 0.355284 2.08538 264.237
4.3 87.8373 0.372395 2.13503 264.22
4.4 87.787 0.389909 2.18468 264.202
4.5 87.7367 0.407824 2.23434 264.184
4.6 87.6864 0.426141 2.28399 264.166
4.7 87.6362 0.44486 2.33364 264.147
4.8 87.5859 0.46398 2.38329 264.128
4.9 87.5356 0.483502 2.43295 264.109
5 87.4853 0.503426 2.4826 264.089
5.1 87.435 0.523751 2.53225 264.069
5.2 87.3847 0.544477 2.5819 264.048
5.3 87.3344 0.565605 2.63156 264.027
5.4 87.2841 0.587134 2.68121 264.005
5.5 87.2338 0.609064 2.73086 263.983
5.6 87.1835 0.631395 2.78052 263.961
5.7 87.1332 0.654127 2.83017 263.938
5.8 87.0829 0.677261 2.87982 263.915
5.9 87.0326 0.700795 2.92947 263.891
6 86.9823 0.72473 2.97913 263.868
6.1 86.932 0.749066 3.02878 263.843
6.2 86.8817 0.773803 3.07843 263.818
6.3 86.8315 0.79894 3.12809 263.793
6.4 86.7812 0.824478 3.17774 263.768
6.5 86.7309 0.850417 3.22739 263.742
6.6 86.6806 0.876755 3.27705 263.716
6.7 86.6303 0.903494 3.3267 263.689
6.8 86.58 0.930634 3.37635 263.662
6.9 86.5297 0.958173 3.42601 263.634
7 86.4794 0.986113 3.47566 263.606
7.1 86.4291 1.01445 3.52531 263.578
7.2 86.3788 1.04319 3.57497 263.549
7.3 86.3285 1.07233 3.62462 263.52
7.4 86.2782 1.10187 3.67428 263.49
7.5 86.2279 1.13181 3.72393 263.46
7.6 86.1776 1.16215 3.77358 263.43
7.7 86.1274 1.19288 3.82324 263.399
7.79999 86.0771 1.22402 3.87289 263.368
7.89999 86.0268 1.25556 3.92254 263.337
7.99999 85.9765 1.28749 3.9722 263.305
8.09999 85.9262 1.31983 4.02185 263.272
8.2 85.8759 1.35256 4.07151 263.24
8.3 85.8256 1.38569 4.12116 263.207
8.4 85.7753 1.41923 4.17082 263.173
8.5 85.725 1.45316 4.22047 263.139
8.6 85.6747 1.48748 4.27013 263.105
8.7 85.6244 1.52221 4.31978 263.07
8.8 85.5741 1.55734 4.36944 263.035
8.9 85.5239 1.59286 4.41909 262.999
9 85.4736 1.62878 4.46875 262.963
9.1 85.4233 1.6651 4.5184 262.927
9.2 85.373 1.70182 4.56806 262.89
9.3 85.3227 1.73894 4.61771 262.853
9.4 85.2724 1.77645 4.66737 262.816
9.5 85.2221 1.81436 4.71702 262.778
9.6 85.1718 1.85267 4.76668 262.74
9.7 85.1215 1.89137 4.81633 262.701
9.8 85.0712 1.93048 4.86599 262.662
9.9 85.0209 1.96998 4.91565 262.622
10 84.9706 2.00987 4.9653 262.582
10.1 84.9204 2.05017 5.01496 262.542
10.2 84.8701 2.09086 5.06461 262.501
10.3 84.8198 2.13195 5.11427 262.46
10.4 84.7695 2.17343 5.16392 262.419
10.5 84.7192 2.21531 5.21358 262.377
10.6 84.6689 2.25759 5.26324 262.335
10.7 84.6186 2.30026 5.31289 262.292
10.8 84.5683 2.34333 5.36255 262.249
10.9 84.518 2.38679 5.41221 262.205
11 84.4677 2.43065 5.46186 262.162
11.1 84.4175 2.47491 5.51152 262.117
11.2 84.3672 2.51956 5.56118 262.073
11.3 84.3169 2.56461 5.61083 262.028
11.4 84.2666 2.61005 5.66049 261.982
11.5 84.2163 2.65588 5.71015 261.936
11.6 84.166 2.70212 5.7598 261.89
11.7 84.1157 2.74874 5.80946 261.844
11.8 84.0654 2.79576 5.85912 261.796
11.9 84.0151 2.84318 5.90878 261.749
12 83.9649 2.89099 5.95843 261.701
12.1 83.9146 2.93919 6.00809 261.653
12.2 83.8643 2.98779 6.05775 261.604
12.3 83.814 3.03678 6.10741 261.555
12.4 83.7637 3.08617 6.15707 261.506
12.5 83.7134 3.13595 6.20672 261.456
12.6 83.6631 3.18612 6.25638 261.406
12.7 83.6128 3.23669 6.30604 261.356
12.8 83.5625 3.28765 6.3557 261.305
12.9 83.5123 3.339 6.40536 261.253
13 83.462 3.39074 6.45502 261.202
13.1 83.4117 3.44288 6.50467 261.149
13.2 83.3614 3.49541 6.55433 261.097
13.3 83.3111 3.54833 6.60399 261.044
13.4 83.2608 3.60165 6.65365 260.991
13.5 83.2105 3.65536 6.70331 260.937
13.6 83.1602 3.70946 6.75297 260.883
13.7 83.11 3.76395 6.80263 260.828
13.8 83.0597 3.81883 6.85229 260.773
13.9 83.0094 3.8741 6.90195 260.718
14 82.9591 3.92977 6.95161 260.662
14.1 82.9088 3.98582 7.00127 260.606
14.2 82.8585 4.04227 7.05093 260.55
14.3 82.8082 4.0991 7.10059 260.493
14.4 82.758 4.15633 7.15025 260.436
14.5 82.7077 4.21395 7.19991 260.378
14.6 82.6574 4.27196 7.24957 260.32
14.7 82.6071 4.33036 7.29923 260.262
14.8 82.5568 4.38914 7.34889 260.203
14.9 82.5065 4.44832 7.39855 260.144
15 82.4562 4.50789 7.44821 260.084
15.1 82.406 4.56784 7.49787 260.024
15.2 82.3557 4.62819 7.54753 259.964
15.3 82.3054 4.68892 7.59719 259.903
15.4 82.2551 4.75005 7.64685 259.842
15.5 82.2048 4.81156 7.69651 259.781
15.6 82.1545 4.87346 7.74618 259.719
15.7 82.1043 4.93575 7.79584 259.657
15.8 82.054 4.99842 7.8455 259.594
15.9 82.0037 5.06149 7.89516 259.531
16 81.9534 5.12494 7.94482 259.467
16.1 81.9031 5.18878 7.99448 259.403
16.2 81.8528 5.253 8.04415 259.339
16.3 81.8026 5.31761 8.09381 259.275
16.4 81.7523 5.38261 8.14347 259.21
16.5 81.702 5.448 8.19313 259.144
16.6 81.6517 5.51377 8.2428 259.078
16.7 81.6014 5.57993 8.29246 259.012
16.8 81.5511 5.64648 8.34212 258.946
16.9 81.5009 5.71341 8.39179 258.879
17 81.4506 5.78072 8.44145 258.812
17.1 81.4003 5.84843 8.49111 258.744
17.2 81.35 5.91651 8.54078 258.676
17.3 81.2997 5.98498 8.59044 258.607
17.4 81.2494 6.05384 8.6401 258.538
17.5 81.1992 6.12308 8.68977 258.469
17.6 81.1489 6.19271 8.73943 258.4
17.7 81.0986 6.26272 8.78909 258.33
17.8 81.0483 6.33311 8.83876 258.259
17.9 80.998 6.40389 8.88842 258.188
18 80.9478 6.47505 8.93809 258.117
18.1 80.8975 6.54659 8.98775 258.046
18.2 80.8472 6.61852 9.03742 257.974
18.3 80.7969 6.69083 9.08708 257.901
18.4 80.7466 6.76352 9.13675 257.829
18.5 80.6964 6.8366 9.18641 257.756
18.6 80.6461 6.91005 9.23608 257.682
18.7 80.5958 6.98389 9.28574 257.608
18.8 80.5455 7.05811 9.33541 257.534
18.9 80.4952 7.13272 9.38508 257.46
19 80.445 7.2077 9.43474 257.385
19.1 80.3947 7.28306 9.48441 257.309
19.2 80.3444 7.35881 9.53407 257.233
19.3 80.2941 7.43494 9.58374 257.157
19.4 80.2438 7.51144 9.63341 257.081
19.5 80.1936 7.58833 9.68307 257.004
19.6 80.1433 7.6656 9.73274 256.927
19.7 80.093 7.74324 9.78241 256.849
19.8 80.0427 7.82127 9.83208 256.771
19.9 79.9925 7.89967 9.88174 256.693
20 79.9422 7.97845 9.93141 256.614
20.1 79.8919 8.05762 9.98108 256.535
20.2 79.8416 8.13716 10.0307 256.455
20.3 79.7913 8.21708 10.0804 256.375
20.4 79.7411 8.29737 10.1301 256.295
20.5 79.6908 8.37805 10.1798 256.214
20.6 79.6405 8.4591 10.2294 256.133
20.7 79.5902 8.54053 10.2791 256.052
20.8 79.54 8.62234 10.3288 255.97
20.9 79.4897 8.70452 10.3784 255.888
21 79.4394 8.78708 10.4281 255.805
21.1 79.3891 8.87001 10.4778 255.722
21.2 79.3389 8.95333 10.5274 255.639
21.3 79.2886 9.03701 10.5771 255.555
21.4 79.2383 9.12108 10.6268 255.471
21.5 79.188 9.20551 10.6764 255.387
21.6 79.1378 9.29033 10.7261 255.302
21.7 79.0875 9.37551 10.7758 255.217
21.8 79.0372 9.46108 10.8255 255.131
21.9 78.9869 9.54701 10.8751 255.045
22 78.9367 9.63332 10.9248 254.959
22.1 78.8864 9.72001 10.9745 254.872
22.2 78.8361 9.80706 11.0241 254.785
22.3 78.7858 9.8945 11.0738 254.698
22.4 78.7356 9.9823 11.1235 254.61
22.5 78.6853 10.0705 11.1732 254.522
22.6 78.635 10.159 11.2228 254.433
22.7001 78.5848 10.2479 11.2725 254.344
22.8001 78.5345 10.3372 11.3222 254.255
22.9001 78.4842 10.4269 11.3718 254.165
23.0001 78.4339 10.5169 11.4215 254.075
23.1001 78.3837 10.6073 11.4712 253.985
23.2001 78.3334 10.6981 11.5209 253.894
23.3001 78.2831 10.7893 11.5705 253.803
23.4001 78.2329 10.8808 11.6202 253.711
23.5001 78.1826 10.9727 11.6699 253.62
23.6001 78.1323 11.0649 11.7196 253.527
23.7001 78.082 11.1575 11.7692 253.435
23.8001 78.0318 11.2505 11.8189 253.342
23.9001 77.9815 11.3439 11.8686 253.248
24.0001 77.9312 11.4376 11.9182 253.155
24.1001 77.881 11.5317 11.9679 253.061
24.2001 77.8307 11.6262 12.0176 252.966
24.3001 77.7804 11.721 12.0673 252.871
24.4001 77.7302 11.8162 12.1169 252.776
24.5001 77.6799 11.9118 12.1666 252.68
24.6001 77.6296 12.0078 12.2163 252.585
24.7001 77.5794 12.1041 12.266 252.488
24.8001 77.5291 12.2007 12.3156 252.392
24.9001 77.4788 12.2978 12.3653 252.295
25.0001 77.4286 12.3952 12.415 252.197
25.1001 77.3783 12.4929 12.4647 252.099
25.2001 77.328 12.5911 12.5144 252.001
25.3001 77.2778 12.6896 12.564 251.903
25.4001 77.2275 12.7884 12.6137 251.804
25.5001 77.1772 12.8876 12.6634 251.705
25.6001 77.127 12.9872 12.7131 251.605
25.7001 77.0767 13.0872 12.7627 251.505
25.8001 77.0264 13.1875 12.8124 251.405
25.9001 76.9762 13.2882 12.8621 251.304
26.0001 76.9259 13.3892 12.9118 251.203
26.1001 76.8756 13.4906 12.9615 251.102
26.2001 76.8254 13.5924 13.0111 251
26.3001 76.7751 13.6945 13.0608 250.898
26.4001 76.7248 13.797 13.1105 250.795
26.5001 76.6746 13.8998 13.1602 250.692
26.6001 76.6243 14.003 13.2098 250.589
26.7001 76.574 14.1066 13.2595 250.486
26.8001 76.5238 14.2105 13.3092 250.382
26.9001 76.4735 14.3148 13.3589 250.277
27.0001 76.4233 14.4195 13.4086 250.173
27.1001 76.373 14.5245 13.4582 250.068
27.2001 76.3227 14.6298 13.5079 249.962
27.3001 76.2725 14.7356 13.5576 249.857
27.4001 76.2222 14.8416 13.6073 249.751
27.5001 76.1719 14.9481 13.657 249.644
27.6001 76.1217 15.0549 13.7067 249.537
27.7001 76.0714 15.162 13.7563 249.43
27.8001 76.0212 15.2695 13.806 249.323
27.9001 75.9709 15.3774 13.8557 249.215
28.0001 75.9206 15.4856 13.9054 249.107
28.1001 75.8704 15.5942 13.9551 248.998
28.2001 75.8201 15.7032 14.0047 248.889
28.3001 75.7699 15.8124 14.0544 248.78
28.4001 75.7196 15.9221 14.1041 248.67
28.5001 75.6693 16.0321 14.1538 248.56
28.6001 75.6191 16.1424 14.2035 248.45
28.7001 75.5688 16.2531 14.2532 248.339
28.8001 75.5186 16.3642 14.3028 248.228
28.9001 75.4683 16.4756 14.3525 248.117
29.0001 75.418 16.5874 14.4022 248.005
29.1001 75.3678 16.6995 14.4519 247.893
29.2001 75.3175 16.812 14.5016 247.78
29.3001 75.2673 16.9248 14.5513 247.667
29.4001 75.217 17.038 14.601 247.554
29.5001 75.1668 17.1515 14.6506 247.441
29.6001 75.1165 17.2654 14.7003 247.327
29.7001 75.0662 17.3796 14.75 247.213
29.8001 75.016 17.4942 14.7997 247.098
29.9001 74.9657 17.6091 14.8494 246.983
30.0001 74.9155 17.7244 14.8991 246.868
30.1001 74.8652 17.84 14.9488 246.752
30.2001 74.815 17.956 14.9984 246.636
30.3001 74.7647 18.0723 15.0481 246.52
30.4001 74.7145 18.189 15.0978 246.403
30.5001 74.6642 18.306 15.1475 246.286
30.6001 74.614 18.4234 15.1972 246.169
30.7001 74.5637 18.5411 15.2469 246.051
30.8001 74.5134 18.6591 15.2966 245.933
30.9001 74.4632 18.7775 15.3463 245.815
31.0001 74.4129 18.8963 15.396 245.696
31.1001 74.3627 19.0154 15.4456 245.577
31.2001 74.3124 19.1348 15.4953 245.457
31.3001 74.2622 19.2546 15.545 245.338
31.4001 74.2119 19.3747 15.5947 245.218
31.5001 74.1617 19.4952 15.6444 245.097
31.6001 74.1114 19.616 15.6941 244.976
31.7001 74.0612 19.7372 15.7438 244.855
31.8001 74.0109 19.8587 15.7935 244.734
31.9001 73.9607 19.9805 15.8432 244.612
32.0001 73.9104 20.1027 15.8929 244.49
32.1001 73.8602 20.2253 15.9425 244.367
32.2001 73.8099 20.3481 15.9922 244.244
32.3001 73.7597 20.4713 16.0419 244.121
32.4001 73.7094 20.5949 16.0916 243.997
32.5001 73.6592 20.7188 16.1413 243.873
32.6001 73.6089 20.843 16.191 243.749
32.7001 73.5587 20.9676 16.2407 243.625
32.8001 73.5084 21.0925 16.2904 243.5
32.9001 73.4582 21.2177 16.3401 243.375
33.0001 73.4079 21.3433 16.3898 243.249
33.1001 73.3577 21.4692 16.4395 243.123
33.2001 73.3075 21.5955 16.4892 242.997
33.3001 73.2572 21.7221 16.5388 242.87
33.4001 73.207 21.849 16.5885 242.743
33.5001 73.1567 21.9763 16.6382 242.616
33.6001 73.1065 22.1039 16.6879 242.488
33.7001 73.0562 22.2319 16.7376 242.36
33.8001 73.006 22.3601 16.7873 242.232
33.9001 72.9557 22.4888 16.837 242.104
34.0001 72.9055 22.6177 16.8867 241.975
34.1001 72.8553 22.747 16.9364 241.845
34.2001 72.805 22.8766 16.9861 241.716
34.3 72.7548 23.0066 17.0358 241.586
34.4 72.7045 23.1368 17.0855 241.455
34.5 72.6543 23.2675 17.1352 241.325
34.6 72.604 23.3984 17.1849 241.194
34.7 72.5538 23.5297 17.2346 241.063
34.8 72.5036 23.6613 17.2843 240.931
34.9 72.4533 23.7932 17.334 240.799
35 72.4031 23.9255 17.3837 240.667
35.1 72.3528 24.0581 17.4334 240.534
35.2 72.3026 24.191 17.4831 240.401
35.3 72.2524 24.3243 17.5328 240.268
35.4 72.2021 24.4579 17.5825 240.134
35.5 72.1519 24.5918 17.6322 240
35.6 72.1016 24.7261 17.6819 239.866
35.7 72.0514 24.8606 17.7316 239.732
35.8 72.0012 24.9955 17.7813 239.597
35.9 71.9509 25.1308 17.831 239.462
36 71.9007 25.2663 17.8807 239.326
36.1 71.8505 25.4022 17.9304 239.19
36.2 71.8002 25.5384 17.9801 239.054
36.3 71.75 25.6749 18.0298 238.917
36.4 71.6997 25.8118 18.0795 238.78
36.5 71.6495 25.949 18.1292 238.643
36.6 71.5993 26.0865 18.1789 238.506
36.7 71.549 26.2243 18.2286 238.368
36.8 71.4988 26.3625 18.2783 238.23
36.9 71.4486 26.5009 18.328 238.091
37 71.3983 26.6397 18.3777 237.953
37.1 71.3481 26.7788 18.4274 237.813
37.2 71.2979 26.9183 18.4771 237.674
37.3 71.2476 27.058 18.5268 237.534
37.4 71.1974 27.1981 18.5765 237.394
37.5 71.1472 27.3385 18.6262 237.254
37.6 71.0969 27.4792 18.6759 237.113
37.7 71.0467 27.6203 18.7256 236.972
37.8 70.9965 27.7616 18.7753 236.831
37.9 70.9462 27.9033 18.825 236.689
38 70.896 28.0453 18.8747 236.547
38.1 70.8458 28.1876 18.9244 236.405
38.2 70.7955 28.3303 18.9741 236.262
38.3 70.7453 28.4732 19.0238 236.119
38.4 70.6951 28.6165 19.0736 235.976
38.5 70.6449 28.76 19.1233 235.832
38.6 70.5946 28.9039 19.173 235.688
38.7 70.5444 29.0481 19.2227 235.544
38.8 70.4942 29.1927 19.2724 235.4
38.9 70.4439 29.3375 19.3221 235.255
39 70.3937 29.4827 19.3718 235.11
39.1 70.3435 29.6281 19.4215 234.964
39.2 70.2933 29.7739 19.4712 234.818
39.3 70.243 29.92 19.5209 234.672
39.4 70.1928 30.0664 19.5706 234.526
39.5 70.1426 30.2131 19.6203 234.379
39.6 70.0923 30.3601 19.6701 234.232
39.7 70.0421 30.5075 19.7198 234.085
39.8 69.9919 30.6551 19.7695 233.937
39.9 69.9417 30.8031 19.8192 233.789
40 69.8914 30.9513 19.8689 233.641
40.1 69.8412 31.0999 19.9186 233.492
40.2 69.791 31.2488 19.9683 233.343
40.3 69.7408 31.398 20.018 233.194
40.4 69.6905 31.5475 20.0678 233.045
40.5 69.6403 31.6973 20.1175 232.895
40.6 69.5901 31.8474 20.1672 232.745
40.7 69.5399 31.9978 20.2169 232.594
40.7999 69.4897 32.1485 20.2666 232.444
40.8999 69.4394 32.2995 20.3163 232.293
40.9999 69.3892 32.4509 20.366 232.141
41.0999 69.339 32.6025 20.4157 231.99
41.1999 69.2888 32.7544 20.4655 231.838
41.2999 69.2385 32.9067 20.5152 231.686
41.3999 69.1883 33.0592 20.5649 231.533
41.4999 69.1381 33.2121 20.6146 231.38
41.5999 69.0879 33.3652 20.6643 231.227
41.6999 69.0377 33.5186 20.714 231.074
41.7999 68.9875 33.6724 20.7638 230.92
41.8999 68.9372 33.8264 20.8135 230.766
41.9999 68.887 33.9808 20.8632 230.611
42.0999 68.8368 34.1354 20.9129 230.457
42.1999 68.7866 34.2904 20.9626 230.302
42.2999 68.7364 34.4456 21.0123 230.147
42.3999 68.6861 34.6012 21.0621 229.991
42.4999 68.6359 34.757 21.1118 229.835
42.5999 68.5857 34.9132 21.1615 229.679
42.6999 68.5355 35.0696 21.2112 229.523
42.7999 68.4853 35.2263 21.2609 229.366
42.8999 68.4351 35.3834 21.3107 229.209
42.9999 68.3849 35.5407 21.3604 229.052
43.0999 68.3346 35.6983 21.4101 228.894
43.1999 68.2844 35.8562 21.4598 228.736
43.2999 68.2342 36.0144 21.5095 228.578
43.3999 68.184 36.1729 21.5593 228.419
43.4999 68.1338 36.3317 21.609 228.261
43.5999 68.0836 36.4908 21.6587 228.101
43.6999 68.0334 36.6502 21.7084 227.942
43.7999 67.9832 36.8098 21.7582 227.782
43.8999 67.9329 36.9698 21.8079 227.622
43.9999 67.8827 37.1301 21.8576 227.462
44.0999 67.8325 37.2906 21.9073 227.302
44.1999 67.7823 37.4514 21.957 227.141
44.2999 67.7321 37.6125 22.0068 226.98
44.3999 67.6819 37.7739 22.0565 226.818
44.4999 67.6317 37.9356 22.1062 226.657
44.5999 67.5815 38.0976 22.1559 226.495
44.6999 67.5313 38.2599 22.2057 226.332
44.7999 67.4811 38.4224 22.2554 226.17
44.8999 67.4308 38.5853 22.3051 226.007
44.9999 67.3806 38.7484 22.3548 225.844
45.0999 67.3304 38.9118 22.4046 225.68
45.1999 67.2802 39.0755 22.4543 225.517
45.2999 67.23 39.2395 22.504 225.353
45.3999 67.1798 39.4038 22.5538 225.189
45.4999 67.1296 39.5683 22.6035 225.024
45.5999 67.0794 39.7331 22.6532 224.859
45.6999 67.0292 39.8982 22.7029 224.694
45.7999 66.979 40.0636 22.7527 224.529
45.8999 66.9288 40.2293 22.8024 224.363
45.9999 66.8786 40.3953 22.8521 224.197
46.0999 66.8284 40.5615 22.9019 224.031
46.1999 66.7782 40.728 22.9516 223.864
46.2999 66.728 40.8948 23.0013 223.697
46.3999 66.6778 41.0619 23.051 223.53
46.4999 66.6276 41.2292 23.1008 223.363
46.5999 66.5774 41.3968 23.1505 223.195
46.6999 66.5272 41.5647 23.2002 223.028
46.7999 66.477 41.7329 23.25 222.859
46.8999 66.4268 41.9014 23.2997 222.691
46.9999 66.3766 42.0701 23.3494 222.522
47.0999 66.3264 42.2391 23.3992 222.353
47.1999 66.2762 42.4084 23.4489 222.184
47.2999 66.226 42.5779 23.4986 222.014
47.3998 66.1758 42.7477 23.5484 221.845
47.4998 66.1256 42.9178 23.5981 221.674
47.5998 66.0754 43.0882 23.6478 221.504
47.6998 66.0252 43.2589 23.6976 221.333
47.7998 65.975 43.4298 23.7473 221.162
47.8998 65.9248 43.601 23.797 220.991
47.9998 65.8746 43.7724 23.8468 220.82
48.0998 65.8244 43.9441 23.8965 220.648
48.1998 65.7742 44.1161 23.9463 220.476
48.2998 65.724 44.2884 23.996 220.304
48.3998 65.6738 44.4609 24.0457 220.131
48.4998 65.6236 44.6337 24.0955 219.959
48.5998 65.5734 44.8068 24.1452 219.785
48.6998 65.5232 44.9801 24.1949 219.612
48.7998 65.473 45.1537 24.2447 219.439
48.8998 65.4228 45.3276 24.2944 219.265
48.9998 65.3726 45.5017 24.3442 219.091
49.0998 65.3225 45.6761 24.3939 218.916
49.1998 65.2723 45.8507 24.4436 218.742
49.2998 65.2221 46.0257 24.4934 218.567
49.3998 65.1719 46.2008 24.5431 218.391
49.4998 65.1217 46.3763 24.5929 218.216
49.5998 65.0715 46.552 24.6426 218.04
49.6998 65.0213 46.728 24.6923 217.864
49.7998 64.9711 46.9042 24.7421 217.688
49.8998 64.9209 47.0807 24.7918 217.512
49.9998 64.8707 47.2574 24.8416 217.335
50.0998 64.8206 47.4344 24.8913 217.158
50.1998 64.7704 47.6117 24.9411 216.981
50.2998 64.7202 47.7892 24.9908 216.803
50.3998 64.67 47.967 25.0405 216.625
50.4998 64.6198 48.145 25.0903 216.447
50.5998 64.5696 48.3233 25.14 216.269
50.6998 64.5194 48.5019 25.1898 216.09
50.7998 64.4693 48.6807 25.2395 215.912
50.8998 64.4191 48.8597 25.2893 215.733
50.9998 64.3689 49.039 25.339 215.553
51.0998 64.3187 49.2186 25.3888 215.374
51.1998 64.2685 49.3984 25.4385 215.194
51.2998 64.2183 49.5785 25.4883 215.014
51.3998 64.1682 49.7588 25.538 214.833
51.4998 64.118 49.9394 25.5877 214.653
51.5998 64.0678 50.1202 25.6375 214.472
51.6998 64.0176 50.3013 25.6872 214.291
51.7998 63.9674 50.4826 25.737 214.11
51.8998 63.9172 50.6642 25.7867 213.928
51.9998 63.8671 50.846 25.8365 213.746
52.0998 63.8169 51.0281 25.8862 213.564
52.1998 63.7667 51.2104 25.936 213.382
52.2998 63.7165 51.393 25.9857 213.199
52.3998 63.6663 51.5758 26.0355 213.016
52.4998 63.6162 51.7589 26.0852 212.833
52.5998 63.566 51.9422 26.135 212.65
52.6998 63.5158 52.1257 26.1847 212.467
52.7998 63.4656 52.3095 26.2345 212.283
52.8998 63.4155 52.4936 26.2842 212.099
52.9998 63.3653 52.6778 26.334 211.914
53.0998 63.3151 52.8624 26.3838 211.73
53.1998 63.2649 53.0471 26.4335 211.545
53.2998 63.2148 53.2321 26.4833 211.36
53.3998 63.1646 53.4174 26.533 211.175
53.4998 63.1144 53.6029 26.5828 210.989
53.5998 63.0642 53.7886 26.6325 210.804
53.6998 63.0141 53.9746 26.6823 210.618
53.7998 62.9639 54.1608 26.732 210.432
53.8997 62.9137 54.3472 26.7818 210.245
53.9997 62.8635 54.5339 26.8315 210.058
54.0997 62.8134 54.7208 26.8813 209.871
54.1997 62.7632 54.9079 26.9311 209.684
54.2997 62.713 55.0953 26.9808 209.497
54.3997 62.6629 55.283 27.0306 209.309
54.4997 62.6127 55.4708 27.0803 209.121
54.5997 62.5625 55.6589 27.1301 208.933
54.6997 62.5124 55.8472 27.1798 208.745
54.7997 62.4622 56.0358 27.2296 208.556
54.8997 62.412 56.2246 27.2794 208.368
54.9997 62.3618 56.4136 27.3291 208.179
55.0997 62.3117 56.6029 27.3789 207.989
55.1997 62.2615 56.7924 27.4286 207.8
55.2997 62.2113 56.9821 27.4784 207.61
55.3997 62.1612 57.172 27.5282 207.42
55.4997 62.111 57.3622 27.5779 207.23
55.5997 62.0608 57.5526 27.6277 207.04
55.6997 62.0107 57.7432 27.6775 206.849
55.7997 61.9605 57.9341 27.7272 206.658
55.8997 61.9104 58.1252 27.777 206.467
55.9997 61.8602 58.3165 27.8267 206.276
56.0997 61.81 58.508 27.8765 206.084
56.1997 61.7599 58.6998 27.9263 205.893
56.2997 61.7097 58.8917 27.976 205.701
56.3997 61.6595 59.0839 28.0258 205.508
56.4997 61.6094 59.2764 28.0756 205.316
56.5997 61.5592 59.469 28.1253 205.123
56.6997 61.5091 59.6619 28.1751 204.93
56.7997 61.4589 59.855 28.2249 204.737
56.8997 61.4087 60.0483 28.2746 204.544
56.9997 61.3586 60.2418 28.3244 204.35
57.0997 61.3084 60.4356 28.3742 204.157
57.1997 61.2583 60.6296 28.4239 203.963
57.2997 61.2081 60.8238 28.4737 203.768
57.3997 61.1579 61.0182 28.5235 203.574
57.4997 61.1078 61.2128 28.5732 203.379
57.5997 61.0576 61.4076 28.623 203.185
57.6997 61.0075 61.6027 28.6728 202.99
57.7997 60.9573 61.798 28.7225 202.794
57.8997 60.9072 61.9935 28.7723 202.599
57.9997 60.857 62.1892 28.8221 202.403
58.0997 60.8069 62.3851 28.8719 202.207
58.1997 60.7567 62.5812 28.9216 202.011
58.2997 60.7065 62.7776 28.9714 201.815
58.3997 60.6564 62.9741 29.0212 201.618
58.4997 60.6062 63.1709 29.0709 201.421
58.5997 60.5561 63.3679 29.1207 201.224
58.6997 60.5059 63.565 29.1705 201.027
58.7997 60.4558 63.7624 29.2203 200.83
58.8997 60.4056 63.96 29.27 200.632
58.9997 60.3555 64.1579 29.3198 200.434
59.0997 60.3053 64.3559 29.3696 200.236
59.1997 60.2552 64.5541 29.4194 200.038
59.2997 60.205 64.7525 29.4691 199.84
59.3997 60.1549 64.9512 29.5189 199.641
59.4997 60.1047 65.15 29.5687 199.442
59.5997 60.0546 65.3491 29.6185 199.243
59.6997 60.0044 65.5483 29.6682 199.044
59.7997 59.9543 65.7478 29.718 198.844
59.8997 59.9041 65.9474 29.7678 198.645
59.9997 59.854 66.1473 29.8176 198.445
60.0997 59.8039 66.3474 29.8673 198.245
60.1997 59.7537 66.5476 29.9171 198.045
60.2997 59.7036 66.7481 29.9669 197.844
60.3997 59.6534 66.9487 30.0167 197.644
60.4996 59.6033 67.1496 30.0665 197.443
60.5996 59.5531 67.3507 30.1162 197.242
60.6996 59.503 67.5519 30.166 197.04
60.7996 59.4528 67.7534 30.2158 196.839
60.8996 59.4027 67.955 30.2656 196.637
60.9996 59.3526 68.1569 30.3154 196.435
61.0996 59.3024 68.3589 30.3651 196.233
61.1996 59.2523 68.5612 30.4149 196.031
61.2996 59.2021 68.7636 30.4647 195.829
61.3996 59.152 68.9662 30.5145 195.626
61.4996 59.1019 69.169 30.5643 195.423
61.5996 59.0517 69.3721 30.6141 195.22
61.6996 59.0016 69.5753 30.6638 195.017
61.7996 58.9514 69.7787 30.7136 194.814
61.8996 58.9013 69.9822 30.7634 194.61
61.9996 58.8512 70.186 30.8132 194.406
62.0996 58.801 70.39 30.863 194.202
62.1996 58.7509 70.5941 30.9128 193.998
62.2996 58.7008 70.7985 30.9626 193.794
62.3996 58.6506 71.003 31.0123 193.589
62.4996 58.6005 71.2077 31.0621 193.385
62.5996 58.5504 71.4126 31.1119 193.18
62.6996 58.5002 71.6177 31.1617 192.975
62.7996 58.4501 71.823 31.2115 192.769
62.8996 58.4 72.0284 31.2613 192.564
62.9996 58.3498 72.2341 31.3111 192.358
63.0996 58.2997 72.4399 31.3609 192.152
63.1996 58.2496 72.6459 31.4106 191.946
63.2996 58.1994 72.8521 31.4604 191.74
63.3996 58.1493 73.0584 31.5102 191.534
63.4996 58.0992 73.265 31.56 191.327
63.5996 58.049 73.4717 31.6098 191.121
63.6996 57.9989 73.6786 31.6596 190.914
63.7996 57.9488 73.8857 31.7094 190.707
63.8996 57.8987 74.093 31.7592 190.499
63.9996 57.8485 74.3004 31.809 190.292
64.0996 57.7984 74.508 31.8588 190.084
64.1996 57.7483 74.7158 31.9086 189.876
64.2996 57.6981 74.9238 31.9584 189.668
64.3996 57.648 75.1319 32.0081 189.46
64.4996 57.5979 75.3402 32.0579 189.252
64.5996 57.5478 75.5487 32.1077 189.044
64.6996 57.4976 75.7574 32.1575 188.835
64.7996 57.4475 75.9662 32.2073 188.626
64.8996 57.3974 76.1752 32.2571 188.417
64.9996 57.3473 76.3844 32.3069 188.208
65.0996 57.2972 76.5937 32.3567 187.999
65.1996 57.247 76.8033 32.4065 187.789
65.2996 57.1969 77.0129 32.4563 187.579
65.3996 57.1468 77.2228 32.5061 187.369
65.4996 57.0967 77.4328 32.5559 187.159
65.5996 57.0465 77.643 32.6057 186.949
65.6996 56.9964 77.8534 32.6555 186.739
65.7996 56.9463 78.0639 32.7053 186.528
65.8996 56.8962 78.2746 32.7551 186.318
65.9996 56.8461 78.4854 32.8049 186.107
66.0996 56.796 78.6964 32.8547 185.896
66.1996 56.7458 78.9076 32.9045 185.685
66.2996 56.6957 79.119 32.9543 185.473
66.3996 56.6456 79.3305 33.0041 185.262
66.4996 56.5955 79.5421 33.0539 185.05
66.5996 56.5454 79.754 33.1037 184.838
66.6996 56.4953 79.9659 33.1535 184.626
66.7996 56.4451 80.1781 33.2033 184.414
66.8996 56.395 80.3904 33.2531 184.202
66.9995 56.3449 80.6029 33.3029 183.989
67.0995 56.2948 80.8155 33.3527 183.777
67.1995 56.2447 81.0283 33.4025 183.564
67.2995 56.1946 81.2412 33.4523 183.351
67.3995 56.1445 81.4543 33.5021 183.138
67.4995 56.0943 81.6675 33.5519 182.925
67.5995 56.0442 81.8809 33.6017 182.711
67.6995 55.9941 82.0945 33.6516 182.498
67.7995 55.944 82.3082 33.7014 182.284
67.8995 55.8939 82.522 33.7512 182.07
67.9995 55.8438 82.736 33.801 181.856
68.0995 55.7937 82.9502 33.8508 181.642
68.1995 55.7436 83.1645 33.9006 181.428
68.2995 55.6935 83.379 33.9504 181.213
68.3995 55.6434 83.5936 34.0002 180.999
68.4995 55.5933 83.8083 34.05 180.784
68.5995 55.5432 84.0232 34.0998 180.569
68.6995 55.493 84.2383 34.1496 180.354
68.7995 55.4429 84.4535 34.1995 180.139
68.8995 55.3928 84.6688 34.2493 179.923
68.9995 55.3427 84.8843 34.2991 179.708
69.0995 55.2926 85.0999 34.3489 179.492
69.1995 55.2425 85.3157 34.3987 179.277
69.2995 55.1924 85.5316 34.4485 179.061
69.3995 55.1423 85.7477 34.4983 178.845
69.4995 55.0922 85.9639 34.5481 178.628
69.5995 55.0421 86.1802 34.5979 178.412
69.6995 54.992 86.3967 34.6478 178.196
69.7995 54.9419 86.6133 34.6976 177.979
69.8995 54.8918 86.8301 34.7474 177.762
69.9995 54.8417 87.047 34.7972 177.545
70.0995 54.7916 87.264 34.847 177.328
70.1995 54.7415 87.4812 34.8968 177.111
70.2995 54.6914 87.6985 34.9467 176.894
70.3995 54.6413 87.916 34.9965 176.676
70.4995 54.5912 88.1336 35.0463 176.459
70.5995 54.5411 88.3513 35.0961 176.241
70.6995 54.491 88.5691 35.1459 176.023
70.7995 54.4409 88.7871 35.1957 175.805
70.8995 54.3908 89.0052 35.2456 175.587
70.9995 54.3408 89.2235 35.2954 175.369
71.0995 54.2907 89.4419 35.3452 175.15
71.1995 54.2406 89.6604 35.395 174.932
71.2995 54.1905 89.879 35.4448 174.713
71.3995 54.1404 90.0978 35.4947 174.494
71.4995 54.0903 90.3167 35.5445 174.276
71.5995 54.0402 90.5357 35.5943 174.057
71.6995 53.9901 90.7549 35.6441 173.837
71.7995 53.94 90.9742 35.6939 173.618
71.8995 53.8899 91.1936 35.7438 173.399
71.9995 53.8398 91.4131 35.7936 173.179
72.0995 53.7897 91.6328 35.8434 172.959
72.1995 53.7397 91.8525 35.8932 172.74
72.2995 53.6896 92.0725 35.9431 172.52
72.3995 53.6395 92.2925 35.9929 172.3
72.4995 53.5894 92.5126 36.0427 172.08
72.5995 53.5393 92.7329 36.0925 171.859
72.6995 53.4892 92.9533 36.1424 171.639
72.7995 53.4391 93.1738 36.1922 171.418
72.8995 53.389 93.3944 36.242 171.198
72.9995 53.339 93.6152 36.2918 170.977
73.0995 53.2889 93.836 36.3417 170.756
73.1995 53.2388 94.057 36.3915 170.535
73.2995 53.1887 94.2781 36.4413 170.314
73.3995 53.1386 94.4993 36.4911 170.093
73.4995 53.0885 94.7207 36.541 169.872
73.5994 53.0385 94.9421 36.5908 169.65
73.6994 52.9884 95.1637 36.6406 169.429
73.7994 52.9383 95.3853 36.6905 169.207
73.8994 52.8882 95.6071 36.7403 168.985
73.9994 52.8381 95.829 36.7901 168.763
74.0994 52.7881 96.051 36.8399 168.541
74.1994 52.738 96.2731 36.8898 168.319
74.2994 52.6879 96.4954 36.9396 168.097
74.3994 52.6378 96.7177 36.9894 167.875
74.4994 52.5878 96.9402 37.0393 167.652
74.5994 52.5377 97.1627 37.0891 167.43
74.6994 52.4876 97.3854 37.1389 167.207
74.7994 52.4375 97.6081 37.1888 166.984
74.8994 52.3874 97.831 37.2386 166.761
74.9994 52.3374 98.054 37.2884 166.538
75.0994 52.2873 98.2771 37.3383 166.315
75.1994 52.2372 98.5002 37.3881 166.092
75.2994 52.1871 98.7235 37.4379 165.869
75.3994 52.1371 98.9469 37.4878 165.645
75.4994 52.087 99.1704 37.5376 165.422
75.5994 52.0369 99.394 37.5874 165.198
75.6994 51.9869 99.6177 37.6373 164.975
75.7994 51.9368 99.8415 37.6871 164.751
75.8994 51.8867 100.065 37.737 164.527
75.9994 51.8366 100.289 37.7868 164.303
76.0994 51.7866 100.513 37.8366 164.079
76.1994 51.7365 100.738 37.8865 163.855
76.2994 51.6864 100.962 37.9363 163.63
76.3994 51.6364 101.186 37.9862 163.406
76.4994 51.5863 101.411 38.036 163.182
76.5994 51.5362 101.635 38.0858 162.957
76.6994 51.4862 101.86 38.1357 162.732
76.7994 51.4361 102.085 38.1855 162.508
76.8994 51.386 102.31 38.2354 162.283
76.9994 51.336 102.534 38.2852 162.058
77.0994 51.2859 102.76 38.335 161.833
77.1994 51.2359 102.985 38.3849 161.608
77.2994 51.1858 103.21 38.4347 161.382
77.3994 51.1357 103.435 38.4846 161.157
77.4994 51.0857 103.661 38.5344 160.932
77.5994 51.0356 103.886 38.5842 160.706
77.6994 50.9855 104.112 38.6341 160.481
77.7994 50.9355 104.337 38.6839 160.255
77.8994 50.8854 104.563 38.7338 160.029
77.9994 50.8354 104.789 38.7836 159.804
78.0994 50.7853 105.015 38.8335 159.578
78.1994 50.7352 105.241 38.8833 159.352
78.2994 50.6852 105.467 38.9332 159.126
78.3994 50.6351 105.693 38.983 158.9
78.4994 50.5851 105.919 39.0329 158.673
78.5994 50.535 106.145 39.0827 158.447
78.6994 50.485 106.372 39.1326 158.221
78.7994 50.4349 106.598 39.1824 157.994
78.8994 50.3848 106.825 39.2322 157.768
78.9994 50.3348 107.051 39.2821 157.541
79.0994 50.2847 107.278 39.3319 157.314
79.1994 50.2347 107.505 39.3818 157.088
79.2994 50.1846 107.732 39.4316 156.861
79.3994 50.1346 107.958 39.4815 156.634
79.4994 50.0845 108.185 39.5313 156.407
79.5994 50.0345 108.413 39.5812 156.18
79.6994 49.9844 108.64 39.631 155.953
79.7994 49.9344 108.867 39.6809 155.725
79.8994 49.8843 109.094 39.7308 155.498
79.9994 49.8343 109.322 39.7806 155.271
80.0993 49.7842 109.549 39.8305 155.043
80.1993 49.7342 109.776 39.8803 154.816
80.2993 49.6841 110.004 39.9302 154.588
80.3993 49.6341 110.232 39.98 154.361
80.4993 49.584 110.459 40.0299 154.133
80.5993 49.534 110.687 40.0797 153.905
80.6993 49.4839 110.915 40.1296 153.677
80.7993 49.4339 111.143 40.1794 153.449
80.8993 49.3838 111.371 40.2293 153.221
80.9993 49.3338 111.599 40.2791 152.993
81.0993 49.2838 111.827 40.329 152.765
81.1993 49.2337 112.055 40.3789 152.537
81.2993 49.1837 112.283 40.4287 152.309
81.3993 49.1336 112.512 40.4786 152.081
81.4993 49.0836 112.74 40.5284 151.852
81.5993 49.0335 112.968 40.5783 151.624
81.6993 48.9835 113.197 40.6281 151.396
81.7993 48.9335 113.425 40.678 151.167
81.8993 48.8834 113.654 40.7279 150.939
81.9993 48.8334 113.882 40.7777 150.71
82.0993 48.7833 114.111 40.8276 150.481
82.1993 48.7333 114.34 40.8774 150.252
82.2993 48.6833 114.569 40.9273 150.024
82.3993 48.6332 114.797 40.9772 149.795
82.4993 48.5832 115.026 41.027 149.566
82.5993 48.5332 115.255 41.0769 149.337
82.6993 48.4831 115.484 41.1268 149.108
82.7993 48.4331 115.713 41.1766 148.879
82.8993 48.383 115.942 41.2265 148.65
82.9993 48.333 116.172 41.2763 148.421
83.0993 48.283 116.401 41.3262 148.192
83.1993 48.2329 116.63 41.3761 147.962
83.2993 48.1829 116.859 41.4259 147.733
83.3993 48.1329 117.089 41.4758 147.504
83.4993 48.0828 117.318 41.5257 147.274
83.5993 48.0328 117.547 41.5755 147.045
83.6993 47.9828 117.777 41.6254 146.815
83.7993 47.9328 118.006 41.6753 146.586
83.8993 47.8827 118.236 41.7251 146.356
83.9993 47.8327 118.466 41.775 146.127
84.0993 47.7827 118.695 41.8249 145.897
84.1993 47.7326 118.925 41.8747 145.667
84.2993 47.6826 119.155 41.9246 145.438
84.3993 47.6326 119.384 41.9745 145.208
84.4993 47.5826 119.614 42.0243 144.978
84.5993 47.5325 119.844 42.0742 144.748
84.6993 47.4825 120.074 42.1241 144.518
84.7993 47.4325 120.304 42.1739 144.288
84.8993 47.3825 120.534 42.2238 144.058
84.9993 47.3324 120.764 42.2737 143.828
85.0993 47.2824 120.994 42.3236 143.598
85.1993 47.2324 121.224 42.3734 143.368
85.2993 47.1824 121.454 42.4233 143.138
85.3993 47.1323 121.684 42.4732 142.908
85.4993 47.0823 121.914 42.523 142.678
85.5993 47.0323 122.145 42.5729 142.448
85.6993 46.9823 122.375 42.6228 142.217
85.7993 46.9323 122.605 42.6727 141.987
85.8993 46.8822 122.835 42.7225 141.757
85.9993 46.8322 123.066 42.7724 141.527
86.0993 46.7822 123.296 42.8223 141.296
86.1993 46.7322 123.526 42.8721 141.066
86.2993 46.6822 123.757 42.922 140.835
86.3993 46.6321 123.987 42.9719 140.605
86.4993 46.5821 124.218 43.0218 140.374
86.5993 46.5321 124.448 43.0717 140.144
86.6992 46.4821 124.679 43.1215 139.914
86.7992 46.4321 124.909 43.1714 139.683
86.8992 46.3821 125.14 43.2213 139.452
86.9992 46.332 125.37 43.2712 139.222
87.0992 46.282 125.601 43.321 138.991
87.1992 46.232 125.832 43.3709 138.761
87.2992 46.182 126.062 43.4208 138.53
87.3992 46.132 126.293 43.4707 138.299
87.4992 46.082 126.524 43.5205 138.069
87.5992 46.032 126.754 43.5704 137.838
87.6992 45.982 126.985 43.6203 137.607
87.7992 45.932 127.216 43.6702 137.377
87.8992 45.8819 127.446 43.7201 137.146
87.9992 45.8319 127.677 43.7699 136.915
88.0992 45.7819 127.908 43.8198 136.684
88.1992 45.7319 128.139 43.8697 136.454
88.2992 45.6819 128.369 43.9196 136.223
88.3992 45.6319 128.6 43.9695 135.992
88.4992 45.5819 128.831 44.0194 135.761
88.5992 45.5319 129.062 44.0692 135.53
88.6992 45.4819 129.293 44.1191 135.3
88.7992 45.4319 129.524 44.169 135.069
88.8992 45.3819 129.754 44.2189 134.838
88.9992 45.3319 129.985 44.2688 134.607
89.0992 45.2819 130.216 44.3186 134.376
89.1992 45.2319 130.447 44.3685 134.145
89.2992 45.1819 130.678 44.4184 133.914
89.3992 45.1319 130.909 44.4683 133.683
89.4992 45.0819 131.14 44.5182 133.453
89.5992 45.0319 131.371 44.5681 133.222
89.6992 44.9819 131.601 44.618 132.991
89.7992 44.9319 131.832 44.6678 132.76
89.8992 44.8819 132.063 44.7177 132.529
89.9992 44.8319 132.294 44.7676 132.298
90.0992 44.7819 132.525 44.8175 132.067
90.1992 44.7319 132.756 44.8674 131.836
90.2992 44.6819 132.987 44.9173 131.605
90.3992 44.6319 133.218 44.9672 131.375
90.4992 44.5819 133.449 45.0171 131.144
90.5992 44.5319 133.679 45.0669 130.913
90.6992 44.4819 133.91 45.1168 130.682
90.7992 44.4319 134.141 45.1667 130.451
90.8992 44.3819 134.372 45.2166 130.22
90.9992 44.3319 134.603 45.2665 129.989
91.0992 44.2819 134.834 45.3164 129.758
91.1992 44.2319 135.065 45.3663 129.528
91.2992 44.1819 135.296 45.4162 129.297
91.3992 44.1319 135.526 45.4661 129.066
91.4992 44.0819 135.757 45.516 128.835
91.5992 44.032 135.988 45.5659 128.604
91.6992 43.982 136.219 45.6157 128.373
91.7992 43.932 136.45 45.6656 128.143
91.8992 43.882 136.68 45.7155 127.912
91.9992 43.832 136.911 45.7654 127.681
92.0992 43.782 137.142 45.8153 127.45
92.1992 43.732 137.373 45.8652 127.22
92.2992 43.682 137.603 45.9151 126.989
92.3992 43.6321 137.834 45.965 126.758
92.4992 43.5821 138.065 46.0149 126.528
92.5992 43.5321 138.295 46.0648 126.297
92.6992 43.4821 138.526 46.1147 126.066
92.7992 43.4321 138.757 46.1646 125.836
92.8992 43.3821 138.987 46.2145 125.605
92.9992 43.3321 139.218 46.2644 125.374
93.0992 43.2822 139.448 46.3143 125.144
93.1992 43.2322 139.679 46.3642 124.913
93.2991 43.1822 139.909 46.4141 124.683
93.3991 43.1322 140.14 46.464 124.452
93.4991 43.0822 140.37 46.5139 124.222
93.5991 43.0323 140.601 46.5638 123.991
93.6991 42.9823 140.831 46.6136 123.761
93.7991 42.9323 141.062 46.6635 123.531
93.8991 42.8823 141.292 46.7134 123.3
93.9991 42.8323 141.522 46.7633 123.07
94.0991 42.7824 141.753 46.8132 122.839
94.1991 42.7324 141.983 46.8631 122.609
94.2991 42.6824 142.213 46.913 122.379
94.3991 42.6324 142.444 46.9629 122.149
94.4991 42.5825 142.674 47.0128 121.918
94.5991 42.5325 142.904 47.0627 121.688
94.6991 42.4825 143.134 47.1126 121.458
94.7991 42.4325 143.364 47.1625 121.228
94.8991 42.3826 143.594 47.2124 120.998
94.9991 42.3326 143.824 47.2624 120.768
95.0991 42.2826 144.054 47.3123 120.538
95.1991 42.2326 144.284 47.3622 120.308
95.2991 42.1827 144.514 47.4121 120.078
95.3991 42.1327 144.744 47.462 119.848
95.4991 42.0827 144.974 47.5119 119.618
95.5991 42.0328 145.204 47.5618 119.389
95.6991 41.9828 145.434 47.6117 119.159
95.7991 41.9328 145.663 47.6616 118.929
95.8991 41.8829 145.893 47.7115 118.699
95.9991 41.8329 146.123 47.7614 118.47
96.0991 41.7829 146.352 47.8113 118.24
96.1991 41.733 146.582 47.8612 118.01
96.2991 41.683 146.811 47.9111 117.781
96.3991 41.633 147.041 47.961 117.551
96.4991 41.5831 147.27 48.0109 117.322
96.5991 41.5331 147.5 48.0608 117.093
96.6991 41.4831 147.729 48.1107 116.863
96.7991 41.4332 147.958 48.1606 116.634
96.8991 41.3832 148.188 48.2105 116.405
96.9991 41.3332 148.417 48.2604 116.176
97.0991 41.2833 148.646 48.3104 115.946
97.1991 41.2333 148.875 48.3603 115.717
97.2991 41.1834 149.104 48.4102 115.488
97.3991 41.1334 149.333 48.4601 115.259
97.4991 41.0834 149.562 48.51 115.03
97.5991 41.0335 149.791 48.5599 114.801
97.6991 40.9835 150.02 48.6098 114.573
97.7991 40.9336 150.248 48.6597 114.344
97.8991 40.8836 150.477 48.7096 114.115
97.9991 40.8336 150.706 48.7595 113.886
98.0991 40.7837 150.935 48.8094 113.658
98.1991 40.7337 151.163 48.8594 113.429
98.2991 40.6838 151.392 48.9093 113.201
98.3991 40.6338 151.62 48.9592 112.972
98.4991 40.5839 151.848 49.0091 112.744
98.5991 40.5339 152.077 49.059 112.516
98.6991 40.4839 152.305 49.1089 112.287
98.7991 40.434 152.533 49.1588 112.059
98.8991 40.384 152.761 49.2087 111.831
98.9991 40.3341 152.989 49.2586 111.603
99.0991 40.2841 153.217 49.3086 111.375
99.1991 40.2342 153.445 49.3585 111.147
99.2991 40.1842 153.673 49.4084 110.919
99.3991 40.1343 153.901 49.4583 110.691
99.4991 40.0843 154.129 49.5082 110.463
99.5991 40.0344 154.357 49.5581 110.236
99.6991 39.9844 154.584 49.608 110.008
99.799 39.9345 154.812 49.6579 109.78
99.899 39.8845 155.039 49.7079 109.553
99.999 39.8346 155.267 49.7578 109.326
100.099 39.7846 155.494 49.8077 109.098
100.199 39.7347 155.721 49.8576 108.871
100.299 39.6847 155.949 49.9075 108.644
100.399 39.6348 156.176 49.9574 108.417
100.499 39.5849 156.403 50.0074 108.189
100.599 39.5349 156.63 50.0573 107.962
100.699 39.485 156.857 50.1072 107.736
100.799 39.435 157.084 50.1571 107.509
100.899 39.3851 157.31 50.207 107.282
100.999 39.3351 157.537 50.2569 107.055
101.099 39.2852 157.764 50.3068 106.829
101.199 39.2353 157.99 50.3568 106.602
101.299 39.1853 158.217 50.4067 106.376
101.399 39.1354 158.443 50.4566 106.149
101.499 39.0854 158.669 50.5065 105.923
101.599 39.0355 158.896 50.5564 105.697
101.699 38.9856 159.122 50.6064 105.471
101.799 38.9356 159.348 50.6563 105.245
101.899 38.8857 159.574 50.7062 105.019
101.999 38.8357 159.8 50.7561 104.793
102.099 38.7858 160.025 50.806 104.567
102.199 38.7359 160.251 50.8559 104.341
102.299 38.6859 160.477 50.9059 104.115
102.399 38.636 160.702 50.9558 103.89
102.499 38.5861 160.928 51.0057 103.664
102.599 38.5361 161.153 51.0556 103.439
102.699 38.4862 161.378 51.1055 103.214
102.799 38.4363 161.604 51.1555 102.989
102.899 38.3863 161.829 51.2054 102.763
102.999 38.3364 162.054 51.2553 102.538
103.099 38.2865 162.279 51.3052 102.313
103.199 38.2365 162.504 51.3552 102.089
103.299 38.1866 162.728 51.4051 101.864
103.399 38.1367 162.953 51.455 101.639
103.499 38.0867 163.178 51.5049 101.415
103.599 38.0368 163.402 51.5548 101.19
103.699 37.9869 163.626 51.6048 100.966
103.799 37.937 163.851 51.6547 100.742
103.899 37.887 164.075 51.7046 100.517
103.999 37.8371 164.299 51.7545 100.293
104.099 37.7872 164.523 51.8044 100.069
104.199 37.7372 164.747 51.8544 99.8454
104.299 37.6873 164.971 51.9043 99.6216
104.399 37.6374 165.194 51.9542 99.3979
104.499 37.5875 165.418 52.0041 99.1743
104.599 37.5375 165.641 52.0541 98.9508
104.699 37.4876 165.865 52.104 98.7274
104.799 37.4377 166.088 52.1539 98.5041
104.899 37.3878 166.311 52.2038 98.281
104.999 37.3378 166.534 52.2538 98.0579
105.099 37.2879 166.757 52.3037 97.8349
105.199 37.238 166.98 52.3536 97.612
105.299 37.1881 167.203 52.4035 97.3893
105.399 37.1382 167.426 52.4535 97.1666
105.499 37.0882 167.648 52.5034 96.944
105.599 37.0383 167.871 52.5533 96.7216
105.699 36.9884 168.093 52.6032 96.4993
105.799 36.9385 168.315 52.6532 96.277
105.899 36.8886 168.537 52.7031 96.0549
105.999 36.8386 168.759 52.753 95.8329
106.099 36.7887 168.981 52.8029 95.611
106.199 36.7388 169.203 52.8529 95.3892
106.299 36.6889 169.425 52.9028 95.1675
106.399 36.639 169.646 52.9527 94.946
106.499 36.5891 169.868 53.0026 94.7245
106.599 36.5392 170.089 53.0526 94.5032
106.699 36.4892 170.31 53.1025 94.282
106.799 36.4393 170.531 53.1524 94.0609
106.899 36.3894 170.752 53.2023 93.8399
106.999 36.3395 170.973 53.2523 93.619
107.099 36.2896 171.194 53.3022 93.3983
107.199 36.2397 171.415 53.3521 93.1777
107.299 36.1898 171.635 53.4021 92.9571
107.399 36.1399 171.856 53.452 92.7368
107.499 36.0899 172.076 53.5019 92.5165
107.599 36.04 172.296 53.5518 92.2963
107.699 35.9901 172.516 53.6018 92.0763
107.799 35.9402 172.736 53.6517 91.8564
107.899 35.8903 172.956 53.7016 91.6366
107.999 35.8404 173.175 53.7515 91.417
108.099 35.7905 173.395 53.8015 91.1974
108.199 35.7406 173.614 53.8514 90.978
108.299 35.6907 173.834 53.9013 90.7587
108.399 35.6408 174.053 53.9513 90.5396
108.499 35.5909 174.272 54.0012 90.3205
108.599 35.541 174.491 54.0511 90.1016
108.699 35.4911 174.709 54.101 89.8829
108.799 35.4412 174.928 54.151 89.6642
108.899 35.3912 175.147 54.2009 89.4457
108.999 35.3413 175.365 54.2508 89.2273
109.099 35.2914 175.583 54.3008 89.0091
109.199 35.2415 175.801 54.3507 88.791
109.299 35.1916 176.019 54.4006 88.573
109.399 35.1417 176.237 54.4505 88.3551
109.499 35.0918 176.455 54.5005 88.1374
109.599 35.0419 176.672 54.5504 87.9198
109.699 34.992 176.89 54.6003 87.7023
109.799 34.9421 177.107 54.6503 87.485
109.899 34.8922 177.324 54.7002 87.2679
109.999 34.8423 177.541 54.7501 87.0508
110.099 34.7924 177.758 54.8001 86.8339
110.199 34.7425 177.975 54.85 86.6171
110.299 34.6926 178.192 54.8999 86.4005
110.399 34.6428 178.408 54.9498 86.184
110.499 34.5929 178.625 54.9998 85.9677
110.599 34.543 178.841 55.0497 85.7515
110.699 34.4931 179.057 55.0996 85.5354
110.799 34.4432 179.273 55.1496 85.3195
110.899 34.3933 179.489 55.1995 85.1037
110.999 34.3434 179.704 55.2494 84.8881
111.099 34.2935 179.92 55.2994 84.6726
111.199 34.2436 180.135 55.3493 84.4572
111.299 34.1937 180.35 55.3992 84.242
111.399 34.1438 180.565 55.4491 84.027
111.499 34.0939 180.78 55.4991 83.8121
111.599 34.044 180.995 55.549 83.5973
111.699 33.9941 181.21 55.5989 83.3827
111.799 33.9443 181.424 55.6489 83.1683
111.899 33.8944 181.638 55.6988 82.9539
111.999 33.8445 181.852 55.7487 82.7398
112.099 33.7946 182.066 55.7987 82.5258
112.199 33.7447 182.28 55.8486 82.3119
112.299 33.6948 182.494 55.8985 82.0982
112.399 33.6449 182.708 55.9484 81.8847
112.499 33.595 182.921 55.9984 81.6713
112.599 33.5452 183.134 56.0483 81.458
112.699 33.4953 183.347 56.0982 81.2449
112.799 33.4454 183.56 56.1482 81.032
112.899 33.3955 183.773 56.1981 80.8192
112.999 33.3456 183.986 56.248 80.6066
113.099 33.2957 184.198 56.298 80.3941
113.199 33.2458 184.41 56.3479 80.1818
113.299 33.196 184.623 56.3978 79.9697
113.399 33.1461 184.835 56.4478 79.7577
113.499 33.0962 185.046 56.4977 79.5459
113.599 33.0463 185.258 56.5476 79.3342
113.699 32.9964 185.47 56.5975 79.1227
113.799 32.9466 185.681 56.6475 78.9113
113.899 32.8967 185.892 56.6974 78.7002
113.999 32.8468 186.103 56.7473 78.4891
114.099 32.7969 186.314 56.7973 78.2783
114.199 32.747 186.525 56.8472 78.0676
114.299 32.6972 186.735 56.8971 77.8571
114.399 32.6473 186.946 56.9471 77.6467
114.499 32.5974 187.156 56.997 77.4365
114.599 32.5475 187.366 57.0469 77.2265
114.699 32.4977 187.576 57.0968 77.0166
114.799 32.4478 187.785 57.1468 76.8069
114.899 32.3979 187.995 57.1967 76.5974
114.999 32.348 188.204 57.2466 76.3881
115.099 32.2982 188.413 57.2966 76.1789
115.199 32.2483 188.622 57.3465 75.9699
115.299 32.1984 188.831 57.3964 75.7611
115.399 32.1485 189.04 57.4464 75.5524
115.499 32.0987 189.248 57.4963 75.3439
115.599 32.0488 189.457 57.5462 75.1356
115.699 31.9989 189.665 57.5961 74.9274
115.799 31.9491 189.873 57.6461 74.7195
115.899 31.8992 190.081 57.696 74.5117
115.999 31.8493 190.288 57.7459 74.304
116.099 31.7994 190.496 57.7959 74.0966
116.199 31.7496 190.703 57.8458 73.8893
116.299 31.6997 190.91 57.8957 73.6823
116.399 31.6498 191.117 57.9456 73.4753
116.499 31.6 191.324 57.9956 73.2686
116.599 31.5501 191.53 58.0455 73.0621
116.699 31.5002 191.737 58.0954 72.8557
116.799 31.4504 191.943 58.1454 72.6495
116.899 31.4005 192.149 58.1953 72.4435
116.999 31.3506 192.355 58.2452 72.2377
117.099 31.3008 192.56 58.2951 72.032
117.199 31.2509 192.766 58.3451 71.8266
117.299 31.201 192.971 58.395 71.6213
117.399 31.1512 193.176 58.4449 71.4162
117.499 31.1013 193.381 58.4949 71.2113
117.599 31.0515 193.586 58.5448 71.0066
117.699 31.0016 193.79 58.5947 70.8021
117.799 30.9517 193.995 58.6446 70.5977
117.899 30.9019 194.199 58.6946 70.3936
117.999 30.852 194.403 58.7445 70.1896
118.099 30.8022 194.606 58.7944 69.9858
118.199 30.7523 194.81 58.8443 69.7822
118.299 30.7024 195.013 58.8943 69.5788
118.399 30.6526 195.217 58.9442 69.3756
118.499 30.6027 195.42 58.9941 69.1726
118.599 30.5529 195.622 59.044 68.9698
118.699 30.503 195.825 59.094 68.7672
118.799 30.4531 196.028 59.1439 68.5647
118.899 30.4033 196.23 59.1938 68.3625
118.999 30.3534 196.432 59.2437 68.1604
119.099 30.3036 196.634 59.2937 67.9586
119.199 30.2537 196.835 59.3436 67.7569
119.299 30.2039 197.037 59.3935 67.5555
119.399 30.154 197.238 59.4434 67.3542
119.499 30.1042 197.439 59.4934 67.1532
119.599 30.0543 197.64 59.5433 66.9523
119.699 30.0044 197.841 59.5932 66.7516
119.799 29.9546 198.041 59.6431 66.5512
119.899 29.9047 198.241 59.6931 66.3509
119.999 29.8549 198.441 59.743 66.1508
120.099 29.805 198.641 59.7929 65.951
120.199 29.7552 198.841 59.8428 65.7513
120.299 29.7053 199.04 59.8928 65.5518
120.399 29.6555 199.24 59.9427 65.3526
120.499 29.6056 199.439 59.9926 65.1535
120.599 29.5558 199.638 60.0425 64.9547
120.699 29.5059 199.836 60.0924 64.756
120.799 29.4561 200.035 60.1424 64.5576
120.899 29.4062 200.233 60.1923 64.3594
120.999 29.3564 200.431 60.2422 64.1614
121.099 29.3065 200.629 60.2921 63.9635
121.199 29.2567 200.826 60.342 63.7659
121.299 29.2069 201.024 60.392 63.5685
121.399 29.157 201.221 60.4419 63.3713
121.499 29.1072 201.418 60.4918 63.1744
121.599 29.0573 201.615 60.5417 62.9776
121.699 29.0075 201.811 60.5916 62.781
121.799 28.9576 202.008 60.6416 62.5847
121.899 28.9078 202.204 60.6915 62.3886
121.999 28.8579 202.4 60.7414 62.1926
122.099 28.8081 202.595 60.7913 61.9969
122.199 28.7583 202.791 60.8412 61.8014
122.299 28.7084 202.986 60.8911 61.6062
122.399 28.6586 203.181 60.9411 61.4111
122.499 28.6087 203.376 60.991 61.2163
122.599 28.5589 203.571 61.0409 61.0216
122.699 28.509 203.765 61.0908 60.8272
122.799 28.4592 203.959 61.1407 60.633
122.899 28.4094 204.153 61.1906 60.439
122.999 28.3595 204.347 61.2405 60.2453
123.099 28.3097 204.541 61.2905 60.0517
123.199 28.2599 204.734 61.3404 59.8584
123.299 28.21 204.927 61.3903 59.6653
123.399 28.1602 205.12 61.4402 59.4724
123.499 28.1103 205.312 61.4901 59.2798
123.599 28.0605 205.505 61.54 59.0874
123.699 28.0107 205.697 61.5899 58.8951
123.799 27.9608 205.889 61.6398 58.7032
123.899 27.911 206.081 61.6898 58.5114
123.999 27.8612 206.272 61.7397 58.3199
124.099 27.8113 206.464 61.7896 58.1285
124.199 27.7615 206.655 61.8395 57.9375
124.299 27.7117 206.846 61.8894 57.7466
124.399 27.6618 207.036 61.9393 57.556
124.499 27.612 207.227 61.9892 57.3656
124.599 27.5622 207.417 62.0391 57.1754
124.699 27.5123 207.607 62.089 56.9854
124.799 27.4625 207.797 62.1389 56.7957
124.899 27.4127 207.986 62.1888 56.6062
124.999 27.3628 208.175 62.2388 56.417
125.099 27.313 208.364 62.2887 56.2279
125.199 27.2632 208.553 62.3386 56.0391
125.299 27.2134 208.742 62.3885 55.8506
125.399 27.1635 208.93 62.4384 55.6623
125.499 27.1137 209.118 62.4883 55.4742
125.599 27.0639 209.306 62.5382 55.2863
125.699 27.014 209.494 62.5881 55.0987
125.799 26.9642 209.681 62.638 54.9113
125.899 26.9144 209.868 62.6879 54.7241
125.999 26.8646 210.055 62.7378 54.5372
126.099 26.8147 210.242 62.7877 54.3505
126.199 26.7649 210.428 62.8376 54.1641
126.299 26.7151 210.614 62.8875 53.9779
126.399 26.6653 210.8 62.9374 53.7919
126.499 26.6154 210.986 62.9873 53.6062
126.599 26.5656 211.172 63.0372 53.4207
126.699 26.5158 211.357 63.0871 53.2354
126.799 26.466 211.542 63.137 53.0504
126.899 26.4161 211.727 63.1869 52.8656
126.999 26.3663 211.911 63.2368 52.6811
127.099 26.3165 212.095 63.2867 52.4968
127.199 26.2667 212.279 63.3366 52.3128
127.299 26.2169 212.463 63.3865 52.129
127.399 26.167 212.647 63.4364 51.9454
127.499 26.1172 212.83 63.4862 51.7621
127.599 26.0674 213.013 63.5361 51.5791
127.699 26.0176 213.196 63.586 51.3962
127.799 25.9678 213.379 63.6359 51.2137
127.899 25.9179 213.561 63.6858 51.0314
127.999 25.8681 213.743 63.7357 50.8493
128.099 25.8183 213.925 63.7856 50.6674
128.199 25.7685 214.106 63.8355 50.4859
128.299 25.7187 214.288 63.8854 50.3045
128.399 25.6688 214.469 63.9353 50.1234
128.499 25.619 214.65 63.9852 49.9426
128.599 25.5692 214.83 64.0351 49.762
128.699 25.5194 215.011 64.0849 49.5816
128.799 25.4696 215.191 64.1348 49.4015
128.899 25.4197 215.371 64.1847 49.2217
128.999 25.3699 215.55 64.2346 49.0421
129.099 25.3201 215.729 64.2845 48.8628
129.199 25.2703 215.909 64.3344 48.6837
129.299 25.2205 216.087 64.3843 48.5049
129.399 25.1707 216.266 64.4342 48.3263
129.499 25.1208 216.444 64.484 48.148
129.599 25.071 216.622 64.5339 47.97
129.699 25.0212 216.8 64.5838 47.7922
129.799 24.9714 216.978 64.6337 47.6146
129.899 24.9216 217.155 64.6836 47.4374
129.999 24.8718 217.332 64.7334 47.2603
130.099 24.822 217.509 64.7833 47.0836
130.199 24.7721 217.685 64.8332 46.9071
130.299 24.7223 217.861 64.8831 46.7308
130.399 24.6725 218.037 64.933 46.5548
130.499 24.6227 218.213 64.9828 46.3791
130.599 24.5729 218.389 65.0327 46.2036
130.699 24.5231 218.564 65.0826 46.0284
130.799 24.4733 218.739 65.1325 45.8535
130.899 24.4235 218.913 65.1823 45.6788
130.999 24.3737 219.088 65.2322 45.5044
131.099 24.3238 219.262 65.2821 45.3303
131.199 24.274 219.436 65.3319 45.1564
131.299 24.2242 219.609 65.3818 44.9828
131.399 24.1744 219.783 65.4317 44.8094
131.499 24.1246 219.956 65.4815 44.6364
131.599 24.0748 220.129 65.5314 44.4636
131.699 24.025 220.301 65.5813 44.291
131.799 23.9752 220.474 65.6311 44.1187
131.899 23.9254 220.646 65.681 43.9467
131.999 23.8756 220.817 65.7309 43.775
132.099 23.8258 220.989 65.7807 43.6035
132.199 23.776 221.16 65.8306 43.4323
132.299 23.7262 221.331 65.8805 43.2614
132.399 23.6763 221.502 65.9303 43.0907
132.499 23.6265 221.672 65.9802 42.9203
132.599 23.5767 221.842 66.03 42.7502
132.699 23.5269 222.012 66.0799 42.5804
132.799 23.4771 222.181 66.1297 42.4108
132.899 23.4273 222.351 66.1796 42.2415
132.999 23.3775 222.52 66.2295 42.0725
133.099 23.3277 222.689 66.2793 41.9037
133.199 23.2779 222.857 66.3292 41.7353
133.299 23.2281 223.025 66.379 41.5671
133.399 23.1783 223.193 66.4289 41.3992
133.499 23.1285 223.361 66.4787 41.2315
133.599 23.0787 223.528 66.5285 41.0642
133.699 23.0289 223.695 66.5784 40.8971
133.799 22.9791 223.862 66.6282 40.7303
133.899 22.9293 224.029 66.6781 40.5637
133.999 22.8795 224.195 66.7279 40.3975
134.099 22.8297 224.361 66.7778 40.2315
134.199 22.7799 224.526 66.8276 40.0658
134.299 22.7301 224.692 66.8774 39.9004
134.399 22.6803 224.857 66.9273 39.7353
134.499 22.6305 225.022 66.9771 39.5705
134.599 22.5807 225.186 67.027 39.4059
134.699 22.5309 225.351 67.0768 39.2416
134.799 22.4811 225.515 67.1266 39.0776
134.899 22.4313 225.678 67.1765 38.9139
134.999 22.3816 225.842 67.2263 38.7505
135.099 22.3318 226.005 67.2761 38.5873
135.199 22.282 226.168 67.3259 38.4245
135.299 22.2322 226.33 67.3758 38.2619
135.399 22.1824 226.493 67.4256 38.0996
135.499 22.1326 226.655 67.4754 37.9376
135.599 22.0828 226.816 67.5252 37.7759
135.699 22.033 226.978 67.5751 37.6145
135.799 21.9832 227.139 67.6249 37.4534
135.899 21.9334 227.3 67.6747 37.2925
135.999 21.8836 227.46 67.7245 37.132
136.099 21.8338 227.621 67.7743 36.9717
136.199 21.784 227.781 67.8242 36.8117
136.299 21.7342 227.94 67.874 36.6521
136.399 21.6845 228.1 67.9238 36.4927
136.499 21.6347 228.259 67.9736 36.3336
136.599 21.5849 228.417 68.0234 36.1748
136.699 21.5351 228.576 68.0732 36.0163
136.799 21.4853 228.734 68.123 35.858
136.899 21.4355 228.892 68.1728 35.7001
136.999 21.3857 229.05 68.2226 35.5425
137.099 21.3359 229.207 68.2724 35.3851
137.199 21.2861 229.364 68.3222 35.2281
137.299 21.2364 229.521 68.372 35.0713
137.399 21.1866 229.677 68.4218 34.9149
137.499 21.1368 229.834 68.4716 34.7587
137.599 21.087 229.989 68.5214 34.6029
137.699 21.0372 230.145 68.5712 34.4473
137.799 20.9874 230.3 68.621 34.2921
137.899 20.9376 230.455 68.6708 34.1371
137.999 20.8879 230.61 68.7206 33.9824
138.099 20.8381 230.764 68.7704 33.8281
138.199 20.7883 230.918 68.8202 33.674
138.299 20.7385 231.072 68.8699 33.5202
138.399 20.6887 231.225 68.9197 33.3668
138.499 20.6389 231.379 68.9695 33.2136
138.599 20.5892 231.532 69.0193 33.0608
138.699 20.5394 231.684 69.0691 32.9082
138.799 20.4896 231.836 69.1188 32.7559
138.899 20.4398 231.988 69.1686 32.604
138.999 20.39 232.14 69.2184 32.4523
139.099 20.3403 232.291 69.2681 32.301
139.199 20.2905 232.442 69.3179 32.15
139.299 20.2407 232.593 69.3677 31.9992
139.399 20.1909 232.743 69.4174 31.8488
139.499 20.1411 232.894 69.4672 31.6987
139.599 20.0914 233.043 69.517 31.5489
139.699 20.0416 233.193 69.5667 31.3994
139.799 19.9918 233.342 69.6165 31.2502
139.899 19.942 233.491 69.6662 31.1013
139.999 19.8922 233.64 69.716 30.9527
140.099 19.8425 233.788 69.7657 30.8044
140.199 19.7927 233.936 69.8155 30.6564
140.299 19.7429 234.083 69.8652 30.5088
140.399 19.6931 234.231 69.915 30.3614
140.499 19.6434 234.378 69.9647 30.2144
140.599 19.5936 234.525 70.0145 30.0677
140.699 19.5438 234.671 70.0642 29.9213
140.799 19.494 234.817 70.1139 29.7752
140.899 19.4443 234.963 70.1637 29.6294
140.999 19.3945 235.108 70.2134 29.4839
141.099 19.3447 235.254 70.2631 29.3387
141.199 19.2949 235.398 70.3129 29.1939
141.299 19.2452 235.543 70.3626 29.0493
141.399 19.1954 235.687 70.4123 28.9051
141.499 19.1456 235.831 70.462 28.7612
141.599 19.0958 235.975 70.5118 28.6176
141.699 19.0461 236.118 70.5615 28.4743
141.799 18.9963 236.261 70.6112 28.3314
141.899 18.9465 236.404 70.6609 28.1887
141.999 18.8967 236.546 70.7106 28.0464
142.099 18.847 236.688 70.7603 27.9044
142.199 18.7972 236.83 70.81 27.7627
142.299 18.7474 236.971 70.8597 27.6213
142.399 18.6977 237.112 70.9094 27.4803
142.499 18.6479 237.253 70.9591 27.3396
142.6 18.5981 237.393 71.0088 27.1991
142.7 18.5484 237.533 71.0585 27.059
142.8 18.4986 237.673 71.1082 26.9193
142.9 18.4488 237.812 71.1579 26.7798
143 18.399 237.952 71.2076 26.6407
143.1 18.3493 238.09 71.2573 26.5019
143.2 18.2995 238.229 71.3069 26.3634
143.3 18.2497 238.367 71.3566 26.2252
143.4 18.2 238.505 71.4063 26.0874
143.5 18.1502 238.642 71.456 25.9499
143.6 18.1004 238.78 71.5056 25.8127
143.7 18.0507 238.916 71.5553 25.6758
143.8 18.0009 239.053 71.605 25.5393
143.9 17.9511 239.189 71.6546 25.4031
144 17.9014 239.325 71.7043 25.2672
144.1 17.8516 239.461 71.754 25.1316
144.2 17.8018 239.596 71.8036 24.9964
144.3 17.7521 239.731 71.8533 24.8615
144.4 17.7023 239.865 71.9029 24.7269
144.5 17.6526 240 71.9525 24.5926
144.6 17.6028 240.134 72.0022 24.4587
144.7 17.553 240.267 72.0518 24.3251
144.8 17.5033 240.4 72.1015 24.1918
144.9 17.4535 240.533 72.1511 24.0589
145 17.4037 240.666 72.2007 23.9262
145.1 17.354 240.798 72.2504 23.794
145.2 17.3042 240.93 72.3 23.662
145.3 17.2545 241.062 72.3496 23.5304
145.4 17.2047 241.193 72.3992 23.3991
145.5 17.1549 241.324 72.4488 23.2681
145.6 17.1052 241.455 72.4984 23.1375
145.7 17.0554 241.585 72.548 23.0072
145.8 17.0056 241.715 72.5976 22.8773
145.9 16.9559 241.845 72.6472 22.7476
146 16.9061 241.974 72.6968 22.6183
146.1 16.8564 242.103 72.7464 22.4894
146.2 16.8066 242.232 72.796 22.3608
146.3 16.7569 242.36 72.8456 22.2325
146.4 16.7071 242.488 72.8952 22.1045
146.5 16.6573 242.615 72.9448 21.9769
146.6 16.6076 242.743 72.9944 21.8496
146.7 16.5578 242.87 73.0439 21.7227
146.8 16.5081 242.996 73.0935 21.5961
146.9 16.4583 243.122 73.1431 21.4698
147 16.4085 243.248 73.1926 21.3438
147.1 16.3588 243.374 73.2422 21.2183
147.2 16.309 243.499 73.2917 21.093
147.3 16.2593 243.624 73.3413 20.9681
147.4 16.2095 243.749 73.3908 20.8435
147.5 16.1598 243.873 73.4404 20.7193
147.6 16.11 243.997 73.4899 20.5954
147.7 16.0603 244.12 73.5394 20.4718
147.8 16.0105 244.244 73.589 20.3486
147.9 15.9608 244.367 73.6385 20.2257
148 15.911 244.489 73.688 20.1032
148.1 15.8612 244.611 73.7375 19.981
148.2 15.8115 244.733 73.787 19.8591
148.3 15.7617 244.855 73.8366 19.7376
148.4 15.712 244.976 73.8861 19.6164
148.5 15.6622 245.097 73.9356 19.4956
148.6 15.6125 245.217 73.9851 19.3751
148.7 15.5627 245.337 74.0345 19.255
148.8 15.513 245.457 74.084 19.1352
148.9 15.4632 245.577 74.1335 19.0157
149 15.4135 245.696 74.183 18.8966
149.1 15.3637 245.814 74.2325 18.7779
149.2 15.314 245.933 74.2819 18.6595
149.3 15.2642 246.051 74.3314 18.5414
149.4 15.2145 246.169 74.3809 18.4237
149.5 15.1647 246.286 74.4303 18.3063
149.6 15.115 246.403 74.4798 18.1893
149.7 15.0652 246.52 74.5292 18.0726
149.8 15.0155 246.636 74.5786 17.9563
149.9 14.9657 246.752 74.6281 17.8403
150 14.916 246.868 74.6775 17.7247
150.1 14.8662 246.983 74.7269 17.6094
150.2 14.8165 247.098 74.7763 17.4945
150.3 14.7667 247.212 74.8258 17.3799
150.4 14.717 247.327 74.8752 17.2656
150.5 14.6672 247.44 74.9246 17.1518
150.6 14.6175 247.554 74.974 17.0382
150.7 14.5677 247.667 75.0234 16.9251
150.8 14.518 247.78 75.0727 16.8122
150.9 14.4682 247.893 75.1221 16.6997
151 14.4185 248.005 75.1715 16.5876
151.1 14.3687 248.116 75.2209 16.4758
151.2 14.319 248.228 75.2702 16.3644
151.3 14.2693 248.339 75.3196 16.2534
151.4 14.2195 248.45 75.3689 16.1426
151.5 14.1698 248.56 75.4183 16.0323
151.6 14.12 248.67 75.4676 15.9223
151.7 14.0703 248.78 75.517 15.8126
151.8 14.0205 248.889 75.5663 15.7033
151.9 13.9708 248.998 75.6156 15.5944
152 13.921 249.106 75.6649 15.4858
152.1 13.8713 249.215 75.7142 15.3776
152.2 13.8216 249.323 75.7635 15.2697
152.3 13.7718 249.43 75.8128 15.1622
152.4 13.7221 249.537 75.8621 15.055
152.5 13.6723 249.644 75.9114 14.9482
152.6 13.6226 249.75 75.9607 14.8418
152.7 13.5728 249.857 76.0099 14.7357
152.8 13.5231 249.962 76.0592 14.63
152.9 13.4734 250.068 76.1084 14.5246
153 13.4236 250.173 76.1577 14.4196
153.1 13.3739 250.277 76.2069 14.3149
153.2 13.3241 250.382 76.2562 14.2106
153.3 13.2744 250.486 76.3054 14.1067
153.4 13.2247 250.589 76.3546 14.0031
153.5 13.1749 250.692 76.4038 13.8999
153.6 13.1252 250.795 76.453 13.7971
153.7 13.0754 250.898 76.5022 13.6946
153.8 13.0257 251 76.5514 13.5924
153.9 12.976 251.102 76.6006 13.4907
154 12.9262 251.203 76.6497 13.3893
154.1 12.8765 251.304 76.6989 13.2882
154.2 12.8267 251.405 76.7481 13.1875
154.3 12.777 251.505 76.7972 13.0872
154.4 12.7273 251.605 76.8463 12.9873
154.5 12.6775 251.705 76.8955 12.8877
154.6 12.6278 251.804 76.9446 12.7884
154.7 12.578 251.903 76.9937 12.6896
154.8 12.5283 252.001 77.0428 12.5911
154.9 12.4786 252.099 77.0919 12.4929
155 12.4288 252.197 77.141 12.3952
155.1 12.3791 252.294 77.1901 12.2978
155.2 12.3294 252.392 77.2391 12.2007
155.3 12.2796 252.488 77.2882 12.1041
155.4 12.2299 252.585 77.3372 12.0078
155.5 12.1802 252.68 77.3863 11.9118
155.6 12.1304 252.776 77.4353 11.8162
155.7 12.0807 252.871 77.4843 11.721
155.8 12.0309 252.966 77.5333 11.6262
155.9 11.9812 253.061 77.5823 11.5317
156 11.9315 253.155 77.6313 11.4376
156.1 11.8817 253.248 77.6803 11.3439
156.2 11.832 253.342 77.7293 11.2505
156.3 11.7823 253.435 77.7782 11.1575
156.4 11.7325 253.527 77.8272 11.0649
156.5 11.6828 253.62 77.8761 10.9726
156.6 11.6331 253.712 77.925 10.8807
156.7 11.5833 253.803 77.9739 10.7892
156.8 11.5336 253.894 78.0228 10.6981
156.9 11.4839 253.985 78.0717 10.6073
157 11.4341 254.075 78.1206 10.5169
157.1 11.3844 254.165 78.1695 10.4268
157.2 11.3347 254.255 78.2183 10.3372
157.3 11.2849 254.344 78.2672 10.2479
157.4 11.2352 254.433 78.316 10.1589
157.5 11.1855 254.522 78.3648 10.0704
157.6 11.1357 254.61 78.4136 9.98222
157.7 11.086 254.698 78.4624 9.89441
157.8 11.0363 254.785 78.5112 9.80698
157.9 10.9865 254.872 78.56 9.71992
158 10.9368 254.959 78.6087 9.63323
158.1 10.8871 255.045 78.6575 9.54691
158.2 10.8374 255.131 78.7062 9.46098
158.3 10.7876 255.217 78.7549 9.37541
158.4 10.7379 255.302 78.8036 9.29022
158.5 10.6882 255.387 78.8523 9.2054
158.6 10.6384 255.471 78.9009 9.12096
158.7 10.5887 255.555 78.9496 9.0369
158.8 10.539 255.639 78.9982 8.95321
158.9 10.4892 255.722 79.0469 8.86989
159.001 10.4395 255.805 79.0955 8.78695
159.101 10.3898 255.888 79.1441 8.70439
159.201 10.3401 255.97 79.1926 8.62221
159.301 10.2903 256.052 79.2412 8.5404
159.401 10.2406 256.133 79.2897 8.45897
159.501 10.1909 256.214 79.3383 8.37791
159.601 10.1411 256.295 79.3868 8.29723
159.701 10.0914 256.375 79.4353 8.21693
159.801 10.0417 256.455 79.4838 8.13701
159.901 9.99196 256.535 79.5322 8.05747
160.001 9.94224 256.614 79.5807 7.97831
160.101 9.89251 256.693 79.6291 7.89952
160.201 9.84278 256.771 79.6775 7.82111
160.301 9.79305 256.849 79.7259 7.74309
160.401 9.74333 256.927 79.7742 7.66544
160.501 9.6936 257.004 79.8226 7.58817
160.601 9.64388 257.081 79.8709 7.51128
160.701 9.59415 257.157 79.9192 7.43477
160.801 9.54442 257.234 79.9675 7.35864
160.901 9.4947 257.309 80.0158 7.2829
161.001 9.44497 257.385 80.064 7.20753
161.101 9.39525 257.46 80.1123 7.13255
161.201 9.34552 257.534 80.1605 7.05794
161.301 9.2958 257.609 80.2086 6.98372
161.401 9.24607 257.682 80.2568 6.90988
161.501 9.19635 257.756 80.3049 6.83642
161.601 9.14662 257.829 80.3531 6.76334
161.701 9.0969 257.902 80.4011 6.69065
161.801 9.04717 257.974 80.4492 6.61834
161.901 8.99745 258.046 80.4973 6.54641
162.001 8.94772 258.117 80.5453 6.47486
162.101 8.898 258.189 80.5933 6.4037
162.201 8.84828 258.259 80.6412 6.33292
162.301 8.79855 258.33 80.6892 6.26253
162.401 8.74883 258.4 80.7371 6.19252
162.501 8.69911 258.469 80.785 6.12289
162.601 8.64938 258.539 80.8329 6.05365
162.701 8.59966 258.607 80.8807 5.98479
162.801 8.54994 258.676 80.9285 5.91632
162.901 8.50021 258.744 80.9763 5.84823
163.001 8.45049 258.812 81.024 5.78053
163.101 8.40077 258.879 81.0717 5.71321
163.201 8.35105 258.946 81.1194 5.64628
163.301 8.30133 259.013 81.1671 5.57973
163.401 8.2516 259.079 81.2147 5.51357
163.501 8.20188 259.144 81.2623 5.4478
163.601 8.15216 259.21 81.3099 5.38241
163.701 8.10244 259.275 81.3574 5.31741
163.801 8.05272 259.339 81.4049 5.2528
163.901 8.003 259.404 81.4524 5.18857
164.001 7.95327 259.468 81.4998 5.12474
164.101 7.90355 259.531 81.5472 5.06128
164.201 7.85383 259.594 81.5945 4.99822
164.301 7.80411 259.657 81.6419 4.93554
164.401 7.75439 259.719 81.6891 4.87325
164.501 7.70467 259.781 81.7364 4.81135
164.601 7.65495 259.842 81.7836 4.74984
164.701 7.60523 259.904 81.8308 4.68872
164.801 7.55551 259.964 81.8779 4.62799
164.901 7.50579 260.025 81.925 4.56764
165.001 7.45607 260.085 81.972 4.50768
165.101 7.40635 260.144 82.019 4.44812
165.201 7.35663 260.203 82.066 4.38894
165.301 7.30691 260.262 82.1129 4.33015
165.401 7.25719 260.321 82.1597 4.27175
165.501 7.20747 260.379 82.2065 4.21375
165.601 7.15776 260.436 82.2533 4.15613
165.701 7.10804 260.493 82.3 4.0989
165.801 7.05832 260.55 82.3467 4.04207
165.901 7.0086 260.607 82.3933 3.98562
166.001 6.95888 260.663 82.4399 3.92956
166.101 6.90916 260.718 82.4864 3.8739
166.201 6.85944 260.774 82.5328 3.81863
166.301 6.80973 260.829 82.5792 3.76375
166.401 6.76001 260.883 82.6256 3.70926
166.501 6.71029 260.937 82.6719 3.65516
166.601 6.66057 260.991 82.7181 3.60145
166.701 6.61086 261.044 82.7643 3.54814
166.801 6.56114 261.097 82.8104 3.49522
166.901 6.51142 261.15 82.8564 3.44269
167.001 6.4617 261.202 82.9024 3.39055
167.101 6.41199 261.253 82.9483 3.33881
167.201 6.36227 261.305 82.9941 3.28745
167.301 6.31255 261.356 83.0399 3.2365
167.401 6.26284 261.406 83.0856 3.18593
167.501 6.21312 261.457 83.1312 3.13576
167.601 6.1634 261.506 83.1768 3.08598
167.701 6.11369 261.556 83.2223 3.0366
167.801 6.06397 261.605 83.2677 2.98761
167.901 6.01425 261.653 83.313 2.93901
168.001 5.96454 261.701 83.3582 2.89081
168.101 5.91482 261.749 83.4034 2.843
168.201 5.8651 261.797 83.4484 2.79558
168.301 5.81539 261.844 83.4934 2.74857
168.401 5.76567 261.89 83.5383 2.70194
168.501 5.71596 261.937 83.5831 2.65571
168.601 5.66624 261.982 83.6278 2.60988
168.701 5.61653 262.028 83.6724 2.56444
168.801 5.56681 262.073 83.7169 2.51939
168.901 5.5171 262.118 83.7612 2.47474
169.001 5.46738 262.162 83.8055 2.43049
169.101 5.41767 262.206 83.8497 2.38663
169.201 5.36795 262.249 83.8938 2.34317
169.301 5.31824 262.292 83.9377 2.3001
169.401 5.26852 262.335 83.9815 2.25743
169.501 5.21881 262.377 84.0252 2.21516
169.601 5.16909 262.419 84.0688 2.17328
169.701 5.11938 262.46 84.1123 2.1318
169.801 5.06966 262.502 84.1556 2.09071
169.901 5.01995 262.542 84.1987 2.05002
170.001 4.97023 262.583 84.2418 2.00973
170.101 4.92052 262.622 84.2847 1.96984
170.201 4.87081 262.662 84.3274 1.93034
170.301 4.82109 262.701 84.37 1.89124
170.401 4.77138 262.74 84.4124 1.85253
170.501 4.72167 262.778 84.4547 1.81423
170.601 4.67195 262.816 84.4967 1.77632
170.701 4.62224 262.853 84.5386 1.73881
170.801 4.57252 262.891 84.5804 1.7017
170.901 4.52281 262.927 84.6219 1.66498
171.001 4.4731 262.964 84.6633 1.62866
171.101 4.42338 263 84.7044 1.59275
171.201 4.37367 263.035 84.7453 1.55723
171.301 4.32396 263.07 84.7861 1.5221
171.401 4.27424 263.105 84.8266 1.48738
171.501 4.22453 263.139 84.8668 1.45305
171.601 4.17482 263.173 84.9069 1.41913
171.701 4.12511 263.207 84.9466 1.3856
171.801 4.07539 263.24 84.9862 1.35247
171.901 4.02568 263.273 85.0254 1.31974
172.001 3.97597 263.305 85.0644 1.28741
172.101 3.92626 263.337 85.1031 1.25547
172.201 3.87654 263.368 85.1415 1.22394
172.301 3.82683 263.399 85.1796 1.19281
172.401 3.77712 263.43 85.2174 1.16207
172.501 3.72741 263.461 85.2548 1.13174
172.601 3.67769 263.49 85.2919 1.1018
172.701 3.62798 263.52 85.3287 1.07227
172.801 3.57827 263.549 85.365 1.04313
172.901 3.52856 263.578 85.401 1.0144
173.001 3.47885 263.606 85.4366 0.98606
173.101 3.42913 263.634 85.4717 0.958124
173.201 3.37942 263.662 85.5064 0.930589
173.301 3.32971 263.689 85.5406 0.903453
173.401 3.28 263.716 85.5744 0.876718
173.501 3.23029 263.742 85.6076 0.850383
173.601 3.18058 263.768 85.6403 0.824449
173.701 3.13086 263.793 85.6724 0.798915
173.801 3.08115 263.818 85.704 0.773781
173.901 3.03144 263.843 85.7349 0.749049
174.001 2.98173 263.868 85.7652 0.724717
174.101 2.93202 263.891 85.7948 0.700786
174.201 2.88231 263.915 85.8237 0.677256
174.301 2.8326 263.938 85.8519 0.654127
174.401 2.78288 263.961 85.8792 0.631399
174.501 2.73317 263.983 85.9058 0.609072
174.601 2.68346 264.005 85.9314 0.587146
174.701 2.63375 264.027 85.9561 0.565622
174.801 2.58404 264.048 85.9799 0.544499
174.901 2.53433 264.068 86.0026 0.523777
175.001 2.48462 264.089 86.0242 0.503457
175.101 2.43491 264.109 86.0446 0.483538
175.201 2.3852 264.128 86.0638 0.464021
175.301 2.33549 264.147 86.0817 0.444905
175.402 2.28578 264.166 86.0981 0.426191
175.502 2.23606 264.184 86.1131 0.407879
175.602 2.18635 264.202 86.1264 0.389969
175.702 2.13664 264.22 86.138 0.37246
175.802 2.08693 264.237 86.1478 0.355354
175.902 2.03722 264.254 86.1556 0.338649
176.002 1.98751 264.27 86.1613 0.322346
176.102 1.9378 264.286 86.1647 0.306446
176.202 1.88809 264.301 86.1657 0.290948
176.302 1.83838 264.316 86.1639 0.275851
176.402 1.78867 264.331 86.1593 0.261157
176.502 1.73896 264.345 86.1516 0.246865
176.602 1.68925 264.359 86.1404 0.232976
176.702 1.63954 264.373 86.1256 0.219489
176.802 1.58983 264.386 86.1066 0.206404
176.902 1.54012 264.399 86.0832 0.193722
177.002 1.49041 264.411 86.0549 0.181442
177.102 1.4407 264.423 86.0212 0.169564
177.202 1.39099 264.434 85.9815 0.158089
177.302 1.34128 264.445 85.9351 0.147017
177.402 1.29157 264.456 85.8813 0.136347
177.502 1.24186 264.466 85.8192 0.12608
177.602 1.19215 264.476 85.7477 0.116216
177.702 1.14244 264.486 85.6657 0.106754
177.802 1.09273 264.495 85.5717 0.0976952
177.902 1.04302 264.503 85.464 0.089039
178.002 0.993309 264.511 85.3405 0.0807855
178.102 0.943599 264.519 85.1988 0.0729348
178.202 0.893889 264.527 85.0359 0.0654869
178.302 0.844179 264.534 84.848 0.0584419
178.402 0.794469 264.54 84.6304 0.0517998
178.502 0.744759 264.547 84.3774 0.0455605
178.602 0.69505 264.553 84.0812 0.0397242
178.702 0.64534 264.558 83.7322 0.0342907
178.802 0.59563 264.563 83.3173 0.0292603
178.902 0.54592 264.568 82.8186 0.0246327
179.002 0.49621 264.572 82.2116 0.0204082
179.102 0.446501 264.576 81.4609 0.0165866
179.202 0.396791 264.579 80.5139 0.0131681
179.302 0.347081 264.582 79.2895 0.0101525
179.402 0.297371 264.585 77.6552 0.00753995
179.502 0.247661 264.587 75.3802 0.00533043
179.602 0.197952 264.589 72.0282 0.00352394
179.702 0.148242 264.59 66.6793 0.00212048
179.802 0.0985322 264.591 57.1219 0.00112006
179.902 0.0488224 264.592 37.5289 0.000522688
