0 179.623 0 0 300.673
0.1 89.949 0.000113298 0.0142973 300.673
0.2 89.898 0.000453191 0.0285946 300.673
0.3 89.8471 0.00101968 0.0428919 300.672
0.4 89.7961 0.00181276 0.0571891 300.671
0.5 89.7451 0.00283243 0.0714862 300.67
0.6 89.6941 0.00407869 0.0857831 300.669
0.7 89.6431 0.00555153 0.10008 300.667
0.8 89.5921 0.00725095 0.114376 300.666
0.9 89.5412 0.00917694 0.128673 300.664
1 89.4902 0.0113295 0.142969 300.662
1.1 89.4392 0.0137086 0.157265 300.659
1.2 89.3882 0.0163143 0.171561 300.657
1.3 89.3372 0.0191465 0.185856 300.654
1.4 89.2863 0.0222053 0.200151 300.651
1.5 89.2353 0.0254906 0.214445 300.648
1.6 89.1843 0.0290024 0.22874 300.644
1.7 89.1333 0.0327407 0.243033 300.64
1.8 89.0823 0.0367055 0.257327 300.636
1.9 89.0314 0.0408968 0.271619 300.632
2 88.9804 0.0453146 0.285912 300.628
2.1 88.9294 0.0499588 0.300204 300.623
2.2 88.8784 0.0548295 0.314495 300.618
2.3 88.8274 0.0599265 0.328786 300.613
2.4 88.7764 0.06525 0.343076 300.608
2.5 88.7255 0.0707999 0.357365 300.602
2.6 88.6745 0.0765762 0.371654 300.596
2.7 88.6235 0.0825789 0.385942 300.59
2.8 88.5725 0.0888079 0.400229 300.584
2.9 88.5215 0.0952632 0.414516 300.578
3 88.4706 0.101945 0.428802 300.571
3.1 88.4196 0.108853 0.443087 300.564
3.2 88.3686 0.115987 0.457371 300.557
3.3 88.3176 0.123347 0.471655 300.55
3.4 88.2666 0.130934 0.485937 300.542
3.5 88.2157 0.138747 0.500219 300.534
3.6 88.1647 0.146786 0.5145 300.526
3.7 88.1137 0.155051 0.528779 300.518
3.8 88.0627 0.163542 0.543058 300.509
3.9 88.0117 0.172259 0.557336 300.501
4 87.9608 0.181203 0.571613 300.492
4.1 87.9098 0.190372 0.585889 300.483
4.2 87.8588 0.199768 0.600163 300.473
4.3 87.8078 0.209389 0.614437 300.464
4.4 87.7569 0.219237 0.628709 300.454
4.5 87.7059 0.22931 0.642981 300.444
4.6 87.6549 0.239609 0.657251 300.433
4.7 87.6039 0.250135 0.67152 300.423
4.8 87.5529 0.260886 0.685787 300.412
4.9 87.502 0.271862 0.700054 300.401
5 87.451 0.283065 0.714319 300.39
5.1 87.4 0.294493 0.728583 300.379
5.2 87.349 0.306147 0.742845 300.367
5.3 87.2981 0.318027 0.757106 300.355
5.4 87.2471 0.330132 0.771366 300.343
5.5 87.1961 0.342463 0.785624 300.331
5.6 87.1451 0.355019 0.799881 300.318
5.7 87.0941 0.367801 0.814136 300.305
5.8 87.0432 0.380808 0.82839 300.292
5.9 86.9922 0.394041 0.842643 300.279
6 86.9412 0.407499 0.856893 300.266
6.1 86.8902 0.421183 0.871143 300.252
6.2 86.8393 0.435092 0.88539 300.238
6.3 86.7883 0.449226 0.899636 300.224
6.4 86.7373 0.463585 0.91388 300.209
6.5 86.6863 0.47817 0.928123 300.195
6.6 86.6354 0.49298 0.942364 300.18
6.7 86.5844 0.508014 0.956603 300.165
6.8 86.5334 0.523274 0.970841 300.15
6.9 86.4824 0.538759 0.985076 300.134
7 86.4315 0.554469 0.99931 300.119
7.1 86.3805 0.570404 1.01354 300.103
7.2 86.3295 0.586563 1.02777 300.086
7.3 86.2785 0.602948 1.042 300.07
7.4 86.2276 0.619557 1.05623 300.053
7.5 86.1766 0.63639 1.07045 300.037
7.6 86.1256 0.653449 1.08467 300.02
7.7 86.0747 0.670732 1.09889 300.002
7.79999 86.0237 0.68824 1.11311 299.985
7.89999 85.9727 0.705972 1.12733 299.967
7.99999 85.9217 0.723928 1.14154 299.949
8.09999 85.8708 0.742109 1.15575 299.931
8.2 85.8198 0.760515 1.16996 299.913
8.3 85.7688 0.779144 1.18417 299.894
8.4 85.7179 0.797998 1.19838 299.875
8.5 85.6669 0.817076 1.21258 299.856
8.6 85.6159 0.836379 1.22678 299.837
8.7 85.5649 0.855905 1.24098 299.817
8.8 85.514 0.875655 1.25518 299.797
8.9 85.463 0.895629 1.26937 299.777
9 85.412 0.915827 1.28356 299.757
9.1 85.3611 0.936249 1.29775 299.737
9.2 85.3101 0.956895 1.31194 299.716
9.3 85.2591 0.977764 1.32613 299.695
9.4 85.2082 0.998857 1.34031 299.674
9.5 85.1572 1.02017 1.35449 299.653
9.6 85.1062 1.04171 1.36867 299.631
9.7 85.0553 1.06348 1.38284 299.61
9.8 85.0043 1.08546 1.39701 299.588
9.9 84.9533 1.10767 1.41118 299.565
10 84.9024 1.13011 1.42535 299.543
10.1 84.8514 1.15276 1.43951 299.52
10.2 84.8004 1.17564 1.45368 299.497
10.3 84.7495 1.19874 1.46784 299.474
10.4 84.6985 1.22207 1.48199 299.451
10.5 84.6475 1.24562 1.49615 299.427
10.6 84.5966 1.26939 1.5103 299.404
10.7 84.5456 1.29338 1.52444 299.38
10.8 84.4946 1.3176 1.53859 299.355
10.9 84.4437 1.34204 1.55273 299.331
11 84.3927 1.3667 1.56687 299.306
11.1 84.3417 1.39158 1.58101 299.281
11.2 84.2908 1.41669 1.59514 299.256
11.3 84.2398 1.44202 1.60927 299.231
11.4 84.1889 1.46757 1.6234 299.205
11.5 84.1379 1.49334 1.63753 299.18
11.6 84.0869 1.51934 1.65165 299.154
11.7 84.036 1.54556 1.66577 299.127
11.8 83.985 1.57199 1.67988 299.101
11.9 83.934 1.59866 1.69399 299.074
12 83.8831 1.62554 1.7081 299.047
12.1 83.8321 1.65264 1.72221 299.02
12.2 83.7812 1.67997 1.73631 298.993
12.3 83.7302 1.70751 1.75041 298.966
12.4 83.6793 1.73528 1.76451 298.938
12.5 83.6283 1.76327 1.7786 298.91
12.6 83.5773 1.79148 1.79269 298.882
12.7 83.5264 1.81992 1.80678 298.853
12.8 83.4754 1.84857 1.82086 298.824
12.9 83.4245 1.87744 1.83494 298.796
13 83.3735 1.90654 1.84902 298.766
13.1 83.3226 1.93585 1.86309 298.737
13.2 83.2716 1.96539 1.87716 298.708
13.3 83.2206 1.99515 1.89123 298.678
13.4 83.1697 2.02513 1.90529 298.648
13.5 83.1187 2.05532 1.91935 298.618
13.6 83.0678 2.08574 1.9334 298.587
13.7 83.0168 2.11638 1.94746 298.557
13.8 82.9659 2.14724 1.9615 298.526
13.9 82.9149 2.17832 1.97555 298.495
14 82.864 2.20962 1.98959 298.463
14.1 82.813 2.24114 2.00363 298.432
14.2 82.7621 2.27288 2.01766 298.4
14.3 82.7111 2.30483 2.03169 298.368
14.4 82.6602 2.33701 2.04572 298.336
14.5 82.6092 2.36941 2.05974 298.304
14.6 82.5583 2.40202 2.07376 298.271
14.7 82.5073 2.43486 2.08777 298.238
14.8 82.4564 2.46792 2.10178 298.205
14.9 82.4054 2.50119 2.11579 298.172
15 82.3545 2.53468 2.12979 298.138
15.1 82.3035 2.5684 2.14379 298.105
15.2 82.2526 2.60233 2.15779 298.071
15.3 82.2016 2.63648 2.17178 298.037
15.4 82.1507 2.67084 2.18576 298.002
15.5 82.0997 2.70543 2.19975 297.968
15.6 82.0488 2.74023 2.21372 297.933
15.7 81.9979 2.77526 2.2277 297.898
15.8 81.9469 2.8105 2.24167 297.863
15.9 81.896 2.84596 2.25564 297.827
16 81.845 2.88164 2.2696 297.791
16.1 81.7941 2.91753 2.28356 297.755
16.2 81.7431 2.95364 2.29751 297.719
16.3 81.6922 2.98997 2.31146 297.683
16.4 81.6413 3.02652 2.3254 297.647
16.5 81.5903 3.06329 2.33934 297.61
16.6 81.5394 3.10027 2.35328 297.573
16.7 81.4884 3.13747 2.36721 297.536
16.8 81.4375 3.17489 2.38114 297.498
16.9 81.3866 3.21252 2.39506 297.461
17 81.3356 3.25037 2.40898 297.423
17.1 81.2847 3.28844 2.42289 297.385
17.2 81.2337 3.32672 2.4368 297.346
17.3 81.1828 3.36522 2.45071 297.308
17.4 81.1319 3.40394 2.46461 297.269
17.5 81.0809 3.44287 2.4785 297.23
17.6 81.03 3.48202 2.49239 297.191
17.7 80.9791 3.52138 2.50628 297.152
17.8 80.9281 3.56096 2.52016 297.112
17.9 80.8772 3.60076 2.53404 297.072
18 80.8263 3.64077 2.54791 297.032
18.1 80.7753 3.681 2.56178 296.992
18.2 80.7244 3.72144 2.57564 296.952
18.3 80.6735 3.7621 2.5895 296.911
18.4 80.6225 3.80298 2.60335 296.87
18.5 80.5716 3.84406 2.6172 296.829
18.6 80.5207 3.88537 2.63104 296.788
18.7 80.4698 3.92688 2.64488 296.746
18.8 80.4188 3.96862 2.65872 296.704
18.9 80.3679 4.01056 2.67254 296.662
19 80.317 4.05273 2.68637 296.62
19.1 80.266 4.0951 2.70018 296.578
19.2 80.2151 4.13769 2.714 296.535
19.3 80.1642 4.1805 2.72781 296.493
19.4 80.1133 4.22351 2.74161 296.45
19.5 80.0623 4.26675 2.75541 296.406
19.6 80.0114 4.31019 2.7692 296.363
19.7 79.9605 4.35385 2.78299 296.319
19.8 79.9096 4.39772 2.79677 296.275
19.9 79.8587 4.44181 2.81055 296.231
20 79.8077 4.4861 2.82432 296.187
20.1 79.7568 4.53062 2.83808 296.142
20.2 79.7059 4.57534 2.85184 296.098
20.3 79.655 4.62028 2.8656 296.053
20.4 79.6041 4.66542 2.87935 296.008
20.5 79.5531 4.71079 2.8931 295.962
20.6 79.5022 4.75636 2.90683 295.917
20.7 79.4513 4.80215 2.92057 295.871
20.8 79.4004 4.84814 2.9343 295.825
20.9 79.3495 4.89435 2.94802 295.779
21 79.2986 4.94077 2.96174 295.732
21.1 79.2476 4.98741 2.97545 295.686
21.2 79.1967 5.03425 2.98915 295.639
21.3 79.1458 5.08131 3.00286 295.592
21.4 79.0949 5.12857 3.01655 295.544
21.5 79.044 5.17605 3.03024 295.497
21.6 78.9931 5.22374 3.04392 295.449
21.7 78.9422 5.27164 3.0576 295.401
21.8 78.8913 5.31975 3.07127 295.353
21.9 78.8404 5.36807 3.08494 295.305
22 78.7894 5.4166 3.0986 295.256
22.1 78.7385 5.46534 3.11225 295.208
22.2 78.6876 5.51429 3.1259 295.159
22.3 78.6367 5.56345 3.13954 295.11
22.4 78.5858 5.61282 3.15318 295.06
22.5 78.5349 5.6624 3.16681 295.011
22.6 78.484 5.71219 3.18044 294.961
22.7001 78.4331 5.76219 3.19405 294.911
22.8001 78.3822 5.81239 3.20767 294.861
22.9001 78.3313 5.86281 3.22127 294.81
23.0001 78.2804 5.91343 3.23487 294.76
23.1001 78.2295 5.96427 3.24847 294.709
23.2001 78.1786 6.01531 3.26206 294.658
23.3001 78.1277 6.06656 3.27564 294.606
23.4001 78.0768 6.11802 3.28921 294.555
23.5001 78.0259 6.16968 3.30278 294.503
23.6001 77.975 6.22156 3.31635 294.451
23.7001 77.9241 6.27364 3.3299 294.399
23.8001 77.8732 6.32593 3.34345 294.347
23.9001 77.8223 6.37842 3.357 294.295
24.0001 77.7714 6.43112 3.37054 294.242
24.1001 77.7205 6.48404 3.38407 294.189
24.2001 77.6696 6.53715 3.39759 294.136
24.3001 77.6187 6.59048 3.41111 294.083
24.4001 77.5678 6.64401 3.42462 294.029
24.5001 77.5169 6.69774 3.43813 293.975
24.6001 77.4661 6.75169 3.45163 293.921
24.7001 77.4152 6.80584 3.46512 293.867
24.8001 77.3643 6.86019 3.47861 293.813
24.9001 77.3134 6.91475 3.49209 293.758
25.0001 77.2625 6.96952 3.50556 293.704
25.1001 77.2116 7.02449 3.51903 293.649
25.2001 77.1607 7.07967 3.53249 293.593
25.3001 77.1098 7.13505 3.54594 293.538
25.4001 77.059 7.19063 3.55938 293.482
25.5001 77.0081 7.24642 3.57282 293.427
25.6001 76.9572 7.30242 3.58626 293.371
25.7001 76.9063 7.35862 3.59968 293.314
25.8001 76.8554 7.41502 3.6131 293.258
25.9001 76.8045 7.47163 3.62651 293.201
26.0001 76.7537 7.52845 3.63992 293.145
26.1001 76.7028 7.58546 3.65331 293.088
26.2001 76.6519 7.64268 3.6667 293.03
26.3001 76.601 7.7001 3.68009 292.973
26.4001 76.5502 7.75773 3.69346 292.915
26.5001 76.4993 7.81556 3.70683 292.857
26.6001 76.4484 7.87359 3.7202 292.799
26.7001 76.3975 7.93182 3.73355 292.741
26.8001 76.3467 7.99026 3.7469 292.683
26.9001 76.2958 8.0489 3.76024 292.624
27.0001 76.2449 8.10774 3.77358 292.565
27.1001 76.194 8.16678 3.7869 292.506
27.2001 76.1432 8.22603 3.80022 292.447
27.3001 76.0923 8.28547 3.81353 292.388
27.4001 76.0414 8.34512 3.82684 292.328
27.5001 75.9906 8.40497 3.84014 292.268
27.6001 75.9397 8.46502 3.85343 292.208
27.7001 75.8888 8.52527 3.86671 292.148
27.8001 75.838 8.58572 3.87998 292.087
27.9001 75.7871 8.64637 3.89325 292.027
28.0001 75.7362 8.70722 3.90651 291.966
28.1001 75.6854 8.76827 3.91977 291.905
28.2001 75.6345 8.82953 3.93301 291.843
28.3001 75.5836 8.89098 3.94625 291.782
28.4001 75.5328 8.95263 3.95948 291.72
28.5001 75.4819 9.01448 3.9727 291.659
28.6001 75.4311 9.07653 3.98592 291.596
28.7001 75.3802 9.13878 3.99912 291.534
28.8001 75.3293 9.20122 4.01232 291.472
28.9001 75.2785 9.26387 4.02552 291.409
29.0001 75.2276 9.32671 4.0387 291.346
29.1001 75.1768 9.38976 4.05188 291.283
29.2001 75.1259 9.453 4.06504 291.22
29.3001 75.0751 9.51643 4.0782 291.157
29.4001 75.0242 9.58007 4.09136 291.093
29.5001 74.9734 9.6439 4.1045 291.029
29.6001 74.9225 9.70793 4.11764 290.965
29.7001 74.8717 9.77216 4.13077 290.901
29.8001 74.8208 9.83658 4.14389 290.836
29.9001 74.77 9.9012 4.157 290.772
30.0001 74.7191 9.96602 4.17011 290.707
30.1001 74.6683 10.031 4.1832 290.642
30.2001 74.6174 10.0962 4.19629 290.577
30.3001 74.5666 10.1616 4.20937 290.511
30.4001 74.5157 10.2273 4.22245 290.446
30.5001 74.4649 10.293 4.23551 290.38
30.6001 74.4141 10.359 4.24857 290.314
30.7001 74.3632 10.4252 4.26161 290.248
30.8001 74.3124 10.4916 4.27465 290.181
30.9001 74.2615 10.5582 4.28769 290.115
31.0001 74.2107 10.625 4.30071 290.048
31.1001 74.1599 10.6919 4.31372 289.981
31.2001 74.109 10.7591 4.32673 289.914
31.3001 74.0582 10.8264 4.33973 289.847
31.4001 74.0074 10.894 4.35272 289.779
31.5001 73.9565 10.9617 4.3657 289.711
31.6001 73.9057 11.0296 4.37867 289.643
31.7001 73.8549 11.0978 4.39163 289.575
31.8001 73.804 11.1661 4.40459 289.507
31.9001 73.7532 11.2346 4.41754 289.438
32.0001 73.7024 11.3033 4.43048 289.37
32.1001 73.6515 11.3722 4.4434 289.301
32.2001 73.6007 11.4413 4.45633 289.232
32.3001 73.5499 11.5106 4.46924 289.162
32.4001 73.4991 11.58 4.48214 289.093
32.5001 73.4482 11.6497 4.49504 289.023
32.6001 73.3974 11.7195 4.50792 288.953
32.7001 73.3466 11.7896 4.5208 288.883
32.8001 73.2958 11.8598 4.53367 288.813
32.9001 73.245 11.9302 4.54653 288.743
33.0001 73.1941 12.0009 4.55938 288.672
33.1001 73.1433 12.0717 4.57222 288.601
33.2001 73.0925 12.1427 4.58505 288.53
33.3001 73.0417 12.2138 4.59787 288.459
33.4001 72.9909 12.2852 4.61069 288.388
33.5001 72.9401 12.3568 4.62349 288.316
33.6001 72.8892 12.4285 4.63629 288.244
33.7001 72.8384 12.5005 4.64908 288.173
33.8001 72.7876 12.5726 4.66186 288.1
33.9001 72.7368 12.6449 4.67463 288.028
34.0001 72.686 12.7174 4.68739 287.956
34.1001 72.6352 12.7901 4.70014 287.883
34.2001 72.5844 12.863 4.71288 287.81
34.3 72.5336 12.9361 4.72561 287.737
34.4 72.4828 13.0093 4.73834 287.664
34.5 72.432 13.0828 4.75105 287.59
34.6 72.3812 13.1564 4.76375 287.517
34.7 72.3304 13.2302 4.77645 287.443
34.8 72.2796 13.3042 4.78913 287.369
34.9 72.2288 13.3784 4.80181 287.295
35 72.178 13.4528 4.81448 287.22
35.1 72.1272 13.5273 4.82714 287.146
35.2 72.0764 13.6021 4.83978 287.071
35.3 72.0256 13.677 4.85242 286.996
35.4 71.9748 13.7521 4.86505 286.921
35.5 71.924 13.8274 4.87767 286.846
35.6 71.8732 13.9029 4.89028 286.77
35.7 71.8224 13.9786 4.90288 286.694
35.8 71.7716 14.0544 4.91547 286.619
35.9 71.7208 14.1305 4.92805 286.543
36 71.67 14.2067 4.94062 286.466
36.1 71.6192 14.2831 4.95318 286.39
36.2 71.5685 14.3597 4.96573 286.313
36.3 71.5177 14.4364 4.97827 286.237
36.4 71.4669 14.5134 4.99081 286.16
36.5 71.4161 14.5905 5.00333 286.083
36.6 71.3653 14.6678 5.01584 286.005
36.7 71.3145 14.7453 5.02834 285.928
36.8 71.2638 14.823 5.04083 285.85
36.9 71.213 14.9009 5.05331 285.772
37 71.1622 14.9789 5.06579 285.694
37.1 71.1114 15.0571 5.07825 285.616
37.2 71.0606 15.1355 5.0907 285.537
37.3 71.0099 15.2141 5.10314 285.459
37.4 70.9591 15.2929 5.11557 285.38
37.5 70.9083 15.3718 5.12799 285.301
37.6 70.8575 15.451 5.1404 285.222
37.7 70.8068 15.5303 5.15281 285.143
37.8 70.756 15.6097 5.1652 285.063
37.9 70.7052 15.6894 5.17758 284.984
38 70.6545 15.7692 5.18995 284.904
38.1 70.6037 15.8493 5.20231 284.824
38.2 70.5529 15.9295 5.21465 284.744
38.3 70.5022 16.0098 5.22699 284.663
38.4 70.4514 16.0904 5.23932 284.583
38.5 70.4006 16.1711 5.25164 284.502
38.6 70.3499 16.252 5.26395 284.421
38.7 70.2991 16.3331 5.27624 284.34
38.8 70.2484 16.4144 5.28853 284.259
38.9 70.1976 16.4958 5.30081 284.177
39 70.1469 16.5774 5.31307 284.096
39.1 70.0961 16.6592 5.32533 284.014
39.2 70.0453 16.7412 5.33757 283.932
39.3 69.9946 16.8233 5.3498 283.85
39.4 69.9438 16.9056 5.36203 283.767
39.5 69.8931 16.9881 5.37424 283.685
39.6 69.8423 17.0708 5.38644 283.602
39.7 69.7916 17.1537 5.39863 283.519
39.8 69.7408 17.2367 5.41081 283.436
39.9 69.6901 17.3199 5.42298 283.353
40 69.6393 17.4032 5.43513 283.27
40.1 69.5886 17.4868 5.44728 283.186
40.2 69.5379 17.5705 5.45941 283.103
40.3 69.4871 17.6544 5.47154 283.019
40.4 69.4364 17.7384 5.48365 282.935
40.5 69.3856 17.8226 5.49576 282.85
40.6 69.3349 17.9071 5.50785 282.766
40.7 69.2841 17.9916 5.51993 282.681
40.7999 69.2334 18.0764 5.532 282.597
40.8999 69.1827 18.1613 5.54405 282.512
40.9999 69.1319 18.2464 5.5561 282.427
41.0999 69.0812 18.3316 5.56814 282.341
41.1999 69.0305 18.4171 5.58016 282.256
41.2999 68.9797 18.5027 5.59217 282.17
41.3999 68.929 18.5884 5.60418 282.085
41.4999 68.8783 18.6744 5.61617 281.999
41.5999 68.8276 18.7605 5.62815 281.913
41.6999 68.7768 18.8468 5.64011 281.826
41.7999 68.7261 18.9332 5.65207 281.74
41.8999 68.6754 19.0198 5.66401 281.653
41.9999 68.6247 19.1066 5.67595 281.566
42.0999 68.5739 19.1936 5.68787 281.479
42.1999 68.5232 19.2807 5.69978 281.392
42.2999 68.4725 19.368 5.71168 281.305
42.3999 68.4218 19.4555 5.72357 281.218
42.4999 68.3711 19.5431 5.73544 281.13
42.5999 68.3203 19.6309 5.7473 281.042
42.6999 68.2696 19.7188 5.75916 280.954
42.7999 68.2189 19.807 5.771 280.866
42.8999 68.1682 19.8953 5.78283 280.778
42.9999 68.1175 19.9837 5.79464 280.689
43.0999 68.0668 20.0723 5.80645 280.601
43.1999 68.0161 20.1611 5.81824 280.512
43.2999 67.9654 20.2501 5.83002 280.423
43.3999 67.9147 20.3392 5.84179 280.334
43.4999 67.864 20.4285 5.85355 280.245
43.5999 67.8132 20.5179 5.86529 280.155
43.6999 67.7625 20.6076 5.87703 280.065
43.7999 67.7118 20.6973 5.88875 279.976
43.8999 67.6611 20.7873 5.90046 279.886
43.9999 67.6104 20.8774 5.91216 279.796
44.0999 67.5597 20.9677 5.92384 279.705
44.1999 67.509 21.0581 5.93551 279.615
44.2999 67.4584 21.1487 5.94717 279.524
44.3999 67.4077 21.2394 5.95882 279.434
44.4999 67.357 21.3303 5.97046 279.343
44.5999 67.3063 21.4214 5.98208 279.252
44.6999 67.2556 21.5127 5.9937 279.16
44.7999 67.2049 21.6041 6.0053 279.069
44.8999 67.1542 21.6956 6.01688 278.977
44.9999 67.1035 21.7873 6.02846 278.886
45.0999 67.0528 21.8792 6.04002 278.794
45.1999 67.0021 21.9713 6.05157 278.702
45.2999 66.9515 22.0635 6.06311 278.61
45.3999 66.9008 22.1558 6.07463 278.517
45.4999 66.8501 22.2484 6.08614 278.425
45.5999 66.7994 22.341 6.09764 278.332
45.6999 66.7487 22.4339 6.10913 278.239
45.7999 66.6981 22.5269 6.12061 278.146
45.8999 66.6474 22.62 6.13207 278.053
45.9999 66.5967 22.7133 6.14352 277.96
46.0999 66.546 22.8068 6.15496 277.866
46.1999 66.4954 22.9004 6.16638 277.773
46.2999 66.4447 22.9942 6.17779 277.679
46.3999 66.394 23.0881 6.18919 277.585
46.4999 66.3434 23.1822 6.20057 277.491
46.5999 66.2927 23.2765 6.21195 277.397
46.6999 66.242 23.3709 6.22331 277.302
46.7999 66.1914 23.4655 6.23465 277.208
46.8999 66.1407 23.5602 6.24599 277.113
46.9999 66.09 23.6551 6.25731 277.018
47.0999 66.0394 23.7501 6.26862 276.923
47.1999 65.9887 23.8453 6.27991 276.828
47.2999 65.9381 23.9406 6.29119 276.732
47.3998 65.8874 24.0361 6.30246 276.637
47.4998 65.8367 24.1317 6.31372 276.541
47.5998 65.7861 24.2275 6.32496 276.445
47.6998 65.7354 24.3235 6.33619 276.35
47.7998 65.6848 24.4196 6.3474 276.253
47.8998 65.6341 24.5158 6.35861 276.157
47.9998 65.5835 24.6122 6.3698 276.061
48.0998 65.5328 24.7088 6.38097 275.964
48.1998 65.4822 24.8055 6.39214 275.868
48.2998 65.4315 24.9024 6.40329 275.771
48.3998 65.3809 24.9994 6.41442 275.674
48.4998 65.3303 25.0965 6.42554 275.576
48.5998 65.2796 25.1938 6.43665 275.479
48.6998 65.229 25.2913 6.44775 275.382
48.7998 65.1783 25.3889 6.45883 275.284
48.8998 65.1277 25.4867 6.4699 275.186
48.9998 65.0771 25.5846 6.48095 275.088
49.0998 65.0264 25.6826 6.492 274.99
49.1998 64.9758 25.7808 6.50302 274.892
49.2998 64.9252 25.8792 6.51404 274.794
49.3998 64.8745 25.9777 6.52504 274.695
49.4998 64.8239 26.0763 6.53602 274.597
49.5998 64.7733 26.1751 6.547 274.498
49.6998 64.7226 26.2741 6.55796 274.399
49.7998 64.672 26.3732 6.5689 274.3
49.8998 64.6214 26.4724 6.57983 274.201
49.9998 64.5708 26.5718 6.59075 274.101
50.0998 64.5202 26.6713 6.60165 274.002
50.1998 64.4695 26.771 6.61254 273.902
50.2998 64.4189 26.8708 6.62342 273.802
50.3998 64.3683 26.9708 6.63428 273.702
50.4998 64.3177 27.0709 6.64513 273.602
50.5998 64.2671 27.1711 6.65596 273.502
50.6998 64.2165 27.2715 6.66678 273.402
50.7998 64.1658 27.372 6.67758 273.301
50.8998 64.1152 27.4727 6.68838 273.2
50.9998 64.0646 27.5735 6.69915 273.099
51.0998 64.014 27.6745 6.70991 272.999
51.1998 63.9634 27.7756 6.72066 272.897
51.2998 63.9128 27.8769 6.7314 272.796
51.3998 63.8622 27.9783 6.74212 272.695
51.4998 63.8116 28.0798 6.75282 272.593
51.5998 63.761 28.1815 6.76351 272.492
51.6998 63.7104 28.2833 6.77419 272.39
51.7998 63.6598 28.3852 6.78485 272.288
51.8998 63.6092 28.4873 6.7955 272.186
51.9998 63.5586 28.5896 6.80613 272.083
52.0998 63.508 28.6919 6.81675 271.981
52.1998 63.4574 28.7945 6.82735 271.879
52.2998 63.4068 28.8971 6.83794 271.776
52.3998 63.3562 28.9999 6.84852 271.673
52.4998 63.3056 29.1028 6.85908 271.57
52.5998 63.2551 29.2059 6.86962 271.467
52.6998 63.2045 29.3091 6.88015 271.364
52.7998 63.1539 29.4125 6.89067 271.261
52.8998 63.1033 29.5159 6.90117 271.157
52.9998 63.0527 29.6195 6.91166 271.053
53.0998 63.0021 29.7233 6.92213 270.95
53.1998 62.9516 29.8272 6.93258 270.846
53.2998 62.901 29.9312 6.94303 270.742
53.3998 62.8504 30.0354 6.95345 270.638
53.4998 62.7998 30.1397 6.96386 270.533
53.5998 62.7492 30.2441 6.97426 270.429
53.6998 62.6987 30.3487 6.98464 270.324
53.7998 62.6481 30.4534 6.99501 270.22
53.8997 62.5975 30.5582 7.00536 270.115
53.9997 62.547 30.6632 7.0157 270.01
54.0997 62.4964 30.7683 7.02602 269.905
54.1997 62.4458 30.8735 7.03632 269.8
54.2997 62.3953 30.9789 7.04661 269.694
54.3997 62.3447 31.0844 7.05689 269.589
54.4997 62.2941 31.19 7.06715 269.483
54.5997 62.2436 31.2957 7.07739 269.377
54.6997 62.193 31.4016 7.08762 269.271
54.7997 62.1425 31.5077 7.09784 269.165
54.8997 62.0919 31.6138 7.10804 269.059
54.9997 62.0414 31.7201 7.11822 268.953
55.0997 61.9908 31.8265 7.12839 268.847
55.1997 61.9403 31.9331 7.13854 268.74
55.2997 61.8897 32.0397 7.14868 268.633
55.3997 61.8392 32.1465 7.1588 268.527
55.4997 61.7886 32.2535 7.1689 268.42
55.5997 61.7381 32.3605 7.17899 268.313
55.6997 61.6875 32.4677 7.18907 268.205
55.7997 61.637 32.575 7.19913 268.098
55.8997 61.5864 32.6825 7.20917 267.991
55.9997 61.5359 32.79 7.2192 267.883
56.0997 61.4854 32.8977 7.22921 267.775
56.1997 61.4348 33.0055 7.2392 267.667
56.2997 61.3843 33.1135 7.24918 267.56
56.3997 61.3338 33.2216 7.25915 267.451
56.4997 61.2832 33.3298 7.26909 267.343
56.5997 61.2327 33.4381 7.27903 267.235
56.6997 61.1822 33.5465 7.28894 267.126
56.7997 61.1316 33.6551 7.29884 267.018
56.8997 61.0811 33.7638 7.30873 266.909
56.9997 61.0306 33.8726 7.31859 266.8
57.0997 60.9801 33.9816 7.32844 266.691
57.1997 60.9295 34.0906 7.33828 266.582
57.2997 60.879 34.1998 7.3481 266.473
57.3997 60.8285 34.3091 7.3579 266.364
57.4997 60.778 34.4186 7.36769 266.254
57.5997 60.7275 34.5281 7.37746 266.145
57.6997 60.6769 34.6378 7.38721 266.035
57.7997 60.6264 34.7476 7.39695 265.925
57.8997 60.5759 34.8575 7.40667 265.816
57.9997 60.5254 34.9676 7.41638 265.705
58.0997 60.4749 35.0777 7.42607 265.595
58.1997 60.4244 35.188 7.43574 265.485
58.2997 60.3739 35.2984 7.4454 265.375
58.3997 60.3234 35.4089 7.45504 265.264
58.4997 60.2729 35.5196 7.46466 265.153
58.5997 60.2224 35.6303 7.47427 265.043
58.6997 60.1719 35.7412 7.48386 264.932
58.7997 60.1214 35.8522 7.49343 264.821
58.8997 60.0709 35.9633 7.50298 264.71
58.9997 60.0204 36.0745 7.51252 264.599
59.0997 59.9699 36.1858 7.52205 264.487
59.1997 59.9194 36.2973 7.53155 264.376
59.2997 59.8689 36.4089 7.54104 264.264
59.3997 59.8184 36.5206 7.55051 264.152
59.4997 59.7679 36.6324 7.55997 264.041
59.5997 59.7174 36.7443 7.56941 263.929
59.6997 59.6669 36.8563 7.57883 263.817
59.7997 59.6165 36.9685 7.58824 263.705
59.8997 59.566 37.0807 7.59762 263.592
59.9997 59.5155 37.1931 7.60699 263.48
60.0997 59.465 37.3056 7.61635 263.367
60.1997 59.4145 37.4182 7.62569 263.255
60.2997 59.3641 37.5309 7.635 263.142
60.3997 59.3136 37.6438 7.64431 263.029
60.4996 59.2631 37.7567 7.65359 262.916
60.5996 59.2126 37.8698 7.66286 262.803
60.6996 59.1622 37.9829 7.67211 262.69
60.7996 59.1117 38.0962 7.68134 262.577
60.8996 59.0612 38.2096 7.69056 262.463
60.9996 59.0108 38.3231 7.69976 262.35
61.0996 58.9603 38.4367 7.70894 262.236
61.1996 58.9098 38.5504 7.7181 262.123
61.2996 58.8594 38.6642 7.72725 262.009
61.3996 58.8089 38.7781 7.73638 261.895
61.4996 58.7585 38.8922 7.74549 261.781
61.5996 58.708 39.0063 7.75459 261.667
61.6996 58.6575 39.1206 7.76366 261.552
61.7996 58.6071 39.235 7.77272 261.438
61.8996 58.5566 39.3494 7.78176 261.324
61.9996 58.5062 39.464 7.79079 261.209
62.0996 58.4557 39.5787 7.79979 261.094
62.1996 58.4053 39.6935 7.80878 260.98
62.2996 58.3548 39.8084 7.81775 260.865
62.3996 58.3044 39.9234 7.8267 260.75
62.4996 58.254 40.0385 7.83564 260.635
62.5996 58.2035 40.1537 7.84455 260.519
62.6996 58.1531 40.269 7.85345 260.404
62.7996 58.1026 40.3844 7.86233 260.289
62.8996 58.0522 40.4999 7.8712 260.173
62.9996 58.0018 40.6156 7.88004 260.057
63.0996 57.9513 40.7313 7.88887 259.942
63.1996 57.9009 40.8471 7.89768 259.826
63.2996 57.8505 40.9631 7.90647 259.71
63.3996 57.8 41.0791 7.91524 259.594
63.4996 57.7496 41.1952 7.924 259.478
63.5996 57.6992 41.3115 7.93273 259.362
63.6996 57.6488 41.4278 7.94145 259.245
63.7996 57.5983 41.5442 7.95015 259.129
63.8996 57.5479 41.6608 7.95883 259.012
63.9996 57.4975 41.7774 7.9675 258.896
64.0996 57.4471 41.8942 7.97614 258.779
64.1996 57.3967 42.011 7.98477 258.662
64.2996 57.3462 42.1279 7.99338 258.545
64.3996 57.2958 42.245 8.00197 258.428
64.4996 57.2454 42.3621 8.01054 258.311
64.5996 57.195 42.4793 8.01909 258.194
64.6996 57.1446 42.5967 8.02763 258.076
64.7996 57.0942 42.7141 8.03614 257.959
64.8996 57.0438 42.8316 8.04464 257.841
64.9996 56.9934 42.9492 8.05312 257.724
65.0996 56.943 43.0669 8.06158 257.606
65.1996 56.8926 43.1847 8.07002 257.488
65.2996 56.8422 43.3026 8.07844 257.37
65.3996 56.7918 43.4206 8.08685 257.252
65.4996 56.7414 43.5387 8.09523 257.134
65.5996 56.691 43.6569 8.1036 257.016
65.6996 56.6406 43.7752 8.11194 256.898
65.7996 56.5902 43.8936 8.12027 256.779
65.8996 56.5398 44.012 8.12858 256.661
65.9996 56.4894 44.1306 8.13687 256.542
66.0996 56.439 44.2492 8.14514 256.424
66.1996 56.3886 44.368 8.15339 256.305
66.2996 56.3383 44.4868 8.16163 256.186
66.3996 56.2879 44.6057 8.16984 256.067
66.4996 56.2375 44.7247 8.17804 255.948
66.5996 56.1871 44.8438 8.18621 255.829
66.6996 56.1367 44.963 8.19437 255.71
66.7996 56.0864 45.0823 8.20251 255.591
66.8996 56.036 45.2017 8.21063 255.471
66.9995 55.9856 45.3212 8.21872 255.352
67.0995 55.9352 45.4407 8.2268 255.232
67.1995 55.8849 45.5603 8.23486 255.113
67.2995 55.8345 45.6801 8.24291 254.993
67.3995 55.7841 45.7999 8.25093 254.873
67.4995 55.7338 45.9198 8.25893 254.753
67.5995 55.6834 46.0398 8.26691 254.633
67.6995 55.633 46.1599 8.27487 254.513
67.7995 55.5827 46.28 8.28282 254.393
67.8995 55.5323 46.4003 8.29074 254.273
67.9995 55.482 46.5206 8.29865 254.152
68.0995 55.4316 46.641 8.30653 254.032
68.1995 55.3813 46.7615 8.3144 253.912
68.2995 55.3309 46.8821 8.32224 253.791
68.3995 55.2806 47.0028 8.33007 253.67
68.4995 55.2302 47.1235 8.33787 253.55
68.5995 55.1799 47.2443 8.34566 253.429
68.6995 55.1295 47.3653 8.35342 253.308
68.7995 55.0792 47.4863 8.36117 253.187
68.8995 55.0288 47.6073 8.3689 253.066
68.9995 54.9785 47.7285 8.3766 252.945
69.0995 54.9281 47.8498 8.38429 252.823
69.1995 54.8778 47.9711 8.39196 252.702
69.2995 54.8275 48.0925 8.3996 252.581
69.3995 54.7771 48.214 8.40723 252.459
69.4995 54.7268 48.3355 8.41483 252.337
69.5995 54.6765 48.4572 8.42242 252.216
69.6995 54.6261 48.5789 8.42999 252.094
69.7995 54.5758 48.7007 8.43753 251.972
69.8995 54.5255 48.8226 8.44506 251.85
69.9995 54.4752 48.9446 8.45256 251.728
70.0995 54.4248 49.0666 8.46005 251.606
70.1995 54.3745 49.1887 8.46751 251.484
70.2995 54.3242 49.3109 8.47496 251.362
70.3995 54.2739 49.4332 8.48238 251.24
70.4995 54.2236 49.5555 8.48978 251.118
70.5995 54.1732 49.6779 8.49717 250.995
70.6995 54.1229 49.8004 8.50453 250.873
70.7995 54.0726 49.923 8.51187 250.75
70.8995 54.0223 50.0456 8.51919 250.627
70.9995 53.972 50.1683 8.52649 250.505
71.0995 53.9217 50.2911 8.53377 250.382
71.1995 53.8714 50.414 8.54103 250.259
71.2995 53.8211 50.5369 8.54827 250.136
71.3995 53.7708 50.66 8.55549 250.013
71.4995 53.7205 50.783 8.56268 249.89
71.5995 53.6702 50.9062 8.56986 249.767
71.6995 53.6199 51.0294 8.57702 249.644
71.7995 53.5696 51.1527 8.58415 249.52
71.8995 53.5193 51.2761 8.59126 249.397
71.9995 53.469 51.3995 8.59836 249.274
72.0995 53.4187 51.523 8.60543 249.15
72.1995 53.3684 51.6466 8.61248 249.026
72.2995 53.3181 51.7702 8.61951 248.903
72.3995 53.2678 51.894 8.62652 248.779
72.4995 53.2176 52.0178 8.63351 248.655
72.5995 53.1673 52.1416 8.64047 248.531
72.6995 53.117 52.2655 8.64742 248.408
72.7995 53.0667 52.3895 8.65434 248.284
72.8995 53.0164 52.5136 8.66125 248.159
72.9995 52.9662 52.6377 8.66813 248.035
73.0995 52.9159 52.7619 8.67499 247.911
73.1995 52.8656 52.8861 8.68183 247.787
73.2995 52.8153 53.0104 8.68864 247.663
73.3995 52.7651 53.1348 8.69544 247.538
73.4995 52.7148 53.2593 8.70222 247.414
73.5994 52.6645 53.3838 8.70897 247.289
73.6994 52.6143 53.5084 8.7157 247.165
73.7994 52.564 53.633 8.72241 247.04
73.8994 52.5137 53.7577 8.7291 246.915
73.9994 52.4635 53.8825 8.73577 246.791
74.0994 52.4132 54.0073 8.74241 246.666
74.1994 52.363 54.1322 8.74904 246.541
74.2994 52.3127 54.2572 8.75564 246.416
74.3994 52.2625 54.3822 8.76222 246.291
74.4994 52.2122 54.5072 8.76878 246.166
74.5994 52.162 54.6324 8.77532 246.041
74.6994 52.1117 54.7576 8.78183 245.915
74.7994 52.0615 54.8828 8.78833 245.79
74.8994 52.0112 55.0082 8.7948 245.665
74.9994 51.961 55.1335 8.80125 245.54
75.0994 51.9107 55.259 8.80768 245.414
75.1994 51.8605 55.3844 8.81408 245.289
75.2994 51.8103 55.51 8.82046 245.163
75.3994 51.76 55.6356 8.82683 245.037
75.4994 51.7098 55.7613 8.83317 244.912
75.5994 51.6596 55.887 8.83948 244.786
75.6994 51.6093 56.0128 8.84578 244.66
75.7994 51.5591 56.1386 8.85205 244.534
75.8994 51.5089 56.2645 8.8583 244.409
75.9994 51.4586 56.3904 8.86453 244.283
76.0994 51.4084 56.5164 8.87074 244.157
76.1994 51.3582 56.6425 8.87692 244.031
76.2994 51.308 56.7686 8.88308 243.904
76.3994 51.2577 56.8947 8.88922 243.778
76.4994 51.2075 57.021 8.89534 243.652
76.5994 51.1573 57.1472 8.90143 243.526
76.6994 51.1071 57.2735 8.90751 243.399
76.7994 51.0569 57.3999 8.91356 243.273
76.8994 51.0067 57.5263 8.91958 243.147
76.9994 50.9565 57.6528 8.92559 243.02
77.0994 50.9062 57.7793 8.93157 242.894
77.1994 50.856 57.9059 8.93753 242.767
77.2994 50.8058 58.0325 8.94346 242.64
77.3994 50.7556 58.1592 8.94938 242.514
77.4994 50.7054 58.2859 8.95527 242.387
77.5994 50.6552 58.4127 8.96114 242.26
77.6994 50.605 58.5395 8.96698 242.133
77.7994 50.5548 58.6664 8.97281 242.007
77.8994 50.5046 58.7933 8.97861 241.88
77.9994 50.4544 58.9203 8.98438 241.753
78.0994 50.4043 59.0473 8.99014 241.626
78.1994 50.3541 59.1744 8.99587 241.499
78.2994 50.3039 59.3015 9.00158 241.372
78.3994 50.2537 59.4286 9.00726 241.244
78.4994 50.2035 59.5558 9.01292 241.117
78.5994 50.1533 59.6831 9.01856 240.99
78.6994 50.1031 59.8104 9.02418 240.863
78.7994 50.053 59.9377 9.02977 240.735
78.8994 50.0028 60.0651 9.03534 240.608
78.9994 49.9526 60.1925 9.04088 240.481
79.0994 49.9024 60.32 9.04641 240.353
79.1994 49.8523 60.4475 9.05191 240.226
79.2994 49.8021 60.575 9.05738 240.098
79.3994 49.7519 60.7026 9.06284 239.97
79.4994 49.7017 60.8302 9.06826 239.843
79.5994 49.6516 60.9579 9.07367 239.715
79.6994 49.6014 61.0856 9.07905 239.587
79.7994 49.5513 61.2134 9.08441 239.46
79.8994 49.5011 61.3412 9.08975 239.332
79.9994 49.4509 61.469 9.09506 239.204
80.0993 49.4008 61.5969 9.10035 239.076
80.1993 49.3506 61.7248 9.10561 238.948
80.2993 49.3005 61.8528 9.11085 238.82
80.3993 49.2503 61.9808 9.11607 238.692
80.4993 49.2002 62.1088 9.12126 238.564
80.5993 49.15 62.2368 9.12643 238.436
80.6993 49.0999 62.3649 9.13158 238.308
80.7993 49.0497 62.4931 9.1367 238.18
80.8993 48.9996 62.6213 9.1418 238.052
80.9993 48.9494 62.7495 9.14687 237.924
81.0993 48.8993 62.8777 9.15193 237.795
81.1993 48.8491 63.006 9.15695 237.667
81.2993 48.799 63.1343 9.16195 237.539
81.3993 48.7489 63.2627 9.16693 237.41
81.4993 48.6987 63.3911 9.17189 237.282
81.5993 48.6486 63.5195 9.17682 237.154
81.6993 48.5985 63.6479 9.18172 237.025
81.7993 48.5483 63.7764 9.18661 236.897
81.8993 48.4982 63.9049 9.19146 236.768
81.9993 48.4481 64.0335 9.1963 236.64
82.0993 48.398 64.1621 9.20111 236.511
82.1993 48.3478 64.2907 9.20589 236.382
82.2993 48.2977 64.4193 9.21065 236.254
82.3993 48.2476 64.548 9.21539 236.125
82.4993 48.1975 64.6767 9.2201 235.996
82.5993 48.1474 64.8054 9.22479 235.868
82.6993 48.0972 64.9342 9.22945 235.739
82.7993 48.0471 65.063 9.23409 235.61
82.8993 47.997 65.1918 9.23871 235.481
82.9993 47.9469 65.3206 9.2433 235.352
83.0993 47.8968 65.4495 9.24786 235.224
83.1993 47.8467 65.5784 9.2524 235.095
83.2993 47.7966 65.7073 9.25692 234.966
83.3993 47.7465 65.8363 9.26141 234.837
83.4993 47.6964 65.9653 9.26588 234.708
83.5993 47.6463 66.0943 9.27032 234.579
83.6993 47.5962 66.2233 9.27474 234.45
83.7993 47.5461 66.3524 9.27913 234.321
83.8993 47.496 66.4814 9.2835 234.192
83.9993 47.4459 66.6105 9.28784 234.062
84.0993 47.3958 66.7397 9.29216 233.933
84.1993 47.3457 66.8688 9.29645 233.804
84.2993 47.2956 66.998 9.30072 233.675
84.3993 47.2456 67.1272 9.30496 233.546
84.4993 47.1955 67.2564 9.30918 233.417
84.5993 47.1454 67.3857 9.31337 233.287
84.6993 47.0953 67.5149 9.31754 233.158
84.7993 47.0452 67.6442 9.32168 233.029
84.8993 46.9952 67.7735 9.3258 232.9
84.9993 46.9451 67.9028 9.32989 232.77
85.0993 46.895 68.0322 9.33396 232.641
85.1993 46.8449 68.1615 9.338 232.511
85.2993 46.7949 68.2909 9.34201 232.382
85.3993 46.7448 68.4203 9.34601 232.253
85.4993 46.6947 68.5497 9.34997 232.123
85.5993 46.6447 68.6792 9.35391 231.994
85.6993 46.5946 68.8086 9.35783 231.864
85.7993 46.5445 68.9381 9.36172 231.735
85.8993 46.4945 69.0676 9.36558 231.605
85.9993 46.4444 69.1971 9.36942 231.476
86.0993 46.3944 69.3266 9.37323 231.346
86.1993 46.3443 69.4561 9.37702 231.217
86.2993 46.2943 69.5857 9.38078 231.087
86.3993 46.2442 69.7153 9.38452 230.958
86.4993 46.1942 69.8448 9.38823 230.828
86.5993 46.1441 69.9744 9.39191 230.699
86.6992 46.0941 70.104 9.39557 230.569
86.7992 46.044 70.2336 9.3992 230.439
86.8992 45.994 70.3633 9.40281 230.31
86.9992 45.9439 70.4929 9.40639 230.18
87.0992 45.8939 70.6226 9.40995 230.05
87.1992 45.8439 70.7522 9.41348 229.921
87.2992 45.7938 70.8819 9.41698 229.791
87.3992 45.7438 71.0116 9.42046 229.661
87.4992 45.6937 71.1413 9.42391 229.532
87.5992 45.6437 71.271 9.42734 229.402
87.6992 45.5937 71.4007 9.43074 229.272
87.7992 45.5437 71.5305 9.43411 229.143
87.8992 45.4936 71.6602 9.43746 229.013
87.9992 45.4436 71.79 9.44078 228.883
88.0992 45.3936 71.9197 9.44408 228.753
88.1992 45.3436 72.0495 9.44735 228.624
88.2992 45.2935 72.1792 9.45059 228.494
88.3992 45.2435 72.309 9.45381 228.364
88.4992 45.1935 72.4388 9.457 228.234
88.5992 45.1435 72.5686 9.46016 228.104
88.6992 45.0935 72.6984 9.4633 227.975
88.7992 45.0435 72.8282 9.46641 227.845
88.8992 44.9935 72.958 9.4695 227.715
88.9992 44.9435 73.0878 9.47255 227.585
89.0992 44.8934 73.2176 9.47559 227.455
89.1992 44.8434 73.3474 9.47859 227.326
89.2992 44.7934 73.4772 9.48157 227.196
89.3992 44.7434 73.607 9.48452 227.066
89.4992 44.6934 73.7368 9.48745 226.936
89.5992 44.6434 73.8667 9.49035 226.806
89.6992 44.5934 73.9965 9.49322 226.677
89.7992 44.5435 74.1263 9.49607 226.547
89.8992 44.4935 74.2562 9.49888 226.417
89.9992 44.4435 74.386 9.50168 226.287
90.0992 44.3935 74.5158 9.50444 226.157
90.1992 44.3435 74.6456 9.50718 226.027
90.2992 44.2935 74.7755 9.50989 225.898
90.3992 44.2435 74.9053 9.51258 225.768
90.4992 44.1935 75.0351 9.51523 225.638
90.5992 44.1436 75.1649 9.51787 225.508
90.6992 44.0936 75.2948 9.52047 225.378
90.7992 44.0436 75.4246 9.52305 225.248
90.8992 43.9936 75.5544 9.5256 225.119
90.9992 43.9437 75.6842 9.52812 224.989
91.0992 43.8937 75.814 9.53061 224.859
91.1992 43.8437 75.9438 9.53308 224.729
91.2992 43.7937 76.0736 9.53552 224.599
91.3992 43.7438 76.2034 9.53794 224.47
91.4992 43.6938 76.3332 9.54032 224.34
91.5992 43.6439 76.463 9.54268 224.21
91.6992 43.5939 76.5927 9.54502 224.08
91.7992 43.5439 76.7225 9.54732 223.951
91.8992 43.494 76.8523 9.5496 223.821
91.9992 43.444 76.982 9.55185 223.691
92.0992 43.3941 77.1118 9.55407 223.561
92.1992 43.3441 77.2415 9.55627 223.432
92.2992 43.2942 77.3712 9.55843 223.302
92.3992 43.2442 77.5009 9.56057 223.172
92.4992 43.1943 77.6306 9.56269 223.042
92.5992 43.1443 77.7603 9.56477 222.913
92.6992 43.0944 77.89 9.56683 222.783
92.7992 43.0444 78.0197 9.56886 222.653
92.8992 42.9945 78.1494 9.57086 222.524
92.9992 42.9445 78.279 9.57284 222.394
93.0992 42.8946 78.4087 9.57478 222.264
93.1992 42.8447 78.5383 9.5767 222.135
93.2991 42.7947 78.6679 9.57859 222.005
93.3991 42.7448 78.7975 9.58046 221.875
93.4991 42.6949 78.9271 9.58229 221.746
93.5991 42.6449 79.0567 9.5841 221.616
93.6991 42.595 79.1863 9.58588 221.487
93.7991 42.5451 79.3158 9.58763 221.357
93.8991 42.4952 79.4454 9.58936 221.228
93.9991 42.4452 79.5749 9.59105 221.098
94.0991 42.3953 79.7044 9.59272 220.969
94.1991 42.3454 79.8339 9.59436 220.839
94.2991 42.2955 79.9633 9.59597 220.71
94.3991 42.2456 80.0928 9.59756 220.58
94.4991 42.1956 80.2222 9.59911 220.451
94.5991 42.1457 80.3517 9.60064 220.321
94.6991 42.0958 80.4811 9.60214 220.192
94.7991 42.0459 80.6104 9.60361 220.063
94.8991 41.996 80.7398 9.60505 219.933
94.9991 41.9461 80.8691 9.60647 219.804
95.0991 41.8962 80.9985 9.60785 219.675
95.1991 41.8463 81.1278 9.60921 219.545
95.2991 41.7964 81.2571 9.61054 219.416
95.3991 41.7465 81.3863 9.61184 219.287
95.4991 41.6966 81.5156 9.61311 219.157
95.5991 41.6467 81.6448 9.61436 219.028
95.6991 41.5968 81.774 9.61557 218.899
95.7991 41.5469 81.9031 9.61676 218.77
95.8991 41.497 82.0323 9.61792 218.641
95.9991 41.4471 82.1614 9.61905 218.512
96.0991 41.3972 82.2905 9.62015 218.382
96.1991 41.3474 82.4196 9.62122 218.253
96.2991 41.2975 82.5487 9.62227 218.124
96.3991 41.2476 82.6777 9.62328 217.995
96.4991 41.1977 82.8067 9.62427 217.866
96.5991 41.1478 82.9357 9.62523 217.737
96.6991 41.098 83.0646 9.62615 217.608
96.7991 41.0481 83.1936 9.62705 217.479
96.8991 40.9982 83.3225 9.62793 217.351
96.9991 40.9483 83.4513 9.62877 217.222
97.0991 40.8985 83.5802 9.62958 217.093
97.1991 40.8486 83.709 9.63037 216.964
97.2991 40.7987 83.8378 9.63112 216.835
97.3991 40.7489 83.9666 9.63185 216.706
97.4991 40.699 84.0953 9.63255 216.578
97.5991 40.6491 84.224 9.63322 216.449
97.6991 40.5993 84.3527 9.63386 216.32
97.7991 40.5494 84.4813 9.63447 216.192
97.8991 40.4996 84.6099 9.63505 216.063
97.9991 40.4497 84.7385 9.6356 215.935
98.0991 40.3998 84.8671 9.63612 215.806
98.1991 40.35 84.9956 9.63662 215.677
98.2991 40.3001 85.1241 9.63708 215.549
98.3991 40.2503 85.2525 9.63752 215.421
98.4991 40.2004 85.3809 9.63792 215.292
98.5991 40.1506 85.5093 9.6383 215.164
98.6991 40.1008 85.6377 9.63865 215.035
98.7991 40.0509 85.766 9.63897 214.907
98.8991 40.0011 85.8943 9.63925 214.779
98.9991 39.9512 86.0225 9.63951 214.651
99.0991 39.9014 86.1507 9.63974 214.522
99.1991 39.8516 86.2789 9.63994 214.394
99.2991 39.8017 86.407 9.64011 214.266
99.3991 39.7519 86.5351 9.64026 214.138
99.4991 39.7021 86.6632 9.64037 214.01
99.5991 39.6522 86.7912 9.64045 213.882
99.6991 39.6024 86.9192 9.6405 213.754
99.799 39.5526 87.0472 9.64053 213.626
99.899 39.5028 87.1751 9.64052 213.498
99.999 39.4529 87.303 9.64048 213.37
100.099 39.4031 87.4308 9.64042 213.242
100.199 39.3533 87.5586 9.64032 213.114
100.299 39.3035 87.6864 9.64019 212.987
100.399 39.2537 87.8141 9.64004 212.859
100.499 39.2038 87.9418 9.63985 212.731
100.599 39.154 88.0694 9.63964 212.604
100.699 39.1042 88.197 9.63939 212.476
100.799 39.0544 88.3245 9.63912 212.348
100.899 39.0046 88.452 9.63881 212.221
100.999 38.9548 88.5795 9.63848 212.094
101.099 38.905 88.7069 9.63811 211.966
101.199 38.8552 88.8343 9.63772 211.839
101.299 38.8054 88.9616 9.63729 211.711
101.399 38.7556 89.0889 9.63684 211.584
101.499 38.7058 89.2162 9.63635 211.457
101.599 38.656 89.3434 9.63584 211.33
101.699 38.6062 89.4705 9.63529 211.203
101.799 38.5564 89.5976 9.63472 211.075
101.899 38.5066 89.7247 9.63411 210.948
101.999 38.4568 89.8517 9.63347 210.821
102.099 38.407 89.9787 9.63281 210.694
102.199 38.3573 90.1056 9.63211 210.567
102.299 38.3075 90.2325 9.63138 210.441
102.399 38.2577 90.3593 9.63063 210.314
102.499 38.2079 90.4861 9.62984 210.187
102.599 38.1581 90.6128 9.62902 210.06
102.699 38.1083 90.7395 9.62817 209.934
102.799 38.0586 90.8661 9.62729 209.807
102.899 38.0088 90.9927 9.62639 209.68
102.999 37.959 91.1192 9.62545 209.554
103.099 37.9093 91.2457 9.62448 209.427
103.199 37.8595 91.3721 9.62348 209.301
103.299 37.8097 91.4985 9.62244 209.175
103.399 37.7599 91.6248 9.62138 209.048
103.499 37.7102 91.7511 9.62029 208.922
103.599 37.6604 91.8773 9.61917 208.796
103.699 37.6107 92.0034 9.61801 208.67
103.799 37.5609 92.1295 9.61683 208.543
103.899 37.5111 92.2556 9.61561 208.417
103.999 37.4614 92.3816 9.61437 208.291
104.099 37.4116 92.5075 9.61309 208.165
104.199 37.3619 92.6334 9.61178 208.04
104.299 37.3121 92.7593 9.61045 207.914
104.399 37.2624 92.885 9.60908 207.788
104.499 37.2126 93.0108 9.60768 207.662
104.599 37.1629 93.1364 9.60625 207.537
104.699 37.1131 93.262 9.60478 207.411
104.799 37.0634 93.3876 9.60329 207.285
104.899 37.0136 93.5131 9.60177 207.16
104.999 36.9639 93.6385 9.60021 207.035
105.099 36.9142 93.7639 9.59863 206.909
105.199 36.8644 93.8892 9.59701 206.784
105.299 36.8147 94.0145 9.59537 206.659
105.399 36.765 94.1397 9.59369 206.533
105.499 36.7152 94.2648 9.59198 206.408
105.599 36.6655 94.3899 9.59024 206.283
105.699 36.6158 94.5149 9.58847 206.158
105.799 36.566 94.6398 9.58666 206.033
105.899 36.5163 94.7647 9.58483 205.908
105.999 36.4666 94.8896 9.58296 205.783
106.099 36.4169 95.0143 9.58107 205.659
106.199 36.3672 95.139 9.57914 205.534
106.299 36.3174 95.2637 9.57718 205.409
106.399 36.2677 95.3882 9.57519 205.285
106.499 36.218 95.5128 9.57317 205.16
106.599 36.1683 95.6372 9.57112 205.036
106.699 36.1186 95.7616 9.56903 204.911
106.799 36.0689 95.8859 9.56692 204.787
106.899 36.0191 96.0102 9.56477 204.663
106.999 35.9694 96.1344 9.56259 204.539
107.099 35.9197 96.2585 9.56038 204.415
107.199 35.87 96.3825 9.55814 204.29
107.299 35.8203 96.5065 9.55587 204.166
107.399 35.7706 96.6305 9.55356 204.043
107.499 35.7209 96.7543 9.55123 203.919
107.599 35.6712 96.8781 9.54886 203.795
107.699 35.6215 97.0018 9.54646 203.671
107.799 35.5718 97.1255 9.54403 203.548
107.899 35.5221 97.249 9.54157 203.424
107.999 35.4724 97.3725 9.53907 203.3
108.099 35.4228 97.496 9.53655 203.177
108.199 35.3731 97.6194 9.53399 203.054
108.299 35.3234 97.7427 9.5314 202.93
108.399 35.2737 97.8659 9.52878 202.807
108.499 35.224 97.989 9.52613 202.684
108.599 35.1743 98.1121 9.52345 202.561
108.699 35.1246 98.2351 9.52073 202.438
108.799 35.075 98.3581 9.51798 202.315
108.899 35.0253 98.4809 9.5152 202.192
108.999 34.9756 98.6037 9.51239 202.069
109.099 34.9259 98.7264 9.50955 201.947
109.199 34.8763 98.8491 9.50668 201.824
109.299 34.8266 98.9717 9.50377 201.701
109.399 34.7769 99.0942 9.50083 201.579
109.499 34.7273 99.2166 9.49786 201.456
109.599 34.6776 99.3389 9.49486 201.334
109.699 34.6279 99.4612 9.49182 201.212
109.799 34.5783 99.5834 9.48876 201.09
109.899 34.5286 99.7055 9.48566 200.968
109.999 34.4789 99.8275 9.48253 200.845
110.099 34.4293 99.9495 9.47937 200.724
110.199 34.3796 100.071 9.47617 200.602
110.299 34.33 100.193 9.47294 200.48
110.399 34.2803 100.315 9.46968 200.358
110.499 34.2307 100.437 9.46639 200.236
110.599 34.181 100.558 9.46307 200.115
110.699 34.1314 100.68 9.45972 199.993
110.799 34.0817 100.801 9.45633 199.872
110.899 34.0321 100.922 9.45291 199.751
110.999 33.9824 101.044 9.44946 199.629
111.099 33.9328 101.165 9.44597 199.508
111.199 33.8831 101.286 9.44246 199.387
111.299 33.8335 101.407 9.43891 199.266
111.399 33.7839 101.528 9.43533 199.145
111.499 33.7342 101.649 9.43171 199.024
111.599 33.6846 101.769 9.42807 198.904
111.699 33.635 101.89 9.42439 198.783
111.799 33.5853 102.011 9.42068 198.662
111.899 33.5357 102.131 9.41694 198.542
111.999 33.4861 102.252 9.41316 198.422
112.099 33.4364 102.372 9.40936 198.301
112.199 33.3868 102.492 9.40552 198.181
112.299 33.3372 102.612 9.40164 198.061
112.399 33.2876 102.732 9.39774 197.941
112.499 33.2379 102.852 9.3938 197.821
112.599 33.1883 102.972 9.38983 197.701
112.699 33.1387 103.092 9.38583 197.581
112.799 33.0891 103.212 9.3818 197.461
112.899 33.0395 103.331 9.37773 197.342
112.999 32.9899 103.451 9.37363 197.222
113.099 32.9402 103.57 9.3695 197.103
113.199 32.8906 103.69 9.36533 196.983
113.299 32.841 103.809 9.36114 196.864
113.399 32.7914 103.928 9.35691 196.745
113.499 32.7418 104.047 9.35264 196.626
113.599 32.6922 104.166 9.34835 196.507
113.699 32.6426 104.285 9.34402 196.388
113.799 32.593 104.404 9.33966 196.269
113.899 32.5434 104.523 9.33527 196.15
113.999 32.4938 104.642 9.33084 196.031
114.099 32.4442 104.76 9.32638 195.913
114.199 32.3946 104.879 9.32189 195.794
114.299 32.345 104.997 9.31737 195.676
114.399 32.2954 105.115 9.31281 195.558
114.499 32.2458 105.233 9.30822 195.44
114.599 32.1962 105.352 9.3036 195.322
114.699 32.1467 105.47 9.29894 195.204
114.799 32.0971 105.587 9.29425 195.086
114.899 32.0475 105.705 9.28953 194.968
114.999 31.9979 105.823 9.28478 194.85
115.099 31.9483 105.941 9.27999 194.732
115.199 31.8987 106.058 9.27517 194.615
115.299 31.8492 106.176 9.27032 194.498
115.399 31.7996 106.293 9.26543 194.38
115.499 31.75 106.41 9.26052 194.263
115.599 31.7004 106.527 9.25556 194.146
115.699 31.6509 106.644 9.25058 194.029
115.799 31.6013 106.761 9.24556 193.912
115.899 31.5517 106.878 9.24051 193.795
115.999 31.5021 106.995 9.23543 193.678
116.099 31.4526 107.111 9.23031 193.562
116.199 31.403 107.228 9.22517 193.445
116.299 31.3535 107.344 9.21998 193.329
116.399 31.3039 107.461 9.21477 193.212
116.499 31.2543 107.577 9.20952 193.096
116.599 31.2048 107.693 9.20424 192.98
116.699 31.1552 107.809 9.19893 192.864
116.799 31.1057 107.925 9.19358 192.748
116.899 31.0561 108.041 9.1882 192.632
116.999 31.0066 108.157 9.18279 192.516
117.099 30.957 108.272 9.17734 192.401
117.199 30.9074 108.388 9.17186 192.285
117.299 30.8579 108.503 9.16635 192.17
117.399 30.8084 108.619 9.1608 192.055
117.499 30.7588 108.734 9.15522 191.939
117.599 30.7093 108.849 9.14961 191.824
117.699 30.6597 108.964 9.14397 191.709
117.799 30.6102 109.079 9.13829 191.594
117.899 30.5606 109.194 9.13258 191.48
117.999 30.5111 109.308 9.12683 191.365
118.099 30.4616 109.423 9.12105 191.25
118.199 30.412 109.537 9.11524 191.136
118.299 30.3625 109.652 9.1094 191.021
118.399 30.313 109.766 9.10352 190.907
118.499 30.2634 109.88 9.09761 190.793
118.599 30.2139 109.994 9.09167 190.679
118.699 30.1644 110.108 9.08569 190.565
118.799 30.1148 110.222 9.07968 190.451
118.899 30.0653 110.336 9.07363 190.337
118.999 30.0158 110.449 9.06756 190.224
119.099 29.9663 110.563 9.06145 190.11
119.199 29.9168 110.676 9.0553 189.997
119.299 29.8672 110.789 9.04913 189.884
119.399 29.8177 110.902 9.04292 189.771
119.499 29.7682 111.016 9.03667 189.657
119.599 29.7187 111.128 9.0304 189.545
119.699 29.6692 111.241 9.02409 189.432
119.799 29.6197 111.354 9.01774 189.319
119.899 29.5701 111.467 9.01137 189.206
119.999 29.5206 111.579 9.00496 189.094
120.099 29.4711 111.691 8.99851 188.982
120.199 29.4216 111.804 8.99203 188.869
120.299 29.3721 111.916 8.98552 188.757
120.399 29.3226 112.028 8.97898 188.645
120.499 29.2731 112.14 8.9724 188.533
120.599 29.2236 112.252 8.96579 188.421
120.699 29.1741 112.363 8.95915 188.31
120.799 29.1246 112.475 8.95247 188.198
120.899 29.0751 112.586 8.94576 188.087
120.999 29.0256 112.698 8.93902 187.975
121.099 28.9761 112.809 8.93224 187.864
121.199 28.9266 112.92 8.92543 187.753
121.299 28.8771 113.031 8.91859 187.642
121.399 28.8277 113.142 8.91171 187.531
121.499 28.7782 113.253 8.9048 187.42
121.599 28.7287 113.363 8.89785 187.31
121.699 28.6792 113.474 8.89088 187.199
121.799 28.6297 113.584 8.88386 187.089
121.899 28.5802 113.695 8.87682 186.978
121.999 28.5308 113.805 8.86974 186.868
122.099 28.4813 113.915 8.86263 186.758
122.199 28.4318 114.025 8.85548 186.648
122.299 28.3823 114.134 8.84831 186.539
122.399 28.3328 114.244 8.84109 186.429
122.499 28.2834 114.354 8.83385 186.319
122.599 28.2339 114.463 8.82657 186.21
122.699 28.1844 114.572 8.81926 186.101
122.799 28.135 114.682 8.81191 185.991
122.899 28.0855 114.791 8.80453 185.882
122.999 28.036 114.9 8.79712 185.773
123.099 27.9866 115.008 8.78967 185.665
123.199 27.9371 115.117 8.78219 185.556
123.299 27.8876 115.226 8.77468 185.447
123.399 27.8382 115.334 8.76713 185.339
123.499 27.7887 115.443 8.75955 185.23
123.599 27.7392 115.551 8.75194 185.122
123.699 27.6898 115.659 8.74429 185.014
123.799 27.6403 115.767 8.73661 184.906
123.899 27.5909 115.875 8.7289 184.798
123.999 27.5414 115.982 8.72115 184.691
124.099 27.492 116.09 8.71337 184.583
124.199 27.4425 116.197 8.70556 184.476
124.299 27.3931 116.305 8.69771 184.368
124.399 27.3436 116.412 8.68983 184.261
124.499 27.2942 116.519 8.68191 184.154
124.599 27.2447 116.626 8.67396 184.047
124.699 27.1953 116.733 8.66598 183.94
124.799 27.1459 116.839 8.65797 183.834
124.899 27.0964 116.946 8.64992 183.727
124.999 27.047 117.052 8.64184 183.621
125.099 26.9975 117.159 8.63372 183.514
125.199 26.9481 117.265 8.62557 183.408
125.299 26.8987 117.371 8.61739 183.302
125.399 26.8492 117.477 8.60917 183.196
125.499 26.7998 117.582 8.60092 183.091
125.599 26.7504 117.688 8.59264 182.985
125.699 26.7009 117.793 8.58432 182.88
125.799 26.6515 117.899 8.57597 182.774
125.899 26.6021 118.004 8.56759 182.669
125.999 26.5527 118.109 8.55917 182.564
126.099 26.5032 118.214 8.55072 182.459
126.199 26.4538 118.319 8.54224 182.354
126.299 26.4044 118.424 8.53372 182.249
126.399 26.355 118.528 8.52517 182.145
126.499 26.3055 118.633 8.51659 182.04
126.599 26.2561 118.737 8.50797 181.936
126.699 26.2067 118.841 8.49932 181.832
126.799 26.1573 118.945 8.49063 181.728
126.899 26.1079 119.049 8.48192 181.624
126.999 26.0585 119.153 8.47317 181.52
127.099 26.0091 119.256 8.46438 181.417
127.199 25.9597 119.36 8.45556 181.313
127.299 25.9102 119.463 8.44671 181.21
127.399 25.8608 119.566 8.43783 181.107
127.499 25.8114 119.67 8.42891 181.003
127.599 25.762 119.772 8.41996 180.901
127.699 25.7126 119.875 8.41097 180.798
127.799 25.6632 119.978 8.40196 180.695
127.899 25.6138 120.08 8.3929 180.593
127.999 25.5644 120.183 8.38382 180.49
128.099 25.515 120.285 8.3747 180.388
128.199 25.4656 120.387 8.36555 180.286
128.299 25.4162 120.489 8.35636 180.184
128.399 25.3668 120.591 8.34714 180.082
128.499 25.3174 120.693 8.33789 179.98
128.599 25.268 120.794 8.32861 179.879
128.699 25.2186 120.896 8.31929 179.777
128.799 25.1692 120.997 8.30994 179.676
128.899 25.1199 121.098 8.30055 179.575
128.999 25.0705 121.199 8.29113 179.474
129.099 25.0211 121.3 8.28168 179.373
129.199 24.9717 121.4 8.2722 179.273
129.299 24.9223 121.501 8.26268 179.172
129.399 24.8729 121.601 8.25313 179.072
129.499 24.8235 121.702 8.24354 178.971
129.599 24.7742 121.802 8.23392 178.871
129.699 24.7248 121.902 8.22427 178.771
129.799 24.6754 122.002 8.21459 178.671
129.899 24.626 122.101 8.20487 178.572
129.999 24.5766 122.201 8.19512 178.472
130.099 24.5273 122.3 8.18534 178.373
130.199 24.4779 122.399 8.17552 178.274
130.299 24.4285 122.499 8.16567 178.174
130.399 24.3791 122.597 8.15579 178.076
130.499 24.3298 122.696 8.14587 177.977
130.599 24.2804 122.795 8.13592 177.878
130.699 24.231 122.893 8.12594 177.78
130.799 24.1817 122.992 8.11593 177.681
130.899 24.1323 123.09 8.10588 177.583
130.999 24.0829 123.188 8.0958 177.485
131.099 24.0336 123.286 8.08568 177.387
131.199 23.9842 123.384 8.07553 177.289
131.299 23.9348 123.481 8.06535 177.192
131.399 23.8855 123.579 8.05514 177.094
131.499 23.8361 123.676 8.04489 176.997
131.599 23.7868 123.773 8.03461 176.9
131.699 23.7374 123.87 8.0243 176.803
131.799 23.6881 123.967 8.01396 176.706
131.899 23.6387 124.064 8.00358 176.609
131.999 23.5894 124.161 7.99317 176.512
132.099 23.54 124.257 7.98272 176.416
132.199 23.4907 124.353 7.97225 176.32
132.299 23.4413 124.449 7.96174 176.224
132.399 23.392 124.545 7.9512 176.128
132.499 23.3426 124.641 7.94062 176.032
132.599 23.2933 124.737 7.93001 175.936
132.699 23.2439 124.832 7.91937 175.841
132.799 23.1946 124.928 7.9087 175.745
132.899 23.1452 125.023 7.89799 175.65
132.999 23.0959 125.118 7.88725 175.555
133.099 23.0466 125.213 7.87648 175.46
133.199 22.9972 125.307 7.86568 175.366
133.299 22.9479 125.402 7.85484 175.271
133.399 22.8986 125.496 7.84397 175.177
133.499 22.8492 125.591 7.83307 175.082
133.599 22.7999 125.685 7.82213 174.988
133.699 22.7506 125.779 7.81116 174.894
133.799 22.7012 125.873 7.80016 174.801
133.899 22.6519 125.966 7.78913 174.707
133.999 22.6026 126.06 7.77806 174.613
134.099 22.5532 126.153 7.76697 174.52
134.199 22.5039 126.246 7.75584 174.427
134.299 22.4546 126.339 7.74467 174.334
134.399 22.4053 126.432 7.73348 174.241
134.499 22.3559 126.525 7.72225 174.148
134.599 22.3066 126.617 7.71099 174.056
134.699 22.2573 126.71 7.6997 173.963
134.799 22.208 126.802 7.68837 173.871
134.899 22.1587 126.894 7.67701 173.779
134.999 22.1093 126.986 7.66562 173.687
135.099 22.06 127.077 7.6542 173.596
135.199 22.0107 127.169 7.64275 173.504
135.299 21.9614 127.26 7.63126 173.413
135.399 21.9121 127.352 7.61974 173.321
135.499 21.8628 127.443 7.60819 173.23
135.599 21.8135 127.534 7.59661 173.139
135.699 21.7642 127.624 7.58499 173.049
135.799 21.7149 127.715 7.57334 172.958
135.899 21.6656 127.805 7.56166 172.868
135.999 21.6162 127.896 7.54995 172.777
136.099 21.5669 127.986 7.53821 172.687
136.199 21.5176 128.076 7.52643 172.597
136.299 21.4683 128.166 7.51462 172.507
136.399 21.419 128.255 7.50278 172.418
136.499 21.3697 128.345 7.49091 172.328
136.599 21.3204 128.434 7.47901 172.239
136.699 21.2711 128.523 7.46707 172.15
136.799 21.2219 128.612 7.4551 172.061
136.899 21.1726 128.701 7.4431 171.972
136.999 21.1233 128.789 7.43107 171.884
137.099 21.074 128.878 7.41901 171.795
137.199 21.0247 128.966 7.40691 171.707
137.299 20.9754 129.054 7.39479 171.619
137.399 20.9261 129.142 7.38263 171.531
137.499 20.8768 129.23 7.37044 171.443
137.599 20.8275 129.318 7.35822 171.355
137.699 20.7782 129.405 7.34596 171.268
137.799 20.729 129.493 7.33368 171.18
137.899 20.6797 129.58 7.32136 171.093
137.999 20.6304 129.667 7.30901 171.006
138.099 20.5811 129.753 7.29663 170.92
138.199 20.5318 129.84 7.28422 170.833
138.299 20.4826 129.927 7.27177 170.746
138.399 20.4333 130.013 7.2593 170.66
138.499 20.384 130.099 7.24679 170.574
138.599 20.3347 130.185 7.23426 170.488
138.699 20.2854 130.271 7.22169 170.402
138.799 20.2362 130.356 7.20909 170.317
138.899 20.1869 130.442 7.19645 170.231
138.999 20.1376 130.527 7.18379 170.146
139.099 20.0884 130.612 7.1711 170.061
139.199 20.0391 130.697 7.15837 169.976
139.299 19.9898 130.782 7.14561 169.891
139.399 19.9406 130.866 7.13283 169.807
139.499 19.8913 130.951 7.12001 169.722
139.599 19.842 131.035 7.10716 169.638
139.699 19.7928 131.119 7.09428 169.554
139.799 19.7435 131.203 7.08136 169.47
139.899 19.6942 131.287 7.06842 169.386
139.999 19.645 131.37 7.05545 169.303
140.099 19.5957 131.454 7.04244 169.219
140.199 19.5465 131.537 7.02941 169.136
140.299 19.4972 131.62 7.01634 169.053
140.399 19.4479 131.703 7.00324 168.97
140.499 19.3987 131.785 6.99011 168.888
140.599 19.3494 131.868 6.97695 168.805
140.699 19.3002 131.95 6.96376 168.723
140.799 19.2509 132.032 6.95054 168.641
140.899 19.2017 132.114 6.93729 168.559
140.999 19.1524 132.196 6.92401 168.477
141.099 19.1032 132.278 6.9107 168.395
141.199 19.0539 132.359 6.89736 168.314
141.299 19.0047 132.44 6.88398 168.233
141.399 18.9554 132.522 6.87058 168.151
141.499 18.9062 132.602 6.85714 168.071
141.599 18.8569 132.683 6.84368 167.99
141.699 18.8077 132.764 6.83018 167.909
141.799 18.7585 132.844 6.81666 167.829
141.899 18.7092 132.924 6.8031 167.749
141.999 18.66 133.004 6.78952 167.669
142.099 18.6107 133.084 6.7759 167.589
142.199 18.5615 133.164 6.76225 167.509
142.299 18.5123 133.243 6.74858 167.43
142.399 18.463 133.323 6.73487 167.35
142.499 18.4138 133.402 6.72113 167.271
142.6 18.3646 133.481 6.70737 167.192
142.7 18.3153 133.56 6.69357 167.113
142.8 18.2661 133.638 6.67974 167.035
142.9 18.2169 133.717 6.66589 166.956
143 18.1676 133.795 6.652 166.878
143.1 18.1184 133.873 6.63809 166.8
143.2 18.0692 133.951 6.62414 166.722
143.3 18.02 134.028 6.61016 166.645
143.4 17.9707 134.106 6.59616 166.567
143.5 17.9215 134.183 6.58212 166.49
143.6 17.8723 134.26 6.56806 166.413
143.7 17.8231 134.337 6.55397 166.336
143.8 17.7738 134.414 6.53984 166.259
143.9 17.7246 134.491 6.52569 166.182
144 17.6754 134.567 6.51151 166.106
144.1 17.6262 134.643 6.49729 166.03
144.2 17.577 134.719 6.48305 165.954
144.3 17.5277 134.795 6.46878 165.878
144.4 17.4785 134.871 6.45448 165.802
144.5 17.4293 134.946 6.44015 165.727
144.6 17.3801 135.022 6.4258 165.651
144.7 17.3309 135.097 6.41141 165.576
144.8 17.2817 135.172 6.39699 165.501
144.9 17.2325 135.246 6.38255 165.427
145 17.1832 135.321 6.36807 165.352
145.1 17.134 135.395 6.35357 165.278
145.2 17.0848 135.47 6.33904 165.203
145.3 17.0356 135.544 6.32448 165.129
145.4 16.9864 135.617 6.30989 165.056
145.5 16.9372 135.691 6.29527 164.982
145.6 16.888 135.765 6.28062 164.909
145.7 16.8388 135.838 6.26594 164.835
145.8 16.7896 135.911 6.25124 164.762
145.9 16.7404 135.984 6.23651 164.689
146 16.6912 136.056 6.22174 164.617
146.1 16.642 136.129 6.20695 164.544
146.2 16.5928 136.201 6.19213 164.472
146.3 16.5436 136.273 6.17729 164.4
146.4 16.4944 136.345 6.16241 164.328
146.5 16.4452 136.417 6.14751 164.256
146.6 16.396 136.489 6.13258 164.184
146.7 16.3468 136.56 6.11762 164.113
146.8 16.2976 136.631 6.10263 164.042
146.9 16.2484 136.702 6.08761 163.971
147 16.1992 136.773 6.07257 163.9
147.1 16.15 136.844 6.0575 163.829
147.2 16.1009 136.914 6.0424 163.759
147.3 16.0517 136.984 6.02727 163.689
147.4 16.0025 137.054 6.01211 163.619
147.5 15.9533 137.124 5.99693 163.549
147.6 15.9041 137.194 5.98172 163.479
147.7 15.8549 137.263 5.96648 163.41
147.8 15.8057 137.333 5.95121 163.34
147.9 15.7565 137.402 5.93592 163.271
148 15.7074 137.471 5.9206 163.202
148.1 15.6582 137.539 5.90525 163.134
148.2 15.609 137.608 5.88987 163.065
148.3 15.5598 137.676 5.87447 162.997
148.4 15.5106 137.744 5.85904 162.929
148.5 15.4615 137.812 5.84358 162.861
148.6 15.4123 137.88 5.82809 162.793
148.7 15.3631 137.948 5.81258 162.725
148.8 15.3139 138.015 5.79704 162.658
148.9 15.2648 138.082 5.78147 162.591
149 15.2156 138.149 5.76588 162.524
149.1 15.1664 138.216 5.75026 162.457
149.2 15.1172 138.282 5.73461 162.391
149.3 15.0681 138.349 5.71894 162.324
149.4 15.0189 138.415 5.70324 162.258
149.5 14.9697 138.481 5.68751 162.192
149.6 14.9205 138.547 5.67175 162.126
149.7 14.8714 138.612 5.65597 162.061
149.8 14.8222 138.678 5.64017 161.995
149.9 14.773 138.743 5.62433 161.93
150 14.7239 138.808 5.60847 161.865
150.1 14.6747 138.873 5.59259 161.8
150.2 14.6255 138.937 5.57667 161.736
150.3 14.5764 139.002 5.56073 161.671
150.4 14.5272 139.066 5.54477 161.607
150.5 14.4781 139.13 5.52878 161.543
150.6 14.4289 139.194 5.51276 161.479
150.7 14.3797 139.258 5.49672 161.415
150.8 14.3306 139.321 5.48065 161.352
150.9 14.2814 139.384 5.46455 161.289
151 14.2323 139.447 5.44843 161.226
151.1 14.1831 139.51 5.43228 161.163
151.2 14.1339 139.573 5.41611 161.1
151.3 14.0848 139.635 5.39991 161.038
151.4 14.0356 139.698 5.38369 160.975
151.5 13.9865 139.76 5.36744 160.913
151.6 13.9373 139.821 5.35117 160.852
151.7 13.8882 139.883 5.33487 160.79
151.8 13.839 139.945 5.31854 160.728
151.9 13.7899 140.006 5.30219 160.667
152 13.7407 140.067 5.28582 160.606
152.1 13.6916 140.128 5.26942 160.545
152.2 13.6424 140.188 5.25299 160.485
152.3 13.5933 140.249 5.23654 160.424
152.4 13.5441 140.309 5.22006 160.364
152.5 13.495 140.369 5.20356 160.304
152.6 13.4458 140.429 5.18704 160.244
152.7 13.3967 140.489 5.17049 160.184
152.8 13.3475 140.548 5.15391 160.125
152.9 13.2984 140.607 5.13731 160.066
153 13.2493 140.666 5.12069 160.007
153.1 13.2001 140.725 5.10404 159.948
153.2 13.151 140.784 5.08737 159.889
153.3 13.1018 140.842 5.07067 159.831
153.4 13.0527 140.901 5.05395 159.772
153.5 13.0036 140.959 5.03721 159.714
153.6 12.9544 141.016 5.02044 159.657
153.7 12.9053 141.074 5.00364 159.599
153.8 12.8561 141.132 4.98683 159.542
153.9 12.807 141.189 4.96998 159.484
154 12.7579 141.246 4.95312 159.427
154.1 12.7087 141.303 4.93623 159.37
154.2 12.6596 141.359 4.91932 159.314
154.3 12.6105 141.416 4.90238 159.257
154.4 12.5613 141.472 4.88542 159.201
154.5 12.5122 141.528 4.86844 159.145
154.6 12.4631 141.584 4.85143 159.089
154.7 12.4139 141.639 4.8344 159.034
154.8 12.3648 141.695 4.81734 158.978
154.9 12.3157 141.75 4.80027 158.923
155 12.2666 141.805 4.78317 158.868
155.1 12.2174 141.859 4.76604 158.814
155.2 12.1683 141.914 4.7489 158.759
155.3 12.1192 141.968 4.73173 158.705
155.4 12.07 142.023 4.71453 158.65
155.5 12.0209 142.076 4.69732 158.597
155.6 11.9718 142.13 4.68008 158.543
155.7 11.9227 142.184 4.66282 158.489
155.8 11.8736 142.237 4.64554 158.436
155.9 11.8244 142.29 4.62823 158.383
156 11.7753 142.343 4.6109 158.33
156.1 11.7262 142.396 4.59355 158.277
156.2 11.6771 142.448 4.57618 158.225
156.3 11.6279 142.501 4.55878 158.172
156.4 11.5788 142.553 4.54137 158.12
156.5 11.5297 142.605 4.52393 158.068
156.6 11.4806 142.656 4.50646 158.017
156.7 11.4315 142.708 4.48898 157.965
156.8 11.3824 142.759 4.47148 157.914
156.9 11.3332 142.81 4.45395 157.863
157 11.2841 142.861 4.4364 157.812
157.1 11.235 142.911 4.41883 157.762
157.2 11.1859 142.962 4.40124 157.711
157.3 11.1368 143.012 4.38362 157.661
157.4 11.0877 143.062 4.36599 157.611
157.5 11.0386 143.112 4.34833 157.561
157.6 10.9895 143.161 4.33065 157.512
157.7 10.9403 143.211 4.31295 157.462
157.8 10.8912 143.26 4.29523 157.413
157.9 10.8421 143.309 4.27749 157.364
158 10.793 143.358 4.25973 157.315
158.1 10.7439 143.406 4.24195 157.267
158.2 10.6948 143.455 4.22414 157.218
158.3 10.6457 143.503 4.20632 157.17
158.4 10.5966 143.551 4.18847 157.122
158.5 10.5475 143.598 4.17061 157.075
158.6 10.4984 143.646 4.15272 157.027
158.7 10.4493 143.693 4.13482 156.98
158.8 10.4002 143.74 4.11689 156.933
158.9 10.3511 143.787 4.09894 156.886
159.001 10.302 143.834 4.08097 156.84
159.101 10.2529 143.88 4.06299 156.793
159.201 10.2038 143.926 4.04498 156.747
159.301 10.1547 143.972 4.02695 156.701
159.401 10.1056 144.018 4.0089 156.655
159.501 10.0565 144.064 3.99084 156.61
159.601 10.0074 144.109 3.97275 156.564
159.701 9.95825 144.154 3.95464 156.519
159.801 9.90916 144.199 3.93652 156.474
159.901 9.86006 144.244 3.91837 156.429
160.001 9.81096 144.288 3.90021 156.385
160.101 9.76186 144.333 3.88202 156.341
160.201 9.71277 144.377 3.86382 156.296
160.301 9.66367 144.42 3.84559 156.253
160.401 9.61458 144.464 3.82735 156.209
160.501 9.56548 144.508 3.80909 156.165
160.601 9.51639 144.551 3.79081 156.122
160.701 9.4673 144.594 3.77251 156.079
160.801 9.4182 144.637 3.7542 156.036
160.901 9.36911 144.679 3.73586 155.994
161.001 9.32002 144.722 3.71751 155.951
161.101 9.27093 144.764 3.69913 155.909
161.201 9.22184 144.806 3.68074 155.867
161.301 9.17275 144.847 3.66233 155.826
161.401 9.12366 144.889 3.64391 155.784
161.501 9.07457 144.93 3.62546 155.743
161.601 9.02548 144.971 3.607 155.702
161.701 8.97639 145.012 3.58851 155.661
161.801 8.92731 145.053 3.57001 155.62
161.901 8.87822 145.093 3.5515 155.58
162.001 8.82913 145.134 3.53296 155.539
162.101 8.78005 145.174 3.51441 155.499
162.201 8.73096 145.213 3.49584 155.46
162.301 8.68188 145.253 3.47725 155.42
162.401 8.63279 145.292 3.45864 155.381
162.501 8.58371 145.331 3.44002 155.342
162.601 8.53463 145.37 3.42138 155.303
162.701 8.48554 145.409 3.40272 155.264
162.801 8.43646 145.448 3.38405 155.225
162.901 8.38738 145.486 3.36536 155.187
163.001 8.3383 145.524 3.34665 155.149
163.101 8.28922 145.562 3.32793 155.111
163.201 8.24014 145.599 3.30919 155.074
163.301 8.19106 145.637 3.29043 155.036
163.401 8.14198 145.674 3.27165 154.999
163.501 8.0929 145.711 3.25286 154.962
163.601 8.04382 145.748 3.23406 154.925
163.701 7.99474 145.784 3.21523 154.889
163.801 7.94566 145.821 3.19639 154.852
163.901 7.89659 145.857 3.17754 154.816
164.001 7.84751 145.893 3.15867 154.78
164.101 7.79843 145.928 3.13978 154.745
164.201 7.74936 145.964 3.12087 154.709
164.301 7.70028 145.999 3.10196 154.674
164.401 7.65121 146.034 3.08302 154.639
164.501 7.60213 146.069 3.06407 154.604
164.601 7.55306 146.103 3.04511 154.57
164.701 7.50398 146.138 3.02613 154.535
164.801 7.45491 146.172 3.00713 154.501
164.901 7.40584 146.206 2.98812 154.467
165.001 7.35677 146.24 2.96909 154.433
165.101 7.30769 146.273 2.95005 154.4
165.201 7.25862 146.306 2.93099 154.367
165.301 7.20955 146.339 2.91192 154.334
165.401 7.16048 146.372 2.89284 154.301
165.501 7.11141 146.405 2.87374 154.268
165.601 7.06234 146.437 2.85462 154.236
165.701 7.01327 146.47 2.83549 154.204
165.801 6.9642 146.501 2.81635 154.172
165.901 6.91513 146.533 2.79719 154.14
166.001 6.86606 146.565 2.77802 154.108
166.101 6.817 146.596 2.75883 154.077
166.201 6.76793 146.627 2.73963 154.046
166.301 6.71886 146.658 2.72042 154.015
166.401 6.6698 146.689 2.70119 153.984
166.501 6.62073 146.719 2.68195 153.954
166.601 6.57166 146.749 2.6627 153.924
166.701 6.5226 146.779 2.64343 153.894
166.801 6.47353 146.809 2.62415 153.864
166.901 6.42447 146.838 2.60485 153.835
167.001 6.3754 146.868 2.58554 153.805
167.101 6.32634 146.897 2.56622 153.776
167.201 6.27728 146.926 2.54689 153.747
167.301 6.22821 146.954 2.52754 153.719
167.401 6.17915 146.983 2.50818 153.69
167.501 6.13009 147.011 2.4888 153.662
167.601 6.08102 147.039 2.46942 153.634
167.701 6.03196 147.067 2.45002 153.606
167.801 5.9829 147.094 2.43061 153.579
167.901 5.93384 147.122 2.41119 153.551
168.001 5.88478 147.149 2.39175 153.524
168.101 5.83572 147.176 2.3723 153.497
168.201 5.78666 147.202 2.35284 153.471
168.301 5.7376 147.229 2.33337 153.444
168.401 5.68854 147.255 2.31389 153.418
168.501 5.63948 147.281 2.29439 153.392
168.601 5.59042 147.307 2.27489 153.366
168.701 5.54136 147.332 2.25537 153.341
168.801 5.4923 147.358 2.23584 153.315
168.901 5.44325 147.383 2.2163 153.29
169.001 5.39419 147.408 2.19674 153.265
169.101 5.34513 147.432 2.17718 153.241
169.201 5.29607 147.457 2.1576 153.216
169.301 5.24702 147.481 2.13802 153.192
169.401 5.19796 147.505 2.11842 153.168
169.501 5.1489 147.529 2.09881 153.144
169.601 5.09985 147.552 2.07919 153.121
169.701 5.05079 147.576 2.05956 153.097
169.801 5.00174 147.599 2.03992 153.074
169.901 4.95268 147.622 2.02027 153.051
170.001 4.90363 147.644 2.00061 153.029
170.101 4.85457 147.667 1.98094 153.006
170.201 4.80552 147.689 1.96126 152.984
170.301 4.75647 147.711 1.94157 152.962
170.401 4.70741 147.733 1.92187 152.94
170.501 4.65836 147.754 1.90216 152.919
170.601 4.60931 147.775 1.88244 152.898
170.701 4.56025 147.797 1.86271 152.876
170.801 4.5112 147.817 1.84297 152.856
170.901 4.46215 147.838 1.82322 152.835
171.001 4.4131 147.858 1.80346 152.815
171.101 4.36405 147.879 1.78369 152.794
171.201 4.31499 147.899 1.76391 152.774
171.301 4.26594 147.918 1.74413 152.755
171.401 4.21689 147.938 1.72433 152.735
171.501 4.16784 147.957 1.70453 152.716
171.601 4.11879 147.976 1.68472 152.697
171.701 4.06974 147.995 1.6649 152.678
171.801 4.02069 148.014 1.64507 152.659
171.901 3.97164 148.032 1.62523 152.641
172.001 3.92259 148.05 1.60538 152.623
172.101 3.87354 148.068 1.58553 152.605
172.201 3.82449 148.086 1.56566 152.587
172.301 3.77544 148.104 1.54579 152.569
172.401 3.7264 148.121 1.52591 152.552
172.501 3.67735 148.138 1.50603 152.535
172.601 3.6283 148.155 1.48613 152.518
172.701 3.57925 148.171 1.46623 152.502
172.801 3.5302 148.188 1.44632 152.485
172.901 3.48116 148.204 1.4264 152.469
173.001 3.43211 148.22 1.40648 152.453
173.101 3.38306 148.235 1.38655 152.438
173.201 3.33401 148.251 1.36661 152.422
173.301 3.28497 148.266 1.34666 152.407
173.401 3.23592 148.281 1.32671 152.392
173.501 3.18687 148.296 1.30675 152.377
173.601 3.13783 148.311 1.28678 152.362
173.701 3.08878 148.325 1.26681 152.348
173.801 3.03974 148.339 1.24683 152.334
173.901 2.99069 148.353 1.22684 152.32
174.001 2.94164 148.367 1.20685 152.306
174.101 2.8926 148.38 1.18685 152.293
174.201 2.84355 148.393 1.16685 152.28
174.301 2.79451 148.406 1.14684 152.267
174.401 2.74546 148.419 1.12682 152.254
174.501 2.69642 148.432 1.1068 152.241
174.601 2.64738 148.444 1.08677 152.229
174.701 2.59833 148.456 1.06674 152.217
174.801 2.54929 148.468 1.0467 152.205
174.901 2.50024 148.48 1.02665 152.193
175.001 2.4512 148.491 1.0066 152.182
175.101 2.40215 148.502 0.986548 152.171
175.201 2.35311 148.513 0.966488 152.16
175.301 2.30407 148.524 0.946423 152.149
175.402 2.25502 148.535 0.926353 152.138
175.502 2.20598 148.545 0.906278 152.128
175.602 2.15694 148.555 0.886199 152.118
175.702 2.1079 148.565 0.866114 152.108
175.802 2.05885 148.574 0.846026 152.099
175.902 2.00981 148.584 0.825933 152.089
176.002 1.96077 148.593 0.805836 152.08
176.102 1.91172 148.602 0.785734 152.071
176.202 1.86268 148.611 0.765629 152.062
176.302 1.81364 148.619 0.745519 152.054
176.402 1.7646 148.627 0.725406 152.046
176.502 1.71556 148.635 0.705289 152.038
176.602 1.66651 148.643 0.685168 152.03
176.702 1.61747 148.651 0.665044 152.022
176.802 1.56843 148.658 0.644917 152.015
176.902 1.51939 148.665 0.624786 152.008
177.002 1.47035 148.672 0.604651 152.001
177.102 1.4213 148.679 0.584514 151.994
177.202 1.37226 148.685 0.564374 151.988
177.302 1.32322 148.692 0.54423 151.981
177.402 1.27418 148.698 0.524084 151.975
177.502 1.22514 148.703 0.503936 151.97
177.602 1.1761 148.709 0.483784 151.964
177.702 1.12706 148.714 0.46363 151.959
177.802 1.07802 148.719 0.443474 151.954
177.902 1.02898 148.724 0.423315 151.949
178.002 0.979934 148.729 0.403155 151.944
178.102 0.930894 148.733 0.382992 151.94
178.202 0.881853 148.737 0.362827 151.936
178.302 0.832812 148.741 0.34266 151.932
178.402 0.783771 148.745 0.322492 151.928
178.502 0.734731 148.749 0.302322 151.924
178.602 0.68569 148.752 0.28215 151.921
178.702 0.63665 148.755 0.261977 151.918
178.802 0.587609 148.758 0.241802 151.915
178.902 0.538569 148.76 0.221626 151.913
179.002 0.489528 148.763 0.201449 151.91
179.102 0.440488 148.765 0.181271 151.908
179.202 0.391447 148.767 0.161092 151.906
179.302 0.342407 148.769 0.140913 151.905
179.402 0.293367 148.77 0.120732 151.903
179.502 0.244326 148.771 0.100551 151.902
179.602 0.195286 148.772 0.0803694 151.901
179.702 0.146246 148.773 0.0601873 151.9
179.802 0.0972052 148.774 0.040005 151.899
179.902 0.0481649 148.774 0.0198224 151.899
