0 9.48698e-15 8.76455 0 238.311
0.1 0.135205 8.76463 0.0134829 238.311
0.2 0.270406 8.76489 0.0269658 238.311
0.3 0.4056 8.76532 0.0404486 238.311
0.4 0.540784 8.76591 0.0539313 238.31
0.5 0.675953 8.76668 0.067414 238.309
0.6 0.811103 8.76762 0.0808965 238.308
0.7 0.946232 8.76873 0.0943788 238.307
0.8 1.08134 8.77001 0.107861 238.306
0.9 1.21641 8.77146 0.121343 238.304
1 1.35145 8.77309 0.134825 238.303
1.1 1.48646 8.77488 0.148306 238.301
1.2 1.62143 8.77684 0.161787 238.299
1.3 1.75635 8.77898 0.175268 238.297
1.4 1.89123 8.78128 0.188749 238.295
1.5 2.02605 8.78376 0.202229 238.292
1.6 2.16082 8.78641 0.215709 238.29
1.7 2.29554 8.78922 0.229188 238.287
1.8 2.43019 8.79221 0.242667 238.284
1.9 2.56478 8.79537 0.256146 238.281
2 2.6993 8.7987 0.269624 238.277
2.1 2.83375 8.8022 0.283101 238.274
2.2 2.96812 8.80587 0.296578 238.27
2.3 3.10242 8.80971 0.310055 238.266
2.4 3.23663 8.81373 0.32353 238.262
2.5 3.37075 8.81791 0.337006 238.258
2.6 3.50479 8.82226 0.35048 238.254
2.7 3.63874 8.82679 0.363954 238.249
2.8 3.77258 8.83148 0.377427 238.244
2.9 3.90633 8.83635 0.3909 238.24
3 4.03998 8.84138 0.404371 238.235
3.1 4.17352 8.84659 0.417842 238.229
3.2 4.30694 8.85197 0.431312 238.224
3.3 4.44026 8.85752 0.444782 238.218
3.4 4.57346 8.86323 0.45825 238.213
3.5 4.70653 8.86912 0.471718 238.207
3.6 4.83949 8.87518 0.485185 238.201
3.7 4.97232 8.88141 0.49865 238.195
3.8 5.10501 8.88781 0.512115 238.188
3.9 5.23758 8.89438 0.525579 238.182
4 5.37 8.90112 0.539042 238.175
4.1 5.50229 8.90803 0.552504 238.168
4.2 5.63444 8.91511 0.565965 238.161
4.3 5.76643 8.92237 0.579424 238.154
4.4 5.89828 8.92979 0.592883 238.146
4.5 6.02997 8.93738 0.60634 238.139
4.6 6.16151 8.94514 0.619797 238.131
4.7 6.29289 8.95308 0.633252 238.123
4.8 6.4241 8.96118 0.646706 238.115
4.9 6.55515 8.96945 0.660158 238.106
5 6.68603 8.9779 0.67361 238.098
5.1 6.81674 8.98651 0.68706 238.089
5.2 6.94727 8.99529 0.700509 238.081
5.3 7.07762 9.00425 0.713956 238.072
5.4 7.2078 9.01337 0.727402 238.063
5.5 7.33779 9.02267 0.740847 238.053
5.6 7.46759 9.03213 0.75429 238.044
5.7 7.5972 9.04176 0.767732 238.034
5.8 7.72662 9.05157 0.781173 238.024
5.9 7.85584 9.06154 0.794612 238.014
6 7.98486 9.07169 0.808049 238.004
6.1 8.11368 9.082 0.821485 237.994
6.2 8.24229 9.09248 0.834919 237.983
6.3 8.3707 9.10314 0.848352 237.973
6.4 8.49889 9.11396 0.861783 237.962
6.5 8.62687 9.12495 0.875213 237.951
6.6 8.75464 9.13611 0.888641 237.94
6.7 8.88219 9.14745 0.902067 237.928
6.8 9.00951 9.15895 0.915491 237.917
6.9 9.13661 9.17062 0.928914 237.905
7 9.26348 9.18246 0.942335 237.893
7.1 9.39012 9.19447 0.955754 237.881
7.2 9.51653 9.20665 0.969171 237.869
7.3 9.64271 9.219 0.982586 237.857
7.4 9.76864 9.23152 0.996 237.844
7.5 9.89434 9.2442 1.00941 237.832
7.6 10.0198 9.25706 1.02282 237.819
7.7 10.145 9.27009 1.03623 237.806
7.79999 10.27 9.28328 1.04963 237.793
7.89999 10.3947 9.29665 1.06304 237.779
7.99999 10.5191 9.31018 1.07644 237.766
8.09999 10.6433 9.32389 1.08984 237.752
8.2 10.7673 9.33776 1.10324 237.738
8.3 10.8909 9.3518 1.11663 237.724
8.4 11.0144 9.36601 1.13003 237.71
8.5 11.1375 9.38039 1.14342 237.696
8.6 11.2604 9.39494 1.15681 237.681
8.7 11.383 9.40966 1.17019 237.666
8.8 11.5054 9.42454 1.18358 237.651
8.9 11.6274 9.4396 1.19696 237.636
9 11.7492 9.45482 1.21034 237.621
9.1 11.8707 9.47021 1.22372 237.606
9.2 11.992 9.48577 1.23709 237.59
9.3 12.1129 9.5015 1.25047 237.574
9.4 12.2336 9.5174 1.26384 237.559
9.5 12.354 9.53347 1.27721 237.542
9.6 12.4741 9.5497 1.29057 237.526
9.7 12.5939 9.56611 1.30393 237.51
9.8 12.7134 9.58268 1.3173 237.493
9.9 12.8326 9.59942 1.33065 237.477
10 12.9515 9.61633 1.34401 237.46
10.1 13.0701 9.6334 1.35736 237.443
10.2 13.1884 9.65065 1.37071 237.425
10.3 13.3064 9.66806 1.38406 237.408
10.4 13.4241 9.68564 1.39741 237.39
10.5 13.5415 9.70339 1.41075 237.373
10.6 13.6586 9.72131 1.42409 237.355
10.7 13.7754 9.73939 1.43743 237.337
10.8 13.8919 9.75764 1.45076 237.318
10.9 14.008 9.77606 1.46409 237.3
11 14.1239 9.79465 1.47742 237.281
11.1 14.2394 9.81341 1.49075 237.263
11.2 14.3546 9.83233 1.50407 237.244
11.3 14.4695 9.85142 1.51739 237.225
11.4 14.5841 9.87068 1.53071 237.205
11.5 14.6983 9.8901 1.54402 237.186
11.6 14.8122 9.9097 1.55733 237.166
11.7 14.9258 9.92946 1.57064 237.146
11.8 15.0391 9.94938 1.58395 237.127
11.9 15.152 9.96948 1.59725 237.106
12 15.2646 9.98974 1.61055 237.086
12.1 15.3769 10.0102 1.62385 237.066
12.2 15.4889 10.0308 1.63714 237.045
12.3 15.6005 10.0515 1.65043 237.024
12.4 15.7117 10.0725 1.66372 237.003
12.5 15.8227 10.0936 1.677 236.982
12.6 15.9333 10.1148 1.69028 236.961
12.7 16.0435 10.1362 1.70356 236.94
12.8 16.1535 10.1578 1.71683 236.918
12.9 16.263 10.1796 1.7301 236.896
13 16.3723 10.2015 1.74337 236.874
13.1 16.4811 10.2236 1.75663 236.852
13.2 16.5897 10.2459 1.7699 236.83
13.3 16.6979 10.2683 1.78315 236.808
13.4 16.8057 10.2909 1.79641 236.785
13.5 16.9132 10.3137 1.80966 236.762
13.6 17.0204 10.3366 1.8229 236.739
13.7 17.1272 10.3597 1.83615 236.716
13.8 17.2336 10.383 1.84939 236.693
13.9 17.3397 10.4064 1.86262 236.67
14 17.4455 10.43 1.87586 236.646
14.1 17.5509 10.4537 1.88908 236.622
14.2 17.6559 10.4777 1.90231 236.598
14.3 17.7606 10.5017 1.91553 236.574
14.4 17.8649 10.526 1.92875 236.55
14.5 17.9689 10.5504 1.94196 236.526
14.6 18.0725 10.575 1.95517 236.501
14.7 18.1758 10.5997 1.96838 236.476
14.8 18.2786 10.6247 1.98158 236.451
14.9 18.3812 10.6497 1.99478 236.426
15 18.4833 10.675 2.00798 236.401
15.1 18.5852 10.7004 2.02117 236.376
15.2 18.6866 10.726 2.03436 236.35
15.3 18.7877 10.7517 2.04754 236.324
15.4 18.8884 10.7776 2.06072 236.298
15.5 18.9888 10.8037 2.0739 236.272
15.6 19.0888 10.8299 2.08707 236.246
15.7 19.1884 10.8563 2.10024 236.22
15.8 19.2876 10.8829 2.1134 236.193
15.9 19.3865 10.9096 2.12656 236.166
16 19.4851 10.9365 2.13972 236.139
16.1 19.5832 10.9635 2.15287 236.112
16.2 19.681 10.9908 2.16602 236.085
16.3 19.7785 11.0181 2.17916 236.058
16.4 19.8755 11.0457 2.1923 236.03
16.5 19.9722 11.0734 2.20543 236.003
16.6 20.0685 11.1013 2.21856 235.975
16.7 20.1645 11.1293 2.23169 235.947
16.8 20.2601 11.1575 2.24481 235.918
16.9 20.3553 11.1859 2.25793 235.89
17 20.4501 11.2144 2.27104 235.862
17.1 20.5446 11.2431 2.28415 235.833
17.2 20.6387 11.272 2.29725 235.804
17.3 20.7324 11.301 2.31035 235.775
17.4 20.8258 11.3302 2.32345 235.746
17.5 20.9188 11.3595 2.33654 235.716
17.6 21.0114 11.389 2.34963 235.687
17.7 21.1037 11.4187 2.36271 235.657
17.8 21.1955 11.4485 2.37579 235.627
17.9 21.2871 11.4785 2.38886 235.597
18 21.3782 11.5087 2.40193 235.567
18.1 21.469 11.539 2.41499 235.537
18.2 21.5594 11.5695 2.42805 235.506
18.3 21.6494 11.6001 2.4411 235.476
18.4 21.739 11.6309 2.45415 235.445
18.5 21.8283 11.6619 2.4672 235.414
18.6 21.9172 11.693 2.48024 235.383
18.7 22.0058 11.7243 2.49327 235.352
18.8 22.0939 11.7558 2.5063 235.32
18.9 22.1817 11.7874 2.51933 235.289
19 22.2692 11.8192 2.53235 235.257
19.1 22.3562 11.8511 2.54536 235.225
19.2 22.4429 11.8832 2.55837 235.193
19.3 22.5292 11.9155 2.57138 235.16
19.4 22.6151 11.9479 2.58438 235.128
19.5 22.7007 11.9805 2.59737 235.095
19.6 22.7859 12.0132 2.61036 235.063
19.7 22.8708 12.0461 2.62335 235.03
19.8 22.9552 12.0792 2.63633 234.997
19.9 23.0393 12.1124 2.64931 234.964
20 23.123 12.1458 2.66228 234.93
20.1 23.2064 12.1793 2.67524 234.897
20.2 23.2894 12.2131 2.6882 234.863
20.3 23.372 12.2469 2.70115 234.829
20.4 23.4542 12.281 2.7141 234.795
20.5 23.5361 12.3151 2.72705 234.761
20.6 23.6176 12.3495 2.73999 234.726
20.7 23.6988 12.384 2.75292 234.692
20.8 23.7796 12.4187 2.76585 234.657
20.9 23.86 12.4535 2.77877 234.622
21 23.94 12.4885 2.79169 234.587
21.1 24.0197 12.5236 2.8046 234.552
21.2 24.099 12.5589 2.8175 234.517
21.3 24.178 12.5944 2.8304 234.482
21.4 24.2566 12.63 2.8433 234.446
21.5 24.3348 12.6658 2.85619 234.41
21.6 24.4126 12.7018 2.86907 234.374
21.7 24.4901 12.7379 2.88195 234.338
21.8 24.5673 12.7741 2.89482 234.302
21.9 24.644 12.8105 2.90769 234.265
22 24.7205 12.8471 2.92055 234.229
22.1 24.7965 12.8839 2.93341 234.192
22.2 24.8722 12.9208 2.94626 234.155
22.3 24.9475 12.9578 2.9591 234.118
22.4 25.0225 12.995 2.97194 234.081
22.5 25.0971 13.0324 2.98477 234.044
22.6 25.1714 13.0699 2.9976 234.006
22.7001 25.2453 13.1076 3.01042 233.968
22.8001 25.3188 13.1454 3.02324 233.931
22.9001 25.392 13.1834 3.03605 233.893
23.0001 25.4648 13.2216 3.04885 233.854
23.1001 25.5373 13.2599 3.06165 233.816
23.2001 25.6094 13.2984 3.07444 233.778
23.3001 25.6811 13.337 3.08722 233.739
23.4001 25.7525 13.3758 3.1 233.7
23.5001 25.8236 13.4147 3.11278 233.661
23.6001 25.8943 13.4538 3.12554 233.622
23.7001 25.9646 13.4931 3.1383 233.583
23.8001 26.0346 13.5325 3.15106 233.543
23.9001 26.1043 13.5721 3.16381 233.504
24.0001 26.1736 13.6118 3.17655 233.464
24.1001 26.2425 13.6517 3.18928 233.424
24.2001 26.3111 13.6917 3.20201 233.384
24.3001 26.3794 13.7319 3.21474 233.344
24.4001 26.4473 13.7722 3.22745 233.304
24.5001 26.5148 13.8127 3.24017 233.263
24.6001 26.582 13.8534 3.25287 233.223
24.7001 26.6489 13.8942 3.26557 233.182
24.8001 26.7154 13.9352 3.27826 233.141
24.9001 26.7816 13.9763 3.29095 233.1
25.0001 26.8474 14.0176 3.30362 233.058
25.1001 26.9129 14.059 3.3163 233.017
25.2001 26.9781 14.1006 3.32896 232.975
25.3001 27.0429 14.1424 3.34162 232.934
25.4001 27.1073 14.1842 3.35427 232.892
25.5001 27.1715 14.2263 3.36692 232.85
25.6001 27.2353 14.2685 3.37956 232.807
25.7001 27.2987 14.3109 3.39219 232.765
25.8001 27.3618 14.3534 3.40482 232.723
25.9001 27.4246 14.396 3.41744 232.68
26.0001 27.487 14.4389 3.43005 232.637
26.1001 27.5492 14.4818 3.44266 232.594
26.2001 27.6109 14.525 3.45525 232.551
26.3001 27.6724 14.5682 3.46785 232.508
26.4001 27.7335 14.6117 3.48043 232.464
26.5001 27.7943 14.6553 3.49301 232.421
26.6001 27.8547 14.699 3.50558 232.377
26.7001 27.9148 14.7429 3.51815 232.333
26.8001 27.9746 14.7869 3.5307 232.289
26.9001 28.0341 14.8311 3.54325 232.245
27.0001 28.0932 14.8755 3.5558 232.2
27.1001 28.152 14.92 3.56833 232.156
27.2001 28.2105 14.9646 3.58086 232.111
27.3001 28.2687 15.0094 3.59339 232.066
27.4001 28.3265 15.0544 3.6059 232.022
27.5001 28.384 15.0995 3.61841 231.976
27.6001 28.4412 15.1448 3.63091 231.931
27.7001 28.4981 15.1902 3.6434 231.886
27.8001 28.5547 15.2357 3.65589 231.84
27.9001 28.6109 15.2815 3.66837 231.794
28.0001 28.6668 15.3273 3.68084 231.749
28.1001 28.7224 15.3733 3.69331 231.703
28.2001 28.7777 15.4195 3.70576 231.656
28.3001 28.8326 15.4658 3.71821 231.61
28.4001 28.8873 15.5123 3.73066 231.564
28.5001 28.9416 15.5589 3.74309 231.517
28.6001 28.9956 15.6057 3.75552 231.47
28.7001 29.0493 15.6526 3.76794 231.423
28.8001 29.1027 15.6997 3.78035 231.376
28.9001 29.1558 15.7469 3.79276 231.329
29.0001 29.2086 15.7942 3.80516 231.282
29.1001 29.261 15.8418 3.81755 231.234
29.2001 29.3132 15.8894 3.82993 231.187
29.3001 29.365 15.9372 3.8423 231.139
29.4001 29.4166 15.9852 3.85467 231.091
29.5001 29.4678 16.0333 3.86703 231.043
29.6001 29.5187 16.0816 3.87938 230.994
29.7001 29.5694 16.13 3.89173 230.946
29.8001 29.6197 16.1785 3.90406 230.897
29.9001 29.6697 16.2272 3.91639 230.849
30.0001 29.7194 16.2761 3.92871 230.8
30.1001 29.7688 16.3251 3.94103 230.751
30.2001 29.818 16.3743 3.95333 230.702
30.3001 29.8668 16.4236 3.96563 230.652
30.4001 29.9153 16.473 3.97792 230.603
30.5001 29.9635 16.5226 3.9902 230.553
30.6001 30.0115 16.5723 4.00247 230.504
30.7001 30.0591 16.6222 4.01474 230.454
30.8001 30.1065 16.6722 4.02699 230.404
30.9001 30.1535 16.7224 4.03924 230.354
31.0001 30.2003 16.7728 4.05148 230.303
31.1001 30.2467 16.8232 4.06372 230.253
31.2001 30.2929 16.8738 4.07594 230.202
31.3001 30.3388 16.9246 4.08816 230.151
31.4001 30.3844 16.9755 4.10037 230.1
31.5001 30.4297 17.0266 4.11257 230.049
31.6001 30.4748 17.0778 4.12476 229.998
31.7001 30.5195 17.1291 4.13694 229.947
31.8001 30.5639 17.1806 4.14912 229.895
31.9001 30.6081 17.2323 4.16129 229.844
32.0001 30.652 17.284 4.17344 229.792
32.1001 30.6956 17.336 4.18559 229.74
32.2001 30.7389 17.388 4.19774 229.688
32.3001 30.782 17.4403 4.20987 229.636
32.4001 30.8247 17.4926 4.22199 229.583
32.5001 30.8672 17.5451 4.23411 229.531
32.6001 30.9094 17.5978 4.24622 229.478
32.7001 30.9514 17.6506 4.25832 229.425
32.8001 30.993 17.7035 4.27041 229.372
32.9001 31.0344 17.7566 4.28249 229.319
33.0001 31.0755 17.8098 4.29456 229.266
33.1001 31.1164 17.8632 4.30663 229.213
33.2001 31.1569 17.9167 4.31868 229.159
33.3001 31.1972 17.9703 4.33073 229.106
33.4001 31.2372 18.0241 4.34277 229.052
33.5001 31.277 18.0781 4.3548 228.998
33.6001 31.3165 18.1321 4.36682 228.944
33.7001 31.3557 18.1864 4.37883 228.89
33.8001 31.3946 18.2407 4.39084 228.835
33.9001 31.4333 18.2952 4.40283 228.781
34.0001 31.4717 18.3499 4.41482 228.726
34.1001 31.5099 18.4047 4.42679 228.671
34.2001 31.5478 18.4596 4.43876 228.616
34.3 31.5854 18.5147 4.45072 228.561
34.4 31.6228 18.5699 4.46267 228.506
34.5 31.6599 18.6252 4.47461 228.451
34.6 31.6967 18.6807 4.48654 228.395
34.7 31.7333 18.7364 4.49846 228.34
34.8 31.7697 18.7921 4.51038 228.284
34.9 31.8057 18.8481 4.52228 228.228
35 31.8416 18.9041 4.53417 228.172
35.1 31.8771 18.9603 4.54606 228.116
35.2 31.9124 19.0167 4.55794 228.059
35.3 31.9475 19.0731 4.5698 228.003
35.4 31.9823 19.1297 4.58166 227.946
35.5 32.0169 19.1865 4.59351 227.889
35.6 32.0512 19.2434 4.60535 227.833
35.7 32.0852 19.3004 4.61718 227.776
35.8 32.119 19.3576 4.629 227.718
35.9 32.1526 19.4149 4.64081 227.661
36 32.1859 19.4724 4.65261 227.604
36.1 32.2189 19.5299 4.6644 227.546
36.2 32.2517 19.5877 4.67619 227.488
36.3 32.2843 19.6455 4.68796 227.43
36.4 32.3166 19.7035 4.69972 227.372
36.5 32.3487 19.7617 4.71148 227.314
36.6 32.3806 19.8199 4.72322 227.256
36.7 32.4122 19.8783 4.73495 227.198
36.8 32.4435 19.9369 4.74668 227.139
36.9 32.4747 19.9956 4.75839 227.08
37 32.5055 20.0544 4.7701 227.022
37.1 32.5362 20.1134 4.7818 226.963
37.2 32.5666 20.1725 4.79348 226.903
37.3 32.5968 20.2317 4.80516 226.844
37.4 32.6267 20.291 4.81682 226.785
37.5 32.6564 20.3506 4.82848 226.725
37.6 32.6859 20.4102 4.84013 226.666
37.7 32.7151 20.47 4.85176 226.606
37.8 32.7441 20.5299 4.86339 226.546
37.9 32.7729 20.5899 4.87501 226.486
38 32.8014 20.6501 4.88661 226.426
38.1 32.8297 20.7104 4.89821 226.366
38.2 32.8578 20.7708 4.90979 226.305
38.3 32.8857 20.8314 4.92137 226.245
38.4 32.9133 20.8921 4.93294 226.184
38.5 32.9407 20.953 4.94449 226.123
38.6 32.9679 21.014 4.95604 226.062
38.7 32.9948 21.0751 4.96757 226.001
38.8 33.0216 21.1363 4.9791 225.94
38.9 33.0481 21.1977 4.99061 225.878
39 33.0744 21.2592 5.00212 225.817
39.1 33.1004 21.3209 5.01361 225.755
39.2 33.1263 21.3827 5.0251 225.693
39.3 33.1519 21.4446 5.03657 225.631
39.4 33.1773 21.5066 5.04803 225.569
39.5 33.2025 21.5688 5.05949 225.507
39.6 33.2275 21.6311 5.07093 225.445
39.7 33.2522 21.6935 5.08236 225.382
39.8 33.2768 21.7561 5.09378 225.32
39.9 33.3011 21.8188 5.10519 225.257
40 33.3252 21.8816 5.11659 225.194
40.1 33.3491 21.9446 5.12798 225.131
40.2 33.3728 22.0077 5.13936 225.068
40.3 33.3962 22.0709 5.15073 225.005
40.4 33.4195 22.1343 5.16209 224.942
40.5 33.4426 22.1978 5.17344 224.878
40.6 33.4654 22.2614 5.18477 224.815
40.7 33.488 22.3251 5.1961 224.751
40.7999 33.5105 22.389 5.20741 224.687
40.8999 33.5327 22.453 5.21872 224.623
40.9999 33.5547 22.5171 5.23001 224.559
41.0999 33.5765 22.5814 5.24129 224.495
41.1999 33.5981 22.6458 5.25256 224.43
41.2999 33.6195 22.7103 5.26382 224.366
41.3999 33.6407 22.775 5.27507 224.301
41.4999 33.6617 22.8397 5.28631 224.236
41.5999 33.6825 22.9046 5.29754 224.171
41.6999 33.7031 22.9697 5.30875 224.106
41.7999 33.7234 23.0348 5.31996 224.041
41.8999 33.7436 23.1001 5.33115 223.976
41.9999 33.7636 23.1655 5.34234 223.91
42.0999 33.7834 23.2311 5.35351 223.845
42.1999 33.803 23.2967 5.36467 223.779
42.2999 33.8224 23.3625 5.37582 223.713
42.3999 33.8416 23.4285 5.38696 223.647
42.4999 33.8606 23.4945 5.39808 223.581
42.5999 33.8794 23.5607 5.4092 223.515
42.6999 33.8981 23.627 5.4203 223.449
42.7999 33.9165 23.6934 5.43139 223.383
42.8999 33.9347 23.7599 5.44248 223.316
42.9999 33.9528 23.8266 5.45355 223.249
43.0999 33.9706 23.8934 5.4646 223.183
43.1999 33.9883 23.9603 5.47565 223.116
43.2999 34.0058 24.0274 5.48669 223.049
43.3999 34.023 24.0946 5.49771 222.981
43.4999 34.0401 24.1618 5.50872 222.914
43.5999 34.0571 24.2293 5.51972 222.847
43.6999 34.0738 24.2968 5.53071 222.779
43.7999 34.0903 24.3645 5.54169 222.711
43.8999 34.1067 24.4323 5.55266 222.644
43.9999 34.1228 24.5002 5.56361 222.576
44.0999 34.1388 24.5682 5.57455 222.508
44.1999 34.1546 24.6364 5.58548 222.44
44.2999 34.1702 24.7047 5.5964 222.371
44.3999 34.1857 24.7731 5.60731 222.303
44.4999 34.2009 24.8416 5.61821 222.234
44.5999 34.216 24.9102 5.62909 222.166
44.6999 34.2309 24.979 5.63996 222.097
44.7999 34.2456 25.0479 5.65082 222.028
44.8999 34.2602 25.1169 5.66167 221.959
44.9999 34.2745 25.186 5.6725 221.89
45.0999 34.2887 25.2553 5.68333 221.821
45.1999 34.3027 25.3247 5.69414 221.751
45.2999 34.3166 25.3942 5.70494 221.682
45.3999 34.3302 25.4638 5.71572 221.612
45.4999 34.3437 25.5335 5.7265 221.542
45.5999 34.357 25.6034 5.73726 221.473
45.6999 34.3702 25.6733 5.74801 221.403
45.7999 34.3831 25.7434 5.75875 221.333
45.8999 34.3959 25.8136 5.76948 221.262
45.9999 34.4085 25.884 5.78019 221.192
46.0999 34.421 25.9544 5.79089 221.122
46.1999 34.4333 26.025 5.80158 221.051
46.2999 34.4454 26.0957 5.81226 220.98
46.3999 34.4573 26.1665 5.82293 220.909
46.4999 34.4691 26.2374 5.83358 220.839
46.5999 34.4807 26.3084 5.84422 220.768
46.6999 34.4922 26.3796 5.85485 220.696
46.7999 34.5034 26.4509 5.86546 220.625
46.8999 34.5145 26.5222 5.87606 220.554
46.9999 34.5255 26.5938 5.88665 220.482
47.0999 34.5363 26.6654 5.89723 220.411
47.1999 34.5469 26.7371 5.90779 220.339
47.2999 34.5574 26.809 5.91835 220.267
47.3998 34.5677 26.8809 5.92888 220.195
47.4998 34.5778 26.953 5.93941 220.123
47.5998 34.5878 27.0252 5.94993 220.051
47.6998 34.5976 27.0976 5.96043 219.978
47.7998 34.6072 27.17 5.97091 219.906
47.8998 34.6167 27.2425 5.98139 219.833
47.9998 34.626 27.3152 5.99185 219.761
48.0998 34.6352 27.388 6.0023 219.688
48.1998 34.6442 27.4609 6.01274 219.615
48.2998 34.6531 27.5339 6.02316 219.542
48.3998 34.6618 27.607 6.03357 219.469
48.4998 34.6704 27.6802 6.04397 219.396
48.5998 34.6788 27.7536 6.05436 219.322
48.6998 34.687 27.827 6.06473 219.249
48.7998 34.6951 27.9006 6.07509 219.175
48.8998 34.703 27.9743 6.08543 219.102
48.9998 34.7108 28.0481 6.09576 219.028
49.0998 34.7184 28.122 6.10608 218.954
49.1998 34.7259 28.196 6.11639 218.88
49.2998 34.7332 28.2701 6.12668 218.806
49.3998 34.7404 28.3444 6.13696 218.732
49.4998 34.7474 28.4187 6.14723 218.657
49.5998 34.7543 28.4932 6.15748 218.583
49.6998 34.761 28.5678 6.16772 218.508
49.7998 34.7676 28.6424 6.17795 218.434
49.8998 34.7741 28.7172 6.18816 218.359
49.9998 34.7803 28.7921 6.19836 218.284
50.0998 34.7865 28.8672 6.20855 218.209
50.1998 34.7925 28.9423 6.21872 218.134
50.2998 34.7983 29.0175 6.22888 218.058
50.3998 34.804 29.0929 6.23902 217.983
50.4998 34.8096 29.1683 6.24915 217.908
50.5998 34.815 29.2439 6.25927 217.832
50.6998 34.8203 29.3195 6.26938 217.756
50.7998 34.8254 29.3953 6.27947 217.681
50.8998 34.8304 29.4712 6.28954 217.605
50.9998 34.8352 29.5472 6.29961 217.529
51.0998 34.8399 29.6233 6.30966 217.453
51.1998 34.8445 29.6995 6.31969 217.376
51.2998 34.8489 29.7758 6.32972 217.3
51.3998 34.8532 29.8522 6.33972 217.224
51.4998 34.8574 29.9288 6.34972 217.147
51.5998 34.8614 30.0054 6.3597 217.071
51.6998 34.8652 30.0821 6.36967 216.994
51.7998 34.869 30.159 6.37962 216.917
51.8998 34.8726 30.2359 6.38956 216.84
51.9998 34.876 30.313 6.39948 216.763
52.0998 34.8793 30.3901 6.40939 216.686
52.1998 34.8825 30.4674 6.41929 216.609
52.2998 34.8856 30.5448 6.42917 216.531
52.3998 34.8885 30.6223 6.43904 216.454
52.4998 34.8913 30.6998 6.44889 216.376
52.5998 34.8939 30.7775 6.45873 216.298
52.6998 34.8964 30.8553 6.46856 216.221
52.7998 34.8988 30.9332 6.47837 216.143
52.8998 34.9011 31.0112 6.48817 216.065
52.9998 34.9032 31.0893 6.49795 215.987
53.0998 34.9052 31.1675 6.50772 215.908
53.1998 34.907 31.2458 6.51747 215.83
53.2998 34.9088 31.3242 6.52721 215.752
53.3998 34.9104 31.4027 6.53694 215.673
53.4998 34.9118 31.4813 6.54665 215.595
53.5998 34.9132 31.56 6.55635 215.516
53.6998 34.9144 31.6388 6.56603 215.437
53.7998 34.9155 31.7178 6.5757 215.358
53.8997 34.9165 31.7968 6.58535 215.279
53.9997 34.9173 31.8759 6.59499 215.2
54.0997 34.918 31.9551 6.60461 215.121
54.1997 34.9186 32.0344 6.61422 215.042
54.2997 34.919 32.1138 6.62381 214.962
54.3997 34.9194 32.1933 6.63339 214.883
54.4997 34.9196 32.273 6.64296 214.803
54.5997 34.9197 32.3527 6.65251 214.723
54.6997 34.9196 32.4325 6.66204 214.643
54.7997 34.9195 32.5124 6.67156 214.564
54.8997 34.9192 32.5924 6.68107 214.484
54.9997 34.9188 32.6725 6.69056 214.403
55.0997 34.9182 32.7527 6.70004 214.323
55.1997 34.9176 32.833 6.7095 214.243
55.2997 34.9168 32.9134 6.71894 214.163
55.3997 34.9159 32.9939 6.72837 214.082
55.4997 34.9149 33.0745 6.73779 214.001
55.5997 34.9138 33.1552 6.74719 213.921
55.6997 34.9126 33.236 6.75658 213.84
55.7997 34.9112 33.3169 6.76595 213.759
55.8997 34.9097 33.3979 6.7753 213.678
55.9997 34.9081 33.4789 6.78464 213.597
56.0997 34.9064 33.5601 6.79397 213.516
56.1997 34.9045 33.6414 6.80328 213.435
56.2997 34.9026 33.7227 6.81257 213.353
56.3997 34.9005 33.8042 6.82185 213.272
56.4997 34.8983 33.8857 6.83111 213.19
56.5997 34.8961 33.9674 6.84036 213.109
56.6997 34.8936 34.0491 6.84959 213.027
56.7997 34.8911 34.131 6.85881 212.945
56.8997 34.8885 34.2129 6.86801 212.863
56.9997 34.8857 34.2949 6.8772 212.781
57.0997 34.8829 34.377 6.88637 212.699
57.1997 34.8799 34.4592 6.89553 212.617
57.2997 34.8768 34.5415 6.90467 212.534
57.3997 34.8736 34.6239 6.91379 212.452
57.4997 34.8703 34.7064 6.9229 212.37
57.5997 34.8669 34.789 6.93199 212.287
57.6997 34.8633 34.8716 6.94107 212.204
57.7997 34.8597 34.9544 6.95013 212.122
57.8997 34.8559 35.0372 6.95918 212.039
57.9997 34.8521 35.1202 6.96821 211.956
58.0997 34.8481 35.2032 6.97722 211.873
58.1997 34.844 35.2863 6.98622 211.79
58.2997 34.8398 35.3695 6.9952 211.706
58.3997 34.8355 35.4528 7.00417 211.623
58.4997 34.8311 35.5362 7.01312 211.54
58.5997 34.8266 35.6197 7.02205 211.456
58.6997 34.822 35.7033 7.03097 211.373
58.7997 34.8173 35.7869 7.03987 211.289
58.8997 34.8125 35.8707 7.04876 211.205
58.9997 34.8075 35.9545 7.05763 211.121
59.0997 34.8025 36.0384 7.06648 211.038
59.1997 34.7973 36.1224 7.07532 210.954
59.2997 34.7921 36.2065 7.08414 210.869
59.3997 34.7867 36.2907 7.09295 210.785
59.4997 34.7813 36.375 7.10174 210.701
59.5997 34.7757 36.4593 7.11051 210.617
59.6997 34.7701 36.5438 7.11927 210.532
59.7997 34.7643 36.6283 7.12801 210.448
59.8997 34.7585 36.7129 7.13673 210.363
59.9997 34.7525 36.7976 7.14544 210.278
60.0997 34.7464 36.8824 7.15413 210.194
60.1997 34.7403 36.9673 7.16281 210.109
60.2997 34.734 37.0522 7.17147 210.024
60.3997 34.7276 37.1373 7.18011 209.939
60.4996 34.7212 37.2224 7.18874 209.854
60.5996 34.7146 37.3076 7.19734 209.768
60.6996 34.7079 37.3929 7.20594 209.683
60.7996 34.7012 37.4783 7.21451 209.598
60.8996 34.6943 37.5637 7.22307 209.512
60.9996 34.6873 37.6493 7.23161 209.427
61.0996 34.6803 37.7349 7.24014 209.341
61.1996 34.6731 37.8206 7.24865 209.255
61.2996 34.6659 37.9064 7.25714 209.17
61.3996 34.6585 37.9923 7.26562 209.084
61.4996 34.6511 38.0782 7.27408 208.998
61.5996 34.6436 38.1643 7.28252 208.912
61.6996 34.6359 38.2504 7.29094 208.826
61.7996 34.6282 38.3366 7.29935 208.739
61.8996 34.6204 38.4229 7.30774 208.653
61.9996 34.6125 38.5092 7.31612 208.567
62.0996 34.6044 38.5957 7.32447 208.48
62.1996 34.5963 38.6822 7.33281 208.394
62.2996 34.5881 38.7688 7.34114 208.307
62.3996 34.5798 38.8555 7.34944 208.22
62.4996 34.5715 38.9422 7.35773 208.134
62.5996 34.563 39.029 7.366 208.047
62.6996 34.5544 39.116 7.37426 207.96
62.7996 34.5458 39.203 7.38249 207.873
62.8996 34.537 39.29 7.39071 207.786
62.9996 34.5282 39.3772 7.39891 207.699
63.0996 34.5192 39.4644 7.4071 207.612
63.1996 34.5102 39.5517 7.41527 207.524
63.2996 34.5011 39.6391 7.42342 207.437
63.3996 34.4919 39.7265 7.43155 207.349
63.4996 34.4826 39.8141 7.43967 207.262
63.5996 34.4732 39.9017 7.44777 207.174
63.6996 34.4637 39.9894 7.45585 207.087
63.7996 34.4542 40.0771 7.46391 206.999
63.8996 34.4445 40.165 7.47195 206.911
63.9996 34.4348 40.2529 7.47998 206.823
64.0996 34.425 40.3409 7.48799 206.735
64.1996 34.415 40.4289 7.49599 206.647
64.2996 34.405 40.5171 7.50396 206.559
64.3996 34.395 40.6053 7.51192 206.471
64.4996 34.3848 40.6936 7.51986 206.382
64.5996 34.3745 40.7819 7.52778 206.294
64.6996 34.3642 40.8704 7.53568 206.206
64.7996 34.3538 40.9589 7.54357 206.117
64.8996 34.3433 41.0474 7.55144 206.029
64.9996 34.3327 41.1361 7.55929 205.94
65.0996 34.322 41.2248 7.56712 205.851
65.1996 34.3112 41.3136 7.57494 205.762
65.2996 34.3004 41.4025 7.58273 205.673
65.3996 34.2894 41.4914 7.59051 205.585
65.4996 34.2784 41.5804 7.59827 205.496
65.5996 34.2673 41.6695 7.60601 205.406
65.6996 34.2561 41.7586 7.61374 205.317
65.7996 34.2448 41.8479 7.62145 205.228
65.8996 34.2335 41.9371 7.62913 205.139
65.9996 34.2221 42.0265 7.6368 205.049
66.0996 34.2106 42.1159 7.64446 204.96
66.1996 34.199 42.2054 7.65209 204.871
66.2996 34.1873 42.295 7.6597 204.781
66.3996 34.1755 42.3846 7.6673 204.691
66.4996 34.1637 42.4743 7.67488 204.602
66.5996 34.1518 42.5641 7.68244 204.512
66.6996 34.1398 42.6539 7.68998 204.422
66.7996 34.1277 42.7438 7.69751 204.332
66.8996 34.1156 42.8338 7.70501 204.242
66.9995 34.1033 42.9239 7.7125 204.152
67.0995 34.091 43.014 7.71996 204.062
67.1995 34.0786 43.1041 7.72741 203.972
67.2995 34.0662 43.1944 7.73484 203.882
67.3995 34.0536 43.2847 7.74226 203.791
67.4995 34.041 43.3751 7.74965 203.701
67.5995 34.0283 43.4655 7.75703 203.61
67.6995 34.0155 43.556 7.76438 203.52
67.7995 34.0026 43.6466 7.77172 203.429
67.8995 33.9897 43.7372 7.77904 203.339
67.9995 33.9767 43.8279 7.78634 203.248
68.0995 33.9636 43.9187 7.79362 203.157
68.1995 33.9505 44.0095 7.80088 203.066
68.2995 33.9372 44.1004 7.80812 202.976
68.3995 33.9239 44.1913 7.81535 202.885
68.4995 33.9105 44.2823 7.82255 202.794
68.5995 33.8971 44.3734 7.82974 202.703
68.6995 33.8835 44.4645 7.83691 202.611
68.7995 33.8699 44.5557 7.84406 202.52
68.8995 33.8562 44.647 7.85119 202.429
68.9995 33.8425 44.7383 7.8583 202.338
69.0995 33.8286 44.8297 7.86539 202.246
69.1995 33.8147 44.9212 7.87246 202.155
69.2995 33.8008 45.0127 7.87951 202.063
69.3995 33.7867 45.1042 7.88655 201.972
69.4995 33.7726 45.1958 7.89356 201.88
69.5995 33.7584 45.2875 7.90055 201.788
69.6995 33.7441 45.3793 7.90753 201.697
69.7995 33.7298 45.4711 7.91449 201.605
69.8995 33.7154 45.563 7.92142 201.513
69.9995 33.7009 45.6549 7.92834 201.421
70.0995 33.6863 45.7469 7.93524 201.329
70.1995 33.6717 45.8389 7.94212 201.237
70.2995 33.657 45.931 7.94898 201.145
70.3995 33.6423 46.0231 7.95582 201.053
70.4995 33.6274 46.1154 7.96264 200.961
70.5995 33.6125 46.2076 7.96944 200.868
70.6995 33.5976 46.3 7.97622 200.776
70.7995 33.5825 46.3923 7.98298 200.684
70.8995 33.5674 46.4848 7.98972 200.591
70.9995 33.5522 46.5773 7.99644 200.499
71.0995 33.537 46.6698 8.00315 200.406
71.1995 33.5217 46.7624 8.00983 200.314
71.2995 33.5063 46.8551 8.01649 200.221
71.3995 33.4908 46.9478 8.02313 200.128
71.4995 33.4753 47.0406 8.02976 200.035
71.5995 33.4597 47.1334 8.03636 199.943
71.6995 33.4441 47.2263 8.04294 199.85
71.7995 33.4283 47.3192 8.04951 199.757
71.8995 33.4125 47.4122 8.05605 199.664
71.9995 33.3967 47.5052 8.06257 199.571
72.0995 33.3808 47.5983 8.06908 199.478
72.1995 33.3648 47.6915 8.07556 199.384
72.2995 33.3487 47.7846 8.08202 199.291
72.3995 33.3326 47.8779 8.08847 199.198
72.4995 33.3164 47.9712 8.09489 199.105
72.5995 33.3002 48.0645 8.10129 199.011
72.6995 33.2838 48.1579 8.10767 198.918
72.7995 33.2675 48.2514 8.11404 198.825
72.8995 33.251 48.3449 8.12038 198.731
72.9995 33.2345 48.4384 8.1267 198.637
73.0995 33.2179 48.5321 8.133 198.544
73.1995 33.2013 48.6257 8.13928 198.45
73.2995 33.1846 48.7194 8.14554 198.357
73.3995 33.1678 48.8132 8.15178 198.263
73.4995 33.151 48.907 8.158 198.169
73.5994 33.1341 49.0008 8.1642 198.075
73.6994 33.1172 49.0947 8.17038 197.981
73.7994 33.1002 49.1886 8.17654 197.887
73.8994 33.0831 49.2826 8.18267 197.793
73.9994 33.0659 49.3767 8.18879 197.699
74.0994 33.0487 49.4708 8.19489 197.605
74.1994 33.0315 49.5649 8.20096 197.511
74.2994 33.0141 49.6591 8.20702 197.417
74.3994 32.9968 49.7533 8.21305 197.323
74.4994 32.9793 49.8476 8.21907 197.228
74.5994 32.9618 49.9419 8.22506 197.134
74.6994 32.9442 50.0362 8.23103 197.04
74.7994 32.9266 50.1307 8.23698 196.945
74.8994 32.9089 50.2251 8.24291 196.851
74.9994 32.8912 50.3196 8.24882 196.756
75.0994 32.8734 50.4141 8.25471 196.662
75.1994 32.8555 50.5087 8.26057 196.567
75.2994 32.8376 50.6034 8.26642 196.473
75.3994 32.8196 50.698 8.27225 196.378
75.4994 32.8015 50.7927 8.27805 196.283
75.5994 32.7834 50.8875 8.28383 196.188
75.6994 32.7652 50.9823 8.2896 196.094
75.7994 32.747 51.0771 8.29534 195.999
75.8994 32.7287 51.172 8.30106 195.904
75.9994 32.7104 51.267 8.30675 195.809
76.0994 32.692 51.3619 8.31243 195.714
76.1994 32.6735 51.4569 8.31809 195.619
76.2994 32.655 51.552 8.32372 195.524
76.3994 32.6365 51.6471 8.32933 195.429
76.4994 32.6178 51.7422 8.33493 195.334
76.5994 32.5991 51.8374 8.3405 195.239
76.6994 32.5804 51.9326 8.34605 195.143
76.7994 32.5616 52.0278 8.35157 195.048
76.8994 32.5427 52.1231 8.35708 194.953
76.9994 32.5238 52.2184 8.36256 194.858
77.0994 32.5049 52.3138 8.36803 194.762
77.1994 32.4858 52.4092 8.37347 194.667
77.2994 32.4668 52.5046 8.37889 194.571
77.3994 32.4476 52.6001 8.38429 194.476
77.4994 32.4284 52.6956 8.38966 194.38
77.5994 32.4092 52.7912 8.39502 194.285
77.6994 32.3899 52.8868 8.40035 194.189
77.7994 32.3705 52.9824 8.40566 194.094
77.8994 32.3511 53.0781 8.41095 193.998
77.9994 32.3317 53.1738 8.41622 193.902
78.0994 32.3122 53.2695 8.42147 193.806
78.1994 32.2926 53.3653 8.42669 193.711
78.2994 32.273 53.4611 8.43189 193.615
78.3994 32.2533 53.5569 8.43707 193.519
78.4994 32.2335 53.6528 8.44223 193.423
78.5994 32.2138 53.7487 8.44737 193.327
78.6994 32.1939 53.8446 8.45248 193.231
78.7994 32.174 53.9406 8.45757 193.135
78.8994 32.1541 54.0366 8.46264 193.039
78.9994 32.1341 54.1326 8.46769 192.943
79.0994 32.114 54.2287 8.47272 192.847
79.1994 32.0939 54.3248 8.47772 192.751
79.2994 32.0738 54.4209 8.4827 192.655
79.3994 32.0536 54.5171 8.48766 192.559
79.4994 32.0333 54.6133 8.4926 192.463
79.5994 32.013 54.7095 8.49751 192.366
79.6994 31.9926 54.8058 8.50241 192.27
79.7994 31.9722 54.9021 8.50728 192.174
79.8994 31.9517 54.9984 8.51212 192.078
79.9994 31.9312 55.0948 8.51695 191.981
80.0993 31.9107 55.1912 8.52175 191.885
80.1993 31.89 55.2876 8.52653 191.788
80.2993 31.8694 55.384 8.53129 191.692
80.3993 31.8487 55.4805 8.53602 191.595
80.4993 31.8279 55.577 8.54074 191.499
80.5993 31.8071 55.6735 8.54543 191.402
80.6993 31.7862 55.77 8.5501 191.306
80.7993 31.7653 55.8666 8.55474 191.209
80.8993 31.7443 55.9632 8.55936 191.113
80.9993 31.7233 56.0599 8.56396 191.016
81.0993 31.7022 56.1565 8.56854 190.919
81.1993 31.6811 56.2532 8.57309 190.823
81.2993 31.66 56.3499 8.57762 190.726
81.3993 31.6387 56.4467 8.58213 190.629
81.4993 31.6175 56.5434 8.58662 190.533
81.5993 31.5962 56.6402 8.59108 190.436
81.6993 31.5748 56.737 8.59552 190.339
81.7993 31.5534 56.8339 8.59994 190.242
81.8993 31.532 56.9308 8.60433 190.145
81.9993 31.5105 57.0276 8.6087 190.048
82.0993 31.4889 57.1246 8.61305 189.951
82.1993 31.4673 57.2215 8.61738 189.854
82.2993 31.4457 57.3185 8.62168 189.757
82.3993 31.424 57.4154 8.62596 189.661
82.4993 31.4022 57.5124 8.63021 189.564
82.5993 31.3804 57.6095 8.63444 189.466
82.6993 31.3586 57.7065 8.63865 189.369
82.7993 31.3367 57.8036 8.64284 189.272
82.8993 31.3148 57.9007 8.647 189.175
82.9993 31.2928 57.9978 8.65114 189.078
83.0993 31.2708 58.0949 8.65526 188.981
83.1993 31.2488 58.1921 8.65935 188.884
83.2993 31.2266 58.2893 8.66342 188.787
83.3993 31.2045 58.3865 8.66746 188.689
83.4993 31.1823 58.4837 8.67149 188.592
83.5993 31.16 58.5809 8.67549 188.495
83.6993 31.1378 58.6782 8.67946 188.398
83.7993 31.1154 58.7754 8.68341 188.301
83.8993 31.093 58.8727 8.68734 188.203
83.9993 31.0706 58.97 8.69125 188.106
84.0993 31.0481 59.0673 8.69513 188.009
84.1993 31.0256 59.1647 8.69898 187.911
84.2993 31.0031 59.2621 8.70282 187.814
84.3993 30.9805 59.3594 8.70663 187.717
84.4993 30.9578 59.4568 8.71042 187.619
84.5993 30.9351 59.5542 8.71418 187.522
84.6993 30.9124 59.6517 8.71792 187.424
84.7993 30.8896 59.7491 8.72163 187.327
84.8993 30.8668 59.8466 8.72532 187.229
84.9993 30.8439 59.944 8.72899 187.132
85.0993 30.821 60.0415 8.73263 187.034
85.1993 30.798 60.139 8.73625 186.937
85.2993 30.7751 60.2365 8.73985 186.839
85.3993 30.752 60.3341 8.74342 186.742
85.4993 30.7289 60.4316 8.74697 186.644
85.5993 30.7058 60.5292 8.75049 186.547
85.6993 30.6826 60.6268 8.75399 186.449
85.7993 30.6594 60.7243 8.75747 186.352
85.8993 30.6362 60.8219 8.76092 186.254
85.9993 30.6129 60.9195 8.76435 186.156
86.0993 30.5896 61.0172 8.76775 186.059
86.1993 30.5662 61.1148 8.77113 185.961
86.2993 30.5428 61.2124 8.77448 185.864
86.3993 30.5193 61.3101 8.77781 185.766
86.4993 30.4958 61.4078 8.78112 185.668
86.5993 30.4722 61.5054 8.7844 185.571
86.6992 30.4487 61.6031 8.78766 185.473
86.7992 30.425 61.7008 8.79089 185.375
86.8992 30.4014 61.7985 8.7941 185.277
86.9992 30.3777 61.8962 8.79728 185.18
87.0992 30.3539 61.994 8.80044 185.082
87.1992 30.3301 62.0917 8.80358 184.984
87.2992 30.3063 62.1894 8.80669 184.887
87.3992 30.2824 62.2872 8.80977 184.789
87.4992 30.2585 62.3849 8.81283 184.691
87.5992 30.2346 62.4827 8.81587 184.593
87.6992 30.2106 62.5805 8.81888 184.495
87.7992 30.1866 62.6783 8.82187 184.398
87.8992 30.1625 62.776 8.82483 184.3
87.9992 30.1384 62.8738 8.82777 184.202
88.0992 30.1142 62.9716 8.83068 184.104
88.1992 30.09 63.0694 8.83357 184.007
88.2992 30.0658 63.1672 8.83644 183.909
88.3992 30.0416 63.265 8.83927 183.811
88.4992 30.0172 63.3629 8.84209 183.713
88.5992 29.9929 63.4607 8.84488 183.615
88.6992 29.9685 63.5585 8.84764 183.517
88.7992 29.9441 63.6563 8.85038 183.42
88.8992 29.9196 63.7542 8.85309 183.322
88.9992 29.8951 63.852 8.85578 183.224
89.0992 29.8706 63.9499 8.85845 183.126
89.1992 29.846 64.0477 8.86109 183.028
89.2992 29.8214 64.1455 8.8637 182.93
89.3992 29.7968 64.2434 8.86629 182.833
89.4992 29.7721 64.3412 8.86885 182.735
89.5992 29.7474 64.4391 8.87139 182.637
89.6992 29.7226 64.5369 8.8739 182.539
89.7992 29.6978 64.6348 8.87639 182.441
89.8992 29.673 64.7326 8.87886 182.343
89.9992 29.6481 64.8305 8.88129 182.245
90.0992 29.6232 64.9284 8.88371 182.148
90.1992 29.5982 65.0262 8.88609 182.05
90.2992 29.5733 65.1241 8.88845 181.952
90.3992 29.5482 65.2219 8.89079 181.854
90.4992 29.5232 65.3198 8.8931 181.756
90.5992 29.4981 65.4176 8.89539 181.658
90.6992 29.473 65.5155 8.89765 181.56
90.7992 29.4478 65.6133 8.89988 181.463
90.8992 29.4226 65.7111 8.90209 181.365
90.9992 29.3973 65.809 8.90427 181.267
91.0992 29.3721 65.9068 8.90643 181.169
91.1992 29.3468 66.0047 8.90856 181.071
91.2992 29.3214 66.1025 8.91067 180.973
91.3992 29.296 66.2003 8.91275 180.876
91.4992 29.2706 66.2981 8.9148 180.778
91.5992 29.2452 66.3959 8.91683 180.68
91.6992 29.2197 66.4938 8.91884 180.582
91.7992 29.1942 66.5916 8.92082 180.484
91.8992 29.1686 66.6894 8.92277 180.387
91.9992 29.143 66.7872 8.92469 180.289
92.0992 29.1174 66.885 8.92659 180.191
92.1992 29.0917 66.9827 8.92847 180.093
92.2992 29.066 67.0805 8.93032 179.995
92.3992 29.0403 67.1783 8.93214 179.898
92.4992 29.0145 67.2761 8.93394 179.8
92.5992 28.9887 67.3738 8.93571 179.702
92.6992 28.9629 67.4716 8.93745 179.604
92.7992 28.937 67.5693 8.93917 179.507
92.8992 28.9111 67.667 8.94086 179.409
92.9992 28.8852 67.7648 8.94253 179.311
93.0992 28.8592 67.8625 8.94417 179.213
93.1992 28.8332 67.9602 8.94578 179.116
93.2991 28.8072 68.0579 8.94737 179.018
93.3991 28.7811 68.1556 8.94893 178.92
93.4991 28.755 68.2532 8.95047 178.823
93.5991 28.7289 68.3509 8.95198 178.725
93.6991 28.7027 68.4486 8.95346 178.627
93.7991 28.6765 68.5462 8.95492 178.53
93.8991 28.6502 68.6438 8.95635 178.432
93.9991 28.624 68.7415 8.95775 178.334
94.0991 28.5977 68.8391 8.95913 178.237
94.1991 28.5713 68.9367 8.96048 178.139
94.2991 28.545 69.0342 8.96181 178.042
94.3991 28.5186 69.1318 8.96311 177.944
94.4991 28.4921 69.2294 8.96438 177.847
94.5991 28.4657 69.3269 8.96563 177.749
94.6991 28.4392 69.4245 8.96684 177.651
94.7991 28.4126 69.522 8.96804 177.554
94.8991 28.3861 69.6195 8.9692 177.456
94.9991 28.3595 69.717 8.97034 177.359
95.0991 28.3329 69.8144 8.97145 177.262
95.1991 28.3062 69.9119 8.97254 177.164
95.2991 28.2795 70.0093 8.9736 177.067
95.3991 28.2528 70.1068 8.97463 176.969
95.4991 28.2261 70.2042 8.97564 176.872
95.5991 28.1993 70.3016 8.97662 176.774
95.6991 28.1725 70.399 8.97757 176.677
95.7991 28.1456 70.4963 8.9785 176.58
95.8991 28.1187 70.5937 8.97939 176.482
95.9991 28.0918 70.691 8.98027 176.385
96.0991 28.0649 70.7883 8.98111 176.288
96.1991 28.0379 70.8856 8.98193 176.19
96.2991 28.0109 70.9829 8.98272 176.093
96.3991 27.9839 71.0801 8.98348 175.996
96.4991 27.9568 71.1773 8.98422 175.899
96.5991 27.9298 71.2746 8.98493 175.801
96.6991 27.9026 71.3718 8.98561 175.704
96.7991 27.8755 71.4689 8.98627 175.607
96.8991 27.8483 71.5661 8.9869 175.51
96.9991 27.8211 71.6632 8.9875 175.413
97.0991 27.7939 71.7603 8.98808 175.316
97.1991 27.7666 71.8574 8.98862 175.219
97.2991 27.7393 71.9545 8.98914 175.121
97.3991 27.712 72.0515 8.98964 175.024
97.4991 27.6846 72.1486 8.9901 174.927
97.5991 27.6572 72.2456 8.99054 174.83
97.6991 27.6298 72.3426 8.99095 174.733
97.7991 27.6023 72.4395 8.99134 174.636
97.8991 27.5749 72.5365 8.99169 174.539
97.9991 27.5474 72.6334 8.99202 174.443
98.0991 27.5198 72.7303 8.99233 174.346
98.1991 27.4923 72.8271 8.9926 174.249
98.2991 27.4647 72.924 8.99285 174.152
98.3991 27.437 73.0208 8.99307 174.055
98.4991 27.4094 73.1176 8.99326 173.958
98.5991 27.3817 73.2143 8.99342 173.862
98.6991 27.354 73.3111 8.99356 173.765
98.7991 27.3263 73.4078 8.99367 173.668
98.8991 27.2985 73.5045 8.99375 173.571
98.9991 27.2707 73.6011 8.99381 173.475
99.0991 27.2429 73.6978 8.99383 173.378
99.1991 27.215 73.7944 8.99383 173.282
99.2991 27.1872 73.891 8.99381 173.185
99.3991 27.1593 73.9875 8.99375 173.088
99.4991 27.1313 74.084 8.99367 172.992
99.5991 27.1034 74.1805 8.99355 172.895
99.6991 27.0754 74.277 8.99342 172.799
99.799 27.0474 74.3735 8.99325 172.702
99.899 27.0193 74.4699 8.99305 172.606
99.999 26.9913 74.5662 8.99283 172.51
100.099 26.9632 74.6626 8.99258 172.413
100.199 26.935 74.7589 8.9923 172.317
100.299 26.9069 74.8552 8.992 172.221
100.399 26.8787 74.9515 8.99166 172.124
100.499 26.8505 75.0477 8.9913 172.028
100.599 26.8223 75.1439 8.99091 171.932
100.699 26.794 75.2401 8.99049 171.836
100.799 26.7657 75.3362 8.99005 171.74
100.899 26.7374 75.4323 8.98957 171.644
100.999 26.7091 75.5284 8.98907 171.548
101.099 26.6807 75.6244 8.98854 171.452
101.199 26.6523 75.7204 8.98798 171.356
101.299 26.6239 75.8164 8.9874 171.26
101.399 26.5954 75.9123 8.98678 171.164
101.499 26.567 76.0083 8.98614 171.068
101.599 26.5385 76.1041 8.98547 170.972
101.699 26.5099 76.2 8.98477 170.876
101.799 26.4814 76.2958 8.98404 170.78
101.899 26.4528 76.3915 8.98329 170.684
101.999 26.4242 76.4873 8.9825 170.589
102.099 26.3956 76.583 8.98169 170.493
102.199 26.3669 76.6786 8.98085 170.397
102.299 26.3382 76.7743 8.97998 170.302
102.399 26.3095 76.8698 8.97908 170.206
102.499 26.2808 76.9654 8.97816 170.111
102.599 26.252 77.0609 8.97721 170.015
102.699 26.2233 77.1564 8.97622 169.92
102.799 26.1945 77.2518 8.97521 169.824
102.899 26.1656 77.3472 8.97417 169.729
102.999 26.1368 77.4426 8.97311 169.633
103.099 26.1079 77.5379 8.97201 169.538
103.199 26.079 77.6332 8.97089 169.443
103.299 26.05 77.7285 8.96973 169.347
103.399 26.0211 77.8237 8.96855 169.252
103.499 25.9921 77.9188 8.96734 169.157
103.599 25.9631 78.014 8.9661 169.062
103.699 25.9341 78.1091 8.96483 168.967
103.799 25.905 78.2041 8.96354 168.872
103.899 25.8759 78.2991 8.96221 168.777
103.999 25.8468 78.3941 8.96086 168.682
104.099 25.8177 78.489 8.95948 168.587
104.199 25.7886 78.5839 8.95807 168.492
104.299 25.7594 78.6787 8.95663 168.397
104.399 25.7302 78.7735 8.95516 168.302
104.499 25.7009 78.8683 8.95366 168.208
104.599 25.6717 78.963 8.95214 168.113
104.699 25.6424 79.0577 8.95058 168.018
104.799 25.6131 79.1523 8.949 167.924
104.899 25.5838 79.2469 8.94739 167.829
104.999 25.5545 79.3414 8.94574 167.734
105.099 25.5251 79.4359 8.94407 167.64
105.199 25.4957 79.5304 8.94237 167.546
105.299 25.4663 79.6248 8.94065 167.451
105.399 25.4369 79.7192 8.93889 167.357
105.499 25.4074 79.8135 8.9371 167.262
105.599 25.3779 79.9078 8.93529 167.168
105.699 25.3484 80.002 8.93344 167.074
105.799 25.3189 80.0962 8.93157 166.98
105.899 25.2893 80.1903 8.92967 166.886
105.999 25.2597 80.2844 8.92774 166.792
106.099 25.2301 80.3784 8.92578 166.698
106.199 25.2005 80.4724 8.92379 166.604
106.299 25.1709 80.5664 8.92177 166.51
106.399 25.1412 80.6603 8.91972 166.416
106.499 25.1115 80.7541 8.91765 166.322
106.599 25.0818 80.8479 8.91554 166.228
106.699 25.0521 80.9417 8.9134 166.134
106.799 25.0223 81.0354 8.91124 166.041
106.899 24.9925 81.129 8.90905 165.947
106.999 24.9627 81.2226 8.90682 165.853
107.099 24.9329 81.3162 8.90457 165.76
107.199 24.903 81.4097 8.90229 165.666
107.299 24.8732 81.5031 8.89998 165.573
107.399 24.8433 81.5965 8.89764 165.479
107.499 24.8134 81.6899 8.89527 165.386
107.599 24.7834 81.7832 8.89287 165.293
107.699 24.7535 81.8764 8.89044 165.2
107.799 24.7235 81.9696 8.88798 165.106
107.899 24.6935 82.0628 8.8855 165.013
107.999 24.6635 82.1559 8.88298 164.92
108.099 24.6334 82.2489 8.88044 164.827
108.199 24.6033 82.3419 8.87786 164.734
108.299 24.5733 82.4348 8.87526 164.641
108.399 24.5432 82.5277 8.87262 164.548
108.499 24.513 82.6205 8.86996 164.455
108.599 24.4829 82.7133 8.86726 164.363
108.699 24.4527 82.806 8.86454 164.27
108.799 24.4225 82.8987 8.86179 164.177
108.899 24.3923 82.9913 8.85901 164.085
108.999 24.362 83.0838 8.8562 163.992
109.099 24.3318 83.1763 8.85335 163.9
109.199 24.3015 83.2687 8.85048 163.807
109.299 24.2712 83.3611 8.84758 163.715
109.399 24.2409 83.4535 8.84465 163.622
109.499 24.2105 83.5457 8.84169 163.53
109.599 24.1802 83.6379 8.8387 163.438
109.699 24.1498 83.7301 8.83568 163.346
109.799 24.1194 83.8222 8.83264 163.254
109.899 24.089 83.9142 8.82956 163.162
109.999 24.0585 84.0062 8.82645 163.07
110.099 24.0281 84.0981 8.82331 162.978
110.199 23.9976 84.19 8.82014 162.886
110.299 23.9671 84.2818 8.81695 162.794
110.399 23.9366 84.3736 8.81372 162.702
110.499 23.906 84.4652 8.81046 162.611
110.599 23.8754 84.5569 8.80717 162.519
110.699 23.8449 84.6484 8.80386 162.428
110.799 23.8143 84.7399 8.80051 162.336
110.899 23.7836 84.8314 8.79713 162.245
110.999 23.753 84.9228 8.79373 162.153
111.099 23.7223 85.0141 8.79029 162.062
111.199 23.6916 85.1054 8.78682 161.971
111.299 23.6609 85.1966 8.78333 161.879
111.399 23.6302 85.2877 8.7798 161.788
111.499 23.5995 85.3788 8.77625 161.697
111.599 23.5687 85.4698 8.77266 161.606
111.699 23.5379 85.5607 8.76904 161.515
111.799 23.5071 85.6516 8.7654 161.424
111.899 23.4763 85.7425 8.76172 161.333
111.999 23.4454 85.8332 8.75801 161.243
112.099 23.4146 85.9239 8.75428 161.152
112.199 23.3837 86.0145 8.75051 161.061
112.299 23.3528 86.1051 8.74672 160.971
112.399 23.3219 86.1956 8.74289 160.88
112.499 23.2909 86.2861 8.73903 160.79
112.599 23.26 86.3764 8.73515 160.7
112.699 23.229 86.4667 8.73123 160.609
112.799 23.198 86.557 8.72728 160.519
112.899 23.167 86.6472 8.72331 160.429
112.999 23.136 86.7373 8.7193 160.339
113.099 23.1049 86.8273 8.71526 160.249
113.199 23.0739 86.9173 8.71119 160.159
113.299 23.0428 87.0072 8.7071 160.069
113.399 23.0117 87.097 8.70297 159.979
113.499 22.9805 87.1868 8.69881 159.889
113.599 22.9494 87.2765 8.69462 159.799
113.699 22.9182 87.3661 8.6904 159.71
113.799 22.8871 87.4557 8.68615 159.62
113.899 22.8559 87.5452 8.68188 159.531
113.999 22.8247 87.6346 8.67757 159.441
114.099 22.7934 87.724 8.67323 159.352
114.199 22.7622 87.8133 8.66886 159.263
114.299 22.7309 87.9025 8.66446 159.173
114.399 22.6996 87.9917 8.66003 159.084
114.499 22.6683 88.0807 8.65557 158.995
114.599 22.637 88.1697 8.65107 158.906
114.699 22.6056 88.2587 8.64655 158.817
114.799 22.5743 88.3475 8.642 158.728
114.899 22.5429 88.4363 8.63742 158.64
114.999 22.5115 88.5251 8.63281 158.551
115.099 22.4801 88.6137 8.62816 158.462
115.199 22.4487 88.7023 8.62349 158.374
115.299 22.4172 88.7908 8.61879 158.285
115.399 22.3857 88.8792 8.61405 158.197
115.499 22.3543 88.9676 8.60929 158.108
115.599 22.3228 89.0559 8.60449 158.02
115.699 22.2912 89.1441 8.59967 157.932
115.799 22.2597 89.2322 8.59481 157.844
115.899 22.2282 89.3203 8.58993 157.756
115.999 22.1966 89.4083 8.58501 157.668
116.099 22.165 89.4962 8.58006 157.58
116.199 22.1334 89.584 8.57509 157.492
116.299 22.1018 89.6718 8.57008 157.404
116.399 22.0701 89.7595 8.56504 157.316
116.499 22.0385 89.8471 8.55997 157.229
116.599 22.0068 89.9346 8.55487 157.141
116.699 21.9751 90.0221 8.54974 157.054
116.799 21.9434 90.1095 8.54458 156.966
116.899 21.9117 90.1968 8.53939 156.879
116.999 21.88 90.284 8.53417 156.792
117.099 21.8482 90.3711 8.52892 156.705
117.199 21.8164 90.4582 8.52363 156.618
117.299 21.7846 90.5452 8.51832 156.531
117.399 21.7528 90.6321 8.51298 156.444
117.499 21.721 90.719 8.5076 156.357
117.599 21.6892 90.8057 8.5022 156.27
117.699 21.6573 90.8924 8.49676 156.184
117.799 21.6255 90.979 8.4913 156.097
117.899 21.5936 91.0655 8.4858 156.01
117.999 21.5617 91.152 8.48027 155.924
118.099 21.5298 91.2383 8.47471 155.838
118.199 21.4978 91.3246 8.46913 155.751
118.299 21.4659 91.4108 8.46351 155.665
118.399 21.4339 91.4969 8.45786 155.579
118.499 21.4019 91.583 8.45218 155.493
118.599 21.3699 91.6689 8.44647 155.407
118.699 21.3379 91.7548 8.44072 155.321
118.799 21.3059 91.8406 8.43495 155.235
118.899 21.2738 91.9263 8.42915 155.15
118.999 21.2418 92.0119 8.42332 155.064
119.099 21.2097 92.0975 8.41745 154.978
119.199 21.1776 92.1829 8.41156 154.893
119.299 21.1455 92.2683 8.40563 154.808
119.399 21.1134 92.3536 8.39967 154.722
119.499 21.0812 92.4388 8.39369 154.637
119.599 21.0491 92.5239 8.38767 154.552
119.699 21.0169 92.609 8.38162 154.467
119.799 20.9847 92.6939 8.37554 154.382
119.899 20.9525 92.7788 8.36943 154.297
119.999 20.9203 92.8636 8.36329 154.212
120.099 20.888 92.9483 8.35712 154.128
120.199 20.8558 93.0329 8.35092 154.043
120.299 20.8235 93.1174 8.34469 153.959
120.399 20.7913 93.2019 8.33843 153.874
120.499 20.759 93.2862 8.33213 153.79
120.599 20.7267 93.3705 8.32581 153.705
120.699 20.6943 93.4547 8.31945 153.621
120.799 20.662 93.5388 8.31307 153.537
120.899 20.6296 93.6228 8.30665 153.453
120.999 20.5973 93.7067 8.3002 153.369
121.099 20.5649 93.7906 8.29372 153.285
121.199 20.5325 93.8743 8.28722 153.202
121.299 20.5001 93.958 8.28068 153.118
121.399 20.4677 94.0415 8.27411 153.034
121.499 20.4352 94.125 8.26751 152.951
121.599 20.4028 94.2084 8.26087 152.868
121.699 20.3703 94.2917 8.25421 152.784
121.799 20.3378 94.3749 8.24752 152.701
121.899 20.3053 94.458 8.24079 152.618
121.999 20.2728 94.5411 8.23404 152.535
122.099 20.2403 94.624 8.22725 152.452
122.199 20.2077 94.7068 8.22044 152.369
122.299 20.1752 94.7896 8.21359 152.286
122.399 20.1426 94.8723 8.20671 152.204
122.499 20.11 94.9548 8.19981 152.121
122.599 20.0774 95.0373 8.19287 152.039
122.699 20.0448 95.1197 8.1859 151.956
122.799 20.0122 95.202 8.1789 151.874
122.899 19.9795 95.2842 8.17187 151.792
122.999 19.9469 95.3663 8.16481 151.71
123.099 19.9142 95.4484 8.15771 151.628
123.199 19.8815 95.5303 8.15059 151.546
123.299 19.8488 95.6121 8.14344 151.464
123.399 19.8161 95.6939 8.13625 151.382
123.499 19.7834 95.7755 8.12904 151.3
123.599 19.7506 95.8571 8.12179 151.219
123.699 19.7179 95.9385 8.11451 151.137
123.799 19.6851 96.0199 8.10721 151.056
123.899 19.6523 96.1012 8.09987 150.975
123.999 19.6195 96.1823 8.0925 150.894
124.099 19.5867 96.2634 8.0851 150.813
124.199 19.5539 96.3444 8.07767 150.732
124.299 19.5211 96.4253 8.07021 150.651
124.399 19.4882 96.5061 8.06272 150.57
124.499 19.4554 96.5868 8.0552 150.489
124.599 19.4225 96.6674 8.04764 150.409
124.699 19.3896 96.7479 8.04006 150.328
124.799 19.3567 96.8283 8.03244 150.248
124.899 19.3238 96.9086 8.0248 150.167
124.999 19.2909 96.9888 8.01712 150.087
125.099 19.2579 97.0689 8.00942 150.007
125.199 19.225 97.1489 8.00168 149.927
125.299 19.192 97.2288 7.99391 149.847
125.399 19.159 97.3086 7.98612 149.767
125.499 19.126 97.3883 7.97829 149.688
125.599 19.093 97.4679 7.97043 149.608
125.699 19.06 97.5475 7.96254 149.528
125.799 19.027 97.6269 7.95462 149.449
125.899 18.9939 97.7062 7.94666 149.37
125.999 18.9609 97.7854 7.93868 149.291
126.099 18.9278 97.8645 7.93067 149.211
126.199 18.8947 97.9435 7.92263 149.132
126.299 18.8616 98.0225 7.91455 149.053
126.399 18.8285 98.1013 7.90645 148.975
126.499 18.7954 98.18 7.89831 148.896
126.599 18.7622 98.2586 7.89015 148.817
126.699 18.7291 98.3371 7.88195 148.739
126.799 18.6959 98.4155 7.87373 148.66
126.899 18.6628 98.4938 7.86547 148.582
126.999 18.6296 98.572 7.85718 148.504
127.099 18.5964 98.6501 7.84886 148.426
127.199 18.5632 98.7281 7.84051 148.348
127.299 18.53 98.806 7.83214 148.27
127.399 18.4967 98.8838 7.82373 148.192
127.499 18.4635 98.9615 7.81529 148.114
127.599 18.4302 99.0391 7.80681 148.037
127.699 18.3969 99.1165 7.79831 147.959
127.799 18.3637 99.1939 7.78978 147.882
127.899 18.3304 99.2712 7.78122 147.805
127.999 18.2971 99.3483 7.77263 147.728
128.099 18.2637 99.4254 7.764 147.651
128.199 18.2304 99.5024 7.75535 147.574
128.299 18.1971 99.5792 7.74666 147.497
128.399 18.1637 99.656 7.73795 147.42
128.499 18.1303 99.7326 7.7292 147.343
128.599 18.097 99.8091 7.72043 147.267
128.699 18.0636 99.8856 7.71162 147.19
128.799 18.0302 99.9619 7.70278 147.114
128.899 17.9967 100.038 7.69392 147.038
128.999 17.9633 100.114 7.68502 146.962
129.099 17.9299 100.19 7.67609 146.886
129.199 17.8964 100.266 7.66713 146.81
129.299 17.863 100.342 7.65815 146.734
129.399 17.8295 100.418 7.64913 146.658
129.499 17.796 100.493 7.64008 146.583
129.599 17.7625 100.569 7.631 146.507
129.699 17.729 100.644 7.62189 146.432
129.799 17.6955 100.719 7.61275 146.357
129.899 17.6619 100.794 7.60358 146.282
129.999 17.6284 100.869 7.59438 146.207
130.099 17.5948 100.944 7.58515 146.132
130.199 17.5613 101.019 7.57589 146.057
130.299 17.5277 101.094 7.5666 145.982
130.399 17.4941 101.168 7.55728 145.908
130.499 17.4605 101.243 7.54792 145.833
130.599 17.4269 101.317 7.53854 145.759
130.699 17.3933 101.391 7.52913 145.685
130.799 17.3596 101.466 7.51969 145.61
130.899 17.326 101.54 7.51022 145.536
130.999 17.2923 101.613 7.50072 145.462
131.099 17.2587 101.687 7.49118 145.389
131.199 17.225 101.761 7.48162 145.315
131.299 17.1913 101.835 7.47203 145.241
131.399 17.1576 101.908 7.46241 145.168
131.499 17.1239 101.981 7.45275 145.095
131.599 17.0902 102.055 7.44307 145.021
131.699 17.0565 102.128 7.43336 144.948
131.799 17.0227 102.201 7.42362 144.875
131.899 16.989 102.274 7.41385 144.802
131.999 16.9552 102.346 7.40404 144.73
132.099 16.9214 102.419 7.39421 144.657
132.199 16.8876 102.492 7.38435 144.584
132.299 16.8538 102.564 7.37446 144.512
132.399 16.82 102.636 7.36453 144.44
132.499 16.7862 102.709 7.35458 144.367
132.599 16.7524 102.781 7.3446 144.295
132.699 16.7186 102.853 7.33459 144.223
132.799 16.6847 102.925 7.32455 144.151
132.899 16.6508 102.996 7.31448 144.08
132.999 16.617 103.068 7.30438 144.008
133.099 16.5831 103.139 7.29425 143.937
133.199 16.5492 103.211 7.28409 143.865
133.299 16.5153 103.282 7.2739 143.794
133.399 16.4814 103.353 7.26368 143.723
133.499 16.4475 103.424 7.25343 143.652
133.599 16.4135 103.495 7.24315 143.581
133.699 16.3796 103.566 7.23284 143.51
133.799 16.3457 103.637 7.2225 143.439
133.899 16.3117 103.707 7.21213 143.369
133.999 16.2777 103.778 7.20174 143.298
134.099 16.2437 103.848 7.19131 143.228
134.199 16.2098 103.918 7.18085 143.158
134.299 16.1758 103.988 7.17037 143.088
134.399 16.1417 104.058 7.15985 143.018
134.499 16.1077 104.128 7.14931 142.948
134.599 16.0737 104.198 7.13873 142.878
134.699 16.0397 104.268 7.12813 142.808
134.799 16.0056 104.337 7.1175 142.739
134.899 15.9715 104.407 7.10683 142.669
134.999 15.9375 104.476 7.09614 142.6
135.099 15.9034 104.545 7.08542 142.531
135.199 15.8693 104.614 7.07467 142.462
135.299 15.8352 104.683 7.06389 142.393
135.399 15.8011 104.752 7.05308 142.324
135.499 15.767 104.82 7.04224 142.256
135.599 15.7328 104.889 7.03137 142.187
135.699 15.6987 104.957 7.02048 142.119
135.799 15.6646 105.025 7.00955 142.05
135.899 15.6304 105.094 6.9986 141.982
135.999 15.5962 105.162 6.98761 141.914
136.099 15.5621 105.23 6.9766 141.846
136.199 15.5279 105.297 6.96556 141.779
136.299 15.4937 105.365 6.95448 141.711
136.399 15.4595 105.433 6.94338 141.643
136.499 15.4253 105.5 6.93225 141.576
136.599 15.3911 105.567 6.9211 141.509
136.699 15.3568 105.635 6.90991 141.441
136.799 15.3226 105.702 6.89869 141.374
136.899 15.2883 105.769 6.88745 141.307
136.999 15.2541 105.835 6.87617 141.241
137.099 15.2198 105.902 6.86487 141.174
137.199 15.1855 105.969 6.85354 141.107
137.299 15.1512 106.035 6.84218 141.041
137.399 15.1169 106.101 6.83079 140.975
137.499 15.0826 106.167 6.81937 140.908
137.599 15.0483 106.234 6.80792 140.842
137.699 15.014 106.299 6.79645 140.776
137.799 14.9797 106.365 6.78494 140.711
137.899 14.9453 106.431 6.77341 140.645
137.999 14.911 106.496 6.76185 140.579
138.099 14.8766 106.562 6.75026 140.514
138.199 14.8423 106.627 6.73864 140.449
138.299 14.8079 106.692 6.72699 140.384
138.399 14.7735 106.757 6.71532 140.319
138.499 14.7391 106.822 6.70361 140.254
138.599 14.7047 106.887 6.69188 140.189
138.699 14.6703 106.952 6.68012 140.124
138.799 14.6359 107.016 6.66833 140.06
138.899 14.6015 107.081 6.65651 139.995
138.999 14.567 107.145 6.64467 139.931
139.099 14.5326 107.209 6.63279 139.867
139.199 14.4981 107.273 6.62089 139.803
139.299 14.4637 107.337 6.60896 139.739
139.399 14.4292 107.401 6.597 139.675
139.499 14.3947 107.464 6.58501 139.612
139.599 14.3602 107.528 6.573 139.548
139.699 14.3257 107.591 6.56096 139.485
139.799 14.2912 107.654 6.54888 139.422
139.899 14.2567 107.718 6.53679 139.358
139.999 14.2222 107.78 6.52466 139.295
140.099 14.1877 107.843 6.5125 139.233
140.199 14.1531 107.906 6.50032 139.17
140.299 14.1186 107.969 6.48811 139.107
140.399 14.084 108.031 6.47587 139.045
140.499 14.0495 108.093 6.4636 138.983
140.599 14.0149 108.156 6.45131 138.92
140.699 13.9803 108.218 6.43899 138.858
140.799 13.9458 108.28 6.42664 138.796
140.899 13.9112 108.341 6.41426 138.735
140.999 13.8766 108.403 6.40185 138.673
141.099 13.842 108.464 6.38942 138.611
141.199 13.8073 108.526 6.37696 138.55
141.299 13.7727 108.587 6.36447 138.489
141.399 13.7381 108.648 6.35196 138.428
141.499 13.7034 108.709 6.33941 138.367
141.599 13.6688 108.77 6.32684 138.306
141.699 13.6341 108.831 6.31425 138.245
141.799 13.5995 108.891 6.30162 138.185
141.899 13.5648 108.952 6.28897 138.124
141.999 13.5301 109.012 6.27629 138.064
142.099 13.4954 109.072 6.26358 138.004
142.199 13.4607 109.132 6.25085 137.944
142.299 13.426 109.192 6.23808 137.884
142.399 13.3913 109.252 6.2253 137.824
142.499 13.3566 109.312 6.21248 137.764
142.6 13.3219 109.371 6.19964 137.705
142.7 13.2871 109.431 6.18677 137.645
142.8 13.2524 109.49 6.17387 137.586
142.9 13.2177 109.549 6.16095 137.527
143 13.1829 109.608 6.148 137.468
143.1 13.1481 109.667 6.13502 137.409
143.2 13.1134 109.725 6.12201 137.351
143.3 13.0786 109.784 6.10898 137.292
143.4 13.0438 109.842 6.09592 137.234
143.5 13.009 109.901 6.08284 137.175
143.6 12.9742 109.959 6.06973 137.117
143.7 12.9394 110.017 6.05659 137.059
143.8 12.9046 110.075 6.04342 137.001
143.9 12.8698 110.132 6.03023 136.944
144 12.8349 110.19 6.01702 136.886
144.1 12.8001 110.247 6.00377 136.829
144.2 12.7652 110.305 5.9905 136.771
144.3 12.7304 110.362 5.9772 136.714
144.4 12.6955 110.419 5.96388 136.657
144.5 12.6607 110.476 5.95053 136.6
144.6 12.6258 110.533 5.93715 136.543
144.7 12.5909 110.589 5.92375 136.487
144.8 12.556 110.646 5.91032 136.43
144.9 12.5211 110.702 5.89687 136.374
145 12.4862 110.758 5.88339 136.318
145.1 12.4513 110.814 5.86988 136.262
145.2 12.4164 110.87 5.85635 136.206
145.3 12.3815 110.926 5.84279 136.15
145.4 12.3466 110.982 5.82921 136.094
145.5 12.3116 111.037 5.81559 136.039
145.6 12.2767 111.093 5.80196 135.983
145.7 12.2417 111.148 5.7883 135.928
145.8 12.2068 111.203 5.77461 135.873
145.9 12.1718 111.258 5.76089 135.818
146 12.1369 111.313 5.74715 135.763
146.1 12.1019 111.367 5.73339 135.709
146.2 12.0669 111.422 5.7196 135.654
146.3 12.0319 111.476 5.70578 135.6
146.4 11.9969 111.53 5.69194 135.546
146.5 11.9619 111.584 5.67808 135.492
146.6 11.9269 111.638 5.66418 135.438
146.7 11.8919 111.692 5.65027 135.384
146.8 11.8569 111.746 5.63632 135.33
146.9 11.8218 111.799 5.62235 135.277
147 11.7868 111.853 5.60836 135.223
147.1 11.7518 111.906 5.59434 135.17
147.2 11.7167 111.959 5.5803 135.117
147.3 11.6817 112.012 5.56623 135.064
147.4 11.6466 112.065 5.55214 135.011
147.5 11.6115 112.117 5.53802 134.959
147.6 11.5765 112.17 5.52387 134.906
147.7 11.5414 112.222 5.50971 134.854
147.8 11.5063 112.274 5.49551 134.801
147.9 11.4712 112.327 5.4813 134.749
148 11.4361 112.378 5.46705 134.697
148.1 11.401 112.43 5.45279 134.646
148.2 11.3659 112.482 5.43849 134.594
148.3 11.3308 112.533 5.42418 134.543
148.4 11.2956 112.585 5.40984 134.491
148.5 11.2605 112.636 5.39547 134.44
148.6 11.2254 112.687 5.38108 134.389
148.7 11.1902 112.738 5.36667 134.338
148.8 11.1551 112.789 5.35223 134.287
148.9 11.1199 112.839 5.33777 134.237
149 11.0848 112.89 5.32328 134.186
149.1 11.0496 112.94 5.30877 134.136
149.2 11.0144 112.99 5.29423 134.086
149.3 10.9793 113.04 5.27967 134.036
149.4 10.9441 113.09 5.26509 133.986
149.5 10.9089 113.14 5.25048 133.936
149.6 10.8737 113.19 5.23585 133.886
149.7 10.8385 113.239 5.2212 133.837
149.8 10.8033 113.288 5.20652 133.788
149.9 10.7681 113.337 5.19182 133.738
150 10.7328 113.386 5.17709 133.689
150.1 10.6976 113.435 5.16234 133.641
150.2 10.6624 113.484 5.14757 133.592
150.3 10.6272 113.533 5.13277 133.543
150.4 10.5919 113.581 5.11795 133.495
150.5 10.5567 113.629 5.10311 133.447
150.6 10.5214 113.677 5.08824 133.399
150.7 10.4862 113.725 5.07335 133.351
150.8 10.4509 113.773 5.05844 133.303
150.9 10.4156 113.821 5.0435 133.255
151 10.3803 113.868 5.02854 133.208
151.1 10.3451 113.916 5.01356 133.16
151.2 10.3098 113.963 4.99855 133.113
151.3 10.2745 114.01 4.98352 133.066
151.4 10.2392 114.057 4.96847 133.019
151.5 10.2039 114.104 4.9534 132.972
151.6 10.1686 114.15 4.9383 132.926
151.7 10.1333 114.197 4.92318 132.879
151.8 10.0979 114.243 4.90804 132.833
151.9 10.0626 114.289 4.89287 132.787
152 10.0273 114.335 4.87768 132.741
152.1 9.99195 114.381 4.86247 132.695
152.2 9.95661 114.427 4.84724 132.649
152.3 9.92126 114.472 4.83198 132.603
152.4 9.88591 114.518 4.81671 132.558
152.5 9.85056 114.563 4.80141 132.513
152.6 9.81519 114.608 4.78608 132.468
152.7 9.77983 114.653 4.77074 132.423
152.8 9.74445 114.698 4.75537 132.378
152.9 9.70908 114.743 4.73999 132.333
153 9.6737 114.787 4.72458 132.289
153.1 9.63831 114.832 4.70914 132.244
153.2 9.60292 114.876 4.69369 132.2
153.3 9.56752 114.92 4.67821 132.156
153.4 9.53211 114.964 4.66272 132.112
153.5 9.49671 115.007 4.6472 132.069
153.6 9.46129 115.051 4.63166 132.025
153.7 9.42588 115.094 4.61609 131.982
153.8 9.39045 115.138 4.60051 131.938
153.9 9.35503 115.181 4.5849 131.895
154 9.31959 115.224 4.56928 131.852
154.1 9.28416 115.267 4.55363 131.809
154.2 9.24871 115.309 4.53796 131.767
154.3 9.21327 115.352 4.52227 131.724
154.4 9.17782 115.394 4.50656 131.682
154.5 9.14236 115.436 4.49083 131.64
154.6 9.1069 115.478 4.47507 131.598
154.7 9.07143 115.52 4.4593 131.556
154.8 9.03596 115.562 4.4435 131.514
154.9 9.00048 115.604 4.42769 131.472
155 8.965 115.645 4.41185 131.431
155.1 8.92952 115.686 4.39599 131.39
155.2 8.89403 115.728 4.38012 131.348
155.3 8.85854 115.768 4.36422 131.307
155.4 8.82304 115.809 4.3483 131.267
155.5 8.78753 115.85 4.33236 131.226
155.6 8.75202 115.89 4.3164 131.185
155.7 8.71651 115.931 4.30042 131.145
155.8 8.68099 115.971 4.28442 131.105
155.9 8.64547 116.011 4.2684 131.065
156 8.60995 116.051 4.25236 131.025
156.1 8.57442 116.091 4.2363 130.985
156.2 8.53888 116.13 4.22022 130.946
156.3 8.50334 116.17 4.20412 130.906
156.4 8.4678 116.209 4.188 130.867
156.5 8.43225 116.248 4.17186 130.828
156.6 8.3967 116.287 4.1557 130.789
156.7 8.36114 116.326 4.13952 130.75
156.8 8.32558 116.364 4.12332 130.712
156.9 8.29001 116.403 4.1071 130.673
157 8.25444 116.441 4.09087 130.635
157.1 8.21887 116.479 4.07461 130.597
157.2 8.18329 116.517 4.05833 130.559
157.3 8.14771 116.555 4.04204 130.521
157.4 8.11212 116.593 4.02573 130.483
157.5 8.07653 116.63 4.00939 130.446
157.6 8.04093 116.668 3.99304 130.408
157.7 8.00534 116.705 3.97667 130.371
157.8 7.96973 116.742 3.96028 130.334
157.9 7.93412 116.779 3.94387 130.297
158 7.89851 116.816 3.92744 130.26
158.1 7.8629 116.852 3.911 130.224
158.2 7.82728 116.889 3.89453 130.187
158.3 7.79165 116.925 3.87805 130.151
158.4 7.75603 116.961 3.86155 130.115
158.5 7.72039 116.997 3.84502 130.079
158.6 7.68476 117.033 3.82849 130.043
158.7 7.64912 117.068 3.81193 130.008
158.8 7.61348 117.104 3.79536 129.972
158.9 7.57783 117.139 3.77876 129.937
159.001 7.54218 117.174 3.76215 129.902
159.101 7.50652 117.209 3.74552 129.867
159.201 7.47086 117.244 3.72888 129.832
159.301 7.4352 117.279 3.71221 129.797
159.401 7.39953 117.313 3.69553 129.763
159.501 7.36386 117.348 3.67883 129.728
159.601 7.32819 117.382 3.66211 129.694
159.701 7.29251 117.416 3.64538 129.66
159.801 7.25683 117.45 3.62862 129.626
159.901 7.22114 117.483 3.61185 129.593
160.001 7.18546 117.517 3.59507 129.559
160.101 7.14976 117.55 3.57826 129.526
160.201 7.11407 117.584 3.56144 129.492
160.301 7.07837 117.617 3.5446 129.459
160.401 7.04266 117.65 3.52775 129.426
160.501 7.00696 117.682 3.51088 129.394
160.601 6.97125 117.715 3.49399 129.361
160.701 6.93553 117.747 3.47708 129.329
160.801 6.89981 117.78 3.46016 129.296
160.901 6.86409 117.812 3.44322 129.264
161.001 6.82837 117.844 3.42626 129.232
161.101 6.79264 117.875 3.40929 129.201
161.201 6.75691 117.907 3.3923 129.169
161.301 6.72117 117.938 3.3753 129.137
161.401 6.68544 117.97 3.35828 129.106
161.501 6.64969 118.001 3.34124 129.075
161.601 6.61395 118.032 3.32419 129.044
161.701 6.5782 118.063 3.30712 129.013
161.801 6.54245 118.093 3.29003 128.983
161.901 6.50669 118.124 3.27293 128.952
162.001 6.47094 118.154 3.25581 128.922
162.101 6.43517 118.184 3.23868 128.892
162.201 6.39941 118.214 3.22153 128.862
162.301 6.36364 118.244 3.20437 128.832
162.401 6.32787 118.274 3.18719 128.802
162.501 6.2921 118.303 3.16999 128.773
162.601 6.25632 118.333 3.15278 128.743
162.701 6.22054 118.362 3.13556 128.714
162.801 6.18475 118.391 3.11832 128.685
162.901 6.14897 118.42 3.10106 128.656
163.001 6.11318 118.448 3.08379 128.628
163.101 6.07738 118.477 3.06651 128.599
163.201 6.04159 118.505 3.04921 128.571
163.301 6.00579 118.533 3.03189 128.542
163.401 5.96999 118.562 3.01456 128.514
163.501 5.93418 118.589 2.99722 128.487
163.601 5.89837 118.617 2.97986 128.459
163.701 5.86256 118.645 2.96249 128.431
163.801 5.82675 118.672 2.9451 128.404
163.901 5.79093 118.699 2.9277 128.377
164.001 5.75511 118.726 2.91028 128.35
164.101 5.71929 118.753 2.89285 128.323
164.201 5.68346 118.78 2.8754 128.296
164.301 5.64763 118.806 2.85795 128.269
164.401 5.6118 118.833 2.84047 128.243
164.501 5.57597 118.859 2.82299 128.217
164.601 5.54013 118.885 2.80549 128.191
164.701 5.50429 118.911 2.78797 128.165
164.801 5.46845 118.937 2.77045 128.139
164.901 5.4326 118.962 2.75291 128.114
165.001 5.39676 118.988 2.73535 128.088
165.101 5.36091 119.013 2.71779 128.063
165.201 5.32505 119.038 2.70021 128.038
165.301 5.2892 119.063 2.68261 128.013
165.401 5.25334 119.088 2.66501 127.988
165.501 5.21748 119.112 2.64739 127.964
165.601 5.18161 119.137 2.62975 127.939
165.701 5.14575 119.161 2.61211 127.915
165.801 5.10988 119.185 2.59445 127.891
165.901 5.07401 119.209 2.57678 127.867
166.001 5.03813 119.233 2.5591 127.843
166.101 5.00226 119.256 2.5414 127.82
166.201 4.96638 119.28 2.52369 127.796
166.301 4.93049 119.303 2.50597 127.773
166.401 4.89461 119.326 2.48824 127.75
166.501 4.85872 119.349 2.47049 127.727
166.601 4.82284 119.372 2.45274 127.704
166.701 4.78694 119.394 2.43497 127.681
166.801 4.75105 119.417 2.41718 127.659
166.901 4.71516 119.439 2.39939 127.637
167.001 4.67926 119.461 2.38159 127.615
167.101 4.64336 119.483 2.36377 127.593
167.201 4.60745 119.505 2.34594 127.571
167.301 4.57155 119.527 2.3281 127.549
167.401 4.53564 119.548 2.31025 127.528
167.501 4.49973 119.569 2.29239 127.507
167.601 4.46382 119.59 2.27452 127.486
167.701 4.42791 119.611 2.25663 127.465
167.801 4.39199 119.632 2.23874 127.444
167.901 4.35607 119.653 2.22083 127.423
168.001 4.32015 119.673 2.20291 127.403
168.101 4.28423 119.693 2.18498 127.383
168.201 4.2483 119.713 2.16704 127.363
168.301 4.21238 119.733 2.1491 127.343
168.401 4.17645 119.753 2.13113 127.323
168.501 4.14052 119.773 2.11316 127.303
168.601 4.10458 119.792 2.09518 127.284
168.701 4.06865 119.811 2.07719 127.265
168.801 4.03271 119.83 2.05919 127.246
168.901 3.99677 119.849 2.04118 127.227
169.001 3.96083 119.868 2.02316 127.208
169.101 3.92489 119.887 2.00512 127.189
169.201 3.88894 119.905 1.98708 127.171
169.301 3.853 119.923 1.96903 127.153
169.401 3.81705 119.941 1.95097 127.134
169.501 3.7811 119.959 1.9329 127.117
169.601 3.74514 119.977 1.91482 127.099
169.701 3.70919 119.995 1.89673 127.081
169.801 3.67323 120.012 1.87863 127.064
169.901 3.63727 120.029 1.86052 127.047
170.001 3.60131 120.046 1.8424 127.03
170.101 3.56535 120.063 1.82428 127.013
170.201 3.52939 120.08 1.80614 126.996
170.301 3.49342 120.097 1.788 126.979
170.401 3.45746 120.113 1.76984 126.963
170.501 3.42149 120.129 1.75168 126.947
170.601 3.38552 120.145 1.73351 126.931
170.701 3.34955 120.161 1.71533 126.915
170.801 3.31357 120.177 1.69714 126.899
170.901 3.2776 120.193 1.67895 126.883
171.001 3.24162 120.208 1.66074 126.868
171.101 3.20564 120.223 1.64253 126.853
171.201 3.16966 120.238 1.62431 126.838
171.301 3.13368 120.253 1.60608 126.823
171.401 3.0977 120.268 1.58784 126.808
171.501 3.06171 120.282 1.5696 126.794
171.601 3.02573 120.297 1.55135 126.779
171.701 2.98974 120.311 1.53309 126.765
171.801 2.95375 120.325 1.51482 126.751
171.901 2.91776 120.339 1.49654 126.737
172.001 2.88177 120.353 1.47826 126.723
172.101 2.84578 120.366 1.45997 126.71
172.201 2.80978 120.379 1.44167 126.696
172.301 2.77379 120.393 1.42337 126.683
172.401 2.73779 120.406 1.40506 126.67
172.501 2.70179 120.419 1.38674 126.657
172.601 2.66579 120.431 1.36841 126.645
172.701 2.62979 120.444 1.35008 126.632
172.801 2.59378 120.456 1.33174 126.62
172.901 2.55778 120.468 1.3134 126.608
173.001 2.52178 120.48 1.29505 126.596
173.101 2.48577 120.492 1.27669 126.584
173.201 2.44976 120.504 1.25832 126.572
173.301 2.41375 120.515 1.23995 126.561
173.401 2.37774 120.527 1.22158 126.549
173.501 2.34173 120.538 1.20319 126.538
173.601 2.30572 120.549 1.1848 126.527
173.701 2.26971 120.56 1.16641 126.516
173.801 2.23369 120.57 1.14801 126.506
173.901 2.19768 120.581 1.1296 126.495
174.001 2.16166 120.591 1.11119 126.485
174.101 2.12564 120.601 1.09277 126.475
174.201 2.08962 120.611 1.07435 126.465
174.301 2.0536 120.621 1.05592 126.455
174.401 2.01758 120.631 1.03749 126.445
174.501 1.98156 120.64 1.01905 126.436
174.601 1.94554 120.649 1.00061 126.427
174.701 1.90951 120.658 0.982157 126.417
174.801 1.87349 120.667 0.963703 126.409
174.901 1.83746 120.676 0.945245 126.4
175.001 1.80144 120.685 0.926782 126.391
175.101 1.76541 120.693 0.908314 126.383
175.201 1.72938 120.702 0.889842 126.374
175.301 1.69335 120.71 0.871365 126.366
175.402 1.65732 120.718 0.852885 126.358
175.502 1.62129 120.725 0.834399 126.351
175.602 1.58526 120.733 0.81591 126.343
175.702 1.54923 120.74 0.797417 126.336
175.802 1.51319 120.748 0.778919 126.328
175.902 1.47716 120.755 0.760418 126.321
176.002 1.44113 120.762 0.741913 126.314
176.102 1.40509 120.768 0.723404 126.308
176.202 1.36905 120.775 0.704892 126.301
176.302 1.33302 120.781 0.686376 126.295
176.402 1.29698 120.787 0.667857 126.288
176.502 1.26094 120.794 0.649335 126.282
176.602 1.2249 120.799 0.630809 126.277
176.702 1.18887 120.805 0.61228 126.271
176.802 1.15283 120.811 0.593748 126.265
176.902 1.11679 120.816 0.575213 126.26
177.002 1.08074 120.821 0.556675 126.255
177.102 1.0447 120.826 0.538135 126.25
177.202 1.00866 120.831 0.519592 126.245
177.302 0.972619 120.836 0.501046 126.24
177.402 0.936577 120.84 0.482498 126.236
177.502 0.900533 120.845 0.463947 126.231
177.602 0.86449 120.849 0.445394 126.227
177.702 0.828446 120.853 0.426839 126.223
177.802 0.792401 120.857 0.408281 126.219
177.902 0.756356 120.86 0.389722 126.216
178.002 0.720311 120.864 0.37116 126.212
178.102 0.684266 120.867 0.352597 126.209
178.202 0.64822 120.87 0.334032 126.206
178.302 0.612174 120.873 0.315466 126.203
178.402 0.576127 120.876 0.296898 126.2
178.502 0.54008 120.879 0.278328 126.197
178.602 0.504033 120.881 0.259757 126.195
178.702 0.467986 120.884 0.241184 126.192
178.802 0.431938 120.886 0.222611 126.19
178.902 0.395891 120.888 0.204036 126.188
179.002 0.359843 120.89 0.185461 126.186
179.102 0.323795 120.891 0.166884 126.185
179.202 0.287746 120.893 0.148307 126.183
179.302 0.251698 120.894 0.129728 126.182
179.402 0.215649 120.895 0.11115 126.181
179.502 0.179601 120.896 0.0925702 126.18
179.602 0.143552 120.897 0.0739904 126.179
179.702 0.107503 120.897 0.0554102 126.179
179.802 0.0714543 120.898 0.0368297 126.178
179.902 0.0354054 120.898 0.0182491 126.178
