0 1.4382e-14 6.92876 0 260.401
0.1 0.204966 6.9289 0.0209793 260.401
0.2 0.409922 6.92929 0.0419587 260.4
0.3 0.614859 6.92996 0.0629379 260.4
0.4 0.819766 6.93088 0.0839171 260.399
0.5 1.02463 6.93208 0.104896 260.397
0.6 1.22945 6.93354 0.125875 260.396
0.7 1.43421 6.93526 0.146854 260.394
0.8 1.63891 6.93725 0.167832 260.392
0.9 1.84352 6.9395 0.188811 260.39
1 2.04805 6.94202 0.209789 260.387
1.1 2.25248 6.9448 0.230767 260.385
1.2 2.4568 6.94785 0.251744 260.382
1.3 2.66101 6.95116 0.272721 260.378
1.4 2.86508 6.95474 0.293698 260.375
1.5 3.06903 6.95859 0.314674 260.371
1.6 3.27283 6.9627 0.33565 260.367
1.7 3.47647 6.96707 0.356626 260.362
1.8 3.67995 6.97171 0.377601 260.358
1.9 3.88325 6.97661 0.398575 260.353
2 4.08638 6.98178 0.419549 260.348
2.1 4.28931 6.98721 0.440522 260.342
2.2 4.49203 6.99291 0.461495 260.337
2.3 4.69455 6.99888 0.482467 260.331
2.4 4.89685 7.0051 0.503438 260.324
2.5 5.09891 7.0116 0.524409 260.318
2.6 5.30074 7.01836 0.545379 260.311
2.7 5.50232 7.02538 0.566349 260.304
2.8 5.70364 7.03267 0.587317 260.297
2.9 5.9047 7.04022 0.608285 260.289
3 6.10549 7.04804 0.629252 260.281
3.1 6.30599 7.05612 0.650218 260.273
3.2 6.5062 7.06447 0.671183 260.265
3.3 6.7061 7.07308 0.692147 260.256
3.4 6.9057 7.08195 0.71311 260.248
3.5 7.10498 7.09109 0.734073 260.238
3.6 7.30393 7.1005 0.755034 260.229
3.7 7.50255 7.11017 0.775994 260.219
3.8 7.70083 7.1201 0.796953 260.209
3.9 7.89875 7.1303 0.817911 260.199
4 8.09632 7.14077 0.838868 260.189
4.1 8.29351 7.1515 0.859824 260.178
4.2 8.49034 7.16249 0.880779 260.167
4.3 8.68677 7.17374 0.901732 260.156
4.4 8.88282 7.18527 0.922685 260.144
4.5 9.07846 7.19705 0.943636 260.132
4.6 9.2737 7.2091 0.964585 260.12
4.7 9.46852 7.22142 0.985534 260.108
4.8 9.66292 7.23399 1.00648 260.095
4.9 9.85689 7.24684 1.02743 260.083
5 10.0504 7.25994 1.04837 260.07
5.1 10.2435 7.27331 1.06931 260.056
5.2 10.4362 7.28695 1.09025 260.043
5.3 10.6283 7.30085 1.11119 260.029
5.4 10.82 7.31501 1.13213 260.014
5.5 11.0113 7.32944 1.15307 260
5.6 11.202 7.34413 1.17401 259.985
5.7 11.3923 7.35908 1.19494 259.97
5.8 11.5821 7.3743 1.21587 259.955
5.9 11.7714 7.38978 1.2368 259.94
6 11.9601 7.40553 1.25773 259.924
6.1 12.1484 7.42154 1.27866 259.908
6.2 12.3362 7.43781 1.29958 259.892
6.3 12.5234 7.45435 1.32051 259.875
6.4 12.7101 7.47115 1.34143 259.858
6.5 12.8962 7.48821 1.36235 259.841
6.6 13.0818 7.50554 1.38326 259.824
6.7 13.2669 7.52313 1.40418 259.806
6.8 13.4514 7.54098 1.42509 259.788
6.9 13.6353 7.5591 1.44601 259.77
7 13.8187 7.57748 1.46692 259.752
7.1 14.0015 7.59612 1.48782 259.733
7.2 14.1837 7.61503 1.50873 259.714
7.3 14.3654 7.6342 1.52963 259.695
7.4 14.5464 7.65363 1.55054 259.676
7.5 14.7269 7.67333 1.57144 259.656
7.6 14.9068 7.69329 1.59233 259.636
7.7 15.0861 7.71351 1.61323 259.616
7.79999 15.2647 7.73399 1.63412 259.595
7.89999 15.4428 7.75474 1.65501 259.575
7.99999 15.6203 7.77574 1.6759 259.554
8.09999 15.7971 7.79702 1.69679 259.532
8.2 15.9733 7.81855 1.71767 259.511
8.3 16.1489 7.84035 1.73856 259.489
8.4 16.3238 7.86241 1.75943 259.467
8.5 16.4981 7.88473 1.78031 259.445
8.6 16.6718 7.90731 1.80119 259.422
8.7 16.8448 7.93015 1.82206 259.399
8.8 17.0172 7.95326 1.84293 259.376
8.9 17.1889 7.97663 1.8638 259.353
9 17.36 8.00026 1.88466 259.329
9.1 17.5304 8.02416 1.90552 259.305
9.2 17.7002 8.04831 1.92638 259.281
9.3 17.8693 8.07273 1.94724 259.257
9.4 18.0377 8.09741 1.96809 259.232
9.5 18.2055 8.12235 1.98894 259.207
9.6 18.3726 8.14755 2.00979 259.182
9.7 18.539 8.17301 2.03064 259.156
9.8 18.7047 8.19873 2.05148 259.131
9.9 18.8698 8.22472 2.07232 259.105
10 19.0341 8.25096 2.09316 259.079
10.1 19.1978 8.27747 2.11399 259.052
10.2 19.3608 8.30424 2.13482 259.025
10.3 19.5231 8.33127 2.15565 258.998
10.4 19.6847 8.35856 2.17648 258.971
10.5 19.8456 8.38611 2.1973 258.943
10.6 20.0059 8.41392 2.21812 258.916
10.7 20.1654 8.442 2.23894 258.887
10.8 20.3242 8.47033 2.25975 258.859
10.9 20.4823 8.49892 2.28056 258.831
11 20.6397 8.52778 2.30137 258.802
11.1 20.7964 8.55689 2.32217 258.773
11.2 20.9524 8.58626 2.34297 258.743
11.3 21.1077 8.6159 2.36377 258.714
11.4 21.2623 8.64579 2.38457 258.684
11.5 21.4162 8.67594 2.40536 258.654
11.6 21.5694 8.70636 2.42615 258.623
11.7 21.7218 8.73703 2.44693 258.592
11.8 21.8735 8.76796 2.46771 258.562
11.9 22.0246 8.79916 2.48849 258.53
12 22.1749 8.83061 2.50926 258.499
12.1 22.3244 8.86232 2.53003 258.467
12.2 22.4733 8.89429 2.5508 258.435
12.3 22.6215 8.92652 2.57157 258.403
12.4 22.7689 8.95901 2.59233 258.37
12.5 22.9156 8.99176 2.61308 258.338
12.6 23.0616 9.02476 2.63384 258.305
12.7 23.2069 9.05803 2.65459 258.271
12.8 23.3514 9.09155 2.67533 258.238
12.9 23.4952 9.12533 2.69607 258.204
13 23.6384 9.15937 2.71681 258.17
13.1 23.7807 9.19367 2.73755 258.136
13.2 23.9224 9.22823 2.75828 258.101
13.3 24.0634 9.26305 2.779 258.066
13.4 24.2036 9.29812 2.79973 258.031
13.5 24.3431 9.33345 2.82045 257.996
13.6 24.4819 9.36904 2.84116 257.96
13.7 24.6199 9.40489 2.86187 257.925
13.8 24.7573 9.44099 2.88258 257.888
13.9 24.8939 9.47735 2.90329 257.852
14 25.0298 9.51397 2.92398 257.816
14.1 25.165 9.55085 2.94468 257.779
14.2 25.2995 9.58798 2.96537 257.741
14.3 25.4332 9.62537 2.98606 257.704
14.4 25.5663 9.66302 3.00674 257.666
14.5 25.6986 9.70092 3.02742 257.629
14.6 25.8302 9.73908 3.0481 257.59
14.7 25.9611 9.7775 3.06877 257.552
14.8 26.0912 9.81618 3.08943 257.513
14.9 26.2207 9.85511 3.11009 257.474
15 26.3495 9.89429 3.13075 257.435
15.1 26.4775 9.93373 3.15141 257.396
15.2 26.6048 9.97343 3.17206 257.356
15.3 26.7314 10.0134 3.1927 257.316
15.4 26.8574 10.0536 3.21334 257.276
15.5 26.9826 10.0941 3.23398 257.235
15.6 27.1071 10.1348 3.25461 257.195
15.7 27.2309 10.1758 3.27523 257.154
15.8 27.354 10.217 3.29586 257.112
15.9 27.4764 10.2585 3.31647 257.071
16 27.5981 10.3002 3.33709 257.029
16.1 27.719 10.3422 3.35769 256.987
16.2 27.8393 10.3845 3.3783 256.945
16.3 27.959 10.427 3.3989 256.903
16.4 28.0779 10.4697 3.41949 256.86
16.5 28.1961 10.5127 3.44008 256.817
16.6 28.3136 10.556 3.46067 256.773
16.7 28.4304 10.5995 3.48125 256.73
16.8 28.5466 10.6433 3.50182 256.686
16.9 28.6621 10.6873 3.52239 256.642
17 28.7768 10.7316 3.54296 256.598
17.1 28.8909 10.7762 3.56352 256.553
17.2 29.0043 10.821 3.58407 256.509
17.3 29.1171 10.866 3.60462 256.463
17.4 29.2291 10.9113 3.62517 256.418
17.5 29.3405 10.9569 3.64571 256.373
17.6 29.4512 11.0027 3.66624 256.327
17.7 29.5613 11.0487 3.68677 256.281
17.8 29.6707 11.095 3.7073 256.234
17.9 29.7794 11.1416 3.72782 256.188
18 29.8874 11.1884 3.74833 256.141
18.1 29.9948 11.2355 3.76884 256.094
18.2 30.1015 11.2828 3.78934 256.047
18.3 30.2075 11.3303 3.80984 255.999
18.4 30.3129 11.3782 3.83034 255.951
18.5 30.4177 11.4262 3.85082 255.903
18.6 30.5218 11.4746 3.87131 255.855
18.7 30.6252 11.5231 3.89178 255.806
18.8 30.728 11.572 3.91226 255.758
18.9 30.8301 11.621 3.93272 255.708
19 30.9316 11.6704 3.95318 255.659
19.1 31.0325 11.7199 3.97364 255.61
19.2 31.1327 11.7698 3.99409 255.56
19.3 31.2322 11.8199 4.01453 255.51
19.4 31.3312 11.8702 4.03497 255.459
19.5 31.4295 11.9208 4.0554 255.409
19.6 31.5272 11.9716 4.07583 255.358
19.7 31.6242 12.0227 4.09625 255.307
19.8 31.7206 12.074 4.11667 255.255
19.9 31.8164 12.1256 4.13708 255.204
20 31.9116 12.1774 4.15748 255.152
20.1 32.0061 12.2295 4.17788 255.1
20.2 32.1001 12.2818 4.19827 255.048
20.3 32.1934 12.3344 4.21866 254.995
20.4 32.2861 12.3872 4.23904 254.942
20.5 32.3782 12.4403 4.25941 254.889
20.6 32.4697 12.4936 4.27978 254.836
20.7 32.5605 12.5472 4.30014 254.782
20.8 32.6508 12.601 4.3205 254.728
20.9 32.7405 12.6551 4.34085 254.674
21 32.8296 12.7094 4.36119 254.62
21.1 32.918 12.7639 4.38153 254.566
21.2 33.0059 12.8187 4.40186 254.511
21.3 33.0932 12.8738 4.42219 254.456
21.4 33.1799 12.9291 4.44251 254.4
21.5 33.266 12.9846 4.46282 254.345
21.6 33.3516 13.0404 4.48313 254.289
21.7 33.4365 13.0965 4.50343 254.233
21.8 33.5209 13.1528 4.52372 254.177
21.9 33.6047 13.2093 4.54401 254.12
22 33.6879 13.2661 4.56429 254.063
22.1 33.7705 13.3231 4.58456 254.006
22.2 33.8526 13.3804 4.60483 253.949
22.3 33.9341 13.4379 4.62509 253.892
22.4 34.0151 13.4956 4.64535 253.834
22.5 34.0955 13.5537 4.6656 253.776
22.6 34.1753 13.6119 4.68584 253.718
22.7001 34.2546 13.6704 4.70607 253.659
22.8001 34.3333 13.7291 4.7263 253.6
22.9001 34.4114 13.7881 4.74652 253.541
23.0001 34.489 13.8474 4.76674 253.482
23.1001 34.5661 13.9068 4.78695 253.423
23.2001 34.6426 13.9666 4.80715 253.363
23.3001 34.7186 14.0265 4.82734 253.303
23.4001 34.794 14.0867 4.84753 253.243
23.5001 34.8689 14.1472 4.86771 253.182
23.6001 34.9433 14.2079 4.88789 253.122
23.7001 35.0171 14.2688 4.90805 253.061
23.8001 35.0904 14.33 4.92821 253
23.9001 35.1632 14.3914 4.94837 252.938
24.0001 35.2354 14.453 4.96851 252.876
24.1001 35.3071 14.515 4.98865 252.815
24.2001 35.3783 14.5771 5.00878 252.752
24.3001 35.449 14.6395 5.02891 252.69
24.4001 35.5192 14.7021 5.04903 252.627
24.5001 35.5888 14.765 5.06914 252.564
24.6001 35.658 14.8281 5.08924 252.501
24.7001 35.7266 14.8915 5.10934 252.438
24.8001 35.7947 14.955 5.12942 252.374
24.9001 35.8623 15.0189 5.14951 252.311
25.0001 35.9295 15.083 5.16958 252.247
25.1001 35.9961 15.1473 5.18965 252.182
25.2001 36.0622 15.2118 5.20971 252.118
25.3001 36.1278 15.2766 5.22976 252.053
25.4001 36.193 15.3417 5.2498 251.988
25.5001 36.2576 15.4069 5.26984 251.923
25.6001 36.3218 15.4724 5.28987 251.857
25.7001 36.3854 15.5382 5.30989 251.791
25.8001 36.4486 15.6042 5.3299 251.725
25.9001 36.5113 15.6704 5.34991 251.659
26.0001 36.5736 15.7369 5.36991 251.593
26.1001 36.6353 15.8036 5.3899 251.526
26.2001 36.6966 15.8705 5.40988 251.459
26.3001 36.7574 15.9377 5.42986 251.392
26.4001 36.8178 16.0051 5.44982 251.324
26.5001 36.8776 16.0728 5.46978 251.257
26.6001 36.9371 16.1407 5.48973 251.189
26.7001 36.996 16.2088 5.50968 251.121
26.8001 37.0545 16.2772 5.52961 251.052
26.9001 37.1125 16.3458 5.54954 250.984
27.0001 37.1701 16.4147 5.56946 250.915
27.1001 37.2272 16.4837 5.58937 250.846
27.2001 37.2839 16.553 5.60928 250.776
27.3001 37.3402 16.6226 5.62917 250.707
27.4001 37.3959 16.6924 5.64906 250.637
27.5001 37.4513 16.7624 5.66894 250.567
27.6001 37.5062 16.8327 5.68881 250.497
27.7001 37.5606 16.9032 5.70867 250.426
27.8001 37.6147 16.9739 5.72853 250.356
27.9001 37.6682 17.0448 5.74838 250.285
28.0001 37.7214 17.116 5.76821 250.213
28.1001 37.7741 17.1875 5.78804 250.142
28.2001 37.8264 17.2591 5.80787 250.07
28.3001 37.8783 17.331 5.82768 249.998
28.4001 37.9297 17.4032 5.84748 249.926
28.5001 37.9807 17.4755 5.86728 249.854
28.6001 38.0313 17.5481 5.88707 249.781
28.7001 38.0815 17.6209 5.90685 249.709
28.8001 38.1313 17.694 5.92662 249.635
28.9001 38.1807 17.7673 5.94638 249.562
29.0001 38.2296 17.8408 5.96613 249.489
29.1001 38.2781 17.9146 5.98588 249.415
29.2001 38.3263 17.9886 6.00561 249.341
29.3001 38.374 18.0628 6.02534 249.267
29.4001 38.4213 18.1373 6.04506 249.192
29.5001 38.4682 18.2119 6.06477 249.118
29.6001 38.5148 18.2868 6.08447 249.043
29.7001 38.5609 18.362 6.10416 248.967
29.8001 38.6066 18.4374 6.12384 248.892
29.9001 38.6519 18.513 6.14352 248.817
30.0001 38.6969 18.5888 6.16318 248.741
30.1001 38.7414 18.6649 6.18284 248.665
30.2001 38.7856 18.7412 6.20248 248.588
30.3001 38.8294 18.8177 6.22212 248.512
30.4001 38.8728 18.8944 6.24175 248.435
30.5001 38.9158 18.9714 6.26137 248.358
30.6001 38.9585 19.0486 6.28098 248.281
30.7001 39.0007 19.1261 6.30058 248.203
30.8001 39.0426 19.2037 6.32017 248.126
30.9001 39.0842 19.2816 6.33976 248.048
31.0001 39.1253 19.3597 6.35933 247.97
31.1001 39.1661 19.4381 6.37889 247.891
31.2001 39.2065 19.5167 6.39845 247.813
31.3001 39.2465 19.5955 6.41799 247.734
31.4001 39.2862 19.6745 6.43753 247.655
31.5001 39.3256 19.7537 6.45706 247.576
31.6001 39.3645 19.8332 6.47657 247.496
31.7001 39.4031 19.9129 6.49608 247.417
31.8001 39.4414 19.9929 6.51558 247.337
31.9001 39.4793 20.073 6.53507 247.256
32.0001 39.5168 20.1534 6.55454 247.176
32.1001 39.554 20.234 6.57401 247.095
32.2001 39.5908 20.3148 6.59347 247.015
32.3001 39.6273 20.3959 6.61292 246.934
32.4001 39.6635 20.4772 6.63236 246.852
32.5001 39.6993 20.5587 6.65179 246.771
32.6001 39.7348 20.6404 6.67121 246.689
32.7001 39.7699 20.7223 6.69062 246.607
32.8001 39.8047 20.8045 6.71002 246.525
32.9001 39.8391 20.8869 6.72941 246.443
33.0001 39.8733 20.9695 6.74879 246.36
33.1001 39.907 21.0524 6.76816 246.277
33.2001 39.9405 21.1354 6.78752 246.194
33.3001 39.9736 21.2187 6.80687 246.111
33.4001 40.0064 21.3022 6.82621 246.027
33.5001 40.0389 21.3859 6.84554 245.944
33.6001 40.071 21.4699 6.86486 245.86
33.7001 40.1029 21.5541 6.88417 245.775
33.8001 40.1344 21.6385 6.90347 245.691
33.9001 40.1656 21.7231 6.92276 245.606
34.0001 40.1964 21.8079 6.94204 245.522
34.1001 40.227 21.8929 6.9613 245.437
34.2001 40.2572 21.9782 6.98056 245.351
34.3 40.2872 22.0637 6.99981 245.266
34.4 40.3168 22.1494 7.01905 245.18
34.5 40.3461 22.2353 7.03827 245.094
34.6 40.3751 22.3215 7.05749 245.008
34.7 40.4038 22.4078 7.07669 244.922
34.8 40.4322 22.4944 7.09589 244.835
34.9 40.4603 22.5812 7.11507 244.748
35 40.4881 22.6682 7.13425 244.661
35.1 40.5155 22.7555 7.15341 244.574
35.2 40.5427 22.8429 7.17256 244.487
35.3 40.5696 22.9306 7.1917 244.399
35.4 40.5962 23.0185 7.21083 244.311
35.5 40.6225 23.1066 7.22995 244.223
35.6 40.6485 23.1949 7.24906 244.135
35.7 40.6743 23.2834 7.26816 244.046
35.8 40.6997 23.3721 7.28725 243.957
35.9 40.7248 23.4611 7.30632 243.868
36 40.7497 23.5503 7.32539 243.779
36.1 40.7743 23.6397 7.34444 243.69
36.2 40.7986 23.7293 7.36349 243.6
36.3 40.8226 23.8191 7.38252 243.51
36.4 40.8463 23.9091 7.40154 243.42
36.5 40.8698 23.9994 7.42055 243.33
36.6 40.8929 24.0898 7.43955 243.24
36.7 40.9158 24.1805 7.45853 243.149
36.8 40.9385 24.2714 7.47751 243.058
36.9 40.9608 24.3625 7.49648 242.967
37 40.9829 24.4538 7.51543 242.876
37.1 41.0047 24.5453 7.53437 242.784
37.2 41.0262 24.637 7.5533 242.692
37.3 41.0475 24.729 7.57222 242.601
37.4 41.0685 24.8211 7.59113 242.508
37.5 41.0893 24.9135 7.61002 242.416
37.6 41.1098 25.0061 7.62891 242.323
37.7 41.13 25.0989 7.64778 242.231
37.8 41.1499 25.1918 7.66664 242.138
37.9 41.1696 25.285 7.68549 242.044
38 41.1891 25.3785 7.70433 241.951
38.1 41.2083 25.4721 7.72316 241.857
38.2 41.2272 25.5659 7.74197 241.764
38.3 41.2459 25.6599 7.76077 241.67
38.4 41.2643 25.7542 7.77957 241.575
38.5 41.2825 25.8486 7.79834 241.481
38.6 41.3004 25.9433 7.81711 241.386
38.7 41.3181 26.0382 7.83587 241.291
38.8 41.3355 26.1333 7.85461 241.196
38.9 41.3527 26.2285 7.87334 241.101
39 41.3696 26.324 7.89206 241.005
39.1 41.3863 26.4197 7.91077 240.91
39.2 41.4027 26.5156 7.92946 240.814
39.3 41.419 26.6117 7.94815 240.718
39.4 41.4349 26.708 7.96682 240.621
39.5 41.4507 26.8045 7.98547 240.525
39.6 41.4661 26.9013 8.00412 240.428
39.7 41.4814 26.9982 8.02275 240.331
39.8 41.4964 27.0953 8.04138 240.234
39.9 41.5112 27.1926 8.05998 240.137
40 41.5258 27.2902 8.07858 240.039
40.1 41.5401 27.3879 8.09717 239.942
40.2 41.5542 27.4859 8.11574 239.844
40.3 41.568 27.584 8.1343 239.745
40.4 41.5817 27.6824 8.15284 239.647
40.5 41.5951 27.7809 8.17138 239.549
40.6 41.6083 27.8797 8.1899 239.45
40.7 41.6212 27.9786 8.20841 239.351
40.7999 41.634 28.0778 8.2269 239.252
40.8999 41.6465 28.1771 8.24539 239.152
40.9999 41.6588 28.2767 8.26386 239.053
41.0999 41.6709 28.3764 8.28231 238.953
41.1999 41.6827 28.4764 8.30076 238.853
41.2999 41.6943 28.5765 8.31919 238.753
41.3999 41.7058 28.6769 8.33761 238.653
41.4999 41.717 28.7774 8.35602 238.552
41.5999 41.728 28.8782 8.37441 238.451
41.6999 41.7387 28.9791 8.39279 238.35
41.7999 41.7493 29.0803 8.41116 238.249
41.8999 41.7596 29.1816 8.42951 238.148
41.9999 41.7698 29.2831 8.44785 238.046
42.0999 41.7797 29.3849 8.46618 237.945
42.1999 41.7894 29.4868 8.48449 237.843
42.2999 41.799 29.5889 8.50279 237.741
42.3999 41.8083 29.6913 8.52108 237.638
42.4999 41.8174 29.7938 8.53936 237.536
42.5999 41.8263 29.8965 8.55762 237.433
42.6999 41.835 29.9994 8.57587 237.33
42.7999 41.8435 30.1025 8.5941 237.227
42.8999 41.8518 30.2058 8.61232 237.124
42.9999 41.8599 30.3093 8.63053 237.02
43.0999 41.8678 30.413 8.64872 236.916
43.1999 41.8755 30.5169 8.6669 236.813
43.2999 41.883 30.621 8.68507 236.709
43.3999 41.8903 30.7252 8.70322 236.604
43.4999 41.8974 30.8297 8.72136 236.5
43.5999 41.9043 30.9344 8.73949 236.395
43.6999 41.911 31.0392 8.7576 236.29
43.7999 41.9176 31.1442 8.7757 236.185
43.8999 41.9239 31.2495 8.79378 236.08
43.9999 41.93 31.3549 8.81185 235.975
44.0999 41.936 31.4605 8.82991 235.869
44.1999 41.9418 31.5663 8.84795 235.763
44.2999 41.9474 31.6723 8.86598 235.657
44.3999 41.9528 31.7785 8.88399 235.551
44.4999 41.958 31.8848 8.90199 235.445
44.5999 41.963 31.9914 8.91998 235.338
44.6999 41.9679 32.0981 8.93795 235.231
44.7999 41.9725 32.2051 8.95591 235.124
44.8999 41.977 32.3122 8.97385 235.017
44.9999 41.9813 32.4195 8.99178 234.91
45.0999 41.9854 32.527 9.00969 234.802
45.1999 41.9894 32.6347 9.02759 234.695
45.2999 41.9931 32.7426 9.04548 234.587
45.3999 41.9967 32.8506 9.06335 234.479
45.4999 42.0001 32.9589 9.08121 234.371
45.5999 42.0033 33.0673 9.09905 234.262
45.6999 42.0064 33.1759 9.11688 234.154
45.7999 42.0093 33.2847 9.13469 234.045
45.8999 42.012 33.3937 9.15249 233.936
45.9999 42.0145 33.5029 9.17028 233.827
46.0999 42.0169 33.6123 9.18805 233.717
46.1999 42.0191 33.7218 9.2058 233.608
46.2999 42.0211 33.8315 9.22354 233.498
46.3999 42.0229 33.9414 9.24127 233.388
46.4999 42.0246 34.0515 9.25898 233.278
46.5999 42.0262 34.1618 9.27667 233.168
46.6999 42.0275 34.2722 9.29435 233.057
46.7999 42.0287 34.3829 9.31202 232.947
46.8999 42.0297 34.4937 9.32967 232.836
46.9999 42.0306 34.6047 9.3473 232.725
47.0999 42.0313 34.7159 9.36492 232.614
47.1999 42.0318 34.8272 9.38253 232.502
47.2999 42.0322 34.9388 9.40012 232.391
47.3998 42.0324 35.0505 9.41769 232.279
47.4998 42.0324 35.1624 9.43525 232.167
47.5998 42.0323 35.2745 9.4528 232.055
47.6998 42.032 35.3867 9.47033 231.943
47.7998 42.0316 35.4992 9.48784 231.83
47.8998 42.031 35.6118 9.50534 231.718
47.9998 42.0303 35.7246 9.52282 231.605
48.0998 42.0294 35.8375 9.54029 231.492
48.1998 42.0283 35.9507 9.55774 231.379
48.2998 42.0271 36.064 9.57518 231.265
48.3998 42.0257 36.1775 9.5926 231.152
48.4998 42.0242 36.2912 9.61001 231.038
48.5998 42.0226 36.405 9.62739 230.924
48.6998 42.0207 36.5191 9.64477 230.81
48.7998 42.0188 36.6333 9.66213 230.696
48.8998 42.0166 36.7476 9.67947 230.582
48.9998 42.0144 36.8622 9.69679 230.467
49.0998 42.012 36.9769 9.71411 230.353
49.1998 42.0094 37.0918 9.7314 230.238
49.2998 42.0067 37.2069 9.74868 230.123
49.3998 42.0038 37.3221 9.76594 230.007
49.4998 42.0008 37.4375 9.78319 229.892
49.5998 41.9977 37.5531 9.80042 229.776
49.6998 41.9944 37.6689 9.81763 229.661
49.7998 41.9909 37.7848 9.83483 229.545
49.8998 41.9873 37.9009 9.85201 229.429
49.9998 41.9836 38.0172 9.86918 229.312
50.0998 41.9798 38.1336 9.88633 229.196
50.1998 41.9757 38.2503 9.90346 229.079
50.2998 41.9716 38.367 9.92058 228.962
50.3998 41.9673 38.484 9.93768 228.845
50.4998 41.9629 38.6011 9.95476 228.728
50.5998 41.9583 38.7184 9.97183 228.611
50.6998 41.9536 38.8359 9.98888 228.494
50.7998 41.9488 38.9535 10.0059 228.376
50.8998 41.9438 39.0713 10.0229 228.258
50.9998 41.9387 39.1893 10.0399 228.14
51.0998 41.9334 39.3074 10.0569 228.022
51.1998 41.9281 39.4257 10.0739 227.904
51.2998 41.9225 39.5441 10.0908 227.785
51.3998 41.9169 39.6628 10.1078 227.667
51.4998 41.9111 39.7816 10.1247 227.548
51.5998 41.9052 39.9005 10.1416 227.429
51.6998 41.8991 40.0196 10.1585 227.31
51.7998 41.893 40.1389 10.1753 227.191
51.8998 41.8867 40.2584 10.1922 227.071
51.9998 41.8802 40.378 10.209 226.951
52.0998 41.8737 40.4978 10.2258 226.832
52.1998 41.867 40.6177 10.2426 226.712
52.2998 41.8601 40.7378 10.2594 226.592
52.3998 41.8532 40.8581 10.2762 226.471
52.4998 41.8461 40.9785 10.2929 226.351
52.5998 41.8389 41.0991 10.3097 226.23
52.6998 41.8316 41.2198 10.3264 226.11
52.7998 41.8241 41.3407 10.3431 225.989
52.8998 41.8165 41.4618 10.3597 225.868
52.9998 41.8088 41.583 10.3764 225.746
53.0998 41.801 41.7044 10.393 225.625
53.1998 41.7931 41.826 10.4097 225.504
53.2998 41.785 41.9477 10.4263 225.382
53.3998 41.7768 42.0695 10.4429 225.26
53.4998 41.7685 42.1916 10.4594 225.138
53.5998 41.76 42.3138 10.476 225.016
53.6998 41.7515 42.4361 10.4925 224.893
53.7998 41.7428 42.5586 10.509 224.771
53.8997 41.734 42.6812 10.5255 224.648
53.9997 41.7251 42.804 10.542 224.525
54.0997 41.7161 42.927 10.5585 224.402
54.1997 41.7069 43.0501 10.5749 224.279
54.2997 41.6977 43.1734 10.5914 224.156
54.3997 41.6883 43.2968 10.6078 224.033
54.4997 41.6788 43.4204 10.6242 223.909
54.5997 41.6692 43.5442 10.6405 223.785
54.6997 41.6594 43.668 10.6569 223.661
54.7997 41.6496 43.7921 10.6732 223.537
54.8997 41.6396 43.9163 10.6895 223.413
54.9997 41.6296 44.0406 10.7058 223.289
55.0997 41.6194 44.1651 10.7221 223.164
55.1997 41.6091 44.2898 10.7384 223.04
55.2997 41.5987 44.4146 10.7546 222.915
55.3997 41.5882 44.5395 10.7709 222.79
55.4997 41.5776 44.6647 10.7871 222.665
55.5997 41.5668 44.7899 10.8033 222.54
55.6997 41.556 44.9153 10.8194 222.414
55.7997 41.545 45.0409 10.8356 222.289
55.8997 41.5339 45.1666 10.8517 222.163
55.9997 41.5228 45.2924 10.8678 222.037
56.0997 41.5115 45.4184 10.8839 221.911
56.1997 41.5001 45.5446 10.9 221.785
56.2997 41.4886 45.6709 10.9161 221.659
56.3997 41.477 45.7973 10.9321 221.532
56.4997 41.4653 45.9239 10.9481 221.406
56.5997 41.4535 46.0506 10.9641 221.279
56.6997 41.4416 46.1775 10.9801 221.152
56.7997 41.4295 46.3046 10.9961 221.025
56.8997 41.4174 46.4317 11.012 220.898
56.9997 41.4052 46.559 11.0279 220.77
57.0997 41.3928 46.6865 11.0438 220.643
57.1997 41.3804 46.8141 11.0597 220.515
57.2997 41.3679 46.9419 11.0756 220.388
57.3997 41.3552 47.0698 11.0914 220.26
57.4997 41.3425 47.1978 11.1073 220.132
57.5997 41.3296 47.326 11.1231 220.004
57.6997 41.3167 47.4543 11.1389 219.875
57.7997 41.3037 47.5828 11.1546 219.747
57.8997 41.2905 47.7114 11.1704 219.618
57.9997 41.2773 47.8401 11.1861 219.489
58.0997 41.2639 47.969 11.2018 219.36
58.1997 41.2505 48.098 11.2175 219.231
58.2997 41.2369 48.2272 11.2332 219.102
58.3997 41.2233 48.3565 11.2488 218.973
58.4997 41.2096 48.4859 11.2645 218.844
58.5997 41.1958 48.6155 11.2801 218.714
58.6997 41.1818 48.7452 11.2957 218.584
58.7997 41.1678 48.8751 11.3113 218.454
58.8997 41.1537 49.0051 11.3268 218.324
58.9997 41.1395 49.1352 11.3423 218.194
59.0997 41.1252 49.2655 11.3578 218.064
59.1997 41.1108 49.3959 11.3733 217.934
59.2997 41.0963 49.5264 11.3888 217.803
59.3997 41.0817 49.6571 11.4043 217.672
59.4997 41.067 49.7879 11.4197 217.542
59.5997 41.0522 49.9189 11.4351 217.411
59.6997 41.0374 50.0499 11.4505 217.28
59.7997 41.0224 50.1811 11.4659 217.148
59.8997 41.0074 50.3125 11.4812 217.017
59.9997 40.9922 50.444 11.4965 216.886
60.0997 40.977 50.5756 11.5118 216.754
60.1997 40.9617 50.7073 11.5271 216.622
60.2997 40.9463 50.8392 11.5424 216.49
60.3997 40.9308 50.9712 11.5576 216.358
60.4996 40.9152 51.1033 11.5729 216.226
60.5996 40.8995 51.2356 11.5881 216.094
60.6996 40.8837 51.368 11.6032 215.961
60.7996 40.8679 51.5005 11.6184 215.829
60.8996 40.8519 51.6332 11.6335 215.696
60.9996 40.8359 51.766 11.6487 215.563
61.0996 40.8198 51.8989 11.6638 215.431
61.1996 40.8036 52.0319 11.6788 215.298
61.2996 40.7873 52.1651 11.6939 215.164
61.3996 40.7709 52.2984 11.7089 215.031
61.4996 40.7545 52.4318 11.7239 214.898
61.5996 40.7379 52.5654 11.7389 214.764
61.6996 40.7213 52.6991 11.7539 214.63
61.7996 40.7046 52.8329 11.7689 214.497
61.8996 40.6878 52.9668 11.7838 214.363
61.9996 40.6709 53.1008 11.7987 214.229
62.0996 40.6539 53.235 11.8136 214.094
62.1996 40.6369 53.3693 11.8284 213.96
62.2996 40.6197 53.5038 11.8433 213.826
62.3996 40.6025 53.6383 11.8581 213.691
62.4996 40.5852 53.773 11.8729 213.557
62.5996 40.5679 53.9078 11.8877 213.422
62.6996 40.5504 54.0427 11.9024 213.287
62.7996 40.5329 54.1777 11.9172 213.152
62.8996 40.5152 54.3129 11.9319 213.017
62.9996 40.4975 54.4482 11.9466 212.881
63.0996 40.4798 54.5836 11.9612 212.746
63.1996 40.4619 54.7191 11.9759 212.61
63.2996 40.444 54.8547 11.9905 212.475
63.3996 40.4259 54.9905 12.0051 212.339
63.4996 40.4078 55.1264 12.0197 212.203
63.5996 40.3897 55.2624 12.0342 212.067
63.6996 40.3714 55.3985 12.0488 211.931
63.7996 40.3531 55.5347 12.0633 211.795
63.8996 40.3347 55.671 12.0778 211.658
63.9996 40.3162 55.8075 12.0922 211.522
64.0996 40.2976 55.9441 12.1067 211.385
64.1996 40.279 56.0808 12.1211 211.249
64.2996 40.2603 56.2176 12.1355 211.112
64.3996 40.2415 56.3545 12.1499 210.975
64.4996 40.2226 56.4916 12.1642 210.838
64.5996 40.2037 56.6287 12.1785 210.701
64.6996 40.1847 56.766 12.1929 210.563
64.7996 40.1656 56.9034 12.2071 210.426
64.8996 40.1464 57.0409 12.2214 210.289
64.9996 40.1272 57.1785 12.2356 210.151
65.0996 40.1079 57.3162 12.2499 210.013
65.1996 40.0885 57.454 12.264 209.875
65.2996 40.069 57.592 12.2782 209.738
65.3996 40.0495 57.73 12.2924 209.599
65.4996 40.0299 57.8682 12.3065 209.461
65.5996 40.0102 58.0065 12.3206 209.323
65.6996 39.9905 58.1448 12.3347 209.185
65.7996 39.9707 58.2833 12.3487 209.046
65.8996 39.9508 58.4219 12.3627 208.908
65.9996 39.9308 58.5606 12.3768 208.769
66.0996 39.9108 58.6995 12.3907 208.63
66.1996 39.8907 58.8384 12.4047 208.491
66.2996 39.8705 58.9774 12.4186 208.352
66.3996 39.8503 59.1166 12.4325 208.213
66.4996 39.8299 59.2558 12.4464 208.074
66.5996 39.8096 59.3952 12.4603 207.934
66.6996 39.7891 59.5346 12.4741 207.795
66.7996 39.7686 59.6742 12.488 207.655
66.8996 39.748 59.8138 12.5017 207.516
66.9995 39.7274 59.9536 12.5155 207.376
67.0995 39.7066 60.0935 12.5293 207.236
67.1995 39.6858 60.2335 12.543 207.096
67.2995 39.665 60.3735 12.5567 206.956
67.3995 39.6441 60.5137 12.5704 206.816
67.4995 39.6231 60.654 12.584 206.675
67.5995 39.602 60.7944 12.5976 206.535
67.6995 39.5809 60.9349 12.6112 206.395
67.7995 39.5597 61.0754 12.6248 206.254
67.8995 39.5384 61.2161 12.6384 206.113
67.9995 39.5171 61.3569 12.6519 205.973
68.0995 39.4957 61.4978 12.6654 205.832
68.1995 39.4743 61.6388 12.6789 205.691
68.2995 39.4528 61.7799 12.6923 205.55
68.3995 39.4312 61.921 12.7057 205.408
68.4995 39.4095 62.0623 12.7191 205.267
68.5995 39.3878 62.2037 12.7325 205.126
68.6995 39.366 62.3452 12.7459 204.984
68.7995 39.3442 62.4867 12.7592 204.843
68.8995 39.3223 62.6284 12.7725 204.701
68.9995 39.3003 62.7702 12.7858 204.559
69.0995 39.2783 62.912 12.799 204.417
69.1995 39.2562 63.054 12.8123 204.276
69.2995 39.2341 63.196 12.8255 204.133
69.3995 39.2119 63.3381 12.8387 203.991
69.4995 39.1896 63.4804 12.8518 203.849
69.5995 39.1672 63.6227 12.8649 203.707
69.6995 39.1448 63.7651 12.878 203.564
69.7995 39.1224 63.9076 12.8911 203.422
69.8995 39.0999 64.0502 12.9042 203.279
69.9995 39.0773 64.1929 12.9172 203.137
70.0995 39.0546 64.3357 12.9302 202.994
70.1995 39.0319 64.4786 12.9432 202.851
70.2995 39.0092 64.6215 12.9561 202.708
70.3995 38.9864 64.7646 12.969 202.565
70.4995 38.9635 64.9077 12.9819 202.422
70.5995 38.9405 65.0509 12.9948 202.279
70.6995 38.9175 65.1942 13.0077 202.135
70.7995 38.8945 65.3377 13.0205 201.992
70.8995 38.8714 65.4811 13.0333 201.848
70.9995 38.8482 65.6247 13.0461 201.705
71.0995 38.825 65.7684 13.0588 201.561
71.1995 38.8017 65.9121 13.0715 201.417
71.2995 38.7783 66.056 13.0842 201.274
71.3995 38.7549 66.1999 13.0969 201.13
71.4995 38.7314 66.3439 13.1095 200.986
71.5995 38.7079 66.488 13.1221 200.842
71.6995 38.6843 66.6321 13.1347 200.697
71.7995 38.6607 66.7764 13.1473 200.553
71.8995 38.637 66.9207 13.1598 200.409
71.9995 38.6133 67.0652 13.1723 200.264
72.0995 38.5895 67.2097 13.1848 200.12
72.1995 38.5656 67.3542 13.1972 199.975
72.2995 38.5417 67.4989 13.2097 199.831
72.3995 38.5177 67.6437 13.2221 199.686
72.4995 38.4937 67.7885 13.2344 199.541
72.5995 38.4696 67.9334 13.2468 199.396
72.6995 38.4455 68.0784 13.2591 199.251
72.7995 38.4213 68.2234 13.2714 199.106
72.8995 38.3971 68.3686 13.2836 198.961
72.9995 38.3728 68.5138 13.2959 198.816
73.0995 38.3484 68.6591 13.3081 198.67
73.1995 38.324 68.8045 13.3203 198.525
73.2995 38.2996 68.9499 13.3324 198.38
73.3995 38.2751 69.0954 13.3446 198.234
73.4995 38.2505 69.241 13.3567 198.088
73.5994 38.2259 69.3867 13.3687 197.943
73.6994 38.2012 69.5325 13.3808 197.797
73.7994 38.1765 69.6783 13.3928 197.651
73.8994 38.1517 69.8242 13.4048 197.505
73.9994 38.1269 69.9702 13.4167 197.359
74.0994 38.102 70.1162 13.4287 197.213
74.1994 38.0771 70.2623 13.4406 197.067
74.2994 38.0521 70.4085 13.4525 196.921
74.3994 38.0271 70.5548 13.4643 196.775
74.4994 38.002 70.7011 13.4761 196.628
74.5994 37.9769 70.8475 13.4879 196.482
74.6994 37.9517 70.994 13.4997 196.335
74.7994 37.9265 71.1406 13.5114 196.189
74.8994 37.9012 71.2872 13.5232 196.042
74.9994 37.8758 71.4339 13.5348 195.896
75.0994 37.8505 71.5806 13.5465 195.749
75.1994 37.825 71.7275 13.5581 195.602
75.2994 37.7995 71.8743 13.5697 195.455
75.3994 37.774 72.0213 13.5813 195.308
75.4994 37.7484 72.1683 13.5928 195.161
75.5994 37.7228 72.3154 13.6043 195.014
75.6994 37.6971 72.4626 13.6158 194.867
75.7994 37.6714 72.6098 13.6273 194.72
75.8994 37.6456 72.7571 13.6387 194.572
75.9994 37.6198 72.9044 13.6501 194.425
76.0994 37.5939 73.0518 13.6615 194.278
76.1994 37.568 73.1993 13.6728 194.13
76.2994 37.542 73.3469 13.6841 193.983
76.3994 37.516 73.4945 13.6954 193.835
76.4994 37.4899 73.6421 13.7067 193.687
76.5994 37.4638 73.7899 13.7179 193.54
76.6994 37.4377 73.9377 13.7291 193.392
76.7994 37.4115 74.0855 13.7402 193.244
76.8994 37.3852 74.2334 13.7514 193.096
76.9994 37.3589 74.3814 13.7625 192.948
77.0994 37.3326 74.5294 13.7736 192.8
77.1994 37.3062 74.6775 13.7846 192.652
77.2994 37.2798 74.8257 13.7956 192.504
77.3994 37.2533 74.9739 13.8066 192.356
77.4994 37.2267 75.1221 13.8176 192.207
77.5994 37.2002 75.2705 13.8285 192.059
77.6994 37.1735 75.4189 13.8394 191.911
77.7994 37.1469 75.5673 13.8503 191.762
77.8994 37.1202 75.7158 13.8611 191.614
77.9994 37.0934 75.8643 13.8719 191.465
78.0994 37.0666 76.0129 13.8827 191.317
78.1994 37.0398 76.1616 13.8935 191.168
78.2994 37.0129 76.3103 13.9042 191.019
78.3994 36.986 76.4591 13.9149 190.87
78.4994 36.959 76.6079 13.9255 190.722
78.5994 36.932 76.7568 13.9361 190.573
78.6994 36.9049 76.9057 13.9467 190.424
78.7994 36.8778 77.0547 13.9573 190.275
78.8994 36.8506 77.2037 13.9679 190.126
78.9994 36.8234 77.3528 13.9784 189.977
79.0994 36.7962 77.5019 13.9888 189.828
79.1994 36.7689 77.6511 13.9993 189.678
79.2994 36.7416 77.8003 14.0097 189.529
79.3994 36.7142 77.9496 14.0201 189.38
79.4994 36.6868 78.0989 14.0304 189.231
79.5994 36.6594 78.2483 14.0408 189.081
79.6994 36.6319 78.3977 14.0511 188.932
79.7994 36.6043 78.5472 14.0613 188.782
79.8994 36.5768 78.6967 14.0715 188.633
79.9994 36.5491 78.8463 14.0817 188.483
80.0993 36.5215 78.9959 14.0919 188.334
80.1993 36.4938 79.1455 14.102 188.184
80.2993 36.466 79.2952 14.1122 188.034
80.3993 36.4383 79.445 14.1222 187.884
80.4993 36.4104 79.5948 14.1323 187.735
80.5993 36.3826 79.7446 14.1423 187.585
80.6993 36.3547 79.8945 14.1523 187.435
80.7993 36.3267 80.0444 14.1622 187.285
80.8993 36.2987 80.1944 14.1721 187.135
80.9993 36.2707 80.3444 14.182 186.985
81.0993 36.2426 80.4944 14.1919 186.835
81.1993 36.2145 80.6445 14.2017 186.685
81.2993 36.1864 80.7946 14.2115 186.535
81.3993 36.1582 80.9448 14.2212 186.385
81.4993 36.1299 81.095 14.231 186.234
81.5993 36.1017 81.2453 14.2406 186.084
81.6993 36.0734 81.3956 14.2503 185.934
81.7993 36.045 81.5459 14.2599 185.784
81.8993 36.0166 81.6962 14.2695 185.633
81.9993 35.9882 81.8466 14.2791 185.483
82.0993 35.9598 81.9971 14.2886 185.332
82.1993 35.9313 82.1475 14.2981 185.182
82.2993 35.9027 82.2981 14.3076 185.031
82.3993 35.8741 82.4486 14.317 184.881
82.4993 35.8455 82.5992 14.3264 184.73
82.5993 35.8169 82.7498 14.3358 184.58
82.6993 35.7882 82.9004 14.3451 184.429
82.7993 35.7594 83.0511 14.3544 184.278
82.8993 35.7307 83.2018 14.3637 184.128
82.9993 35.7019 83.3526 14.373 183.977
83.0993 35.673 83.5034 14.3822 183.826
83.1993 35.6442 83.6542 14.3913 183.675
83.2993 35.6152 83.805 14.4005 183.524
83.3993 35.5863 83.9559 14.4096 183.374
83.4993 35.5573 84.1068 14.4186 183.223
83.5993 35.5283 84.2577 14.4277 183.072
83.6993 35.4992 84.4087 14.4367 182.921
83.7993 35.4701 84.5597 14.4457 182.77
83.8993 35.441 84.7107 14.4546 182.619
83.9993 35.4118 84.8618 14.4635 182.468
84.0993 35.3826 85.0128 14.4724 182.317
84.1993 35.3533 85.1639 14.4812 182.166
84.2993 35.324 85.3151 14.49 182.014
84.3993 35.2947 85.4662 14.4988 181.863
84.4993 35.2654 85.6174 14.5075 181.712
84.5993 35.236 85.7686 14.5162 181.561
84.6993 35.2066 85.9199 14.5249 181.41
84.7993 35.1771 86.0711 14.5335 181.258
84.8993 35.1476 86.2224 14.5421 181.107
84.9993 35.1181 86.3737 14.5507 180.956
85.0993 35.0885 86.525 14.5592 180.804
85.1993 35.0589 86.6764 14.5677 180.653
85.2993 35.0293 86.8278 14.5762 180.502
85.3993 34.9996 86.9792 14.5846 180.35
85.4993 34.9699 87.1306 14.593 180.199
85.5993 34.9402 87.282 14.6014 180.047
85.6993 34.9104 87.4335 14.6097 179.896
85.7993 34.8806 87.5849 14.618 179.745
85.8993 34.8508 87.7364 14.6262 179.593
85.9993 34.8209 87.888 14.6345 179.442
86.0993 34.791 88.0395 14.6426 179.29
86.1993 34.761 88.191 14.6508 179.138
86.2993 34.7311 88.3426 14.6589 178.987
86.3993 34.7011 88.4942 14.667 178.835
86.4993 34.671 88.6458 14.675 178.684
86.5993 34.6409 88.7974 14.683 178.532
86.6992 34.6108 88.9491 14.691 178.38
86.7992 34.5807 89.1007 14.699 178.229
86.8992 34.5505 89.2524 14.7069 178.077
86.9992 34.5203 89.4041 14.7147 177.925
87.0992 34.4901 89.5558 14.7226 177.774
87.1992 34.4598 89.7075 14.7304 177.622
87.2992 34.4295 89.8592 14.7381 177.47
87.3992 34.3992 90.0109 14.7459 177.319
87.4992 34.3688 90.1627 14.7535 177.167
87.5992 34.3384 90.3144 14.7612 177.015
87.6992 34.308 90.4662 14.7688 176.863
87.7992 34.2775 90.618 14.7764 176.712
87.8992 34.247 90.7698 14.7839 176.56
87.9992 34.2165 90.9216 14.7915 176.408
88.0992 34.1859 91.0734 14.7989 176.256
88.1992 34.1553 91.2252 14.8064 176.104
88.2992 34.1247 91.377 14.8138 175.952
88.3992 34.0941 91.5288 14.8211 175.801
88.4992 34.0634 91.6807 14.8285 175.649
88.5992 34.0327 91.8325 14.8358 175.497
88.6992 34.0019 91.9844 14.843 175.345
88.7992 33.9712 92.1362 14.8502 175.193
88.8992 33.9403 92.2881 14.8574 175.041
88.9992 33.9095 92.44 14.8646 174.89
89.0992 33.8786 92.5919 14.8717 174.738
89.1992 33.8477 92.7437 14.8787 174.586
89.2992 33.8168 92.8956 14.8858 174.434
89.3992 33.7859 93.0475 14.8928 174.282
89.4992 33.7549 93.1994 14.8997 174.13
89.5992 33.7239 93.3513 14.9067 173.978
89.6992 33.6928 93.5032 14.9136 173.826
89.7992 33.6617 93.6551 14.9204 173.674
89.8992 33.6306 93.807 14.9272 173.523
89.9992 33.5995 93.9589 14.934 173.371
90.0992 33.5683 94.1108 14.9407 173.219
90.1992 33.5371 94.2626 14.9474 173.067
90.2992 33.5059 94.4145 14.9541 172.915
90.3992 33.4746 94.5664 14.9607 172.763
90.4992 33.4434 94.7183 14.9673 172.611
90.5992 33.412 94.8702 14.9739 172.459
90.6992 33.3807 95.0221 14.9804 172.307
90.7992 33.3493 95.174 14.9868 172.155
90.8992 33.3179 95.3259 14.9933 172.004
90.9992 33.2865 95.4777 14.9997 171.852
91.0992 33.2551 95.6296 15.006 171.7
91.1992 33.2236 95.7815 15.0123 171.548
91.2992 33.1921 95.9333 15.0186 171.396
91.3992 33.1605 96.0852 15.0249 171.244
91.4992 33.129 96.237 15.0311 171.092
91.5992 33.0974 96.3889 15.0372 170.941
91.6992 33.0657 96.5407 15.0434 170.789
91.7992 33.0341 96.6925 15.0495 170.637
91.8992 33.0024 96.8444 15.0555 170.485
91.9992 32.9707 96.9962 15.0615 170.333
92.0992 32.939 97.148 15.0675 170.182
92.1992 32.9072 97.2997 15.0734 170.03
92.2992 32.8754 97.4515 15.0793 169.878
92.3992 32.8436 97.6033 15.0852 169.726
92.4992 32.8117 97.7551 15.091 169.574
92.5992 32.7799 97.9068 15.0968 169.423
92.6992 32.748 98.0585 15.1025 169.271
92.7992 32.716 98.2103 15.1082 169.119
92.8992 32.6841 98.362 15.1139 168.968
92.9992 32.6521 98.5137 15.1195 168.816
93.0992 32.6201 98.6653 15.1251 168.664
93.1992 32.5881 98.817 15.1306 168.512
93.2991 32.556 98.9687 15.1361 168.361
93.3991 32.5239 99.1203 15.1416 168.209
93.4991 32.4918 99.2719 15.147 168.058
93.5991 32.4597 99.4235 15.1524 167.906
93.6991 32.4275 99.5751 15.1578 167.754
93.7991 32.3953 99.7267 15.1631 167.603
93.8991 32.3631 99.8782 15.1683 167.451
93.9991 32.3309 100.03 15.1735 167.3
94.0991 32.2986 100.181 15.1787 167.148
94.1991 32.2663 100.333 15.1839 166.997
94.2991 32.234 100.484 15.189 166.845
94.3991 32.2016 100.636 15.194 166.694
94.4991 32.1693 100.787 15.1991 166.542
94.5991 32.1369 100.939 15.204 166.391
94.6991 32.1045 101.09 15.209 166.24
94.7991 32.072 101.241 15.2139 166.088
94.8991 32.0395 101.393 15.2187 165.937
94.9991 32.007 101.544 15.2236 165.785
95.0991 31.9745 101.695 15.2283 165.634
95.1991 31.942 101.847 15.2331 165.483
95.2991 31.9094 101.998 15.2378 165.332
95.3991 31.8768 102.149 15.2424 165.18
95.4991 31.8442 102.3 15.247 165.029
95.5991 31.8115 102.452 15.2516 164.878
95.6991 31.7789 102.603 15.2561 164.727
95.7991 31.7462 102.754 15.2606 164.576
95.8991 31.7135 102.905 15.2651 164.425
95.9991 31.6807 103.056 15.2695 164.274
96.0991 31.6479 103.207 15.2738 164.122
96.1991 31.6152 103.358 15.2782 163.971
96.2991 31.5823 103.509 15.2824 163.82
96.3991 31.5495 103.66 15.2867 163.669
96.4991 31.5166 103.811 15.2909 163.519
96.5991 31.4838 103.962 15.295 163.368
96.6991 31.4508 104.113 15.2992 163.217
96.7991 31.4179 104.264 15.3032 163.066
96.8991 31.385 104.414 15.3073 162.915
96.9991 31.352 104.565 15.3112 162.764
97.0991 31.319 104.716 15.3152 162.614
97.1991 31.2859 104.867 15.3191 162.463
97.2991 31.2529 105.017 15.323 162.312
97.3991 31.2198 105.168 15.3268 162.162
97.4991 31.1867 105.319 15.3305 162.011
97.5991 31.1536 105.469 15.3343 161.86
97.6991 31.1205 105.62 15.338 161.71
97.7991 31.0873 105.77 15.3416 161.559
97.8991 31.0541 105.921 15.3452 161.409
97.9991 31.0209 106.071 15.3488 161.258
98.0991 30.9876 106.222 15.3523 161.108
98.1991 30.9544 106.372 15.3558 160.958
98.2991 30.9211 106.522 15.3592 160.807
98.3991 30.8878 106.672 15.3626 160.657
98.4991 30.8545 106.823 15.3659 160.507
98.5991 30.8211 106.973 15.3692 160.357
98.6991 30.7878 107.123 15.3725 160.206
98.7991 30.7544 107.273 15.3757 160.056
98.8991 30.721 107.423 15.3789 159.906
98.9991 30.6875 107.573 15.382 159.756
99.0991 30.6541 107.723 15.3851 159.606
99.1991 30.6206 107.873 15.3882 159.456
99.2991 30.5871 108.023 15.3912 159.306
99.3991 30.5536 108.173 15.3941 159.156
99.4991 30.52 108.323 15.397 159.007
99.5991 30.4865 108.473 15.3999 158.857
99.6991 30.4529 108.623 15.4027 158.707
99.799 30.4193 108.772 15.4055 158.557
99.899 30.3856 108.922 15.4082 158.408
99.999 30.352 109.071 15.4109 158.258
100.099 30.3183 109.221 15.4135 158.108
100.199 30.2846 109.371 15.4161 157.959
100.299 30.2509 109.52 15.4187 157.809
100.399 30.2172 109.669 15.4212 157.66
100.499 30.1834 109.819 15.4237 157.511
100.599 30.1496 109.968 15.4261 157.361
100.699 30.1158 110.117 15.4285 157.212
100.799 30.082 110.267 15.4308 157.063
100.899 30.0482 110.416 15.4331 156.914
100.999 30.0143 110.565 15.4353 156.764
101.099 29.9804 110.714 15.4375 156.615
101.199 29.9465 110.863 15.4397 156.466
101.299 29.9126 111.012 15.4418 156.317
101.399 29.8786 111.161 15.4439 156.168
101.499 29.8447 111.31 15.4459 156.02
101.599 29.8107 111.459 15.4478 155.871
101.699 29.7767 111.607 15.4498 155.722
101.799 29.7427 111.756 15.4517 155.573
101.899 29.7086 111.905 15.4535 155.425
101.999 29.6746 112.053 15.4553 155.276
102.099 29.6405 112.202 15.457 155.127
102.199 29.6064 112.35 15.4587 154.979
102.299 29.5722 112.499 15.4604 154.831
102.399 29.5381 112.647 15.462 154.682
102.499 29.5039 112.796 15.4635 154.534
102.599 29.4698 112.944 15.465 154.386
102.699 29.4355 113.092 15.4665 154.237
102.799 29.4013 113.24 15.4679 154.089
102.899 29.3671 113.388 15.4693 153.941
102.999 29.3328 113.536 15.4706 153.793
103.099 29.2985 113.684 15.4719 153.645
103.199 29.2642 113.832 15.4731 153.497
103.299 29.2299 113.98 15.4743 153.349
103.399 29.1956 114.128 15.4755 153.202
103.499 29.1612 114.276 15.4766 153.054
103.599 29.1268 114.423 15.4776 152.906
103.699 29.0924 114.571 15.4786 152.759
103.799 29.058 114.718 15.4796 152.611
103.899 29.0236 114.866 15.4805 152.464
103.999 28.9891 115.013 15.4813 152.316
104.099 28.9547 115.161 15.4821 152.169
104.199 28.9202 115.308 15.4829 152.021
104.299 28.8857 115.455 15.4836 151.874
104.399 28.8511 115.602 15.4843 151.727
104.499 28.8166 115.749 15.4849 151.58
104.599 28.782 115.896 15.4855 151.433
104.699 28.7475 116.043 15.486 151.286
104.799 28.7129 116.19 15.4865 151.139
104.899 28.6782 116.337 15.4869 150.992
104.999 28.6436 116.484 15.4873 150.846
105.099 28.6089 116.631 15.4876 150.699
105.199 28.5743 116.777 15.4879 150.552
105.299 28.5396 116.924 15.4882 150.406
105.399 28.5049 117.07 15.4883 150.259
105.499 28.4701 117.217 15.4885 150.113
105.599 28.4354 117.363 15.4886 149.966
105.699 28.4006 117.509 15.4886 149.82
105.799 28.3658 117.655 15.4886 149.674
105.899 28.331 117.802 15.4886 149.528
105.999 28.2962 117.948 15.4885 149.382
106.099 28.2614 118.094 15.4883 149.236
106.199 28.2265 118.24 15.4881 149.09
106.299 28.1917 118.385 15.4879 148.944
106.399 28.1568 118.531 15.4876 148.798
106.499 28.1219 118.677 15.4872 148.653
106.599 28.087 118.822 15.4868 148.507
106.699 28.052 118.968 15.4864 148.362
106.799 28.0171 119.113 15.4859 148.216
106.899 27.9821 119.259 15.4854 148.071
106.999 27.9471 119.404 15.4848 147.925
107.099 27.9121 119.549 15.4841 147.78
107.199 27.8771 119.694 15.4835 147.635
107.299 27.842 119.839 15.4827 147.49
107.399 27.807 119.984 15.4819 147.345
107.499 27.7719 120.129 15.4811 147.2
107.599 27.7368 120.274 15.4802 147.055
107.699 27.7017 120.419 15.4793 146.911
107.799 27.6666 120.564 15.4783 146.766
107.899 27.6314 120.708 15.4772 146.621
107.999 27.5963 120.853 15.4762 146.477
108.099 27.5611 120.997 15.475 146.332
108.199 27.5259 121.141 15.4738 146.188
108.299 27.4907 121.286 15.4726 146.044
108.399 27.4555 121.43 15.4713 145.9
108.499 27.4202 121.574 15.47 145.756
108.599 27.385 121.718 15.4686 145.612
108.699 27.3497 121.862 15.4671 145.468
108.799 27.3144 122.006 15.4657 145.324
108.899 27.2791 122.149 15.4641 145.18
108.999 27.2438 122.293 15.4625 145.036
109.099 27.2084 122.437 15.4609 144.893
109.199 27.1731 122.58 15.4592 144.749
109.299 27.1377 122.724 15.4574 144.606
109.399 27.1023 122.867 15.4557 144.463
109.499 27.0669 123.01 15.4538 144.319
109.599 27.0315 123.153 15.4519 144.176
109.699 26.9961 123.296 15.45 144.033
109.799 26.9606 123.439 15.448 143.89
109.899 26.9251 123.582 15.4459 143.747
109.999 26.8897 123.725 15.4438 143.605
110.099 26.8542 123.868 15.4417 143.462
110.199 26.8187 124.01 15.4394 143.319
110.299 26.7831 124.153 15.4372 143.177
110.399 26.7476 124.295 15.4349 143.034
110.499 26.712 124.437 15.4325 142.892
110.599 26.6764 124.58 15.4301 142.75
110.699 26.6409 124.722 15.4276 142.608
110.799 26.6053 124.864 15.4251 142.466
110.899 26.5696 125.006 15.4226 142.324
110.999 26.534 125.148 15.4199 142.182
111.099 26.4984 125.289 15.4173 142.04
111.199 26.4627 125.431 15.4145 141.898
111.299 26.427 125.573 15.4118 141.757
111.399 26.3913 125.714 15.4089 141.615
111.499 26.3556 125.856 15.4061 141.474
111.599 26.3199 125.997 15.4031 141.333
111.699 26.2841 126.138 15.4001 141.191
111.799 26.2484 126.279 15.3971 141.05
111.899 26.2126 126.42 15.394 140.909
111.999 26.1768 126.561 15.3909 140.769
112.099 26.141 126.702 15.3877 140.628
112.199 26.1052 126.842 15.3844 140.487
112.299 26.0694 126.983 15.3811 140.346
112.399 26.0336 127.124 15.3777 140.206
112.499 25.9977 127.264 15.3743 140.066
112.599 25.9618 127.404 15.3709 139.925
112.699 25.9259 127.544 15.3673 139.785
112.799 25.89 127.684 15.3638 139.645
112.899 25.8541 127.824 15.3602 139.505
112.999 25.8182 127.964 15.3565 139.365
113.099 25.7823 128.104 15.3527 139.225
113.199 25.7463 128.244 15.349 139.086
113.299 25.7103 128.383 15.3451 138.946
113.399 25.6743 128.523 15.3412 138.807
113.499 25.6383 128.662 15.3373 138.667
113.599 25.6023 128.801 15.3333 138.528
113.699 25.5663 128.94 15.3292 138.389
113.799 25.5303 129.08 15.3251 138.25
113.899 25.4942 129.218 15.321 138.111
113.999 25.4581 129.357 15.3167 137.972
114.099 25.4221 129.496 15.3125 137.833
114.199 25.386 129.635 15.3081 137.695
114.299 25.3499 129.773 15.3038 137.556
114.399 25.3137 129.911 15.2993 137.418
114.499 25.2776 130.05 15.2948 137.28
114.599 25.2414 130.188 15.2903 137.142
114.699 25.2053 130.326 15.2857 137.004
114.799 25.1691 130.464 15.281 136.866
114.899 25.1329 130.602 15.2763 136.728
114.999 25.0967 130.739 15.2716 136.59
115.099 25.0605 130.877 15.2668 136.452
115.199 25.0243 131.015 15.2619 136.315
115.299 24.988 131.152 15.2569 136.178
115.399 24.9518 131.289 15.252 136.04
115.499 24.9155 131.426 15.2469 135.903
115.599 24.8792 131.563 15.2418 135.766
115.699 24.8429 131.7 15.2367 135.629
115.799 24.8066 131.837 15.2315 135.492
115.899 24.7703 131.974 15.2262 135.356
115.999 24.7339 132.11 15.2209 135.219
116.099 24.6976 132.247 15.2155 135.083
116.199 24.6612 132.383 15.2101 134.946
116.299 24.6249 132.52 15.2046 134.81
116.399 24.5885 132.656 15.1991 134.674
116.499 24.5521 132.792 15.1935 134.538
116.599 24.5157 132.927 15.1878 134.402
116.699 24.4792 133.063 15.1821 134.266
116.799 24.4428 133.199 15.1764 134.131
116.899 24.4063 133.334 15.1706 133.995
116.999 24.3699 133.47 15.1647 133.86
117.099 24.3334 133.605 15.1588 133.724
117.199 24.2969 133.74 15.1528 133.589
117.299 24.2604 133.875 15.1467 133.454
117.399 24.2239 134.01 15.1406 133.319
117.499 24.1874 134.145 15.1345 133.184
117.599 24.1508 134.28 15.1283 133.05
117.699 24.1143 134.414 15.122 132.915
117.799 24.0777 134.549 15.1157 132.781
117.899 24.0412 134.683 15.1093 132.647
117.999 24.0046 134.817 15.1028 132.512
118.099 23.968 134.951 15.0963 132.378
118.199 23.9314 135.085 15.0898 132.244
118.299 23.8947 135.219 15.0832 132.111
118.399 23.8581 135.353 15.0765 131.977
118.499 23.8214 135.486 15.0698 131.843
118.599 23.7848 135.62 15.063 131.71
118.699 23.7481 135.753 15.0562 131.577
118.799 23.7114 135.886 15.0493 131.443
118.899 23.6747 136.019 15.0423 131.31
118.999 23.638 136.152 15.0353 131.177
119.099 23.6013 136.285 15.0282 131.045
119.199 23.5646 136.417 15.0211 130.912
119.299 23.5278 136.55 15.0139 130.779
119.399 23.4911 136.682 15.0067 130.647
119.499 23.4543 136.815 14.9994 130.515
119.599 23.4175 136.947 14.992 130.383
119.699 23.3807 137.079 14.9846 130.251
119.799 23.3439 137.211 14.9771 130.119
119.899 23.3071 137.342 14.9696 129.987
119.999 23.2703 137.474 14.962 129.855
120.099 23.2335 137.606 14.9544 129.724
120.199 23.1966 137.737 14.9466 129.593
120.299 23.1598 137.868 14.9389 129.461
120.399 23.1229 137.999 14.9311 129.33
120.499 23.086 138.13 14.9232 129.199
120.599 23.0491 138.261 14.9152 129.069
120.699 23.0122 138.392 14.9072 128.938
120.799 22.9753 138.522 14.8992 128.807
120.899 22.9384 138.653 14.8911 128.677
120.999 22.9014 138.783 14.8829 128.547
121.099 22.8645 138.913 14.8747 128.416
121.199 22.8275 139.043 14.8664 128.286
121.299 22.7906 139.173 14.858 128.157
121.399 22.7536 139.303 14.8496 128.027
121.499 22.7166 139.432 14.8411 127.897
121.599 22.6796 139.562 14.8326 127.768
121.699 22.6426 139.691 14.824 127.639
121.799 22.6055 139.82 14.8154 127.509
121.899 22.5685 139.949 14.8067 127.38
121.999 22.5315 140.078 14.7979 127.251
122.099 22.4944 140.207 14.7891 127.123
122.199 22.4573 140.335 14.7802 126.994
122.299 22.4203 140.464 14.7713 126.866
122.399 22.3832 140.592 14.7623 126.737
122.499 22.3461 140.72 14.7532 126.609
122.599 22.309 140.848 14.7441 126.481
122.699 22.2718 140.976 14.7349 126.353
122.799 22.2347 141.104 14.7257 126.225
122.899 22.1976 141.232 14.7164 126.098
122.999 22.1604 141.359 14.707 125.97
123.099 22.1232 141.486 14.6976 125.843
123.199 22.0861 141.614 14.6881 125.716
123.299 22.0489 141.741 14.6786 125.589
123.399 22.0117 141.867 14.669 125.462
123.499 21.9745 141.994 14.6593 125.335
123.599 21.9373 142.121 14.6496 125.209
123.699 21.9 142.247 14.6398 125.082
123.799 21.8628 142.374 14.63 124.956
123.899 21.8256 142.5 14.6201 124.83
123.999 21.7883 142.626 14.6101 124.704
124.099 21.751 142.752 14.6001 124.578
124.199 21.7138 142.877 14.59 124.452
124.299 21.6765 143.003 14.5799 124.327
124.399 21.6392 143.128 14.5697 124.201
124.499 21.6019 143.253 14.5594 124.076
124.599 21.5646 143.379 14.5491 123.951
124.699 21.5272 143.504 14.5387 123.826
124.799 21.4899 143.628 14.5283 123.701
124.899 21.4525 143.753 14.5178 123.576
124.999 21.4152 143.878 14.5072 123.452
125.099 21.3778 144.002 14.4966 123.328
125.199 21.3404 144.126 14.4859 123.203
125.299 21.3031 144.25 14.4751 123.079
125.399 21.2657 144.374 14.4643 122.955
125.499 21.2283 144.498 14.4534 122.832
125.599 21.1908 144.621 14.4425 122.708
125.699 21.1534 144.745 14.4315 122.585
125.799 21.116 144.868 14.4205 122.461
125.899 21.0785 144.991 14.4093 122.338
125.999 21.0411 145.114 14.3982 122.215
126.099 21.0036 145.237 14.3869 122.093
126.199 20.9661 145.36 14.3756 121.97
126.299 20.9287 145.482 14.3643 121.847
126.399 20.8912 145.604 14.3528 121.725
126.499 20.8537 145.727 14.3414 121.603
126.599 20.8162 145.849 14.3298 121.481
126.699 20.7786 145.971 14.3182 121.359
126.799 20.7411 146.092 14.3065 121.237
126.899 20.7036 146.214 14.2948 121.116
126.999 20.666 146.335 14.283 120.994
127.099 20.6285 146.456 14.2712 120.873
127.199 20.5909 146.577 14.2592 120.752
127.299 20.5533 146.698 14.2473 120.631
127.399 20.5158 146.819 14.2352 120.51
127.499 20.4782 146.94 14.2231 120.39
127.599 20.4406 147.06 14.211 120.269
127.699 20.4029 147.18 14.1987 120.149
127.799 20.3653 147.301 14.1864 120.029
127.899 20.3277 147.42 14.1741 119.909
127.999 20.2901 147.54 14.1617 119.789
128.099 20.2524 147.66 14.1492 119.67
128.199 20.2147 147.779 14.1367 119.55
128.299 20.1771 147.899 14.1241 119.431
128.399 20.1394 148.018 14.1114 119.312
128.499 20.1017 148.137 14.0987 119.193
128.599 20.064 148.256 14.0859 119.074
128.699 20.0263 148.374 14.073 118.955
128.799 19.9886 148.493 14.0601 118.837
128.899 19.9509 148.611 14.0472 118.719
128.999 19.9132 148.729 14.0341 118.6
129.099 19.8754 148.847 14.021 118.482
129.199 19.8377 148.965 14.0079 118.365
129.299 19.7999 149.083 13.9946 118.247
129.399 19.7622 149.2 13.9813 118.13
129.499 19.7244 149.317 13.968 118.012
129.599 19.6866 149.434 13.9546 117.895
129.699 19.6488 149.551 13.9411 117.778
129.799 19.611 149.668 13.9276 117.661
129.899 19.5732 149.785 13.914 117.545
129.999 19.5354 149.901 13.9003 117.428
130.099 19.4976 150.018 13.8866 117.312
130.199 19.4597 150.134 13.8728 117.196
130.299 19.4219 150.25 13.8589 117.08
130.399 19.384 150.365 13.845 116.964
130.499 19.3462 150.481 13.831 116.849
130.599 19.3083 150.596 13.817 116.733
130.699 19.2705 150.712 13.8029 116.618
130.799 19.2326 150.827 13.7887 116.503
130.899 19.1947 150.942 13.7745 116.388
130.999 19.1568 151.056 13.7602 116.273
131.099 19.1189 151.171 13.7458 116.159
131.199 19.081 151.285 13.7314 116.044
131.299 19.043 151.4 13.7169 115.93
131.399 19.0051 151.514 13.7024 115.816
131.499 18.9672 151.627 13.6877 115.702
131.599 18.9292 151.741 13.6731 115.588
131.699 18.8913 151.855 13.6583 115.475
131.799 18.8533 151.968 13.6435 115.362
131.899 18.8153 152.081 13.6287 115.248
131.999 18.7774 152.194 13.6137 115.135
132.099 18.7394 152.307 13.5987 115.023
132.199 18.7014 152.42 13.5837 114.91
132.299 18.6634 152.532 13.5686 114.798
132.399 18.6254 152.644 13.5534 114.685
132.499 18.5873 152.756 13.5381 114.573
132.599 18.5493 152.868 13.5228 114.461
132.699 18.5113 152.98 13.5074 114.35
132.799 18.4732 153.092 13.492 114.238
132.899 18.4352 153.203 13.4765 114.127
132.999 18.3971 153.314 13.4609 114.015
133.099 18.3591 153.425 13.4453 113.904
133.199 18.321 153.536 13.4296 113.794
133.299 18.2829 153.647 13.4138 113.683
133.399 18.2448 153.757 13.398 113.572
133.499 18.2067 153.867 13.3821 113.462
133.599 18.1686 153.977 13.3662 113.352
133.699 18.1305 154.087 13.3502 113.242
133.799 18.0924 154.197 13.3341 113.132
133.899 18.0543 154.307 13.318 113.023
133.999 18.0162 154.416 13.3018 112.913
134.099 17.978 154.525 13.2855 112.804
134.199 17.9399 154.634 13.2691 112.695
134.299 17.9017 154.743 13.2528 112.586
134.399 17.8636 154.852 13.2363 112.478
134.499 17.8254 154.96 13.2198 112.369
134.599 17.7872 155.068 13.2032 112.261
134.699 17.749 155.176 13.1865 112.153
134.799 17.7108 155.284 13.1698 112.045
134.899 17.6726 155.392 13.153 111.938
134.999 17.6344 155.499 13.1362 111.83
135.099 17.5962 155.607 13.1193 111.723
135.199 17.558 155.714 13.1023 111.616
135.299 17.5198 155.821 13.0853 111.509
135.399 17.4816 155.928 13.0682 111.402
135.499 17.4433 156.034 13.051 111.295
135.599 17.4051 156.141 13.0338 111.189
135.699 17.3668 156.247 13.0165 111.083
135.799 17.3286 156.353 12.9991 110.977
135.899 17.2903 156.459 12.9817 110.871
135.999 17.252 156.564 12.9642 110.765
136.099 17.2137 156.67 12.9466 110.66
136.199 17.1754 156.775 12.929 110.555
136.299 17.1371 156.88 12.9113 110.45
136.399 17.0988 156.985 12.8936 110.345
136.499 17.0605 157.089 12.8758 110.24
136.599 17.0222 157.194 12.8579 110.136
136.699 16.9839 157.298 12.84 110.031
136.799 16.9456 157.402 12.822 109.927
136.899 16.9072 157.506 12.8039 109.823
136.999 16.8689 157.61 12.7858 109.72
137.099 16.8305 157.713 12.7676 109.616
137.199 16.7922 157.817 12.7493 109.513
137.299 16.7538 157.92 12.731 109.41
137.399 16.7154 158.023 12.7126 109.307
137.499 16.6771 158.125 12.6942 109.204
137.599 16.6387 158.228 12.6757 109.101
137.699 16.6003 158.33 12.6571 108.999
137.799 16.5619 158.432 12.6384 108.897
137.899 16.5235 158.534 12.6197 108.795
137.999 16.4851 158.636 12.601 108.693
138.099 16.4467 158.738 12.5821 108.592
138.199 16.4082 158.839 12.5632 108.49
138.299 16.3698 158.94 12.5442 108.389
138.399 16.3314 159.041 12.5252 108.288
138.499 16.2929 159.142 12.5061 108.188
138.599 16.2545 159.242 12.487 108.087
138.699 16.216 159.343 12.4677 107.987
138.799 16.1776 159.443 12.4485 107.886
138.899 16.1391 159.543 12.4291 107.787
138.999 16.1006 159.643 12.4097 107.687
139.099 16.0621 159.742 12.3902 107.587
139.199 16.0237 159.842 12.3707 107.488
139.299 15.9852 159.941 12.3511 107.389
139.399 15.9467 160.04 12.3314 107.29
139.499 15.9082 160.139 12.3117 107.191
139.599 15.8697 160.237 12.2919 107.092
139.699 15.8311 160.335 12.272 106.994
139.799 15.7926 160.434 12.2521 106.896
139.899 15.7541 160.532 12.2321 106.798
139.999 15.7156 160.629 12.212 106.7
140.099 15.677 160.727 12.1919 106.603
140.199 15.6385 160.824 12.1717 106.505
140.299 15.5999 160.921 12.1515 106.408
140.399 15.5614 161.018 12.1312 106.311
140.499 15.5228 161.115 12.1108 106.215
140.599 15.4842 161.211 12.0903 106.118
140.699 15.4456 161.308 12.0698 106.022
140.799 15.4071 161.404 12.0493 105.926
140.899 15.3685 161.5 12.0286 105.83
140.999 15.3299 161.596 12.0079 105.734
141.099 15.2913 161.691 11.9872 105.638
141.199 15.2527 161.786 11.9664 105.543
141.299 15.214 161.881 11.9455 105.448
141.399 15.1754 161.976 11.9245 105.353
141.499 15.1368 162.071 11.9035 105.259
141.599 15.0982 162.165 11.8824 105.164
141.699 15.0595 162.26 11.8613 105.07
141.799 15.0209 162.354 11.8401 104.976
141.899 14.9823 162.448 11.8188 104.882
141.999 14.9436 162.541 11.7975 104.788
142.099 14.9049 162.635 11.7761 104.695
142.199 14.8663 162.728 11.7546 104.602
142.299 14.8276 162.821 11.7331 104.509
142.399 14.7889 162.914 11.7115 104.416
142.499 14.7502 163.006 11.6899 104.323
142.6 14.7116 163.099 11.6682 104.231
142.7 14.6729 163.191 11.6464 104.139
142.8 14.6342 163.283 11.6245 104.047
142.9 14.5955 163.374 11.6026 103.955
143 14.5568 163.466 11.5807 103.864
143.1 14.518 163.557 11.5586 103.772
143.2 14.4793 163.648 11.5365 103.681
143.3 14.4406 163.739 11.5144 103.59
143.4 14.4019 163.83 11.4922 103.5
143.5 14.3631 163.92 11.4699 103.409
143.6 14.3244 164.011 11.4475 103.319
143.7 14.2857 164.101 11.4251 103.229
143.8 14.2469 164.191 11.4027 103.139
143.9 14.2081 164.28 11.3801 103.049
144 14.1694 164.37 11.3575 102.96
144.1 14.1306 164.459 11.3349 102.871
144.2 14.0918 164.548 11.3121 102.782
144.3 14.0531 164.636 11.2893 102.693
144.4 14.0143 164.725 11.2665 102.605
144.5 13.9755 164.813 11.2436 102.516
144.6 13.9367 164.901 11.2206 102.428
144.7 13.8979 164.989 11.1976 102.34
144.8 13.8591 165.077 11.1745 102.253
144.9 13.8203 165.164 11.1513 102.165
145 13.7815 165.252 11.1281 102.078
145.1 13.7427 165.339 11.1048 101.991
145.2 13.7038 165.425 11.0814 101.904
145.3 13.665 165.512 11.058 101.817
145.4 13.6262 165.598 11.0346 101.731
145.5 13.5873 165.685 11.011 101.645
145.6 13.5485 165.771 10.9874 101.559
145.7 13.5096 165.856 10.9638 101.473
145.8 13.4708 165.942 10.94 101.388
145.9 13.4319 166.027 10.9162 101.302
146 13.3931 166.112 10.8924 101.217
146.1 13.3542 166.197 10.8685 101.133
146.2 13.3153 166.282 10.8445 101.048
146.3 13.2764 166.366 10.8205 100.964
146.4 13.2375 166.45 10.7964 100.879
146.5 13.1987 166.534 10.7722 100.795
146.6 13.1598 166.618 10.748 100.712
146.7 13.1209 166.701 10.7237 100.628
146.8 13.082 166.785 10.6994 100.545
146.9 13.0431 166.868 10.675 100.462
147 13.0041 166.95 10.6505 100.379
147.1 12.9652 167.033 10.626 100.296
147.2 12.9263 167.116 10.6014 100.214
147.3 12.8874 167.198 10.5768 100.132
147.4 12.8484 167.28 10.552 100.05
147.5 12.8095 167.361 10.5273 99.9681
147.6 12.7706 167.443 10.5024 99.8866
147.7 12.7316 167.524 10.4775 99.8053
147.8 12.6927 167.605 10.4526 99.7242
147.9 12.6537 167.686 10.4276 99.6434
148 12.6148 167.767 10.4025 99.5628
148.1 12.5758 167.847 10.3774 99.4824
148.2 12.5368 167.927 10.3522 99.4023
148.3 12.4979 168.007 10.3269 99.3223
148.4 12.4589 168.087 10.3016 99.2426
148.5 12.4199 168.166 10.2762 99.1631
148.6 12.3809 168.246 10.2508 99.0839
148.7 12.3419 168.325 10.2253 99.0048
148.8 12.3029 168.403 10.1997 98.926
148.9 12.2639 168.482 10.1741 98.8474
149 12.2249 168.56 10.1484 98.7691
149.1 12.1859 168.639 10.1227 98.691
149.2 12.1469 168.716 10.0969 98.6131
149.3 12.1079 168.794 10.071 98.5354
149.4 12.0689 168.872 10.0451 98.458
149.5 12.0298 168.949 10.0191 98.3807
149.6 11.9908 169.026 9.9931 98.3038
149.7 11.9518 169.102 9.967 98.227
149.8 11.9127 169.179 9.94084 98.1505
149.9 11.8737 169.255 9.91463 98.0742
150 11.8347 169.331 9.88835 97.9981
150.1 11.7956 169.407 9.86202 97.9223
150.2 11.7566 169.483 9.83563 97.8467
150.3 11.7175 169.558 9.80918 97.7713
150.4 11.6784 169.633 9.78267 97.6961
150.5 11.6394 169.708 9.7561 97.6212
150.6 11.6003 169.783 9.72947 97.5465
150.7 11.5612 169.857 9.70278 97.4721
150.8 11.5221 169.932 9.67604 97.3978
150.9 11.4831 170.006 9.64924 97.3239
151 11.444 170.079 9.62237 97.2501
151.1 11.4049 170.153 9.59545 97.1766
151.2 11.3658 170.226 9.56848 97.1033
151.3 11.3267 170.299 9.54144 97.0302
151.4 11.2876 170.372 9.51435 96.9574
151.5 11.2485 170.445 9.4872 96.8848
151.6 11.2094 170.517 9.45999 96.8124
151.7 11.1702 170.589 9.43272 96.7403
151.8 11.1311 170.661 9.4054 96.6684
151.9 11.092 170.733 9.37802 96.5967
152 11.0529 170.804 9.35058 96.5253
152.1 11.0137 170.875 9.32308 96.4541
152.2 10.9746 170.946 9.29553 96.3831
152.3 10.9355 171.017 9.26792 96.3124
152.4 10.8963 171.088 9.24025 96.2419
152.5 10.8572 171.158 9.21253 96.1716
152.6 10.818 171.228 9.18475 96.1016
152.7 10.7789 171.298 9.15691 96.0318
152.8 10.7397 171.367 9.12902 95.9622
152.9 10.7006 171.437 9.10107 95.8929
153 10.6614 171.506 9.07306 95.8238
153.1 10.6222 171.574 9.045 95.755
153.2 10.5831 171.643 9.01688 95.6864
153.3 10.5439 171.711 8.98871 95.618
153.4 10.5047 171.78 8.96048 95.5499
153.5 10.4655 171.848 8.93219 95.482
153.6 10.4263 171.915 8.90385 95.4143
153.7 10.3871 171.983 8.87545 95.3469
153.8 10.3479 172.05 8.847 95.2797
153.9 10.3087 172.117 8.81849 95.2128
154 10.2695 172.183 8.78993 95.146
154.1 10.2303 172.25 8.76131 95.0796
154.2 10.1911 172.316 8.73264 95.0133
154.3 10.1519 172.382 8.70392 94.9473
154.4 10.1127 172.448 8.67513 94.8816
154.5 10.0735 172.513 8.6463 94.8161
154.6 10.0343 172.579 8.61741 94.7508
154.7 9.99504 172.644 8.58846 94.6858
154.8 9.95581 172.709 8.55947 94.621
154.9 9.91658 172.773 8.53041 94.5564
155 9.87734 172.837 8.50131 94.4921
155.1 9.8381 172.901 8.47215 94.428
155.2 9.79886 172.965 8.44293 94.3642
155.3 9.75961 173.029 8.41367 94.3006
155.4 9.72036 173.092 8.38435 94.2372
155.5 9.68111 173.155 8.35497 94.1741
155.6 9.64185 173.218 8.32554 94.1112
155.7 9.60259 173.281 8.29606 94.0486
155.8 9.56333 173.343 8.26653 93.9862
155.9 9.52406 173.405 8.23695 93.9241
156 9.48479 173.467 8.20731 93.8621
156.1 9.44552 173.529 8.17762 93.8005
156.2 9.40625 173.59 8.14788 93.7391
156.3 9.36697 173.652 8.11808 93.6779
156.4 9.32769 173.713 8.08823 93.6169
156.5 9.2884 173.773 8.05834 93.5563
156.6 9.24911 173.834 8.02839 93.4958
156.7 9.20982 173.894 7.99838 93.4356
156.8 9.17053 173.954 7.96833 93.3756
156.9 9.13123 174.014 7.93823 93.3159
157 9.09193 174.073 7.90807 93.2564
157.1 9.05262 174.132 7.87786 93.1972
157.2 9.01332 174.191 7.84761 93.1382
157.3 8.97401 174.25 7.8173 93.0795
157.4 8.93469 174.309 7.78694 93.021
157.5 8.89538 174.367 7.75653 92.9627
157.6 8.85606 174.425 7.72607 92.9047
157.7 8.81674 174.483 7.69556 92.8469
157.8 8.77741 174.54 7.665 92.7894
157.9 8.73808 174.597 7.63439 92.7322
158 8.69875 174.654 7.60373 92.6751
158.1 8.65942 174.711 7.57302 92.6183
158.2 8.62008 174.768 7.54226 92.5618
158.3 8.58074 174.824 7.51146 92.5055
158.4 8.5414 174.88 7.4806 92.4495
158.5 8.50205 174.936 7.44969 92.3937
158.6 8.4627 174.991 7.41874 92.3381
158.7 8.42335 175.047 7.38774 92.2828
158.8 8.384 175.102 7.35669 92.2278
158.9 8.34464 175.157 7.32559 92.173
159.001 8.30528 175.211 7.29444 92.1184
159.101 8.26592 175.265 7.26324 92.0641
159.201 8.22655 175.319 7.232 92.01
159.301 8.18719 175.373 7.20071 91.9562
159.401 8.14781 175.427 7.16937 91.9026
159.501 8.10844 175.48 7.13799 91.8493
159.601 8.06906 175.533 7.10655 91.7962
159.701 8.02969 175.586 7.07507 91.7434
159.801 7.9903 175.639 7.04355 91.6908
159.901 7.95092 175.691 7.01197 91.6385
160.001 7.91153 175.743 6.98035 91.5864
160.101 7.87214 175.795 6.94869 91.5346
160.201 7.83275 175.846 6.91698 91.483
160.301 7.79336 175.898 6.88522 91.4317
160.401 7.75396 175.949 6.85341 91.3806
160.501 7.71456 176 6.82157 91.3298
160.601 7.67516 176.05 6.78967 91.2792
160.701 7.63575 176.101 6.75773 91.2289
160.801 7.59634 176.151 6.72574 91.1788
160.901 7.55693 176.201 6.69371 91.129
161.001 7.51752 176.25 6.66164 91.0794
161.101 7.47811 176.299 6.62952 91.03
161.201 7.43869 176.349 6.59736 90.981
161.301 7.39927 176.397 6.56515 90.9321
161.401 7.35984 176.446 6.5329 90.8836
161.501 7.32042 176.494 6.5006 90.8352
161.601 7.28099 176.542 6.46826 90.7872
161.701 7.24156 176.59 6.43588 90.7393
161.801 7.20213 176.638 6.40345 90.6918
161.901 7.1627 176.685 6.37098 90.6445
162.001 7.12326 176.732 6.33847 90.5974
162.101 7.08382 176.779 6.30591 90.5506
162.201 7.04438 176.825 6.27332 90.504
162.301 7.00493 176.872 6.24068 90.4577
162.401 6.96549 176.918 6.20799 90.4116
162.501 6.92604 176.964 6.17527 90.3658
162.601 6.88659 177.009 6.1425 90.3203
162.701 6.84713 177.054 6.1097 90.275
162.801 6.80768 177.1 6.07685 90.2299
162.901 6.76822 177.144 6.04396 90.1852
163.001 6.72876 177.189 6.01102 90.1406
163.101 6.6893 177.233 5.97805 90.0963
163.201 6.64983 177.277 5.94504 90.0523
163.301 6.61037 177.321 5.91199 90.0085
163.401 6.5709 177.364 5.87889 89.965
163.501 6.53143 177.408 5.84576 89.9217
163.601 6.49195 177.451 5.81258 89.8787
163.701 6.45248 177.494 5.77937 89.836
163.801 6.413 177.536 5.74612 89.7934
163.901 6.37352 177.578 5.71282 89.7512
164.001 6.33404 177.62 5.67949 89.7092
164.101 6.29456 177.662 5.64612 89.6675
164.201 6.25507 177.704 5.61271 89.626
164.301 6.21558 177.745 5.57927 89.5847
164.401 6.17609 177.786 5.54578 89.5438
164.501 6.1366 177.826 5.51226 89.503
164.601 6.09711 177.867 5.4787 89.4626
164.701 6.05761 177.907 5.4451 89.4224
164.801 6.01811 177.947 5.41146 89.3824
164.901 5.97861 177.987 5.37779 89.3427
165.001 5.93911 178.026 5.34407 89.3033
165.101 5.89961 178.065 5.31033 89.2641
165.201 5.8601 178.104 5.27654 89.2252
165.301 5.8206 178.143 5.24272 89.1865
165.401 5.78109 178.181 5.20886 89.1481
165.501 5.74157 178.22 5.17497 89.1099
165.601 5.70206 178.257 5.14104 89.072
165.701 5.66255 178.295 5.10708 89.0344
165.801 5.62303 178.333 5.07308 88.997
165.901 5.58351 178.37 5.03904 88.9598
166.001 5.54399 178.407 5.00497 88.923
166.101 5.50447 178.443 4.97086 88.8863
166.201 5.46494 178.48 4.93672 88.85
166.301 5.42542 178.516 4.90255 88.8139
166.401 5.38589 178.551 4.86834 88.778
166.501 5.34636 178.587 4.8341 88.7424
166.601 5.30683 178.622 4.79983 88.7071
166.701 5.2673 178.657 4.76552 88.672
166.801 5.22776 178.692 4.73117 88.6372
166.901 5.18823 178.727 4.6968 88.6027
167.001 5.14869 178.761 4.66239 88.5684
167.101 5.10915 178.795 4.62795 88.5343
167.201 5.06961 178.829 4.59348 88.5005
167.301 5.03006 178.862 4.55897 88.467
167.401 4.99052 178.896 4.52444 88.4338
167.501 4.95097 178.929 4.48987 88.4007
167.601 4.91143 178.961 4.45527 88.368
167.701 4.87188 178.994 4.42064 88.3355
167.801 4.83232 179.026 4.38597 88.3033
167.901 4.79277 179.058 4.35128 88.2713
168.001 4.75322 179.09 4.31656 88.2396
168.101 4.71366 179.121 4.2818 88.2082
168.201 4.67411 179.153 4.24702 88.177
168.301 4.63455 179.183 4.2122 88.146
168.401 4.59499 179.214 4.17736 88.1154
168.501 4.55542 179.245 4.14249 88.0849
168.601 4.51586 179.275 4.10759 88.0548
168.701 4.4763 179.305 4.07265 88.0249
168.801 4.43673 179.334 4.03769 87.9953
168.901 4.39716 179.364 4.00271 87.9659
169.001 4.35759 179.393 3.96769 87.9368
169.101 4.31802 179.422 3.93265 87.9079
169.201 4.27845 179.45 3.89757 87.8793
169.301 4.23888 179.478 3.86247 87.851
169.401 4.1993 179.507 3.82735 87.8229
169.501 4.15973 179.534 3.79219 87.7951
169.601 4.12015 179.562 3.75701 87.7676
169.701 4.08057 179.589 3.7218 87.7403
169.801 4.04099 179.616 3.68657 87.7133
169.901 4.00141 179.643 3.65131 87.6865
170.001 3.96183 179.669 3.61602 87.66
170.101 3.92225 179.696 3.58071 87.6337
170.201 3.88266 179.722 3.54537 87.6078
170.301 3.84308 179.747 3.51001 87.582
170.401 3.80349 179.773 3.47462 87.5566
170.501 3.7639 179.798 3.43921 87.5314
170.601 3.72431 179.823 3.40377 87.5064
170.701 3.68472 179.848 3.36831 87.4818
170.801 3.64513 179.872 3.33283 87.4573
170.901 3.60553 179.896 3.29732 87.4332
171.001 3.56594 179.92 3.26179 87.4093
171.101 3.52634 179.944 3.22623 87.3857
171.201 3.48675 179.967 3.19065 87.3623
171.301 3.44715 179.99 3.15505 87.3392
171.401 3.40755 180.013 3.11943 87.3164
171.501 3.36795 180.036 3.08378 87.2938
171.601 3.32835 180.058 3.04811 87.2715
171.701 3.28874 180.08 3.01243 87.2494
171.801 3.24914 180.102 2.97671 87.2276
171.901 3.20954 180.123 2.94098 87.2061
172.001 3.16993 180.145 2.90523 87.1848
172.101 3.13032 180.166 2.86945 87.1638
172.201 3.09072 180.186 2.83366 87.1431
172.301 3.05111 180.207 2.79784 87.1226
172.401 3.0115 180.227 2.76201 87.1023
172.501 2.97189 180.247 2.72615 87.0824
172.601 2.93228 180.267 2.69028 87.0627
172.701 2.89267 180.286 2.65438 87.0433
172.801 2.85305 180.305 2.61847 87.0241
172.901 2.81344 180.324 2.58254 87.0052
173.001 2.77382 180.343 2.54659 86.9866
173.101 2.73421 180.361 2.51062 86.9682
173.201 2.69459 180.379 2.47463 86.9501
173.301 2.65497 180.397 2.43863 86.9322
173.401 2.61535 180.415 2.40261 86.9146
173.501 2.57573 180.432 2.36657 86.8973
173.601 2.53611 180.449 2.33051 86.8802
173.701 2.49649 180.466 2.29444 86.8634
173.801 2.45687 180.483 2.25835 86.8469
173.901 2.41725 180.499 2.22224 86.8306
174.001 2.37763 180.515 2.18612 86.8146
174.101 2.338 180.531 2.14999 86.7989
174.201 2.29838 180.546 2.11383 86.7834
174.301 2.25875 180.561 2.07766 86.7682
174.401 2.21913 180.576 2.04148 86.7532
174.501 2.1795 180.591 2.00528 86.7386
174.601 2.13987 180.605 1.96907 86.7241
174.701 2.10024 180.62 1.93284 86.71
174.801 2.06061 180.633 1.8966 86.6961
174.901 2.02098 180.647 1.86035 86.6824
175.001 1.98135 180.66 1.82408 86.6691
175.101 1.94172 180.674 1.7878 86.656
175.201 1.90209 180.686 1.75151 86.6431
175.301 1.86246 180.699 1.7152 86.6306
175.402 1.82283 180.711 1.67888 86.6182
175.502 1.78319 180.723 1.64255 86.6062
175.602 1.74356 180.735 1.60621 86.5944
175.702 1.70392 180.747 1.56985 86.5829
175.802 1.66429 180.758 1.53349 86.5716
175.902 1.62465 180.769 1.49711 86.5607
176.002 1.58502 180.78 1.46072 86.5499
176.102 1.54538 180.79 1.42432 86.5395
176.202 1.50574 180.8 1.38792 86.5293
176.302 1.46611 180.81 1.3515 86.5193
176.402 1.42647 180.82 1.31507 86.5097
176.502 1.38683 180.829 1.27863 86.5003
176.602 1.34719 180.838 1.24218 86.4911
176.702 1.30755 180.847 1.20573 86.4823
176.802 1.26791 180.856 1.16926 86.4737
176.902 1.22827 180.864 1.13279 86.4653
177.002 1.18863 180.872 1.09631 86.4572
177.102 1.14899 180.88 1.05982 86.4494
177.202 1.10935 180.888 1.02332 86.4419
177.302 1.06971 180.895 0.986814 86.4346
177.402 1.03006 180.902 0.950302 86.4276
177.502 0.990421 180.909 0.913783 86.4208
177.602 0.950778 180.915 0.877258 86.4143
177.702 0.911136 180.921 0.840726 86.4081
177.802 0.871492 180.927 0.804188 86.4021
177.902 0.831849 180.933 0.767644 86.3965
178.002 0.792205 180.938 0.731095 86.391
178.102 0.752561 180.944 0.69454 86.3859
178.202 0.712916 180.949 0.657981 86.381
178.302 0.673272 180.953 0.621416 86.3763
178.402 0.633627 180.958 0.584847 86.372
178.502 0.593982 180.962 0.548274 86.3678
178.602 0.554337 180.965 0.511697 86.364
178.702 0.514692 180.969 0.475116 86.3604
178.802 0.475046 180.972 0.438532 86.3571
178.902 0.435401 180.975 0.401944 86.3541
179.002 0.395755 180.978 0.365353 86.3513
179.102 0.356109 180.981 0.32876 86.3488
179.202 0.316463 180.983 0.292165 86.3465
179.302 0.276817 180.985 0.255567 86.3446
179.402 0.237171 180.987 0.218968 86.3428
179.502 0.197524 180.988 0.182367 86.3414
179.602 0.157878 180.989 0.145764 86.3402
179.702 0.118232 180.99 0.109161 86.3393
179.802 0.0785852 180.991 0.0725565 86.3386
179.902 0.0389388 180.991 0.0359517 86.3382
