0 179.923 0 0 25.0338
0.1 89.9499 1.55619e-05 0.0285415 25.0338
0.2 89.8999 6.22475e-05 0.0570829 25.0338
0.3 89.8498 0.000140057 0.0856243 25.0337
0.4 89.7997 0.000248989 0.114166 25.0336
0.5 89.7497 0.000389045 0.142707 25.0334
0.6 89.6996 0.000560223 0.171248 25.0333
0.7 89.6495 0.000762523 0.199789 25.0331
0.8 89.5995 0.000995945 0.22833 25.0328
0.9 89.5494 0.00126049 0.25687 25.0326
1 89.4993 0.00155615 0.28541 25.0323
1.1 89.4492 0.00188293 0.31395 25.032
1.2 89.3992 0.00224083 0.34249 25.0316
1.3 89.3491 0.00262985 0.37103 25.0312
1.4 89.299 0.00304998 0.399569 25.0308
1.5 89.249 0.00350123 0.428107 25.0303
1.6 89.1989 0.00398359 0.456646 25.0299
1.7 89.1488 0.00449706 0.485184 25.0293
1.8 89.0988 0.00504164 0.513721 25.0288
1.9 89.0487 0.00561733 0.542258 25.0282
2 88.9986 0.00622413 0.570794 25.0276
2.1 88.9486 0.00686203 0.59933 25.027
2.2 88.8985 0.00753103 0.627865 25.0263
2.3 88.8484 0.00823114 0.6564 25.0256
2.4 88.7984 0.00896234 0.684934 25.0249
2.5 88.7483 0.00972464 0.713468 25.0241
2.6 88.6982 0.010518 0.742001 25.0233
2.7 88.6482 0.0113425 0.770533 25.0225
2.8 88.5981 0.0121981 0.799064 25.0216
2.9 88.548 0.0130848 0.827595 25.0207
3 88.4979 0.0140025 0.856125 25.0198
3.1 88.4479 0.0149513 0.884654 25.0189
3.2 88.3978 0.0159312 0.913182 25.0179
3.3 88.3477 0.0169422 0.94171 25.0169
3.4 88.2977 0.0179843 0.970236 25.0159
3.5 88.2476 0.0190574 0.998762 25.0148
3.6 88.1975 0.0201616 1.02729 25.0137
3.7 88.1475 0.0212968 1.05581 25.0125
3.8 88.0974 0.0224631 1.08433 25.0114
3.9 88.0473 0.0236605 1.11285 25.0102
4 87.9973 0.0248889 1.14138 25.0089
4.1 87.9472 0.0261484 1.1699 25.0077
4.2 87.8971 0.0274389 1.19841 25.0064
4.3 87.8471 0.0287604 1.22693 25.0051
4.4 87.797 0.030113 1.25545 25.0037
4.5 87.7469 0.0314966 1.28396 25.0023
4.6 87.6969 0.0329113 1.31248 25.0009
4.7 87.6468 0.0343569 1.34099 24.9995
4.8 87.5967 0.0358336 1.3695 24.998
4.9 87.5467 0.0373413 1.39801 24.9965
5 87.4966 0.03888 1.42652 24.995
5.1 87.4465 0.0404497 1.45503 24.9934
5.2 87.3964 0.0420504 1.48353 24.9918
5.3 87.3464 0.0436822 1.51204 24.9902
5.4 87.2963 0.0453449 1.54054 24.9885
5.5 87.2462 0.0470385 1.56904 24.9868
5.6 87.1962 0.0487632 1.59754 24.9851
5.7 87.1461 0.0505188 1.62604 24.9833
5.8 87.096 0.0523055 1.65454 24.9815
5.9 87.046 0.054123 1.68304 24.9797
6 86.9959 0.0559716 1.71153 24.9779
6.1 86.9458 0.0578511 1.74002 24.976
6.2 86.8958 0.0597615 1.76851 24.9741
6.3 86.8457 0.0617029 1.797 24.9721
6.4 86.7956 0.0636752 1.82549 24.9702
6.5 86.7456 0.0656784 1.85398 24.9682
6.6 86.6955 0.0677126 1.88246 24.9661
6.7 86.6454 0.0697777 1.91095 24.9641
6.8 86.5954 0.0718737 1.93943 24.962
6.9 86.5453 0.0740006 1.96791 24.9598
7 86.4952 0.0761584 1.99638 24.9577
7.1 86.4452 0.0783471 2.02486 24.9555
7.2 86.3951 0.0805666 2.05333 24.9533
7.3 86.345 0.0828171 2.0818 24.951
7.4 86.295 0.0850984 2.11027 24.9487
7.5 86.2449 0.0874106 2.13874 24.9464
7.6 86.1948 0.0897537 2.16721 24.9441
7.7 86.1447 0.0921276 2.19567 24.9417
7.79999 86.0947 0.0945323 2.22413 24.9393
7.89999 86.0446 0.0969679 2.25259 24.9369
7.99999 85.9945 0.0994343 2.28105 24.9344
8.09999 85.9445 0.101932 2.3095 24.9319
8.2 85.8944 0.10446 2.33796 24.9294
8.3 85.8443 0.107018 2.36641 24.9268
8.4 85.7943 0.109608 2.39486 24.9242
8.5 85.7442 0.112229 2.4233 24.9216
8.6 85.6941 0.11488 2.45175 24.919
8.7 85.6441 0.117562 2.48019 24.9163
8.8 85.594 0.120275 2.50863 24.9136
8.9 85.5439 0.123018 2.53707 24.9108
9 85.4939 0.125792 2.5655 24.908
9.1 85.4438 0.128597 2.59393 24.9052
9.2 85.3937 0.131433 2.62236 24.9024
9.3 85.3437 0.1343 2.65079 24.8995
9.4 85.2936 0.137197 2.67922 24.8966
9.5 85.2435 0.140125 2.70764 24.8937
9.6 85.1935 0.143083 2.73606 24.8908
9.7 85.1434 0.146072 2.76448 24.8878
9.8 85.0933 0.149092 2.79289 24.8847
9.9 85.0433 0.152143 2.8213 24.8817
10 84.9932 0.155224 2.84971 24.8786
10.1 84.9431 0.158336 2.87812 24.8755
10.2 84.8931 0.161479 2.90652 24.8724
10.3 84.843 0.164652 2.93492 24.8692
10.4 84.7929 0.167856 2.96332 24.866
10.5 84.7428 0.17109 2.99172 24.8627
10.6 84.6928 0.174355 3.02011 24.8595
10.7 84.6427 0.177651 3.0485 24.8562
10.8 84.5926 0.180977 3.07689 24.8529
10.9 84.5426 0.184334 3.10528 24.8495
11 84.4925 0.187721 3.13366 24.8461
11.1 84.4424 0.191139 3.16204 24.8427
11.2 84.3924 0.194588 3.19041 24.8392
11.3 84.3423 0.198067 3.21878 24.8358
11.4 84.2922 0.201576 3.24715 24.8323
11.5 84.2422 0.205116 3.27552 24.8287
11.6 84.1921 0.208687 3.30388 24.8251
11.7 84.142 0.212288 3.33224 24.8215
11.8 84.092 0.215919 3.3606 24.8179
11.9 84.0419 0.219581 3.38896 24.8143
12 83.9918 0.223274 3.41731 24.8106
12.1 83.9418 0.226997 3.44565 24.8068
12.2 83.8917 0.23075 3.474 24.8031
12.3 83.8416 0.234533 3.50234 24.7993
12.4 83.7916 0.238348 3.53068 24.7955
12.5 83.7415 0.242192 3.55901 24.7916
12.6 83.6914 0.246067 3.58734 24.7878
12.7 83.6414 0.249972 3.61567 24.7839
12.8 83.5913 0.253908 3.644 24.7799
12.9 83.5412 0.257874 3.67232 24.776
13 83.4912 0.26187 3.70063 24.772
13.1 83.4411 0.265897 3.72895 24.7679
13.2 83.391 0.269954 3.75726 24.7639
13.3 83.341 0.274041 3.78557 24.7598
13.4 83.2909 0.278159 3.81387 24.7557
13.5 83.2408 0.282306 3.84217 24.7515
13.6 83.1908 0.286485 3.87046 24.7473
13.7 83.1407 0.290693 3.89876 24.7431
13.8 83.0906 0.294931 3.92705 24.7389
13.9 83.0406 0.2992 3.95533 24.7346
14 82.9905 0.303499 3.98361 24.7303
14.1 82.9404 0.307829 4.01189 24.726
14.2 82.8904 0.312188 4.04016 24.7216
14.3 82.8403 0.316577 4.06843 24.7173
14.4 82.7902 0.320997 4.0967 24.7128
14.5 82.7402 0.325447 4.12496 24.7084
14.6 82.6901 0.329927 4.15322 24.7039
14.7 82.64 0.334437 4.18147 24.6994
14.8 82.59 0.338978 4.20972 24.6949
14.9 82.5399 0.343548 4.23797 24.6903
15 82.4898 0.348148 4.26621 24.6857
15.1 82.4398 0.352779 4.29445 24.6811
15.2 82.3897 0.357439 4.32269 24.6764
15.3 82.3396 0.36213 4.35092 24.6717
15.4 82.2896 0.36685 4.37914 24.667
15.5 82.2395 0.371601 4.40736 24.6622
15.6 82.1894 0.376382 4.43558 24.6575
15.7 82.1394 0.381192 4.46379 24.6526
15.8 82.0893 0.386033 4.492 24.6478
15.9 82.0392 0.390903 4.52021 24.6429
16 81.9892 0.395803 4.54841 24.638
16.1 81.9391 0.400734 4.5766 24.6331
16.2 81.889 0.405694 4.6048 24.6281
16.3 81.839 0.410684 4.63298 24.6232
16.4 81.7889 0.415704 4.66117 24.6181
16.5 81.7388 0.420754 4.68935 24.6131
16.6 81.6888 0.425834 4.71752 24.608
16.7 81.6387 0.430943 4.74569 24.6029
16.8 81.5886 0.436082 4.77385 24.5978
16.9 81.5386 0.441252 4.80201 24.5926
17 81.4885 0.44645 4.83017 24.5874
17.1 81.4385 0.451679 4.85832 24.5822
17.2 81.3884 0.456938 4.88647 24.5769
17.3 81.3383 0.462226 4.91461 24.5716
17.4 81.2883 0.467544 4.94275 24.5663
17.5 81.2382 0.472891 4.97088 24.5609
17.6 81.1881 0.478268 4.99901 24.5556
17.7 81.1381 0.483675 5.02713 24.5502
17.8 81.088 0.489112 5.05525 24.5447
17.9 81.0379 0.494578 5.08336 24.5393
18 80.9879 0.500074 5.11147 24.5338
18.1 80.9378 0.505599 5.13958 24.5282
18.2 80.8877 0.511154 5.16767 24.5227
18.3 80.8377 0.516739 5.19577 24.5171
18.4 80.7876 0.522353 5.22386 24.5115
18.5 80.7375 0.527997 5.25194 24.5058
18.6 80.6875 0.53367 5.28002 24.5002
18.7 80.6374 0.539372 5.30809 24.4945
18.8 80.5873 0.545104 5.33616 24.4887
18.9 80.5373 0.550866 5.36422 24.483
19 80.4872 0.556657 5.39228 24.4772
19.1 80.4371 0.562478 5.42034 24.4714
19.2 80.3871 0.568327 5.44838 24.4655
19.3 80.337 0.574207 5.47643 24.4596
19.4 80.287 0.580115 5.50446 24.4537
19.5 80.2369 0.586053 5.5325 24.4478
19.6 80.1868 0.592021 5.56052 24.4418
19.7 80.1368 0.598017 5.58854 24.4358
19.8 80.0867 0.604043 5.61656 24.4298
19.9 80.0366 0.610099 5.64457 24.4237
20 79.9866 0.616183 5.67258 24.4177
20.1 79.9365 0.622297 5.70058 24.4115
20.2 79.8864 0.62844 5.72857 24.4054
20.3 79.8364 0.634612 5.75656 24.3992
20.4 79.7863 0.640814 5.78454 24.393
20.5 79.7362 0.647044 5.81252 24.3868
20.6 79.6862 0.653304 5.84049 24.3805
20.7 79.6361 0.659593 5.86846 24.3742
20.8 79.586 0.665911 5.89642 24.3679
20.9 79.536 0.672258 5.92437 24.3616
21 79.4859 0.678634 5.95232 24.3552
21.1 79.4359 0.685039 5.98027 24.3488
21.2 79.3858 0.691473 6.0082 24.3424
21.3 79.3357 0.697937 6.03613 24.3359
21.4 79.2857 0.704429 6.06406 24.3294
21.5 79.2356 0.71095 6.09198 24.3229
21.6 79.1855 0.7175 6.11989 24.3163
21.7 79.1355 0.724079 6.1478 24.3098
21.8 79.0854 0.730687 6.1757 24.3031
21.9 79.0353 0.737324 6.2036 24.2965
22 78.9853 0.74399 6.23149 24.2898
22.1 78.9352 0.750685 6.25938 24.2831
22.2 78.8852 0.757408 6.28725 24.2764
22.3 78.8351 0.764161 6.31513 24.2697
22.4 78.785 0.770942 6.34299 24.2629
22.5 78.735 0.777752 6.37085 24.2561
22.6 78.6849 0.78459 6.3987 24.2492
22.7001 78.6348 0.791458 6.42655 24.2424
22.8001 78.5848 0.798354 6.45439 24.2355
22.9001 78.5347 0.805279 6.48223 24.2286
23.0001 78.4846 0.812232 6.51005 24.2216
23.1001 78.4346 0.819214 6.53788 24.2146
23.2001 78.3845 0.826225 6.56569 24.2076
23.3001 78.3345 0.833264 6.5935 24.2006
23.4001 78.2844 0.840332 6.6213 24.1935
23.5001 78.2343 0.847429 6.6491 24.1864
23.6001 78.1843 0.854554 6.67689 24.1793
23.7001 78.1342 0.861707 6.70467 24.1721
23.8001 78.0841 0.86889 6.73245 24.1649
23.9001 78.0341 0.8761 6.76022 24.1577
24.0001 77.984 0.883339 6.78798 24.1505
24.1001 77.934 0.890607 6.81574 24.1432
24.2001 77.8839 0.897902 6.84349 24.1359
24.3001 77.8338 0.905227 6.87123 24.1286
24.4001 77.7838 0.912579 6.89897 24.1213
24.5001 77.7337 0.91996 6.9267 24.1139
24.6001 77.6836 0.927369 6.95442 24.1065
24.7001 77.6336 0.934807 6.98214 24.099
24.8001 77.5835 0.942273 7.00985 24.0916
24.9001 77.5335 0.949767 7.03755 24.0841
25.0001 77.4834 0.957289 7.06525 24.0765
25.1001 77.4333 0.96484 7.09293 24.069
25.2001 77.3833 0.972419 7.12062 24.0614
25.3001 77.3332 0.980025 7.14829 24.0538
25.4001 77.2831 0.98766 7.17596 24.0462
25.5001 77.2331 0.995324 7.20362 24.0385
25.6001 77.183 1.00301 7.23127 24.0308
25.7001 77.133 1.01073 7.25892 24.0231
25.8001 77.0829 1.01848 7.28656 24.0154
25.9001 77.0328 1.02626 7.31419 24.0076
26.0001 76.9828 1.03406 7.34181 23.9998
26.1001 76.9327 1.04189 7.36943 23.9919
26.2001 76.8827 1.04975 7.39704 23.9841
26.3001 76.8326 1.05764 7.42464 23.9762
26.4001 76.7825 1.06555 7.45224 23.9683
26.5001 76.7325 1.0735 7.47983 23.9603
26.6001 76.6824 1.08147 7.50741 23.9524
26.7001 76.6323 1.08947 7.53498 23.9444
26.8001 76.5823 1.09749 7.56255 23.9363
26.9001 76.5322 1.10555 7.5901 23.9283
27.0001 76.4822 1.11363 7.61766 23.9202
27.1001 76.4321 1.12174 7.6452 23.9121
27.2001 76.382 1.12988 7.67273 23.904
27.3001 76.332 1.13804 7.70026 23.8958
27.4001 76.2819 1.14623 7.72778 23.8876
27.5001 76.2319 1.15445 7.75529 23.8794
27.6001 76.1818 1.1627 7.7828 23.8711
27.7001 76.1317 1.17098 7.8103 23.8629
27.8001 76.0817 1.17928 7.83779 23.8546
27.9001 76.0316 1.18761 7.86527 23.8462
28.0001 75.9816 1.19597 7.89274 23.8379
28.1001 75.9315 1.20436 7.92021 23.8295
28.2001 75.8814 1.21277 7.94766 23.8211
28.3001 75.8314 1.22121 7.97511 23.8126
28.4001 75.7813 1.22968 8.00255 23.8042
28.5001 75.7312 1.23817 8.02999 23.7957
28.6001 75.6812 1.2467 8.05741 23.7871
28.7001 75.6311 1.25525 8.08483 23.7786
28.8001 75.5811 1.26382 8.11224 23.77
28.9001 75.531 1.27243 8.13964 23.7614
29.0001 75.4809 1.28106 8.16704 23.7528
29.1001 75.4309 1.28972 8.19442 23.7441
29.2001 75.3808 1.2984 8.2218 23.7354
29.3001 75.3308 1.30712 8.24917 23.7267
29.4001 75.2807 1.31586 8.27653 23.718
29.5001 75.2306 1.32463 8.30388 23.7092
29.6001 75.1806 1.33342 8.33122 23.7004
29.7001 75.1305 1.34224 8.35856 23.6916
29.8001 75.0805 1.35109 8.38588 23.6827
29.9001 75.0304 1.35997 8.4132 23.6739
30.0001 74.9803 1.36887 8.44051 23.665
30.1001 74.9303 1.3778 8.46781 23.656
30.2001 74.8802 1.38676 8.49511 23.6471
30.3001 74.8302 1.39574 8.52239 23.6381
30.4001 74.7801 1.40475 8.54967 23.6291
30.5001 74.7301 1.41379 8.57693 23.62
30.6001 74.68 1.42285 8.60419 23.611
30.7001 74.6299 1.43194 8.63144 23.6019
30.8001 74.5799 1.44106 8.65868 23.5928
30.9001 74.5298 1.45021 8.68591 23.5836
31.0001 74.4798 1.45938 8.71314 23.5745
31.1001 74.4297 1.46858 8.74035 23.5653
31.2001 74.3796 1.4778 8.76756 23.556
31.3001 74.3296 1.48705 8.79475 23.5468
31.4001 74.2795 1.49633 8.82194 23.5375
31.5001 74.2295 1.50563 8.84912 23.5282
31.6001 74.1794 1.51496 8.87629 23.5189
31.7001 74.1293 1.52432 8.90345 23.5095
31.8001 74.0793 1.5337 8.9306 23.5001
31.9001 74.0292 1.54312 8.95774 23.4907
32.0001 73.9792 1.55255 8.98488 23.4813
32.1001 73.9291 1.56201 9.012 23.4718
32.2001 73.8791 1.5715 9.03912 23.4623
32.3001 73.829 1.58102 9.06622 23.4528
32.4001 73.7789 1.59056 9.09332 23.4433
32.5001 73.7289 1.60013 9.1204 23.4337
32.6001 73.6788 1.60972 9.14748 23.4241
32.7001 73.6288 1.61934 9.17455 23.4145
32.8001 73.5787 1.62899 9.20161 23.4048
32.9001 73.5287 1.63866 9.22866 23.3952
33.0001 73.4786 1.64836 9.2557 23.3855
33.1001 73.4285 1.65809 9.28273 23.3757
33.2001 73.3785 1.66784 9.30975 23.366
33.3001 73.3284 1.67762 9.33676 23.3562
33.4001 73.2784 1.68742 9.36376 23.3464
33.5001 73.2283 1.69725 9.39075 23.3366
33.6001 73.1783 1.70711 9.41773 23.3267
33.7001 73.1282 1.71699 9.4447 23.3168
33.8001 73.0782 1.72689 9.47167 23.3069
33.9001 73.0281 1.73683 9.49862 23.297
34.0001 72.978 1.74679 9.52556 23.287
34.1001 72.928 1.75677 9.5525 23.2771
34.2001 72.8779 1.76678 9.57942 23.2671
34.3 72.8279 1.77682 9.60633 23.257
34.4 72.7778 1.78688 9.63324 23.247
34.5 72.7278 1.79697 9.66013 23.2369
34.6 72.6777 1.80708 9.68701 23.2268
34.7 72.6277 1.81722 9.71389 23.2166
34.8 72.5776 1.82738 9.74075 23.2065
34.9 72.5275 1.83757 9.7676 23.1963
35 72.4775 1.84779 9.79445 23.186
35.1 72.4274 1.85803 9.82128 23.1758
35.2 72.3774 1.8683 9.8481 23.1655
35.3 72.3273 1.87859 9.87492 23.1552
35.4 72.2773 1.8889 9.90172 23.1449
35.5 72.2272 1.89925 9.92851 23.1346
35.6 72.1772 1.90962 9.95529 23.1242
35.7 72.1271 1.92001 9.98206 23.1138
35.8 72.077 1.93043 10.0088 23.1034
35.9 72.027 1.94087 10.0356 23.093
36 71.9769 1.95134 10.0623 23.0825
36.1 71.9269 1.96183 10.089 23.072
36.2 71.8768 1.97235 10.1158 23.0615
36.3 71.8268 1.9829 10.1425 23.0509
36.4 71.7767 1.99347 10.1692 23.0404
36.5 71.7267 2.00406 10.1959 23.0298
36.6 71.6766 2.01468 10.2225 23.0192
36.7 71.6266 2.02533 10.2492 23.0085
36.8 71.5765 2.036 10.2759 22.9978
36.9 71.5264 2.04669 10.3025 22.9871
37 71.4764 2.05741 10.3291 22.9764
37.1 71.4263 2.06815 10.3557 22.9657
37.2 71.3763 2.07892 10.3824 22.9549
37.3 71.3262 2.08972 10.409 22.9441
37.4 71.2762 2.10054 10.4355 22.9333
37.5 71.2261 2.11138 10.4621 22.9225
37.6 71.1761 2.12225 10.4887 22.9116
37.7 71.126 2.13314 10.5153 22.9007
37.8 71.076 2.14406 10.5418 22.8898
37.9 71.0259 2.155 10.5683 22.8788
38 70.9759 2.16596 10.5949 22.8679
38.1 70.9258 2.17696 10.6214 22.8569
38.2 70.8758 2.18797 10.6479 22.8459
38.3 70.8257 2.19901 10.6744 22.8348
38.4 70.7756 2.21008 10.7008 22.8238
38.5 70.7256 2.22116 10.7273 22.8127
38.6 70.6755 2.23228 10.7538 22.8016
38.7 70.6255 2.24341 10.7802 22.7904
38.8 70.5754 2.25458 10.8066 22.7793
38.9 70.5254 2.26576 10.833 22.7681
39 70.4753 2.27697 10.8595 22.7569
39.1 70.4253 2.28821 10.8859 22.7456
39.2 70.3752 2.29946 10.9122 22.7344
39.3 70.3252 2.31075 10.9386 22.7231
39.4 70.2751 2.32205 10.965 22.7118
39.5 70.2251 2.33338 10.9913 22.7004
39.6 70.175 2.34474 11.0177 22.6891
39.7 70.125 2.35612 11.044 22.6777
39.8 70.0749 2.36752 11.0703 22.6663
39.9 70.0249 2.37895 11.0966 22.6549
40 69.9748 2.3904 11.1229 22.6434
40.1 69.9248 2.40187 11.1492 22.632
40.2 69.8747 2.41337 11.1754 22.6205
40.3 69.8247 2.42489 11.2017 22.6089
40.4 69.7746 2.43644 11.2279 22.5974
40.5 69.7246 2.44801 11.2542 22.5858
40.6 69.6745 2.4596 11.2804 22.5742
40.7 69.6244 2.47122 11.3066 22.5626
40.7999 69.5744 2.48286 11.3328 22.551
40.8999 69.5243 2.49452 11.359 22.5393
40.9999 69.4743 2.50621 11.3851 22.5276
41.0999 69.4242 2.51792 11.4113 22.5159
41.1999 69.3742 2.52965 11.4374 22.5042
41.2999 69.3241 2.54141 11.4636 22.4924
41.3999 69.2741 2.55319 11.4897 22.4806
41.4999 69.224 2.565 11.5158 22.4688
41.5999 69.174 2.57682 11.5419 22.457
41.6999 69.1239 2.58868 11.568 22.4452
41.7999 69.0739 2.60055 11.5941 22.4333
41.8999 69.0238 2.61245 11.6201 22.4214
41.9999 68.9738 2.62437 11.6462 22.4095
42.0999 68.9237 2.63631 11.6722 22.3975
42.1999 68.8737 2.64828 11.6982 22.3856
42.2999 68.8236 2.66027 11.7242 22.3736
42.3999 68.7736 2.67228 11.7502 22.3616
42.4999 68.7235 2.68432 11.7762 22.3495
42.5999 68.6735 2.69638 11.8022 22.3375
42.6999 68.6234 2.70846 11.8281 22.3254
42.7999 68.5734 2.72056 11.8541 22.3133
42.8999 68.5233 2.73269 11.88 22.3011
42.9999 68.4733 2.74484 11.9059 22.289
43.0999 68.4232 2.75701 11.9318 22.2768
43.1999 68.3732 2.76921 11.9577 22.2646
43.2999 68.3231 2.78143 11.9836 22.2524
43.3999 68.2731 2.79367 12.0094 22.2402
43.4999 68.223 2.80593 12.0353 22.2279
43.5999 68.173 2.81822 12.0611 22.2156
43.6999 68.123 2.83053 12.0869 22.2033
43.7999 68.0729 2.84286 12.1127 22.191
43.8999 68.0229 2.85521 12.1385 22.1786
43.9999 67.9728 2.86759 12.1643 22.1662
44.0999 67.9228 2.87999 12.1901 22.1538
44.1999 67.8727 2.89241 12.2159 22.1414
44.2999 67.8227 2.90485 12.2416 22.129
44.3999 67.7726 2.91732 12.2673 22.1165
44.4999 67.7226 2.9298 12.293 22.104
44.5999 67.6725 2.94231 12.3187 22.0915
44.6999 67.6225 2.95485 12.3444 22.079
44.7999 67.5724 2.9674 12.3701 22.0664
44.8999 67.5224 2.97998 12.3958 22.0539
44.9999 67.4723 2.99257 12.4214 22.0413
45.0999 67.4223 3.00519 12.447 22.0286
45.1999 67.3722 3.01784 12.4727 22.016
45.2999 67.3222 3.0305 12.4983 22.0033
45.3999 67.2721 3.04319 12.5239 21.9906
45.4999 67.2221 3.05589 12.5494 21.9779
45.5999 67.172 3.06862 12.575 21.9652
45.6999 67.122 3.08138 12.6005 21.9525
45.7999 67.0719 3.09415 12.6261 21.9397
45.8999 67.0219 3.10694 12.6516 21.9269
45.9999 66.9719 3.11976 12.6771 21.9141
46.0999 66.9218 3.1326 12.7026 21.9012
46.1999 66.8718 3.14546 12.7281 21.8884
46.2999 66.8217 3.15834 12.7535 21.8755
46.3999 66.7717 3.17124 12.779 21.8626
46.4999 66.7216 3.18417 12.8044 21.8497
46.5999 66.6716 3.19711 12.8298 21.8367
46.6999 66.6215 3.21008 12.8552 21.8238
46.7999 66.5715 3.22307 12.8806 21.8108
46.8999 66.5214 3.23608 12.906 21.7978
46.9999 66.4714 3.24911 12.9314 21.7847
47.0999 66.4213 3.26216 12.9567 21.7717
47.1999 66.3713 3.27524 12.982 21.7586
47.2999 66.3213 3.28833 13.0074 21.7455
47.3998 66.2712 3.30145 13.0327 21.7324
47.4998 66.2212 3.31458 13.0579 21.7193
47.5998 66.1711 3.32774 13.0832 21.7061
47.6998 66.1211 3.34092 13.1085 21.6929
47.7998 66.071 3.35412 13.1337 21.6797
47.8998 66.021 3.36734 13.1589 21.6665
47.9998 65.9709 3.38058 13.1842 21.6533
48.0998 65.9209 3.39384 13.2094 21.64
48.1998 65.8708 3.40713 13.2345 21.6267
48.2998 65.8208 3.42043 13.2597 21.6134
48.3998 65.7708 3.43376 13.2849 21.6001
48.4998 65.7207 3.4471 13.31 21.5867
48.5998 65.6707 3.46047 13.3351 21.5734
48.6998 65.6206 3.47385 13.3602 21.56
48.7998 65.5706 3.48726 13.3853 21.5466
48.8998 65.5205 3.50069 13.4104 21.5331
48.9998 65.4705 3.51414 13.4354 21.5197
49.0998 65.4204 3.52761 13.4605 21.5062
49.1998 65.3704 3.54109 13.4855 21.4927
49.2998 65.3204 3.5546 13.5105 21.4792
49.3998 65.2703 3.56813 13.5355 21.4657
49.4998 65.2203 3.58168 13.5605 21.4522
49.5998 65.1702 3.59525 13.5855 21.4386
49.6998 65.1202 3.60884 13.6104 21.425
49.7998 65.0701 3.62245 13.6353 21.4114
49.8998 65.0201 3.63608 13.6603 21.3978
49.9998 64.9701 3.64973 13.6852 21.3841
50.0998 64.92 3.6634 13.71 21.3704
50.1998 64.87 3.67709 13.7349 21.3567
50.2998 64.8199 3.6908 13.7598 21.343
50.3998 64.7699 3.70453 13.7846 21.3293
50.4998 64.7198 3.71828 13.8094 21.3156
50.5998 64.6698 3.73205 13.8342 21.3018
50.6998 64.6198 3.74584 13.859 21.288
50.7998 64.5697 3.75965 13.8838 21.2742
50.8998 64.5197 3.77348 13.9085 21.2604
50.9998 64.4696 3.78733 13.9333 21.2465
51.0998 64.4196 3.8012 13.958 21.2326
51.1998 64.3695 3.81509 13.9827 21.2187
51.2998 64.3195 3.82899 14.0074 21.2048
51.3998 64.2695 3.84292 14.0321 21.1909
51.4998 64.2194 3.85686 14.0567 21.177
51.5998 64.1694 3.87083 14.0814 21.163
51.6998 64.1193 3.88482 14.106 21.149
51.7998 64.0693 3.89882 14.1306 21.135
51.8998 64.0192 3.91284 14.1552 21.121
51.9998 63.9692 3.92688 14.1798 21.1069
52.0998 63.9192 3.94095 14.2043 21.0929
52.1998 63.8691 3.95503 14.2289 21.0788
52.2998 63.8191 3.96913 14.2534 21.0647
52.3998 63.769 3.98325 14.2779 21.0506
52.4998 63.719 3.99738 14.3024 21.0365
52.5998 63.669 4.01154 14.3268 21.0223
52.6998 63.6189 4.02572 14.3513 21.0081
52.7998 63.5689 4.03991 14.3757 20.9939
52.8998 63.5188 4.05412 14.4002 20.9797
52.9998 63.4688 4.06836 14.4246 20.9655
53.0998 63.4188 4.08261 14.4489 20.9512
53.1998 63.3687 4.09688 14.4733 20.937
53.2998 63.3187 4.11116 14.4977 20.9227
53.3998 63.2686 4.12547 14.522 20.9084
53.4998 63.2186 4.1398 14.5463 20.894
53.5998 63.1686 4.15414 14.5706 20.8797
53.6998 63.1185 4.1685 14.5949 20.8653
53.7998 63.0685 4.18288 14.6191 20.851
53.8997 63.0184 4.19728 14.6434 20.8366
53.9997 62.9684 4.2117 14.6676 20.8221
54.0997 62.9184 4.22614 14.6918 20.8077
54.1997 62.8683 4.24059 14.716 20.7932
54.2997 62.8183 4.25506 14.7402 20.7788
54.3997 62.7682 4.26955 14.7643 20.7643
54.4997 62.7182 4.28406 14.7885 20.7498
54.5997 62.6682 4.29859 14.8126 20.7352
54.6997 62.6181 4.31313 14.8367 20.7207
54.7997 62.5681 4.32769 14.8608 20.7061
54.8997 62.518 4.34228 14.8848 20.6916
54.9997 62.468 4.35687 14.9089 20.677
55.0997 62.418 4.37149 14.9329 20.6623
55.1997 62.3679 4.38612 14.9569 20.6477
55.2997 62.3179 4.40078 14.9809 20.6331
55.3997 62.2679 4.41545 15.0049 20.6184
55.4997 62.2178 4.43013 15.0288 20.6037
55.5997 62.1678 4.44484 15.0528 20.589
55.6997 62.1177 4.45956 15.0767 20.5743
55.7997 62.0677 4.4743 15.1006 20.5595
55.8997 62.0177 4.48906 15.1245 20.5448
55.9997 61.9676 4.50383 15.1483 20.53
56.0997 61.9176 4.51862 15.1722 20.5152
56.1997 61.8676 4.53343 15.196 20.5004
56.2997 61.8175 4.54826 15.2198 20.4856
56.3997 61.7675 4.56311 15.2436 20.4707
56.4997 61.7174 4.57797 15.2674 20.4559
56.5997 61.6674 4.59285 15.2911 20.441
56.6997 61.6174 4.60774 15.3148 20.4261
56.7997 61.5673 4.62265 15.3385 20.4112
56.8997 61.5173 4.63758 15.3622 20.3963
56.9997 61.4673 4.65253 15.3859 20.3813
57.0997 61.4172 4.6675 15.4096 20.3663
57.1997 61.3672 4.68248 15.4332 20.3514
57.2997 61.3172 4.69747 15.4568 20.3364
57.3997 61.2671 4.71249 15.4804 20.3213
57.4997 61.2171 4.72752 15.504 20.3063
57.5997 61.167 4.74257 15.5275 20.2913
57.6997 61.117 4.75763 15.5511 20.2762
57.7997 61.067 4.77271 15.5746 20.2611
57.8997 61.0169 4.78781 15.5981 20.246
57.9997 60.9669 4.80293 15.6215 20.2309
58.0997 60.9169 4.81806 15.645 20.2158
58.1997 60.8668 4.8332 15.6684 20.2006
58.2997 60.8168 4.84837 15.6919 20.1855
58.3997 60.7668 4.86355 15.7153 20.1703
58.4997 60.7167 4.87874 15.7386 20.1551
58.5997 60.6667 4.89396 15.762 20.1399
58.6997 60.6167 4.90919 15.7853 20.1246
58.7997 60.5666 4.92443 15.8086 20.1094
58.8997 60.5166 4.93969 15.8319 20.0941
58.9997 60.4666 4.95497 15.8552 20.0789
59.0997 60.4165 4.97026 15.8785 20.0636
59.1997 60.3665 4.98557 15.9017 20.0483
59.2997 60.3164 5.0009 15.9249 20.0329
59.3997 60.2664 5.01624 15.9481 20.0176
59.4997 60.2164 5.03159 15.9713 20.0022
59.5997 60.1663 5.04697 15.9944 19.9869
59.6997 60.1163 5.06236 16.0176 19.9715
59.7997 60.0663 5.07776 16.0407 19.9561
59.8997 60.0162 5.09318 16.0638 19.9407
59.9997 59.9662 5.10861 16.0868 19.9252
60.0997 59.9162 5.12407 16.1099 19.9098
60.1997 59.8661 5.13953 16.1329 19.8943
60.2997 59.8161 5.15501 16.1559 19.8788
60.3997 59.7661 5.17051 16.1789 19.8633
60.4996 59.716 5.18602 16.2019 19.8478
60.5996 59.666 5.20155 16.2248 19.8323
60.6996 59.616 5.2171 16.2478 19.8167
60.7996 59.5659 5.23265 16.2707 19.8012
60.8996 59.5159 5.24823 16.2935 19.7856
60.9996 59.4659 5.26382 16.3164 19.77
61.0996 59.4159 5.27942 16.3392 19.7544
61.1996 59.3658 5.29504 16.3621 19.7388
61.2996 59.3158 5.31067 16.3848 19.7232
61.3996 59.2658 5.32632 16.4076 19.7075
61.4996 59.2157 5.34199 16.4304 19.6918
61.5996 59.1657 5.35767 16.4531 19.6762
61.6996 59.1157 5.37336 16.4758 19.6605
61.7996 59.0656 5.38907 16.4985 19.6448
61.8996 59.0156 5.40479 16.5212 19.629
61.9996 58.9656 5.42053 16.5438 19.6133
62.0996 58.9155 5.43628 16.5664 19.5976
62.1996 58.8655 5.45205 16.589 19.5818
62.2996 58.8155 5.46783 16.6116 19.566
62.3996 58.7654 5.48362 16.6342 19.5502
62.4996 58.7154 5.49943 16.6567 19.5344
62.5996 58.6654 5.51526 16.6792 19.5186
62.6996 58.6153 5.5311 16.7017 19.5027
62.7996 58.5653 5.54695 16.7242 19.4869
62.8996 58.5153 5.56282 16.7466 19.471
62.9996 58.4653 5.5787 16.769 19.4551
63.0996 58.4152 5.5946 16.7914 19.4392
63.1996 58.3652 5.61051 16.8138 19.4233
63.2996 58.3152 5.62643 16.8362 19.4074
63.3996 58.2651 5.64237 16.8585 19.3915
63.4996 58.2151 5.65832 16.8808 19.3755
63.5996 58.1651 5.67429 16.9031 19.3595
63.6996 58.115 5.69026 16.9254 19.3436
63.7996 58.065 5.70626 16.9476 19.3276
63.8996 58.015 5.72227 16.9698 19.3116
63.9996 57.965 5.73829 16.992 19.2955
64.0996 57.9149 5.75432 17.0142 19.2795
64.1996 57.8649 5.77037 17.0363 19.2635
64.2996 57.8149 5.78643 17.0584 19.2474
64.3996 57.7648 5.8025 17.0806 19.2313
64.4996 57.7148 5.81859 17.1026 19.2152
64.5996 57.6648 5.83469 17.1247 19.1991
64.6996 57.6148 5.85081 17.1467 19.183
64.7996 57.5647 5.86694 17.1687 19.1669
64.8996 57.5147 5.88308 17.1907 19.1508
64.9996 57.4647 5.89924 17.2127 19.1346
65.0996 57.4146 5.9154 17.2346 19.1184
65.1996 57.3646 5.93158 17.2565 19.1022
65.2996 57.3146 5.94778 17.2784 19.0861
65.3996 57.2646 5.96399 17.3003 19.0698
65.4996 57.2145 5.98021 17.3221 19.0536
65.5996 57.1645 5.99644 17.3439 19.0374
65.6996 57.1145 6.01269 17.3657 19.0211
65.7996 57.0645 6.02894 17.3875 19.0049
65.8996 57.0144 6.04522 17.4093 18.9886
65.9996 56.9644 6.0615 17.431 18.9723
66.0996 56.9144 6.0778 17.4527 18.956
66.1996 56.8643 6.09411 17.4744 18.9397
66.2996 56.8143 6.11043 17.496 18.9234
66.3996 56.7643 6.12676 17.5176 18.9071
66.4996 56.7143 6.14311 17.5392 18.8907
66.5996 56.6642 6.15947 17.5608 18.8744
66.6996 56.6142 6.17584 17.5824 18.858
66.7996 56.5642 6.19223 17.6039 18.8416
66.8996 56.5142 6.20862 17.6254 18.8252
66.9995 56.4641 6.22503 17.6469 18.8088
67.0995 56.4141 6.24145 17.6683 18.7924
67.1995 56.3641 6.25788 17.6897 18.776
67.2995 56.3141 6.27433 17.7111 18.7595
67.3995 56.264 6.29079 17.7325 18.743
67.4995 56.214 6.30726 17.7539 18.7266
67.5995 56.164 6.32374 17.7752 18.7101
67.6995 56.114 6.34023 17.7965 18.6936
67.7995 56.0639 6.35673 17.8178 18.6771
67.8995 56.0139 6.37325 17.839 18.6606
67.9995 55.9639 6.38978 17.8603 18.6441
68.0995 55.9139 6.40632 17.8815 18.6275
68.1995 55.8638 6.42287 17.9026 18.611
68.2995 55.8138 6.43943 17.9238 18.5944
68.3995 55.7638 6.45601 17.9449 18.5778
68.4995 55.7138 6.47259 17.966 18.5612
68.5995 55.6637 6.48919 17.9871 18.5446
68.6995 55.6137 6.5058 18.0081 18.528
68.7995 55.5637 6.52242 18.0291 18.5114
68.8995 55.5137 6.53905 18.0501 18.4948
68.9995 55.4636 6.55569 18.0711 18.4781
69.0995 55.4136 6.57234 18.092 18.4615
69.1995 55.3636 6.58901 18.113 18.4448
69.2995 55.3136 6.60568 18.1339 18.4282
69.3995 55.2635 6.62237 18.1547 18.4115
69.4995 55.2135 6.63907 18.1756 18.3948
69.5995 55.1635 6.65578 18.1964 18.3781
69.6995 55.1135 6.6725 18.2171 18.3613
69.7995 55.0634 6.68923 18.2379 18.3446
69.8995 55.0134 6.70597 18.2586 18.3279
69.9995 54.9634 6.72272 18.2793 18.3111
70.0995 54.9134 6.73948 18.3 18.2944
70.1995 54.8634 6.75625 18.3207 18.2776
70.2995 54.8133 6.77304 18.3413 18.2608
70.3995 54.7633 6.78983 18.3619 18.244
70.4995 54.7133 6.80663 18.3825 18.2272
70.5995 54.6633 6.82345 18.403 18.2104
70.6995 54.6132 6.84027 18.4235 18.1936
70.7995 54.5632 6.85711 18.444 18.1767
70.8995 54.5132 6.87395 18.4645 18.1599
70.9995 54.4632 6.89081 18.4849 18.143
71.0995 54.4132 6.90768 18.5053 18.1262
71.1995 54.3631 6.92455 18.5257 18.1093
71.2995 54.3131 6.94144 18.546 18.0924
71.3995 54.2631 6.95833 18.5664 18.0755
71.4995 54.2131 6.97524 18.5867 18.0586
71.5995 54.1631 6.99216 18.6069 18.0417
71.6995 54.113 7.00908 18.6272 18.0248
71.7995 54.063 7.02602 18.6474 18.0078
71.8995 54.013 7.04296 18.6676 17.9909
71.9995 53.963 7.05992 18.6877 17.9739
72.0995 53.913 7.07688 18.7078 17.957
72.1995 53.8629 7.09385 18.7279 17.94
72.2995 53.8129 7.11084 18.748 17.923
72.3995 53.7629 7.12783 18.7681 17.906
72.4995 53.7129 7.14483 18.7881 17.889
72.5995 53.6629 7.16184 18.8081 17.872
72.6995 53.6128 7.17887 18.828 17.855
72.7995 53.5628 7.1959 18.8479 17.8379
72.8995 53.5128 7.21294 18.8678 17.8209
72.9995 53.4628 7.22998 18.8877 17.8039
73.0995 53.4128 7.24704 18.9076 17.7868
73.1995 53.3627 7.26411 18.9274 17.7697
73.2995 53.3127 7.28118 18.9472 17.7527
73.3995 53.2627 7.29827 18.9669 17.7356
73.4995 53.2127 7.31536 18.9866 17.7185
73.5994 53.1627 7.33246 19.0063 17.7014
73.6994 53.1126 7.34958 19.026 17.6843
73.7994 53.0626 7.3667 19.0457 17.6671
73.8994 53.0126 7.38382 19.0653 17.65
73.9994 52.9626 7.40096 19.0848 17.6329
74.0994 52.9126 7.41811 19.1044 17.6157
74.1994 52.8626 7.43526 19.1239 17.5986
74.2994 52.8125 7.45242 19.1434 17.5814
74.3994 52.7625 7.4696 19.1629 17.5642
74.4994 52.7125 7.48677 19.1823 17.5471
74.5994 52.6625 7.50396 19.2017 17.5299
74.6994 52.6125 7.52116 19.2211 17.5127
74.7994 52.5624 7.53836 19.2404 17.4955
74.8994 52.5124 7.55558 19.2597 17.4783
74.9994 52.4624 7.5728 19.279 17.461
75.0994 52.4124 7.59002 19.2983 17.4438
75.1994 52.3624 7.60726 19.3175 17.4266
75.2994 52.3124 7.62451 19.3367 17.4093
75.3994 52.2623 7.64176 19.3558 17.3921
75.4994 52.2123 7.65902 19.375 17.3748
75.5994 52.1623 7.67629 19.3941 17.3575
75.6994 52.1123 7.69356 19.4131 17.3403
75.7994 52.0623 7.71085 19.4322 17.323
75.8994 52.0123 7.72814 19.4512 17.3057
75.9994 51.9623 7.74544 19.4702 17.2884
76.0994 51.9122 7.76274 19.4891 17.2711
76.1994 51.8622 7.78006 19.508 17.2538
76.2994 51.8122 7.79738 19.5269 17.2365
76.3994 51.7622 7.81471 19.5457 17.2191
76.4994 51.7122 7.83204 19.5646 17.2018
76.5994 51.6622 7.84939 19.5834 17.1844
76.6994 51.6121 7.86674 19.6021 17.1671
76.7994 51.5621 7.88409 19.6208 17.1497
76.8994 51.5121 7.90146 19.6395 17.1324
76.9994 51.4621 7.91883 19.6582 17.115
77.0994 51.4121 7.93621 19.6768 17.0976
77.1994 51.3621 7.9536 19.6954 17.0802
77.2994 51.3121 7.97099 19.714 17.0628
77.3994 51.262 7.98839 19.7325 17.0454
77.4994 51.212 8.00579 19.751 17.028
77.5994 51.162 8.02321 19.7695 17.0106
77.6994 51.112 8.04063 19.7879 16.9932
77.7994 51.062 8.05805 19.8063 16.9758
77.8994 51.012 8.07549 19.8247 16.9583
77.9994 50.962 8.09292 19.8431 16.9409
78.0994 50.9119 8.11037 19.8614 16.9235
78.1994 50.8619 8.12782 19.8796 16.906
78.2994 50.8119 8.14528 19.8979 16.8886
78.3994 50.7619 8.16275 19.9161 16.8711
78.4994 50.7119 8.18022 19.9343 16.8536
78.5994 50.6619 8.19769 19.9524 16.8361
78.6994 50.6119 8.21518 19.9705 16.8187
78.7994 50.5619 8.23267 19.9886 16.8012
78.8994 50.5118 8.25016 20.0067 16.7837
78.9994 50.4618 8.26767 20.0247 16.7662
79.0994 50.4118 8.28517 20.0426 16.7487
79.1994 50.3618 8.30269 20.0606 16.7311
79.2994 50.3118 8.32021 20.0785 16.7136
79.3994 50.2618 8.33773 20.0964 16.6961
79.4994 50.2118 8.35526 20.1142 16.6786
79.5994 50.1618 8.3728 20.132 16.661
79.6994 50.1117 8.39034 20.1498 16.6435
79.7994 50.0617 8.40789 20.1676 16.6259
79.8994 50.0117 8.42544 20.1853 16.6084
79.9994 49.9617 8.443 20.2029 16.5908
80.0993 49.9117 8.46056 20.2206 16.5733
80.1993 49.8617 8.47813 20.2382 16.5557
80.2993 49.8117 8.49571 20.2558 16.5381
80.3993 49.7617 8.51329 20.2733 16.5205
80.4993 49.7117 8.53087 20.2908 16.503
80.5993 49.6617 8.54846 20.3083 16.4854
80.6993 49.6116 8.56606 20.3257 16.4678
80.7993 49.5616 8.58366 20.3431 16.4502
80.8993 49.5116 8.60127 20.3605 16.4326
80.9993 49.4616 8.61888 20.3778 16.415
81.0993 49.4116 8.63649 20.3951 16.3973
81.1993 49.3616 8.65411 20.4123 16.3797
81.2993 49.3116 8.67174 20.4296 16.3621
81.3993 49.2616 8.68936 20.4468 16.3445
81.4993 49.2116 8.707 20.4639 16.3268
81.5993 49.1616 8.72464 20.481 16.3092
81.6993 49.1115 8.74228 20.4981 16.2916
81.7993 49.0615 8.75993 20.5152 16.2739
81.8993 49.0115 8.77758 20.5322 16.2563
81.9993 48.9615 8.79524 20.5491 16.2386
82.0993 48.9115 8.8129 20.5661 16.2209
82.1993 48.8615 8.83056 20.583 16.2033
82.2993 48.8115 8.84823 20.5999 16.1856
82.3993 48.7615 8.86591 20.6167 16.1679
82.4993 48.7115 8.88358 20.6335 16.1502
82.5993 48.6615 8.90127 20.6502 16.1326
82.6993 48.6115 8.91895 20.667 16.1149
82.7993 48.5615 8.93664 20.6836 16.0972
82.8993 48.5114 8.95434 20.7003 16.0795
82.9993 48.4614 8.97203 20.7169 16.0618
83.0993 48.4114 8.98973 20.7335 16.0441
83.1993 48.3614 9.00744 20.75 16.0264
83.2993 48.3114 9.02515 20.7665 16.0087
83.3993 48.2614 9.04286 20.783 15.991
83.4993 48.2114 9.06058 20.7994 15.9733
83.5993 48.1614 9.0783 20.8158 15.9555
83.6993 48.1114 9.09602 20.8322 15.9378
83.7993 48.0614 9.11374 20.8485 15.9201
83.8993 48.0114 9.13147 20.8648 15.9024
83.9993 47.9614 9.14921 20.881 15.8846
84.0993 47.9114 9.16694 20.8972 15.8669
84.1993 47.8614 9.18468 20.9134 15.8492
84.2993 47.8113 9.20243 20.9295 15.8314
84.3993 47.7613 9.22017 20.9456 15.8137
84.4993 47.7113 9.23792 20.9616 15.7959
84.5993 47.6613 9.25567 20.9776 15.7782
84.6993 47.6113 9.27343 20.9936 15.7604
84.7993 47.5613 9.29118 21.0096 15.7427
84.8993 47.5113 9.30894 21.0255 15.7249
84.9993 47.4613 9.32671 21.0413 15.7071
85.0993 47.4113 9.34447 21.0571 15.6894
85.1993 47.3613 9.36224 21.0729 15.6716
85.2993 47.3113 9.38001 21.0887 15.6538
85.3993 47.2613 9.39779 21.1044 15.636
85.4993 47.2113 9.41556 21.12 15.6183
85.5993 47.1613 9.43334 21.1357 15.6005
85.6993 47.1113 9.45112 21.1512 15.5827
85.7993 47.0613 9.46891 21.1668 15.5649
85.8993 47.0113 9.48669 21.1823 15.5471
85.9993 46.9613 9.50448 21.1978 15.5294
86.0993 46.9113 9.52227 21.2132 15.5116
86.1993 46.8613 9.54006 21.2286 15.4938
86.2993 46.8113 9.55786 21.2439 15.476
86.3993 46.7612 9.57565 21.2593 15.4582
86.4993 46.7112 9.59345 21.2745 15.4404
86.5993 46.6612 9.61125 21.2898 15.4226
86.6992 46.6112 9.62905 21.305 15.4048
86.7992 46.5612 9.64685 21.3201 15.387
86.8992 46.5112 9.66466 21.3352 15.3692
86.9992 46.4612 9.68247 21.3503 15.3514
87.0992 46.4112 9.70028 21.3653 15.3336
87.1992 46.3612 9.71809 21.3803 15.3157
87.2992 46.3112 9.7359 21.3952 15.2979
87.3992 46.2612 9.75371 21.4102 15.2801
87.4992 46.2112 9.77153 21.425 15.2623
87.5992 46.1612 9.78934 21.4399 15.2445
87.6992 46.1112 9.80716 21.4546 15.2267
87.7992 46.0612 9.82498 21.4694 15.2089
87.8992 46.0112 9.8428 21.4841 15.191
87.9992 45.9612 9.86062 21.4987 15.1732
88.0992 45.9112 9.87844 21.5134 15.1554
88.1992 45.8612 9.89626 21.5279 15.1376
88.2992 45.8112 9.91409 21.5425 15.1197
88.3992 45.7612 9.93191 21.557 15.1019
88.4992 45.7112 9.94974 21.5714 15.0841
88.5992 45.6612 9.96757 21.5858 15.0663
88.6992 45.6112 9.98539 21.6002 15.0484
88.7992 45.5612 10.0032 21.6145 15.0306
88.8992 45.5112 10.021 21.6288 15.0128
88.9992 45.4612 10.0389 21.6431 14.995
89.0992 45.4112 10.0567 21.6573 14.9771
89.1992 45.3612 10.0745 21.6714 14.9593
89.2992 45.3112 10.0924 21.6855 14.9415
89.3992 45.2612 10.1102 21.6996 14.9236
89.4992 45.2112 10.128 21.7136 14.9058
89.5992 45.1612 10.1459 21.7276 14.888
89.6992 45.1112 10.1637 21.7415 14.8701
89.7992 45.0612 10.1815 21.7554 14.8523
89.8992 45.0112 10.1994 21.7693 14.8345
89.9992 44.9612 10.2172 21.7831 14.8166
90.0992 44.9112 10.235 21.7969 14.7988
90.1992 44.8612 10.2529 21.8106 14.781
90.2992 44.8112 10.2707 21.8243 14.7631
90.3992 44.7612 10.2885 21.8379 14.7453
90.4992 44.7112 10.3064 21.8515 14.7275
90.5992 44.6612 10.3242 21.8651 14.7096
90.6992 44.6112 10.342 21.8786 14.6918
90.7992 44.5612 10.3598 21.892 14.674
90.8992 44.5112 10.3777 21.9054 14.6562
90.9992 44.4612 10.3955 21.9188 14.6383
91.0992 44.4112 10.4133 21.9321 14.6205
91.1992 44.3612 10.4312 21.9454 14.6027
91.2992 44.3112 10.449 21.9587 14.5848
91.3992 44.2612 10.4668 21.9719 14.567
91.4992 44.2112 10.4846 21.985 14.5492
91.5992 44.1612 10.5025 21.9981 14.5314
91.6992 44.1112 10.5203 22.0112 14.5135
91.7992 44.0612 10.5381 22.0242 14.4957
91.8992 44.0112 10.5559 22.0371 14.4779
91.9992 43.9612 10.5738 22.0501 14.4601
92.0992 43.9112 10.5916 22.0629 14.4422
92.1992 43.8612 10.6094 22.0758 14.4244
92.2992 43.8113 10.6272 22.0886 14.4066
92.3992 43.7613 10.645 22.1013 14.3888
92.4992 43.7113 10.6629 22.114 14.371
92.5992 43.6613 10.6807 22.1266 14.3532
92.6992 43.6113 10.6985 22.1392 14.3353
92.7992 43.5613 10.7163 22.1518 14.3175
92.8992 43.5113 10.7341 22.1643 14.2997
92.9992 43.4613 10.7519 22.1768 14.2819
93.0992 43.4113 10.7697 22.1892 14.2641
93.1992 43.3613 10.7875 22.2015 14.2463
93.2991 43.3113 10.8053 22.2138 14.2285
93.3991 43.2613 10.8231 22.2261 14.2107
93.4991 43.2113 10.8409 22.2383 14.1929
93.5991 43.1613 10.8587 22.2505 14.1751
93.6991 43.1113 10.8765 22.2626 14.1573
93.7991 43.0613 10.8943 22.2747 14.1395
93.8991 43.0113 10.9121 22.2868 14.1217
93.9991 42.9613 10.9299 22.2988 14.1039
94.0991 42.9113 10.9477 22.3107 14.0861
94.1991 42.8613 10.9655 22.3226 14.0684
94.2991 42.8113 10.9833 22.3344 14.0506
94.3991 42.7614 11.001 22.3462 14.0328
94.4991 42.7114 11.0188 22.358 14.015
94.5991 42.6614 11.0366 22.3697 13.9972
94.6991 42.6114 11.0544 22.3813 13.9795
94.7991 42.5614 11.0721 22.3929 13.9617
94.8991 42.5114 11.0899 22.4045 13.9439
94.9991 42.4614 11.1077 22.416 13.9262
95.0991 42.4114 11.1254 22.4274 13.9084
95.1991 42.3614 11.1432 22.4388 13.8906
95.2991 42.3114 11.161 22.4502 13.8729
95.3991 42.2614 11.1787 22.4615 13.8551
95.4991 42.2114 11.1965 22.4727 13.8374
95.5991 42.1614 11.2142 22.4839 13.8196
95.6991 42.1114 11.232 22.4951 13.8019
95.7991 42.0614 11.2497 22.5062 13.7841
95.8991 42.0115 11.2674 22.5173 13.7664
95.9991 41.9615 11.2852 22.5283 13.7487
96.0991 41.9115 11.3029 22.5392 13.7309
96.1991 41.8615 11.3206 22.5501 13.7132
96.2991 41.8115 11.3384 22.561 13.6955
96.3991 41.7615 11.3561 22.5718 13.6777
96.4991 41.7115 11.3738 22.5825 13.66
96.5991 41.6615 11.3915 22.5932 13.6423
96.6991 41.6115 11.4092 22.6039 13.6246
96.7991 41.5615 11.4269 22.6145 13.6069
96.8991 41.5115 11.4447 22.625 13.5892
96.9991 41.4615 11.4624 22.6355 13.5715
97.0991 41.4116 11.4801 22.646 13.5538
97.1991 41.3616 11.4977 22.6564 13.5361
97.2991 41.3116 11.5154 22.6667 13.5184
97.3991 41.2616 11.5331 22.677 13.5007
97.4991 41.2116 11.5508 22.6872 13.483
97.5991 41.1616 11.5685 22.6974 13.4654
97.6991 41.1116 11.5862 22.7076 13.4477
97.7991 41.0616 11.6038 22.7176 13.43
97.8991 41.0116 11.6215 22.7277 13.4123
97.9991 40.9616 11.6392 22.7376 13.3947
98.0991 40.9117 11.6568 22.7476 13.377
98.1991 40.8617 11.6745 22.7574 13.3594
98.2991 40.8117 11.6921 22.7673 13.3417
98.3991 40.7617 11.7098 22.777 13.3241
98.4991 40.7117 11.7274 22.7867 13.3064
98.5991 40.6617 11.745 22.7964 13.2888
98.6991 40.6117 11.7627 22.806 13.2712
98.7991 40.5617 11.7803 22.8155 13.2536
98.8991 40.5117 11.7979 22.825 13.2359
98.9991 40.4618 11.8155 22.8345 13.2183
99.0991 40.4118 11.8331 22.8439 13.2007
99.1991 40.3618 11.8507 22.8532 13.1831
99.2991 40.3118 11.8683 22.8625 13.1655
99.3991 40.2618 11.8859 22.8717 13.1479
99.4991 40.2118 11.9035 22.8809 13.1303
99.5991 40.1618 11.9211 22.89 13.1127
99.6991 40.1118 11.9387 22.8991 13.0952
99.799 40.0619 11.9563 22.9081 13.0776
99.899 40.0119 11.9738 22.917 13.06
99.999 39.9619 11.9914 22.9259 13.0424
100.099 39.9119 12.0089 22.9348 13.0249
100.199 39.8619 12.0265 22.9436 13.0073
100.299 39.8119 12.0441 22.9523 12.9898
100.399 39.7619 12.0616 22.961 12.9722
100.499 39.7119 12.0791 22.9696 12.9547
100.599 39.662 12.0967 22.9781 12.9372
100.699 39.612 12.1142 22.9866 12.9196
100.799 39.562 12.1317 22.9951 12.9021
100.899 39.512 12.1492 23.0035 12.8846
100.999 39.462 12.1667 23.0118 12.8671
101.099 39.412 12.1842 23.0201 12.8496
101.199 39.362 12.2017 23.0283 12.8321
101.299 39.3121 12.2192 23.0365 12.8146
101.399 39.2621 12.2367 23.0446 12.7971
101.499 39.2121 12.2542 23.0527 12.7797
101.599 39.1621 12.2716 23.0607 12.7622
101.699 39.1121 12.2891 23.0686 12.7447
101.799 39.0621 12.3066 23.0765 12.7273
101.899 39.0121 12.324 23.0843 12.7098
101.999 38.9622 12.3415 23.0921 12.6924
102.099 38.9122 12.3589 23.0998 12.6749
102.199 38.8622 12.3763 23.1074 12.6575
102.299 38.8122 12.3938 23.115 12.6401
102.399 38.7622 12.4112 23.1225 12.6226
102.499 38.7122 12.4286 23.13 12.6052
102.599 38.6622 12.446 23.1374 12.5878
102.699 38.6123 12.4634 23.1448 12.5704
102.799 38.5623 12.4808 23.1521 12.553
102.899 38.5123 12.4982 23.1593 12.5357
102.999 38.4623 12.5156 23.1665 12.5183
103.099 38.4123 12.5329 23.1736 12.5009
103.199 38.3623 12.5503 23.1807 12.4835
103.299 38.3124 12.5677 23.1877 12.4662
103.399 38.2624 12.585 23.1946 12.4488
103.499 38.2124 12.6024 23.2015 12.4315
103.599 38.1624 12.6197 23.2083 12.4141
103.699 38.1124 12.637 23.2151 12.3968
103.799 38.0624 12.6543 23.2218 12.3795
103.899 38.0125 12.6717 23.2284 12.3622
103.999 37.9625 12.689 23.235 12.3449
104.099 37.9125 12.7063 23.2415 12.3276
104.199 37.8625 12.7235 23.248 12.3103
104.299 37.8125 12.7408 23.2544 12.293
104.399 37.7625 12.7581 23.2607 12.2757
104.499 37.7126 12.7754 23.267 12.2585
104.599 37.6626 12.7926 23.2732 12.2412
104.699 37.6126 12.8099 23.2793 12.2239
104.799 37.5626 12.8271 23.2854 12.2067
104.899 37.5126 12.8444 23.2914 12.1895
104.999 37.4627 12.8616 23.2974 12.1722
105.099 37.4127 12.8788 23.3033 12.155
105.199 37.3627 12.896 23.3091 12.1378
105.299 37.3127 12.9132 23.3149 12.1206
105.399 37.2627 12.9304 23.3206 12.1034
105.499 37.2128 12.9476 23.3263 12.0862
105.599 37.1628 12.9648 23.3318 12.069
105.699 37.1128 12.982 23.3374 12.0519
105.799 37.0628 12.9991 23.3428 12.0347
105.899 37.0128 13.0163 23.3482 12.0175
105.999 36.9628 13.0334 23.3536 12.0004
106.099 36.9129 13.0506 23.3588 11.9833
106.199 36.8629 13.0677 23.364 11.9661
106.299 36.8129 13.0848 23.3692 11.949
106.399 36.7629 13.1019 23.3742 11.9319
106.499 36.7129 13.119 23.3793 11.9148
106.599 36.663 13.1361 23.3842 11.8977
106.699 36.613 13.1532 23.3891 11.8806
106.799 36.563 13.1703 23.3939 11.8635
106.899 36.513 13.1874 23.3987 11.8465
106.999 36.4631 13.2044 23.4033 11.8294
107.099 36.4131 13.2215 23.408 11.8124
107.199 36.3631 13.2385 23.4125 11.7953
107.299 36.3131 13.2555 23.417 11.7783
107.399 36.2631 13.2726 23.4214 11.7613
107.499 36.2132 13.2896 23.4258 11.7443
107.599 36.1632 13.3066 23.4301 11.7273
107.699 36.1132 13.3236 23.4343 11.7103
107.799 36.0632 13.3405 23.4385 11.6933
107.899 36.0132 13.3575 23.4426 11.6763
107.999 35.9633 13.3745 23.4466 11.6594
108.099 35.9133 13.3914 23.4506 11.6424
108.199 35.8633 13.4084 23.4544 11.6255
108.299 35.8133 13.4253 23.4583 11.6085
108.399 35.7634 13.4422 23.462 11.5916
108.499 35.7134 13.4592 23.4657 11.5747
108.599 35.6634 13.4761 23.4693 11.5578
108.699 35.6134 13.493 23.4729 11.5409
108.799 35.5634 13.5098 23.4764 11.524
108.899 35.5135 13.5267 23.4798 11.5071
108.999 35.4635 13.5436 23.4832 11.4902
109.099 35.4135 13.5604 23.4864 11.4734
109.199 35.3635 13.5773 23.4897 11.4565
109.299 35.3136 13.5941 23.4928 11.4397
109.399 35.2636 13.611 23.4959 11.4229
109.499 35.2136 13.6278 23.4989 11.4061
109.599 35.1636 13.6446 23.5018 11.3893
109.699 35.1137 13.6614 23.5047 11.3725
109.799 35.0637 13.6781 23.5075 11.3557
109.899 35.0137 13.6949 23.5102 11.3389
109.999 34.9637 13.7117 23.5129 11.3221
110.099 34.9138 13.7284 23.5155 11.3054
110.199 34.8638 13.7452 23.518 11.2887
110.299 34.8138 13.7619 23.5204 11.2719
110.399 34.7638 13.7786 23.5228 11.2552
110.499 34.7138 13.7953 23.5251 11.2385
110.599 34.6639 13.812 23.5274 11.2218
110.699 34.6139 13.8287 23.5295 11.2051
110.799 34.5639 13.8454 23.5316 11.1884
110.899 34.5139 13.8621 23.5336 11.1718
110.999 34.464 13.8787 23.5356 11.1551
111.099 34.414 13.8954 23.5375 11.1385
111.199 34.364 13.912 23.5393 11.1218
111.299 34.314 13.9286 23.541 11.1052
111.399 34.2641 13.9452 23.5427 11.0886
111.499 34.2141 13.9618 23.5443 11.072
111.599 34.1641 13.9784 23.5458 11.0554
111.699 34.1142 13.995 23.5472 11.0389
111.799 34.0642 14.0115 23.5486 11.0223
111.899 34.0142 14.0281 23.5499 11.0057
111.999 33.9642 14.0446 23.5511 10.9892
112.099 33.9143 14.0612 23.5523 10.9727
112.199 33.8643 14.0777 23.5534 10.9562
112.299 33.8143 14.0942 23.5544 10.9397
112.399 33.7643 14.1107 23.5553 10.9232
112.499 33.7144 14.1272 23.5561 10.9067
112.599 33.6644 14.1436 23.5569 10.8902
112.699 33.6144 14.1601 23.5576 10.8738
112.799 33.5644 14.1765 23.5583 10.8573
112.899 33.5145 14.193 23.5588 10.8409
112.999 33.4645 14.2094 23.5593 10.8245
113.099 33.4145 14.2258 23.5597 10.808
113.199 33.3646 14.2422 23.5601 10.7917
113.299 33.3146 14.2586 23.5603 10.7753
113.399 33.2646 14.2749 23.5605 10.7589
113.499 33.2146 14.2913 23.5606 10.7425
113.599 33.1647 14.3076 23.5606 10.7262
113.699 33.1147 14.324 23.5606 10.7099
113.799 33.0647 14.3403 23.5605 10.6935
113.899 33.0148 14.3566 23.5603 10.6772
113.999 32.9648 14.3729 23.56 10.6609
114.099 32.9148 14.3892 23.5596 10.6446
114.199 32.8648 14.4055 23.5592 10.6284
114.299 32.8149 14.4217 23.5587 10.6121
114.399 32.7649 14.438 23.5581 10.5959
114.499 32.7149 14.4542 23.5575 10.5796
114.599 32.665 14.4704 23.5567 10.5634
114.699 32.615 14.4866 23.5559 10.5472
114.799 32.565 14.5028 23.555 10.531
114.899 32.515 14.519 23.554 10.5148
114.999 32.4651 14.5352 23.553 10.4987
115.099 32.4151 14.5513 23.5519 10.4825
115.199 32.3651 14.5675 23.5507 10.4664
115.299 32.3152 14.5836 23.5494 10.4502
115.399 32.2652 14.5997 23.548 10.4341
115.499 32.2152 14.6158 23.5466 10.418
115.599 32.1653 14.6319 23.545 10.4019
115.699 32.1153 14.648 23.5434 10.3858
115.799 32.0653 14.664 23.5417 10.3698
115.899 32.0153 14.6801 23.54 10.3537
115.999 31.9654 14.6961 23.5381 10.3377
116.099 31.9154 14.7122 23.5362 10.3217
116.199 31.8654 14.7282 23.5342 10.3057
116.299 31.8155 14.7442 23.5321 10.2897
116.399 31.7655 14.7601 23.5299 10.2737
116.499 31.7155 14.7761 23.5277 10.2577
116.599 31.6656 14.792 23.5254 10.2418
116.699 31.6156 14.808 23.5229 10.2258
116.799 31.5656 14.8239 23.5204 10.2099
116.899 31.5157 14.8398 23.5179 10.194
116.999 31.4657 14.8557 23.5152 10.1781
117.099 31.4157 14.8716 23.5125 10.1622
117.199 31.3658 14.8875 23.5097 10.1464
117.299 31.3158 14.9033 23.5067 10.1305
117.399 31.2658 14.9192 23.5038 10.1147
117.499 31.2159 14.935 23.5007 10.0989
117.599 31.1659 14.9508 23.4975 10.083
117.699 31.1159 14.9666 23.4943 10.0672
117.799 31.0659 14.9824 23.491 10.0515
117.899 31.016 14.9981 23.4876 10.0357
117.999 30.966 15.0139 23.4841 10.0199
118.099 30.916 15.0296 23.4805 10.0042
118.199 30.8661 15.0454 23.4769 9.98848
118.299 30.8161 15.0611 23.4731 9.97277
118.399 30.7661 15.0768 23.4693 9.95708
118.499 30.7162 15.0924 23.4654 9.9414
118.599 30.6662 15.1081 23.4614 9.92574
118.699 30.6162 15.1237 23.4573 9.91009
118.799 30.5663 15.1394 23.4531 9.89445
118.899 30.5163 15.155 23.4489 9.87883
118.999 30.4663 15.1706 23.4445 9.86323
119.099 30.4164 15.1862 23.4401 9.84764
119.199 30.3664 15.2018 23.4356 9.83207
119.299 30.3165 15.2173 23.431 9.81651
119.399 30.2665 15.2329 23.4263 9.80096
119.499 30.2165 15.2484 23.4216 9.78544
119.599 30.1666 15.2639 23.4167 9.76992
119.699 30.1166 15.2794 23.4118 9.75443
119.799 30.0666 15.2949 23.4067 9.73894
119.899 30.0167 15.3104 23.4016 9.72348
119.999 29.9667 15.3258 23.3964 9.70803
120.099 29.9167 15.3412 23.3911 9.69259
120.199 29.8668 15.3567 23.3857 9.67717
120.299 29.8168 15.3721 23.3803 9.66176
120.399 29.7668 15.3875 23.3747 9.64638
120.499 29.7169 15.4028 23.369 9.631
120.599 29.6669 15.4182 23.3633 9.61565
120.699 29.6169 15.4335 23.3575 9.6003
120.799 29.567 15.4489 23.3516 9.58498
120.899 29.517 15.4642 23.3456 9.56967
120.999 29.467 15.4795 23.3395 9.55438
121.099 29.4171 15.4947 23.3333 9.5391
121.199 29.3671 15.51 23.327 9.52384
121.299 29.3172 15.5252 23.3206 9.50859
121.399 29.2672 15.5405 23.3142 9.49336
121.499 29.2172 15.5557 23.3077 9.47815
121.599 29.1673 15.5709 23.301 9.46295
121.699 29.1173 15.5861 23.2943 9.44777
121.799 29.0673 15.6012 23.2875 9.43261
121.899 29.0174 15.6164 23.2806 9.41746
121.999 28.9674 15.6315 23.2736 9.40233
122.099 28.9175 15.6466 23.2665 9.38722
122.199 28.8675 15.6617 23.2593 9.37212
122.299 28.8175 15.6768 23.252 9.35704
122.399 28.7676 15.6919 23.2446 9.34197
122.499 28.7176 15.7069 23.2372 9.32692
122.599 28.6676 15.7219 23.2296 9.31189
122.699 28.6177 15.737 23.222 9.29688
122.799 28.5677 15.752 23.2142 9.28188
122.899 28.5178 15.7669 23.2064 9.2669
122.999 28.4678 15.7819 23.1985 9.25193
123.099 28.4178 15.7968 23.1905 9.23699
123.199 28.3679 15.8118 23.1823 9.22206
123.299 28.3179 15.8267 23.1741 9.20714
123.399 28.2679 15.8416 23.1658 9.19225
123.499 28.218 15.8565 23.1574 9.17737
123.599 28.168 15.8713 23.1489 9.16251
123.699 28.1181 15.8862 23.1404 9.14766
123.799 28.0681 15.901 23.1317 9.13283
123.899 28.0181 15.9158 23.1229 9.11802
123.999 27.9682 15.9306 23.114 9.10323
124.099 27.9182 15.9454 23.1051 9.08846
124.199 27.8683 15.9601 23.096 9.0737
124.299 27.8183 15.9749 23.0868 9.05896
124.399 27.7683 15.9896 23.0776 9.04424
124.499 27.7184 16.0043 23.0682 9.02953
124.599 27.6684 16.019 23.0588 9.01484
124.699 27.6184 16.0337 23.0492 9.00017
124.799 27.5685 16.0483 23.0396 8.98552
124.899 27.5185 16.0629 23.0299 8.97089
124.999 27.4686 16.0776 23.02 8.95627
125.099 27.4186 16.0922 23.0101 8.94167
125.199 27.3686 16.1067 23 8.92709
125.299 27.3187 16.1213 22.9899 8.91253
125.399 27.2687 16.1359 22.9797 8.89798
125.499 27.2188 16.1504 22.9694 8.88346
125.599 27.1688 16.1649 22.9589 8.86895
125.699 27.1189 16.1794 22.9484 8.85446
125.799 27.0689 16.1939 22.9378 8.83998
125.899 27.0189 16.2083 22.9271 8.82553
125.999 26.969 16.2227 22.9162 8.81109
126.099 26.919 16.2372 22.9053 8.79668
126.199 26.8691 16.2516 22.8943 8.78228
126.299 26.8191 16.2659 22.8832 8.7679
126.399 26.7691 16.2803 22.8719 8.75353
126.499 26.7192 16.2946 22.8606 8.73919
126.599 26.6692 16.309 22.8492 8.72486
126.699 26.6193 16.3233 22.8377 8.71056
126.799 26.5693 16.3376 22.826 8.69627
126.899 26.5193 16.3518 22.8143 8.682
126.999 26.4694 16.3661 22.8025 8.66775
127.099 26.4194 16.3803 22.7905 8.65351
127.199 26.3695 16.3945 22.7785 8.6393
127.299 26.3195 16.4087 22.7664 8.62511
127.399 26.2696 16.4229 22.7541 8.61093
127.499 26.2196 16.4371 22.7418 8.59677
127.599 26.1696 16.4512 22.7294 8.58263
127.699 26.1197 16.4653 22.7168 8.56852
127.799 26.0697 16.4794 22.7042 8.55442
127.899 26.0198 16.4935 22.6914 8.54033
127.999 25.9698 16.5076 22.6786 8.52627
128.099 25.9199 16.5216 22.6656 8.51223
128.199 25.8699 16.5356 22.6525 8.49821
128.299 25.8199 16.5496 22.6394 8.4842
128.399 25.77 16.5636 22.6261 8.47021
128.499 25.72 16.5776 22.6127 8.45625
128.599 25.6701 16.5915 22.5992 8.4423
128.699 25.6201 16.6055 22.5857 8.42837
128.799 25.5701 16.6194 22.572 8.41446
128.899 25.5202 16.6333 22.5582 8.40057
128.999 25.4702 16.6471 22.5443 8.3867
129.099 25.4203 16.661 22.5303 8.37285
129.199 25.3703 16.6748 22.5161 8.35902
129.299 25.3203 16.6886 22.5019 8.34521
129.399 25.2704 16.7024 22.4876 8.33142
129.499 25.2204 16.7162 22.4732 8.31765
129.599 25.1705 16.7299 22.4586 8.3039
129.699 25.1205 16.7437 22.444 8.29017
129.799 25.0705 16.7574 22.4292 8.27646
129.899 25.0206 16.7711 22.4144 8.26277
129.999 24.9706 16.7847 22.3994 8.24909
130.099 24.9207 16.7984 22.3843 8.23544
130.199 24.8707 16.812 22.3691 8.22181
130.299 24.8207 16.8256 22.3539 8.2082
130.399 24.7708 16.8392 22.3385 8.19461
130.499 24.7208 16.8528 22.323 8.18104
130.599 24.6709 16.8663 22.3073 8.16749
130.699 24.6209 16.8799 22.2916 8.15396
130.799 24.5709 16.8934 22.2758 8.14045
130.899 24.521 16.9069 22.2598 8.12696
130.999 24.471 16.9203 22.2438 8.11349
131.099 24.4211 16.9338 22.2276 8.10004
131.199 24.3711 16.9472 22.2113 8.08661
131.299 24.3212 16.9606 22.195 8.0732
131.399 24.2712 16.974 22.1785 8.05981
131.499 24.2212 16.9874 22.1619 8.04644
131.599 24.1713 17.0007 22.1451 8.0331
131.699 24.1213 17.0141 22.1283 8.01977
131.799 24.0714 17.0274 22.1114 8.00647
131.899 24.0214 17.0407 22.0943 7.99318
131.999 23.9715 17.0539 22.0772 7.97992
132.099 23.9215 17.0672 22.0599 7.96668
132.199 23.8715 17.0804 22.0425 7.95345
132.299 23.8216 17.0936 22.025 7.94025
132.399 23.7716 17.1068 22.0074 7.92707
132.499 23.7217 17.1199 21.9897 7.91391
132.599 23.6717 17.1331 21.9719 7.90077
132.699 23.6218 17.1462 21.9539 7.88766
132.799 23.5718 17.1593 21.9359 7.87456
132.899 23.5218 17.1723 21.9177 7.86149
132.999 23.4719 17.1854 21.8994 7.84843
133.099 23.4219 17.1984 21.881 7.8354
133.199 23.372 17.2114 21.8625 7.82239
133.299 23.322 17.2244 21.8439 7.8094
133.399 23.2721 17.2374 21.8251 7.79643
133.499 23.2221 17.2503 21.8063 7.78348
133.599 23.1721 17.2633 21.7873 7.77056
133.699 23.1222 17.2762 21.7682 7.75766
133.799 23.0722 17.2891 21.749 7.74477
133.899 23.0223 17.3019 21.7297 7.73191
133.999 22.9723 17.3148 21.7103 7.71907
134.099 22.9224 17.3276 21.6908 7.70625
134.199 22.8724 17.3404 21.6711 7.69346
134.299 22.8225 17.3532 21.6513 7.68068
134.399 22.7725 17.3659 21.6314 7.66793
134.499 22.7225 17.3786 21.6114 7.6552
134.599 22.6726 17.3913 21.5913 7.64249
134.699 22.6226 17.404 21.5711 7.6298
134.799 22.5727 17.4167 21.5507 7.61714
134.899 22.5227 17.4293 21.5302 7.60449
134.999 22.4728 17.442 21.5096 7.59187
135.099 22.4228 17.4546 21.4889 7.57927
135.199 22.3729 17.4671 21.4681 7.5667
135.299 22.3229 17.4797 21.4472 7.55414
135.399 22.273 17.4922 21.4261 7.54161
135.499 22.223 17.5047 21.4049 7.5291
135.599 22.173 17.5172 21.3836 7.51661
135.699 22.1231 17.5297 21.3622 7.50414
135.799 22.0731 17.5421 21.3407 7.4917
135.899 22.0232 17.5546 21.319 7.47927
135.999 21.9732 17.567 21.2972 7.46687
136.099 21.9233 17.5793 21.2753 7.4545
136.199 21.8733 17.5917 21.2533 7.44214
136.299 21.8234 17.604 21.2312 7.42981
136.399 21.7734 17.6163 21.209 7.4175
136.499 21.7235 17.6286 21.1866 7.40521
136.599 21.6735 17.6409 21.1641 7.39295
136.699 21.6236 17.6531 21.1415 7.3807
136.799 21.5736 17.6653 21.1187 7.36849
136.899 21.5237 17.6775 21.0959 7.35629
136.999 21.4737 17.6897 21.0729 7.34411
137.099 21.4237 17.7019 21.0498 7.33196
137.199 21.3738 17.714 21.0266 7.31983
137.299 21.3238 17.7261 21.0033 7.30773
137.399 21.2739 17.7382 20.9798 7.29565
137.499 21.2239 17.7502 20.9562 7.28359
137.599 21.174 17.7623 20.9325 7.27155
137.699 21.124 17.7743 20.9087 7.25953
137.799 21.0741 17.7863 20.8848 7.24754
137.899 21.0241 17.7983 20.8607 7.23558
137.999 20.9742 17.8102 20.8365 7.22363
138.099 20.9242 17.8221 20.8122 7.21171
138.199 20.8743 17.834 20.7878 7.19981
138.299 20.8243 17.8459 20.7632 7.18794
138.399 20.7744 17.8578 20.7385 7.17608
138.499 20.7244 17.8696 20.7137 7.16425
138.599 20.6745 17.8814 20.6888 7.15245
138.699 20.6245 17.8932 20.6637 7.14067
138.799 20.5746 17.9049 20.6386 7.12891
138.899 20.5246 17.9167 20.6133 7.11717
138.999 20.4747 17.9284 20.5878 7.10546
139.099 20.4247 17.9401 20.5623 7.09377
139.199 20.3748 17.9517 20.5366 7.08211
139.299 20.3248 17.9634 20.5108 7.07047
139.399 20.2748 17.975 20.4849 7.05885
139.499 20.2249 17.9866 20.4588 7.04726
139.599 20.1749 17.9981 20.4327 7.03568
139.699 20.125 18.0097 20.4064 7.02414
139.799 20.075 18.0212 20.3799 7.01262
139.899 20.0251 18.0327 20.3534 7.00112
139.999 19.9751 18.0442 20.3267 6.98964
140.099 19.9252 18.0556 20.2999 6.97819
140.199 19.8752 18.0671 20.273 6.96676
140.299 19.8253 18.0785 20.2459 6.95536
140.399 19.7753 18.0899 20.2188 6.94398
140.499 19.7254 18.1012 20.1915 6.93262
140.599 19.6754 18.1125 20.164 6.92129
140.699 19.6255 18.1239 20.1365 6.90998
140.799 19.5755 18.1351 20.1088 6.8987
140.899 19.5256 18.1464 20.081 6.88744
140.999 19.4756 18.1576 20.053 6.8762
141.099 19.4257 18.1688 20.025 6.86499
141.199 19.3757 18.18 19.9968 6.85381
141.299 19.3258 18.1912 19.9684 6.84264
141.399 19.2758 18.2023 19.94 6.8315
141.499 19.2259 18.2134 19.9114 6.82039
141.599 19.1759 18.2245 19.8827 6.8093
141.699 19.126 18.2356 19.8539 6.79824
141.799 19.076 18.2466 19.8249 6.7872
141.899 19.0261 18.2577 19.7958 6.77618
141.999 18.9761 18.2686 19.7666 6.76519
142.099 18.9262 18.2796 19.7373 6.75422
142.199 18.8762 18.2906 19.7078 6.74328
142.299 18.8263 18.3015 19.6782 6.73236
142.399 18.7764 18.3124 19.6484 6.72146
142.499 18.7264 18.3232 19.6186 6.7106
142.6 18.6765 18.3341 19.5886 6.69975
142.7 18.6265 18.3449 19.5585 6.68893
142.8 18.5766 18.3557 19.5282 6.67814
142.9 18.5266 18.3665 19.4978 6.66737
143 18.4767 18.3772 19.4673 6.65662
143.1 18.4267 18.3879 19.4367 6.6459
143.2 18.3768 18.3986 19.4059 6.63521
143.3 18.3268 18.4093 19.375 6.62454
143.4 18.2769 18.4199 19.344 6.61389
143.5 18.2269 18.4306 19.3128 6.60327
143.6 18.177 18.4412 19.2815 6.59267
143.7 18.127 18.4517 19.2501 6.5821
143.8 18.0771 18.4623 19.2185 6.57156
143.9 18.0271 18.4728 19.1868 6.56104
144 17.9772 18.4833 19.155 6.55054
144.1 17.9272 18.4938 19.1231 6.54007
144.2 17.8773 18.5042 19.091 6.52963
144.3 17.8273 18.5146 19.0588 6.51921
144.4 17.7774 18.525 19.0264 6.50882
144.5 17.7274 18.5354 18.994 6.49845
144.6 17.6775 18.5457 18.9614 6.4881
144.7 17.6275 18.556 18.9286 6.47778
144.8 17.5776 18.5663 18.8958 6.46749
144.9 17.5277 18.5766 18.8628 6.45722
145 17.4777 18.5869 18.8296 6.44698
145.1 17.4278 18.5971 18.7964 6.43677
145.2 17.3778 18.6073 18.763 6.42658
145.3 17.3279 18.6174 18.7294 6.41641
145.4 17.2779 18.6276 18.6958 6.40627
145.5 17.228 18.6377 18.662 6.39616
145.6 17.178 18.6478 18.6281 6.38607
145.7 17.1281 18.6578 18.594 6.37601
145.8 17.0781 18.6679 18.5598 6.36597
145.9 17.0282 18.6779 18.5255 6.35596
146 16.9782 18.6879 18.491 6.34597
146.1 16.9283 18.6978 18.4565 6.33601
146.2 16.8783 18.7078 18.4217 6.32608
146.3 16.8284 18.7177 18.3869 6.31617
146.4 16.7785 18.7275 18.3519 6.30629
146.5 16.7285 18.7374 18.3168 6.29643
146.6 16.6786 18.7472 18.2815 6.2866
146.7 16.6286 18.757 18.2461 6.2768
146.8 16.5787 18.7668 18.2106 6.26702
146.9 16.5287 18.7766 18.175 6.25727
147 16.4788 18.7863 18.1392 6.24754
147.1 16.4288 18.796 18.1032 6.23784
147.2 16.3789 18.8057 18.0672 6.22817
147.3 16.3289 18.8153 18.031 6.21852
147.4 16.279 18.8249 17.9947 6.2089
147.5 16.229 18.8345 17.9582 6.1993
147.6 16.1791 18.8441 17.9216 6.18974
147.7 16.1292 18.8536 17.8849 6.18019
147.8 16.0792 18.8632 17.8481 6.17068
147.9 16.0293 18.8726 17.8111 6.16119
148 15.9793 18.8821 17.7739 6.15172
148.1 15.9294 18.8915 17.7367 6.14229
148.2 15.8794 18.901 17.6993 6.13287
148.3 15.8295 18.9103 17.6618 6.12349
148.4 15.7795 18.9197 17.6241 6.11413
148.5 15.7296 18.929 17.5863 6.1048
148.6 15.6797 18.9383 17.5484 6.0955
148.7 15.6297 18.9476 17.5103 6.08622
148.8 15.5798 18.9569 17.4721 6.07697
148.9 15.5298 18.9661 17.4338 6.06774
149 15.4799 18.9753 17.3953 6.05854
149.1 15.4299 18.9845 17.3567 6.04937
149.2 15.38 18.9936 17.318 6.04023
149.3 15.33 19.0027 17.2791 6.03111
149.4 15.2801 19.0118 17.2401 6.02202
149.5 15.2302 19.0209 17.201 6.01295
149.6 15.1802 19.0299 17.1617 6.00391
149.7 15.1303 19.0389 17.1223 5.9949
149.8 15.0803 19.0479 17.0828 5.98592
149.9 15.0304 19.0569 17.0431 5.97696
150 14.9804 19.0658 17.0033 5.96803
150.1 14.9305 19.0747 16.9634 5.95913
150.2 14.8805 19.0836 16.9233 5.95025
150.3 14.8306 19.0924 16.8831 5.9414
150.4 14.7807 19.1013 16.8427 5.93258
150.5 14.7307 19.1101 16.8022 5.92378
150.6 14.6808 19.1188 16.7616 5.91502
150.7 14.6308 19.1276 16.7209 5.90627
150.8 14.5809 19.1363 16.68 5.89756
150.9 14.5309 19.145 16.639 5.88887
151 14.481 19.1536 16.5978 5.88021
151.1 14.4311 19.1623 16.5565 5.87158
151.2 14.3811 19.1709 16.5151 5.86298
151.3 14.3312 19.1794 16.4736 5.8544
151.4 14.2812 19.188 16.4319 5.84585
151.5 14.2313 19.1965 16.3901 5.83733
151.6 14.1813 19.205 16.3481 5.82883
151.7 14.1314 19.2135 16.306 5.82036
151.8 14.0815 19.2219 16.2638 5.81192
151.9 14.0315 19.2303 16.2214 5.80351
152 13.9816 19.2387 16.179 5.79512
152.1 13.9316 19.2471 16.1363 5.78676
152.2 13.8817 19.2554 16.0936 5.77843
152.3 13.8317 19.2637 16.0507 5.77013
152.4 13.7818 19.272 16.0077 5.76185
152.5 13.7319 19.2802 15.9645 5.7536
152.6 13.6819 19.2885 15.9212 5.74538
152.7 13.632 19.2966 15.8778 5.73719
152.8 13.582 19.3048 15.8342 5.72902
152.9 13.5321 19.3129 15.7905 5.72088
153 13.4821 19.3211 15.7467 5.71277
153.1 13.4322 19.3291 15.7028 5.70469
153.2 13.3823 19.3372 15.6587 5.69664
153.3 13.3323 19.3452 15.6144 5.68861
153.4 13.2824 19.3532 15.5701 5.68061
153.5 13.2324 19.3612 15.5256 5.67264
153.6 13.1825 19.3691 15.481 5.6647
153.7 13.1326 19.3771 15.4362 5.65678
153.8 13.0826 19.3849 15.3913 5.64889
153.9 13.0327 19.3928 15.3463 5.64103
154 12.9827 19.4006 15.3012 5.6332
154.1 12.9328 19.4084 15.2559 5.6254
154.2 12.8828 19.4162 15.2105 5.61762
154.3 12.8329 19.424 15.1649 5.60988
154.4 12.783 19.4317 15.1192 5.60216
154.5 12.733 19.4394 15.0734 5.59446
154.6 12.6831 19.447 15.0275 5.5868
154.7 12.6331 19.4547 14.9814 5.57917
154.8 12.5832 19.4623 14.9352 5.57156
154.9 12.5333 19.4699 14.8889 5.56398
155 12.4833 19.4774 14.8424 5.55643
155.1 12.4334 19.4849 14.7958 5.54891
155.2 12.3834 19.4924 14.7491 5.54141
155.3 12.3335 19.4999 14.7022 5.53394
155.4 12.2836 19.5073 14.6552 5.52651
155.5 12.2336 19.5147 14.6081 5.5191
155.6 12.1837 19.5221 14.5608 5.51172
155.7 12.1337 19.5295 14.5135 5.50436
155.8 12.0838 19.5368 14.4659 5.49704
155.9 12.0338 19.5441 14.4183 5.48974
156 11.9839 19.5514 14.3705 5.48247
156.1 11.934 19.5586 14.3226 5.47524
156.2 11.884 19.5658 14.2746 5.46802
156.3 11.8341 19.573 14.2264 5.46084
156.4 11.7841 19.5801 14.1782 5.45369
156.5 11.7342 19.5873 14.1297 5.44656
156.6 11.6843 19.5944 14.0812 5.43947
156.7 11.6343 19.6014 14.0325 5.4324
156.8 11.5844 19.6085 13.9837 5.42536
156.9 11.5344 19.6155 13.9348 5.41835
157 11.4845 19.6225 13.8857 5.41136
157.1 11.4346 19.6294 13.8365 5.40441
157.2 11.3846 19.6363 13.7872 5.39749
157.3 11.3347 19.6432 13.7378 5.39059
157.4 11.2847 19.6501 13.6882 5.38372
157.5 11.2348 19.657 13.6385 5.37688
157.6 11.1849 19.6638 13.5887 5.37007
157.7 11.1349 19.6705 13.5388 5.36329
157.8 11.085 19.6773 13.4887 5.35654
157.9 11.035 19.684 13.4385 5.34982
158 10.9851 19.6907 13.3882 5.34312
158.1 10.9352 19.6974 13.3377 5.33645
158.2 10.8852 19.704 13.2871 5.32982
158.3 10.8353 19.7106 13.2364 5.32321
158.4 10.7853 19.7172 13.1856 5.31663
158.5 10.7354 19.7238 13.1347 5.31008
158.6 10.6855 19.7303 13.0836 5.30356
158.7 10.6355 19.7368 13.0324 5.29707
158.8 10.5856 19.7432 12.9811 5.2906
158.9 10.5356 19.7497 12.9296 5.28417
159.001 10.4857 19.7561 12.878 5.27776
159.101 10.4358 19.7624 12.8263 5.27139
159.201 10.3858 19.7688 12.7745 5.26504
159.301 10.3359 19.7751 12.7226 5.25872
159.401 10.286 19.7814 12.6705 5.25243
159.501 10.236 19.7877 12.6184 5.24617
159.601 10.1861 19.7939 12.566 5.23994
159.701 10.1361 19.8001 12.5136 5.23374
159.801 10.0862 19.8063 12.4611 5.22757
159.901 10.0363 19.8124 12.4084 5.22142
160.001 9.98632 19.8185 12.3556 5.21531
160.101 9.93638 19.8246 12.3027 5.20922
160.201 9.88644 19.8307 12.2497 5.20317
160.301 9.8365 19.8367 12.1965 5.19714
160.401 9.78656 19.8427 12.1433 5.19115
160.501 9.73663 19.8487 12.0899 5.18518
160.601 9.68669 19.8546 12.0364 5.17924
160.701 9.63675 19.8605 11.9827 5.17333
160.801 9.58681 19.8664 11.929 5.16745
160.901 9.53687 19.8722 11.8751 5.1616
161.001 9.48693 19.8781 11.8212 5.15578
161.101 9.437 19.8838 11.7671 5.14999
161.201 9.38706 19.8896 11.7129 5.14423
161.301 9.33712 19.8953 11.6585 5.1385
161.401 9.28718 19.901 11.6041 5.13279
161.501 9.23724 19.9067 11.5495 5.12712
161.601 9.1873 19.9124 11.4949 5.12148
161.701 9.13737 19.918 11.4401 5.11586
161.801 9.08743 19.9236 11.3852 5.11028
161.901 9.03749 19.9291 11.3301 5.10472
162.001 8.98755 19.9346 11.275 5.0992
162.101 8.93761 19.9401 11.2198 5.0937
162.201 8.88768 19.9456 11.1644 5.08823
162.301 8.83774 19.951 11.1089 5.0828
162.401 8.7878 19.9564 11.0533 5.07739
162.501 8.73786 19.9618 10.9976 5.07201
162.601 8.68792 19.9672 10.9418 5.06667
162.701 8.63799 19.9725 10.8859 5.06135
162.801 8.58805 19.9778 10.8299 5.05606
162.901 8.53811 19.983 10.7737 5.0508
163.001 8.48817 19.9883 10.7175 5.04557
163.101 8.43824 19.9935 10.6611 5.04037
163.201 8.3883 19.9986 10.6046 5.0352
163.301 8.33836 20.0038 10.5481 5.03007
163.401 8.28842 20.0089 10.4914 5.02496
163.501 8.23849 20.014 10.4346 5.01988
163.601 8.18855 20.019 10.3777 5.01483
163.701 8.13861 20.024 10.3206 5.00981
163.801 8.08867 20.029 10.2635 5.00482
163.901 8.03874 20.034 10.2063 4.99986
164.001 7.9888 20.0389 10.149 4.99493
164.101 7.93886 20.0438 10.0915 4.99002
164.201 7.88892 20.0487 10.034 4.98515
164.301 7.83899 20.0535 9.97633 4.98031
164.401 7.78905 20.0583 9.91857 4.9755
164.501 7.73911 20.0631 9.86071 4.97072
164.601 7.68918 20.0679 9.80275 4.96597
164.701 7.63924 20.0726 9.74469 4.96125
164.801 7.5893 20.0773 9.68652 4.95656
164.901 7.53936 20.0819 9.62825 4.9519
165.001 7.48943 20.0866 9.56988 4.94727
165.101 7.43949 20.0912 9.51141 4.94267
165.201 7.38955 20.0957 9.45283 4.9381
165.301 7.33962 20.1003 9.39416 4.93356
165.401 7.28968 20.1048 9.33539 4.92905
165.501 7.23974 20.1093 9.27652 4.92457
165.601 7.18981 20.1137 9.21755 4.92012
165.701 7.13987 20.1181 9.15848 4.9157
165.801 7.08993 20.1225 9.09931 4.91131
165.901 7.04 20.1269 9.04005 4.90695
166.001 6.99006 20.1312 8.98069 4.90262
166.101 6.94012 20.1355 8.92123 4.89832
166.201 6.89018 20.1398 8.86168 4.89405
166.301 6.84025 20.144 8.80203 4.88981
166.401 6.79031 20.1482 8.74228 4.88561
166.501 6.74038 20.1524 8.68245 4.88143
166.601 6.69044 20.1566 8.62252 4.87728
166.701 6.6405 20.1607 8.56249 4.87316
166.801 6.59057 20.1648 8.50237 4.86908
166.901 6.54063 20.1688 8.44217 4.86502
167.001 6.49069 20.1728 8.38186 4.86099
167.101 6.44076 20.1768 8.32147 4.857
167.201 6.39082 20.1808 8.26099 4.85303
167.301 6.34088 20.1847 8.20042 4.84909
167.401 6.29095 20.1886 8.13976 4.84519
167.501 6.24101 20.1925 8.07901 4.84131
167.601 6.19107 20.1964 8.01817 4.83747
167.701 6.14114 20.2002 7.95724 4.83366
167.801 6.0912 20.204 7.89623 4.82987
167.901 6.04127 20.2077 7.83513 4.82612
168.001 5.99133 20.2114 7.77394 4.8224
168.101 5.94139 20.2151 7.71267 4.8187
168.201 5.89146 20.2188 7.65131 4.81504
168.301 5.84152 20.2224 7.58987 4.81141
168.401 5.79159 20.226 7.52834 4.80781
168.501 5.74165 20.2296 7.46673 4.80424
168.601 5.69171 20.2331 7.40504 4.8007
168.701 5.64178 20.2366 7.34327 4.79719
168.801 5.59184 20.2401 7.28142 4.79371
168.901 5.54191 20.2436 7.21948 4.79026
169.001 5.49197 20.247 7.15746 4.78685
169.101 5.44203 20.2504 7.09537 4.78346
169.201 5.3921 20.2537 7.03319 4.7801
169.301 5.34216 20.2571 6.97094 4.77678
169.401 5.29223 20.2604 6.90861 4.77348
169.501 5.24229 20.2636 6.8462 4.77022
169.601 5.19235 20.2669 6.78372 4.76698
169.701 5.14242 20.2701 6.72116 4.76378
169.801 5.09248 20.2732 6.65852 4.7606
169.901 5.04255 20.2764 6.59581 4.75746
170.001 4.99261 20.2795 6.53302 4.75435
170.101 4.94268 20.2826 6.47017 4.75127
170.201 4.89274 20.2856 6.40724 4.74822
170.301 4.8428 20.2886 6.34423 4.7452
170.401 4.79287 20.2916 6.28116 4.74221
170.501 4.74293 20.2946 6.21801 4.73925
170.601 4.693 20.2975 6.15479 4.73632
170.701 4.64306 20.3004 6.09151 4.73343
170.801 4.59313 20.3033 6.02815 4.73056
170.901 4.54319 20.3061 5.96473 4.72773
171.001 4.49325 20.3089 5.90124 4.72492
171.101 4.44332 20.3117 5.83768 4.72215
171.201 4.39338 20.3144 5.77406 4.7194
171.301 4.34345 20.3171 5.71037 4.71669
171.401 4.29351 20.3198 5.64661 4.71401
171.501 4.24358 20.3225 5.58279 4.71136
171.601 4.19364 20.3251 5.51891 4.70874
171.701 4.14371 20.3277 5.45496 4.70615
171.801 4.09377 20.3302 5.39095 4.70359
171.901 4.04384 20.3328 5.32688 4.70106
172.001 3.9939 20.3353 5.26275 4.69856
172.101 3.94397 20.3377 5.19856 4.6961
172.201 3.89403 20.3402 5.13431 4.69366
172.301 3.84409 20.3426 5.07 4.69126
172.401 3.79416 20.3449 5.00563 4.68889
172.501 3.74422 20.3473 4.94121 4.68654
172.601 3.69429 20.3496 4.87672 4.68423
172.701 3.64435 20.3519 4.81218 4.68195
172.801 3.59442 20.3541 4.74759 4.6797
172.901 3.54448 20.3564 4.68294 4.67748
173.001 3.49455 20.3585 4.61824 4.67529
173.101 3.44461 20.3607 4.55348 4.67313
173.201 3.39468 20.3628 4.48867 4.67101
173.301 3.34474 20.3649 4.42381 4.66891
173.401 3.29481 20.367 4.3589 4.66685
173.501 3.24487 20.369 4.29394 4.66481
173.601 3.19494 20.371 4.22892 4.66281
173.701 3.145 20.373 4.16386 4.66084
173.801 3.09507 20.3749 4.09875 4.6589
173.901 3.04513 20.3768 4.0336 4.65699
174.001 2.9952 20.3787 3.96839 4.65511
174.101 2.94526 20.3806 3.90314 4.65326
174.201 2.89533 20.3824 3.83785 4.65144
174.301 2.84539 20.3842 3.77251 4.64966
174.401 2.79546 20.3859 3.70712 4.6479
174.501 2.74552 20.3877 3.64169 4.64618
174.601 2.69559 20.3894 3.57622 4.64448
174.701 2.64565 20.391 3.51071 4.64282
174.801 2.59572 20.3926 3.44516 4.64119
174.901 2.54578 20.3942 3.37957 4.63959
175.001 2.49585 20.3958 3.31393 4.63802
175.101 2.44591 20.3974 3.24826 4.63648
175.201 2.39598 20.3989 3.18255 4.63497
175.301 2.34604 20.4003 3.11681 4.6335
175.402 2.29611 20.4018 3.05102 4.63205
175.502 2.24617 20.4032 2.9852 4.63064
175.602 2.19624 20.4046 2.91935 4.62926
175.702 2.1463 20.4059 2.85346 4.6279
175.802 2.09637 20.4073 2.78754 4.62658
175.902 2.04643 20.4085 2.72159 4.62529
176.002 1.9965 20.4098 2.6556 4.62403
176.102 1.94656 20.411 2.58958 4.6228
176.202 1.89663 20.4122 2.52354 4.62161
176.302 1.84669 20.4134 2.45746 4.62044
176.402 1.79676 20.4145 2.39135 4.61931
176.502 1.74682 20.4156 2.32522 4.6182
176.602 1.69689 20.4167 2.25906 4.61713
176.702 1.64695 20.4177 2.19287 4.61609
176.802 1.59702 20.4188 2.12665 4.61508
176.902 1.54708 20.4197 2.06041 4.6141
177.002 1.49715 20.4207 1.99415 4.61315
177.102 1.44722 20.4216 1.92786 4.61223
177.202 1.39728 20.4225 1.86155 4.61135
177.302 1.34735 20.4233 1.79522 4.61049
177.402 1.29741 20.4242 1.72887 4.60967
177.502 1.24748 20.425 1.66249 4.60887
177.602 1.19754 20.4257 1.5961 4.60811
177.702 1.14761 20.4265 1.52969 4.60738
177.802 1.09767 20.4272 1.46326 4.60668
177.902 1.04774 20.4278 1.39681 4.60601
178.002 0.997803 20.4285 1.33035 4.60538
178.102 0.947868 20.4291 1.26387 4.60477
178.202 0.897933 20.4296 1.19737 4.6042
178.302 0.847998 20.4302 1.13086 4.60365
178.402 0.798064 20.4307 1.06434 4.60314
178.502 0.748129 20.4312 0.997807 4.60266
178.602 0.698194 20.4316 0.931261 4.60221
178.702 0.64826 20.432 0.864703 4.60179
178.802 0.598325 20.4324 0.798136 4.6014
178.902 0.54839 20.4328 0.731558 4.60104
179.002 0.498455 20.4331 0.664972 4.60071
179.102 0.448521 20.4334 0.598379 4.60042
179.202 0.398586 20.4337 0.531778 4.60015
179.302 0.348651 20.4339 0.465171 4.59992
179.402 0.298717 20.4341 0.398558 4.59972
179.502 0.248782 20.4343 0.331941 4.59955
179.602 0.198847 20.4344 0.265319 4.59941
179.702 0.148913 20.4345 0.198695 4.5993
179.802 0.098978 20.4346 0.132068 4.59922
179.902 0.0490434 20.4347 0.0654398 4.59918
