0 1.01231e-14 0.62004 0 14.1365
0.1 0.144271 0.620047 0.019105 14.1364
0.2 0.288537 0.620067 0.0382099 14.1364
0.3 0.432795 0.6201 0.0573148 14.1364
0.4 0.577041 0.620147 0.0764196 14.1363
0.5 0.72127 0.620207 0.0955243 14.1363
0.6 0.865478 0.62028 0.114629 14.1362
0.7 1.00966 0.620366 0.133733 14.1361
0.8 1.15381 0.620466 0.152837 14.136
0.9 1.29793 0.620579 0.171941 14.1359
1 1.44202 0.620706 0.191045 14.1358
1.1 1.58606 0.620846 0.210148 14.1357
1.2 1.73006 0.620999 0.229251 14.1355
1.3 1.874 0.621165 0.248354 14.1353
1.4 2.01789 0.621345 0.267457 14.1352
1.5 2.16173 0.621538 0.286558 14.135
1.6 2.3055 0.621745 0.30566 14.1348
1.7 2.4492 0.621964 0.324761 14.1345
1.8 2.59284 0.622197 0.343862 14.1343
1.9 2.7364 0.622444 0.362962 14.1341
2 2.87988 0.622703 0.382061 14.1338
2.1 3.02327 0.622976 0.40116 14.1335
2.2 3.16659 0.623262 0.420258 14.1332
2.3 3.30981 0.623562 0.439356 14.1329
2.4 3.45293 0.623875 0.458453 14.1326
2.5 3.59596 0.624201 0.477549 14.1323
2.6 3.73888 0.62454 0.496644 14.132
2.7 3.8817 0.624893 0.515739 14.1316
2.8 4.02441 0.625259 0.534833 14.1312
2.9 4.167 0.625639 0.553926 14.1309
3 4.30947 0.626031 0.573019 14.1305
3.1 4.45182 0.626437 0.59211 14.1301
3.2 4.59404 0.626856 0.611201 14.1296
3.3 4.73614 0.627289 0.63029 14.1292
3.4 4.87809 0.627735 0.649379 14.1288
3.5 5.01991 0.628194 0.668467 14.1283
3.6 5.16159 0.628666 0.687553 14.1278
3.7 5.30312 0.629152 0.706639 14.1273
3.8 5.4445 0.629651 0.725723 14.1268
3.9 5.58573 0.630164 0.744807 14.1263
4 5.7268 0.630689 0.763889 14.1258
4.1 5.86771 0.631228 0.78297 14.1253
4.2 6.00846 0.63178 0.80205 14.1247
4.3 6.14903 0.632346 0.821129 14.1242
4.4 6.28943 0.632924 0.840206 14.1236
4.5 6.42966 0.633516 0.859283 14.123
4.6 6.56971 0.634122 0.878357 14.1224
4.7 6.70957 0.63474 0.897431 14.1218
4.8 6.84925 0.635372 0.916503 14.1211
4.9 6.98874 0.636017 0.935574 14.1205
5 7.12803 0.636675 0.954643 14.1198
5.1 7.26713 0.637347 0.973711 14.1191
5.2 7.40602 0.638032 0.992778 14.1185
5.3 7.54471 0.63873 1.01184 14.1178
5.4 7.68319 0.639441 1.03091 14.1171
5.5 7.82146 0.640166 1.04997 14.1163
5.6 7.95951 0.640904 1.06903 14.1156
5.7 8.09735 0.641655 1.08809 14.1148
5.8 8.23497 0.64242 1.10714 14.1141
5.9 8.37235 0.643197 1.1262 14.1133
6 8.50952 0.643988 1.14525 14.1125
6.1 8.64645 0.644792 1.1643 14.1117
6.2 8.78314 0.64561 1.18335 14.1109
6.3 8.9196 0.64644 1.2024 14.1101
6.4 9.05581 0.647284 1.22145 14.1092
6.5 9.19178 0.648141 1.24049 14.1084
6.6 9.3275 0.649012 1.25954 14.1075
6.7 9.46298 0.649895 1.27858 14.1066
6.8 9.59819 0.650792 1.29761 14.1057
6.9 9.73316 0.651702 1.31665 14.1048
7 9.86786 0.652625 1.33569 14.1039
7.1 10.0023 0.653562 1.35472 14.1029
7.2 10.1365 0.654512 1.37375 14.102
7.3 10.2704 0.655474 1.39278 14.101
7.4 10.404 0.656451 1.4118 14.1
7.5 10.5374 0.65744 1.43083 14.0991
7.6 10.6704 0.658442 1.44985 14.0981
7.7 10.8032 0.659458 1.46887 14.097
7.79999 10.9358 0.660487 1.48789 14.096
7.89999 11.068 0.661529 1.5069 14.095
7.99999 11.1999 0.662584 1.52592 14.0939
8.09999 11.3316 0.663653 1.54493 14.0928
8.2 11.4629 0.664734 1.56394 14.0918
8.3 11.594 0.665829 1.58294 14.0907
8.4 11.7247 0.666937 1.60195 14.0896
8.5 11.8552 0.668058 1.62095 14.0884
8.6 11.9854 0.669193 1.63994 14.0873
8.7 12.1152 0.67034 1.65894 14.0862
8.8 12.2447 0.671501 1.67793 14.085
8.9 12.374 0.672675 1.69693 14.0838
9 12.5029 0.673862 1.71591 14.0826
9.1 12.6315 0.675062 1.7349 14.0814
9.2 12.7597 0.676275 1.75388 14.0802
9.3 12.8877 0.677502 1.77286 14.079
9.4 13.0153 0.678741 1.79184 14.0778
9.5 13.1426 0.679994 1.81082 14.0765
9.6 13.2696 0.68126 1.82979 14.0752
9.7 13.3963 0.682539 1.84876 14.074
9.8 13.5226 0.683831 1.86773 14.0727
9.9 13.6486 0.685136 1.88669 14.0714
10 13.7742 0.686455 1.90565 14.07
10.1 13.8995 0.687786 1.92461 14.0687
10.2 14.0245 0.689131 1.94356 14.0674
10.3 14.1491 0.690489 1.96251 14.066
10.4 14.2734 0.691859 1.98146 14.0646
10.5 14.3973 0.693243 2.00041 14.0633
10.6 14.5209 0.69464 2.01935 14.0619
10.7 14.6441 0.69605 2.03829 14.0604
10.8 14.767 0.697474 2.05723 14.059
10.9 14.8895 0.69891 2.07616 14.0576
11 15.0117 0.700359 2.09509 14.0561
11.1 15.1335 0.701822 2.11402 14.0547
11.2 15.2549 0.703297 2.13294 14.0532
11.3 15.376 0.704785 2.15187 14.0517
11.4 15.4967 0.706287 2.17078 14.0502
11.5 15.6171 0.707802 2.1897 14.0487
11.6 15.7371 0.709329 2.20861 14.0472
11.7 15.8567 0.71087 2.22751 14.0456
11.8 15.976 0.712424 2.24642 14.0441
11.9 16.0949 0.713991 2.26532 14.0425
12 16.2134 0.715571 2.28422 14.0409
12.1 16.3316 0.717163 2.30311 14.0393
12.2 16.4493 0.718769 2.322 14.0377
12.3 16.5667 0.720388 2.34089 14.0361
12.4 16.6837 0.72202 2.35977 14.0345
12.5 16.8004 0.723665 2.37865 14.0328
12.6 16.9166 0.725323 2.39752 14.0312
12.7 17.0325 0.726994 2.41639 14.0295
12.8 17.148 0.728678 2.43526 14.0278
12.9 17.2631 0.730375 2.45413 14.0261
13 17.3779 0.732085 2.47299 14.0244
13.1 17.4922 0.733807 2.49184 14.0227
13.2 17.6061 0.735543 2.5107 14.021
13.3 17.7197 0.737292 2.52955 14.0192
13.4 17.8329 0.739054 2.54839 14.0174
13.5 17.9457 0.740829 2.56723 14.0157
13.6 18.0581 0.742616 2.58607 14.0139
13.7 18.1701 0.744417 2.6049 14.0121
13.8 18.2817 0.74623 2.62373 14.0103
13.9 18.3929 0.748057 2.64256 14.0084
14 18.5037 0.749896 2.66138 14.0066
14.1 18.6142 0.751748 2.6802 14.0047
14.2 18.7242 0.753614 2.69901 14.0029
14.3 18.8338 0.755492 2.71782 14.001
14.4 18.9431 0.757383 2.73662 13.9991
14.5 19.0519 0.759287 2.75542 13.9972
14.6 19.1604 0.761204 2.77422 13.9953
14.7 19.2684 0.763133 2.79301 13.9934
14.8 19.376 0.765076 2.8118 13.9914
14.9 19.4833 0.767031 2.83058 13.9895
15 19.5901 0.769 2.84936 13.9875
15.1 19.6965 0.770981 2.86813 13.9855
15.2 19.8026 0.772975 2.8869 13.9835
15.3 19.9082 0.774982 2.90567 13.9815
15.4 20.0134 0.777002 2.92443 13.9795
15.5 20.1182 0.779034 2.94319 13.9775
15.6 20.2227 0.78108 2.96194 13.9754
15.7 20.3267 0.783138 2.98069 13.9734
15.8 20.4303 0.785209 2.99943 13.9713
15.9 20.5335 0.787293 3.01817 13.9692
16 20.6363 0.78939 3.0369 13.9671
16.1 20.7387 0.791499 3.05563 13.965
16.2 20.8406 0.793621 3.07435 13.9629
16.3 20.9422 0.795757 3.09307 13.9607
16.4 21.0434 0.797904 3.11179 13.9586
16.5 21.1441 0.800065 3.1305 13.9564
16.6 21.2445 0.802238 3.1492 13.9543
16.7 21.3444 0.804425 3.1679 13.9521
16.8 21.4439 0.806624 3.1866 13.9499
16.9 21.5431 0.808835 3.20529 13.9477
17 21.6418 0.81106 3.22397 13.9454
17.1 21.7401 0.813297 3.24265 13.9432
17.2 21.838 0.815547 3.26133 13.9409
17.3 21.9355 0.817809 3.28 13.9387
17.4 22.0326 0.820085 3.29866 13.9364
17.5 22.1292 0.822373 3.31732 13.9341
17.6 22.2255 0.824673 3.33597 13.9318
17.7 22.3214 0.826987 3.35462 13.9295
17.8 22.4168 0.829313 3.37327 13.9272
17.9 22.5118 0.831652 3.39191 13.9248
18 22.6065 0.834003 3.41054 13.9225
18.1 22.7007 0.836367 3.42917 13.9201
18.2 22.7945 0.838744 3.44779 13.9178
18.3 22.8879 0.841133 3.46641 13.9154
18.4 22.9809 0.843535 3.48502 13.913
18.5 23.0735 0.84595 3.50363 13.9105
18.6 23.1657 0.848378 3.52223 13.9081
18.7 23.2574 0.850817 3.54083 13.9057
18.8 23.3488 0.85327 3.55942 13.9032
18.9 23.4398 0.855735 3.578 13.9008
19 23.5303 0.858213 3.59658 13.8983
19.1 23.6205 0.860703 3.61515 13.8958
19.2 23.7102 0.863206 3.63372 13.8933
19.3 23.7996 0.865722 3.65228 13.8908
19.4 23.8885 0.86825 3.67084 13.8882
19.5 23.977 0.870791 3.68939 13.8857
19.6 24.0651 0.873344 3.70794 13.8832
19.7 24.1528 0.87591 3.72648 13.8806
19.8 24.2402 0.878488 3.74501 13.878
19.9 24.3271 0.881079 3.76354 13.8754
20 24.4136 0.883682 3.78206 13.8728
20.1 24.4997 0.886298 3.80058 13.8702
20.2 24.5854 0.888926 3.81909 13.8676
20.3 24.6707 0.891567 3.83759 13.8649
20.4 24.7556 0.89422 3.85609 13.8623
20.5 24.8401 0.896886 3.87458 13.8596
20.6 24.9242 0.899565 3.89307 13.8569
20.7 25.0079 0.902255 3.91154 13.8542
20.8 25.0912 0.904959 3.93002 13.8515
20.9 25.1741 0.907674 3.94849 13.8488
21 25.2566 0.910402 3.96695 13.8461
21.1 25.3387 0.913143 3.9854 13.8434
21.2 25.4204 0.915896 4.00385 13.8406
21.3 25.5017 0.918661 4.02229 13.8378
21.4 25.5826 0.921439 4.04073 13.8351
21.5 25.6631 0.924229 4.05916 13.8323
21.6 25.7433 0.927032 4.07758 13.8295
21.7 25.823 0.929847 4.096 13.8266
21.8 25.9023 0.932674 4.11441 13.8238
21.9 25.9813 0.935514 4.13282 13.821
22 26.0598 0.938366 4.15121 13.8181
22.1 26.138 0.94123 4.1696 13.8153
22.2 26.2158 0.944107 4.18799 13.8124
22.3 26.2932 0.946996 4.20637 13.8095
22.4 26.3702 0.949897 4.22474 13.8066
22.5 26.4468 0.952811 4.2431 13.8037
22.6 26.523 0.955737 4.26146 13.8008
22.7001 26.5988 0.958675 4.27981 13.7978
22.8001 26.6743 0.961626 4.29816 13.7949
22.9001 26.7493 0.964589 4.3165 13.7919
23.0001 26.824 0.967564 4.33483 13.7889
23.1001 26.8983 0.970551 4.35315 13.7859
23.2001 26.9722 0.973551 4.37147 13.7829
23.3001 27.0457 0.976563 4.38978 13.7799
23.4001 27.1189 0.979587 4.40808 13.7769
23.5001 27.1917 0.982623 4.42638 13.7739
23.6001 27.2641 0.985672 4.44467 13.7708
23.7001 27.3361 0.988733 4.46295 13.7678
23.8001 27.4077 0.991806 4.48123 13.7647
23.9001 27.4789 0.994891 4.49949 13.7616
24.0001 27.5498 0.997988 4.51776 13.7585
24.1001 27.6203 1.0011 4.53601 13.7554
24.2001 27.6905 1.00422 4.55426 13.7523
24.3001 27.7602 1.00735 4.5725 13.7491
24.4001 27.8296 1.0105 4.59073 13.746
24.5001 27.8986 1.01366 4.60895 13.7428
24.6001 27.9672 1.01683 4.62717 13.7397
24.7001 28.0355 1.02001 4.64538 13.7365
24.8001 28.1034 1.0232 4.66359 13.7333
24.9001 28.1709 1.02641 4.68178 13.7301
25.0001 28.2381 1.02963 4.69997 13.7269
25.1001 28.3049 1.03286 4.71815 13.7236
25.2001 28.3713 1.0361 4.73632 13.7204
25.3001 28.4374 1.03936 4.75449 13.7171
25.4001 28.5031 1.04262 4.77265 13.7139
25.5001 28.5685 1.0459 4.7908 13.7106
25.6001 28.6334 1.04919 4.80894 13.7073
25.7001 28.6981 1.0525 4.82708 13.704
25.8001 28.7623 1.05581 4.84521 13.7007
25.9001 28.8262 1.05914 4.86333 13.6974
26.0001 28.8898 1.06248 4.88144 13.694
26.1001 28.9529 1.06583 4.89954 13.6907
26.2001 29.0158 1.06919 4.91764 13.6873
26.3001 29.0782 1.07256 4.93573 13.6839
26.4001 29.1404 1.07595 4.95381 13.6805
26.5001 29.2021 1.07935 4.97188 13.6771
26.6001 29.2636 1.08276 4.98995 13.6737
26.7001 29.3246 1.08618 5.008 13.6703
26.8001 29.3853 1.08962 5.02605 13.6669
26.9001 29.4457 1.09306 5.04409 13.6634
27.0001 29.5057 1.09652 5.06213 13.66
27.1001 29.5654 1.09999 5.08015 13.6565
27.2001 29.6247 1.10347 5.09817 13.653
27.3001 29.6837 1.10697 5.11618 13.6495
27.4001 29.7423 1.11047 5.13418 13.646
27.5001 29.8006 1.11399 5.15217 13.6425
27.6001 29.8586 1.11752 5.17016 13.639
27.7001 29.9162 1.12106 5.18813 13.6354
27.8001 29.9734 1.12461 5.2061 13.6319
27.9001 30.0304 1.12817 5.22406 13.6283
28.0001 30.087 1.13175 5.24201 13.6247
28.1001 30.1432 1.13534 5.25995 13.6212
28.2001 30.1991 1.13894 5.27788 13.6176
28.3001 30.2547 1.14255 5.29581 13.6139
28.4001 30.31 1.14617 5.31373 13.6103
28.5001 30.3649 1.14981 5.33164 13.6067
28.6001 30.4195 1.15345 5.34954 13.603
28.7001 30.4737 1.15711 5.36743 13.5994
28.8001 30.5277 1.16078 5.38531 13.5957
28.9001 30.5813 1.16446 5.40318 13.592
29.0001 30.6345 1.16816 5.42105 13.5883
29.1001 30.6875 1.17186 5.4389 13.5846
29.2001 30.7401 1.17558 5.45675 13.5809
29.3001 30.7924 1.17931 5.47459 13.5772
29.4001 30.8444 1.18305 5.49242 13.5734
29.5001 30.896 1.1868 5.51024 13.5697
29.6001 30.9473 1.19056 5.52805 13.5659
29.7001 30.9983 1.19434 5.54586 13.5622
29.8001 31.049 1.19812 5.56365 13.5584
29.9001 31.0994 1.20192 5.58144 13.5546
30.0001 31.1494 1.20573 5.59921 13.5508
30.1001 31.1992 1.20955 5.61698 13.5469
30.2001 31.2486 1.21338 5.63474 13.5431
30.3001 31.2977 1.21723 5.65249 13.5393
30.4001 31.3465 1.22108 5.67023 13.5354
30.5001 31.395 1.22495 5.68796 13.5315
30.6001 31.4431 1.22883 5.70568 13.5277
30.7001 31.491 1.23272 5.72339 13.5238
30.8001 31.5386 1.23662 5.74109 13.5199
30.9001 31.5858 1.24053 5.75879 13.516
31.0001 31.6327 1.24445 5.77647 13.512
31.1001 31.6794 1.24839 5.79415 13.5081
31.2001 31.7257 1.25234 5.81181 13.5042
31.3001 31.7717 1.25629 5.82947 13.5002
31.4001 31.8174 1.26026 5.84712 13.4962
31.5001 31.8629 1.26424 5.86475 13.4923
31.6001 31.908 1.26824 5.88238 13.4883
31.7001 31.9528 1.27224 5.9 13.4843
31.8001 31.9973 1.27626 5.91761 13.4802
31.9001 32.0415 1.28028 5.9352 13.4762
32.0001 32.0855 1.28432 5.95279 13.4722
32.1001 32.1291 1.28837 5.97037 13.4681
32.2001 32.1724 1.29243 5.98794 13.4641
32.3001 32.2155 1.2965 6.0055 13.46
32.4001 32.2582 1.30058 6.02305 13.4559
32.5001 32.3007 1.30468 6.04059 13.4518
32.6001 32.3429 1.30878 6.05812 13.4477
32.7001 32.3847 1.3129 6.07564 13.4436
32.8001 32.4263 1.31703 6.09315 13.4395
32.9001 32.4676 1.32116 6.11065 13.4353
33.0001 32.5087 1.32531 6.12814 13.4312
33.1001 32.5494 1.32947 6.14562 13.427
33.2001 32.5898 1.33365 6.16309 13.4228
33.3001 32.63 1.33783 6.18055 13.4187
33.4001 32.6699 1.34202 6.198 13.4145
33.5001 32.7095 1.34623 6.21544 13.4103
33.6001 32.7488 1.35045 6.23287 13.406
33.7001 32.7879 1.35467 6.25029 13.4018
33.8001 32.8266 1.35891 6.26769 13.3976
33.9001 32.8651 1.36316 6.28509 13.3933
34.0001 32.9033 1.36742 6.30248 13.3891
34.1001 32.9413 1.3717 6.31986 13.3848
34.2001 32.979 1.37598 6.33723 13.3805
34.3 33.0164 1.38027 6.35458 13.3762
34.4 33.0535 1.38458 6.37193 13.3719
34.5 33.0903 1.3889 6.38926 13.3676
34.6 33.1269 1.39322 6.40659 13.3633
34.7 33.1632 1.39756 6.4239 13.3589
34.8 33.1993 1.40191 6.44121 13.3546
34.9 33.235 1.40627 6.4585 13.3502
35 33.2706 1.41064 6.47578 13.3459
35.1 33.3058 1.41502 6.49306 13.3415
35.2 33.3408 1.41941 6.51032 13.3371
35.3 33.3755 1.42382 6.52757 13.3327
35.4 33.41 1.42823 6.54481 13.3283
35.5 33.4442 1.43266 6.56204 13.3238
35.6 33.4781 1.43709 6.57925 13.3194
35.7 33.5118 1.44154 6.59646 13.315
35.8 33.5452 1.446 6.61366 13.3105
35.9 33.5784 1.45047 6.63084 13.306
36 33.6113 1.45495 6.64802 13.3016
36.1 33.6439 1.45944 6.66518 13.2971
36.2 33.6763 1.46394 6.68233 13.2926
36.3 33.7085 1.46845 6.69947 13.288
36.4 33.7403 1.47297 6.7166 13.2835
36.5 33.772 1.4775 6.73372 13.279
36.6 33.8034 1.48205 6.75083 13.2744
36.7 33.8345 1.4866 6.76792 13.2699
36.8 33.8654 1.49117 6.78501 13.2653
36.9 33.8961 1.49574 6.80208 13.2608
37 33.9265 1.50033 6.81914 13.2562
37.1 33.9566 1.50493 6.83619 13.2516
37.2 33.9865 1.50953 6.85323 13.247
37.3 34.0162 1.51415 6.87026 13.2423
37.4 34.0456 1.51878 6.88728 13.2377
37.5 34.0748 1.52342 6.90428 13.2331
37.6 34.1037 1.52807 6.92127 13.2284
37.7 34.1324 1.53273 6.93825 13.2238
37.8 34.1609 1.5374 6.95522 13.2191
37.9 34.1891 1.54208 6.97218 13.2144
38 34.2171 1.54678 6.98913 13.2097
38.1 34.2448 1.55148 7.00606 13.205
38.2 34.2723 1.55619 7.02299 13.2003
38.3 34.2996 1.56092 7.0399 13.1956
38.4 34.3266 1.56565 7.0568 13.1908
38.5 34.3534 1.57039 7.07368 13.1861
38.6 34.38 1.57515 7.09056 13.1813
38.7 34.4064 1.57991 7.10742 13.1766
38.8 34.4325 1.58469 7.12428 13.1718
38.9 34.4584 1.58948 7.14111 13.167
39 34.484 1.59427 7.15794 13.1622
39.1 34.5095 1.59908 7.17476 13.1574
39.2 34.5347 1.6039 7.19156 13.1526
39.3 34.5596 1.60872 7.20835 13.1478
39.4 34.5844 1.61356 7.22513 13.1429
39.5 34.6089 1.61841 7.2419 13.1381
39.6 34.6332 1.62327 7.25865 13.1332
39.7 34.6573 1.62814 7.27539 13.1284
39.8 34.6812 1.63301 7.29212 13.1235
39.9 34.7048 1.6379 7.30884 13.1186
40 34.7282 1.6428 7.32555 13.1137
40.1 34.7514 1.64771 7.34224 13.1088
40.2 34.7744 1.65263 7.35892 13.1039
40.3 34.7972 1.65756 7.37559 13.0989
40.4 34.8197 1.6625 7.39224 13.094
40.5 34.8421 1.66745 7.40888 13.089
40.6 34.8642 1.67241 7.42551 13.0841
40.7 34.8861 1.67738 7.44213 13.0791
40.7999 34.9078 1.68236 7.45874 13.0741
40.8999 34.9293 1.68735 7.47533 13.0691
40.9999 34.9505 1.69235 7.49191 13.0641
41.0999 34.9716 1.69736 7.50847 13.0591
41.1999 34.9925 1.70238 7.52503 13.0541
41.2999 35.0131 1.70742 7.54157 13.0491
41.3999 35.0335 1.71246 7.5581 13.044
41.4999 35.0538 1.71751 7.57461 13.039
41.5999 35.0738 1.72257 7.59111 13.0339
41.6999 35.0936 1.72764 7.6076 13.0289
41.7999 35.1132 1.73272 7.62408 13.0238
41.8999 35.1326 1.73781 7.64054 13.0187
41.9999 35.1518 1.74291 7.65699 13.0136
42.0999 35.1708 1.74802 7.67342 13.0085
42.1999 35.1896 1.75314 7.68985 13.0034
42.2999 35.2082 1.75827 7.70626 12.9982
42.3999 35.2266 1.76341 7.72265 12.9931
42.4999 35.2448 1.76856 7.73904 12.9879
42.5999 35.2628 1.77372 7.75541 12.9828
42.6999 35.2806 1.77889 7.77177 12.9776
42.7999 35.2982 1.78407 7.78811 12.9724
42.8999 35.3156 1.78926 7.80444 12.9672
42.9999 35.3328 1.79445 7.82075 12.962
43.0999 35.3498 1.79966 7.83706 12.9568
43.1999 35.3667 1.80488 7.85335 12.9516
43.2999 35.3833 1.81011 7.86962 12.9464
43.3999 35.3997 1.81535 7.88589 12.9411
43.4999 35.416 1.82059 7.90213 12.9359
43.5999 35.432 1.82585 7.91837 12.9306
43.6999 35.4479 1.83112 7.93459 12.9254
43.7999 35.4636 1.83639 7.9508 12.9201
43.8999 35.4791 1.84168 7.96699 12.9148
43.9999 35.4944 1.84697 7.98317 12.9095
44.0999 35.5095 1.85228 7.99934 12.9042
44.1999 35.5244 1.85759 8.01549 12.8989
44.2999 35.5391 1.86292 8.03163 12.8936
44.3999 35.5537 1.86825 8.04775 12.8882
44.4999 35.5681 1.87359 8.06386 12.8829
44.5999 35.5823 1.87895 8.07996 12.8775
44.6999 35.5963 1.88431 8.09604 12.8722
44.7999 35.6101 1.88968 8.11211 12.8668
44.8999 35.6237 1.89506 8.12816 12.8614
44.9999 35.6372 1.90045 8.1442 12.856
45.0999 35.6505 1.90585 8.16022 12.8506
45.1999 35.6636 1.91126 8.17624 12.8452
45.2999 35.6765 1.91668 8.19223 12.8398
45.3999 35.6893 1.92211 8.20821 12.8344
45.4999 35.7018 1.92754 8.22418 12.829
45.5999 35.7142 1.93299 8.24014 12.8235
45.6999 35.7264 1.93845 8.25608 12.818
45.7999 35.7385 1.94391 8.272 12.8126
45.8999 35.7503 1.94939 8.28791 12.8071
45.9999 35.762 1.95487 8.3038 12.8016
46.0999 35.7736 1.96036 8.31969 12.7961
46.1999 35.7849 1.96587 8.33555 12.7906
46.2999 35.7961 1.97138 8.3514 12.7851
46.3999 35.8071 1.9769 8.36724 12.7796
46.4999 35.8179 1.98243 8.38306 12.7741
46.5999 35.8286 1.98797 8.39887 12.7685
46.6999 35.8391 1.99351 8.41466 12.763
46.7999 35.8494 1.99907 8.43044 12.7574
46.8999 35.8596 2.00464 8.4462 12.7519
46.9999 35.8696 2.01021 8.46195 12.7463
47.0999 35.8794 2.0158 8.47768 12.7407
47.1999 35.8891 2.02139 8.4934 12.7351
47.2999 35.8986 2.02699 8.5091 12.7295
47.3998 35.9079 2.03261 8.52479 12.7239
47.4998 35.9171 2.03823 8.54046 12.7183
47.5998 35.9261 2.04386 8.55612 12.7126
47.6998 35.9349 2.0495 8.57176 12.707
47.7998 35.9436 2.05514 8.58739 12.7014
47.8998 35.9521 2.0608 8.603 12.6957
47.9998 35.9605 2.06647 8.6186 12.69
48.0998 35.9687 2.07214 8.63418 12.6844
48.1998 35.9767 2.07782 8.64974 12.6787
48.2998 35.9846 2.08352 8.66529 12.673
48.3998 35.9923 2.08922 8.68083 12.6673
48.4998 35.9999 2.09493 8.69635 12.6616
48.5998 36.0073 2.10065 8.71185 12.6559
48.6998 36.0145 2.10637 8.72734 12.6501
48.7998 36.0216 2.11211 8.74281 12.6444
48.8998 36.0286 2.11785 8.75827 12.6386
48.9998 36.0354 2.12361 8.77371 12.6329
49.0998 36.042 2.12937 8.78913 12.6271
49.1998 36.0485 2.13514 8.80454 12.6214
49.2998 36.0548 2.14092 8.81994 12.6156
49.3998 36.061 2.14671 8.83531 12.6098
49.4998 36.067 2.15251 8.85067 12.604
49.5998 36.0729 2.15831 8.86602 12.5982
49.6998 36.0786 2.16413 8.88135 12.5924
49.7998 36.0842 2.16995 8.89666 12.5865
49.8998 36.0896 2.17578 8.91196 12.5807
49.9998 36.0949 2.18163 8.92724 12.5749
50.0998 36.1 2.18747 8.94251 12.569
50.1998 36.105 2.19333 8.95776 12.5632
50.2998 36.1098 2.1992 8.97299 12.5573
50.3998 36.1145 2.20507 8.98821 12.5514
50.4998 36.1191 2.21096 9.00341 12.5455
50.5998 36.1235 2.21685 9.01859 12.5396
50.6998 36.1277 2.22275 9.03376 12.5337
50.7998 36.1318 2.22866 9.04891 12.5278
50.8998 36.1358 2.23457 9.06405 12.5219
50.9998 36.1396 2.2405 9.07917 12.516
51.0998 36.1433 2.24643 9.09427 12.5101
51.1998 36.1469 2.25237 9.10936 12.5041
51.2998 36.1503 2.25832 9.12443 12.4982
51.3998 36.1535 2.26428 9.13948 12.4922
51.4998 36.1566 2.27025 9.15451 12.4862
51.5998 36.1596 2.27622 9.16953 12.4803
51.6998 36.1624 2.28221 9.18454 12.4743
51.7998 36.1651 2.2882 9.19952 12.4683
51.8998 36.1677 2.2942 9.21449 12.4623
51.9998 36.1701 2.30021 9.22944 12.4563
52.0998 36.1724 2.30622 9.24438 12.4503
52.1998 36.1746 2.31225 9.2593 12.4442
52.2998 36.1766 2.31828 9.2742 12.4382
52.3998 36.1785 2.32432 9.28908 12.4322
52.4998 36.1802 2.33037 9.30395 12.4261
52.5998 36.1818 2.33643 9.3188 12.4201
52.6998 36.1833 2.34249 9.33363 12.414
52.7998 36.1847 2.34857 9.34845 12.4079
52.8998 36.1859 2.35465 9.36325 12.4018
52.9998 36.187 2.36074 9.37803 12.3958
53.0998 36.1879 2.36684 9.39279 12.3897
53.1998 36.1887 2.37294 9.40754 12.3836
53.2998 36.1894 2.37905 9.42227 12.3774
53.3998 36.19 2.38518 9.43698 12.3713
53.4998 36.1904 2.39131 9.45167 12.3652
53.5998 36.1907 2.39744 9.46635 12.3591
53.6998 36.1909 2.40359 9.48101 12.3529
53.7998 36.1909 2.40974 9.49565 12.3468
53.8997 36.1908 2.4159 9.51027 12.3406
53.9997 36.1906 2.42207 9.52488 12.3344
54.0997 36.1903 2.42825 9.53947 12.3282
54.1997 36.1898 2.43443 9.55404 12.3221
54.2997 36.1892 2.44062 9.56859 12.3159
54.3997 36.1885 2.44682 9.58313 12.3097
54.4997 36.1876 2.45303 9.59765 12.3035
54.5997 36.1867 2.45925 9.61215 12.2973
54.6997 36.1856 2.46547 9.62663 12.291
54.7997 36.1844 2.4717 9.64109 12.2848
54.8997 36.183 2.47794 9.65554 12.2786
54.9997 36.1816 2.48418 9.66997 12.2723
55.0997 36.18 2.49044 9.68438 12.2661
55.1997 36.1783 2.4967 9.69877 12.2598
55.2997 36.1765 2.50297 9.71314 12.2535
55.3997 36.1745 2.50925 9.7275 12.2473
55.4997 36.1725 2.51553 9.74183 12.241
55.5997 36.1703 2.52182 9.75615 12.2347
55.6997 36.168 2.52812 9.77045 12.2284
55.7997 36.1656 2.53443 9.78473 12.2221
55.8997 36.163 2.54074 9.799 12.2158
55.9997 36.1604 2.54706 9.81324 12.2094
56.0997 36.1576 2.55339 9.82747 12.2031
56.1997 36.1547 2.55973 9.84167 12.1968
56.2997 36.1517 2.56607 9.85586 12.1904
56.3997 36.1485 2.57242 9.87003 12.1841
56.4997 36.1453 2.57878 9.88419 12.1777
56.5997 36.142 2.58515 9.89832 12.1713
56.6997 36.1385 2.59152 9.91243 12.165
56.7997 36.1349 2.5979 9.92653 12.1586
56.8997 36.1312 2.60429 9.94061 12.1522
56.9997 36.1274 2.61069 9.95466 12.1458
57.0997 36.1235 2.61709 9.9687 12.1394
57.1997 36.1194 2.6235 9.98272 12.133
57.2997 36.1153 2.62991 9.99672 12.1266
57.3997 36.111 2.63634 10.0107 12.1202
57.4997 36.1066 2.64277 10.0247 12.1137
57.5997 36.1021 2.64921 10.0386 12.1073
57.6997 36.0976 2.65565 10.0525 12.1008
57.7997 36.0928 2.66211 10.0664 12.0944
57.8997 36.088 2.66857 10.0803 12.0879
57.9997 36.0831 2.67503 10.0942 12.0815
58.0997 36.0781 2.68151 10.108 12.075
58.1997 36.0729 2.68799 10.1219 12.0685
58.2997 36.0677 2.69448 10.1357 12.062
58.3997 36.0623 2.70097 10.1495 12.0555
58.4997 36.0569 2.70747 10.1632 12.049
58.5997 36.0513 2.71398 10.177 12.0425
58.6997 36.0456 2.7205 10.1907 12.036
58.7997 36.0398 2.72702 10.2044 12.0295
58.8997 36.0339 2.73355 10.2181 12.0229
58.9997 36.0279 2.74009 10.2318 12.0164
59.0997 36.0218 2.74663 10.2454 12.0099
59.1997 36.0156 2.75318 10.2591 12.0033
59.2997 36.0093 2.75974 10.2727 11.9968
59.3997 36.0029 2.7663 10.2863 11.9902
59.4997 35.9964 2.77287 10.2999 11.9836
59.5997 35.9898 2.77945 10.3134 11.977
59.6997 35.9831 2.78603 10.3269 11.9705
59.7997 35.9762 2.79262 10.3405 11.9639
59.8997 35.9693 2.79922 10.3539 11.9573
59.9997 35.9623 2.80583 10.3674 11.9507
60.0997 35.9552 2.81244 10.3809 11.9441
60.1997 35.9479 2.81906 10.3943 11.9374
60.2997 35.9406 2.82568 10.4077 11.9308
60.3997 35.9332 2.83231 10.4211 11.9242
60.4996 35.9256 2.83895 10.4345 11.9175
60.5996 35.918 2.84559 10.4478 11.9109
60.6996 35.9103 2.85224 10.4612 11.9043
60.7996 35.9025 2.8589 10.4745 11.8976
60.8996 35.8945 2.86556 10.4878 11.8909
60.9996 35.8865 2.87223 10.501 11.8843
61.0996 35.8784 2.87891 10.5143 11.8776
61.1996 35.8702 2.88559 10.5275 11.8709
61.2996 35.8619 2.89228 10.5407 11.8642
61.3996 35.8535 2.89898 10.5539 11.8575
61.4996 35.845 2.90568 10.5671 11.8508
61.5996 35.8364 2.91239 10.5802 11.8441
61.6996 35.8277 2.9191 10.5933 11.8374
61.7996 35.8189 2.92582 10.6064 11.8307
61.8996 35.81 2.93255 10.6195 11.8239
61.9996 35.801 2.93928 10.6326 11.8172
62.0996 35.7919 2.94602 10.6456 11.8105
62.1996 35.7828 2.95277 10.6586 11.8037
62.2996 35.7735 2.95952 10.6716 11.797
62.3996 35.7642 2.96628 10.6846 11.7902
62.4996 35.7547 2.97304 10.6975 11.7835
62.5996 35.7452 2.97981 10.7105 11.7767
62.6996 35.7355 2.98659 10.7234 11.7699
62.7996 35.7258 2.99337 10.7363 11.7631
62.8996 35.716 3.00016 10.7492 11.7563
62.9996 35.7061 3.00696 10.762 11.7495
63.0996 35.6961 3.01376 10.7748 11.7427
63.1996 35.686 3.02057 10.7876 11.7359
63.2996 35.6759 3.02738 10.8004 11.7291
63.3996 35.6656 3.0342 10.8132 11.7223
63.4996 35.6552 3.04102 10.8259 11.7155
63.5996 35.6448 3.04786 10.8386 11.7086
63.6996 35.6343 3.05469 10.8513 11.7018
63.7996 35.6237 3.06154 10.864 11.695
63.8996 35.613 3.06838 10.8767 11.6881
63.9996 35.6022 3.07524 10.8893 11.6813
64.0996 35.5913 3.0821 10.9019 11.6744
64.1996 35.5803 3.08897 10.9145 11.6675
64.2996 35.5693 3.09584 10.9271 11.6607
64.3996 35.5581 3.10272 10.9396 11.6538
64.4996 35.5469 3.1096 10.9521 11.6469
64.5996 35.5356 3.11649 10.9646 11.64
64.6996 35.5242 3.12338 10.9771 11.6331
64.7996 35.5127 3.13029 10.9896 11.6262
64.8996 35.5011 3.13719 11.002 11.6193
64.9996 35.4895 3.1441 11.0144 11.6124
65.0996 35.4777 3.15102 11.0268 11.6055
65.1996 35.4659 3.15794 11.0391 11.5986
65.2996 35.454 3.16487 11.0515 11.5916
65.3996 35.442 3.17181 11.0638 11.5847
65.4996 35.43 3.17875 11.0761 11.5777
65.5996 35.4178 3.18569 11.0884 11.5708
65.6996 35.4056 3.19264 11.1006 11.5639
65.7996 35.3932 3.1996 11.1129 11.5569
65.8996 35.3808 3.20656 11.1251 11.5499
65.9996 35.3684 3.21353 11.1373 11.543
66.0996 35.3558 3.2205 11.1494 11.536
66.1996 35.3432 3.22748 11.1616 11.529
66.2996 35.3304 3.23447 11.1737 11.522
66.3996 35.3176 3.24145 11.1858 11.515
66.4996 35.3047 3.24845 11.1978 11.508
66.5996 35.2918 3.25545 11.2099 11.501
66.6996 35.2787 3.26245 11.2219 11.494
66.7996 35.2656 3.26946 11.2339 11.487
66.8996 35.2524 3.27648 11.2459 11.48
66.9995 35.2391 3.2835 11.2578 11.473
67.0995 35.2258 3.29053 11.2698 11.466
67.1995 35.2123 3.29756 11.2817 11.4589
67.2995 35.1988 3.30459 11.2936 11.4519
67.3995 35.1852 3.31163 11.3054 11.4449
67.4995 35.1716 3.31868 11.3173 11.4378
67.5995 35.1578 3.32573 11.3291 11.4308
67.6995 35.144 3.33279 11.3409 11.4237
67.7995 35.1301 3.33985 11.3526 11.4166
67.8995 35.1161 3.34692 11.3644 11.4096
67.9995 35.102 3.35399 11.3761 11.4025
68.0995 35.0879 3.36107 11.3878 11.3954
68.1995 35.0737 3.36815 11.3995 11.3883
68.2995 35.0594 3.37523 11.4111 11.3813
68.3995 35.0451 3.38232 11.4227 11.3742
68.4995 35.0307 3.38942 11.4343 11.3671
68.5995 35.0161 3.39652 11.4459 11.36
68.6995 35.0016 3.40363 11.4575 11.3529
68.7995 34.9869 3.41074 11.469 11.3458
68.8995 34.9722 3.41786 11.4805 11.3386
68.9995 34.9574 3.42498 11.492 11.3315
69.0995 34.9425 3.4321 11.5034 11.3244
69.1995 34.9276 3.43923 11.5149 11.3173
69.2995 34.9126 3.44637 11.5263 11.3101
69.3995 34.8975 3.45351 11.5376 11.303
69.4995 34.8823 3.46065 11.549 11.2958
69.5995 34.8671 3.4678 11.5603 11.2887
69.6995 34.8518 3.47495 11.5716 11.2815
69.7995 34.8364 3.48211 11.5829 11.2744
69.8995 34.821 3.48927 11.5942 11.2672
69.9995 34.8054 3.49644 11.6054 11.2601
70.0995 34.7898 3.50361 11.6166 11.2529
70.1995 34.7742 3.51079 11.6278 11.2457
70.2995 34.7585 3.51797 11.639 11.2385
70.3995 34.7427 3.52516 11.6501 11.2313
70.4995 34.7268 3.53235 11.6612 11.2242
70.5995 34.7108 3.53954 11.6723 11.217
70.6995 34.6948 3.54674 11.6834 11.2098
70.7995 34.6788 3.55394 11.6944 11.2026
70.8995 34.6626 3.56115 11.7054 11.1953
70.9995 34.6464 3.56836 11.7164 11.1881
71.0995 34.6301 3.57558 11.7274 11.1809
71.1995 34.6138 3.5828 11.7383 11.1737
71.2995 34.5974 3.59002 11.7492 11.1665
71.3995 34.5809 3.59725 11.7601 11.1592
71.4995 34.5643 3.60449 11.771 11.152
71.5995 34.5477 3.61172 11.7818 11.1448
71.6995 34.531 3.61897 11.7926 11.1375
71.7995 34.5143 3.62621 11.8034 11.1303
71.8995 34.4974 3.63346 11.8142 11.123
71.9995 34.4806 3.64072 11.8249 11.1158
72.0995 34.4636 3.64797 11.8356 11.1085
72.1995 34.4466 3.65524 11.8463 11.1013
72.2995 34.4295 3.6625 11.8569 11.094
72.3995 34.4124 3.66977 11.8676 11.0867
72.4995 34.3952 3.67705 11.8782 11.0794
72.5995 34.3779 3.68433 11.8888 11.0722
72.6995 34.3605 3.69161 11.8993 11.0649
72.7995 34.3431 3.6989 11.9098 11.0576
72.8995 34.3257 3.70619 11.9203 11.0503
72.9995 34.3081 3.71348 11.9308 11.043
73.0995 34.2905 3.72078 11.9413 11.0357
73.1995 34.2729 3.72808 11.9517 11.0284
73.2995 34.2551 3.73539 11.9621 11.0211
73.3995 34.2374 3.7427 11.9724 11.0138
73.4995 34.2195 3.75001 11.9828 11.0065
73.5994 34.2016 3.75733 11.9931 10.9992
73.6994 34.1836 3.76465 12.0034 10.9918
73.7994 34.1656 3.77198 12.0137 10.9845
73.8994 34.1475 3.7793 12.0239 10.9772
73.9994 34.1293 3.78664 12.0341 10.9699
74.0994 34.1111 3.79397 12.0443 10.9625
74.1994 34.0928 3.80131 12.0545 10.9552
74.2994 34.0745 3.80866 12.0646 10.9478
74.3994 34.0561 3.816 12.0747 10.9405
74.4994 34.0376 3.82335 12.0848 10.9331
74.5994 34.0191 3.83071 12.0948 10.9258
74.6994 34.0005 3.83806 12.1049 10.9184
74.7994 33.9818 3.84543 12.1148 10.9111
74.8994 33.9631 3.85279 12.1248 10.9037
74.9994 33.9443 3.86016 12.1348 10.8963
75.0994 33.9255 3.86753 12.1447 10.889
75.1994 33.9066 3.8749 12.1546 10.8816
75.2994 33.8877 3.88228 12.1644 10.8742
75.3994 33.8687 3.88966 12.1743 10.8668
75.4994 33.8496 3.89705 12.1841 10.8594
75.5994 33.8305 3.90444 12.1939 10.8521
75.6994 33.8113 3.91183 12.2036 10.8447
75.7994 33.7921 3.91923 12.2133 10.8373
75.8994 33.7728 3.92662 12.223 10.8299
75.9994 33.7534 3.93402 12.2327 10.8225
76.0994 33.734 3.94143 12.2423 10.8151
76.1994 33.7145 3.94884 12.252 10.8077
76.2994 33.695 3.95625 12.2615 10.8002
76.3994 33.6754 3.96366 12.2711 10.7928
76.4994 33.6558 3.97108 12.2806 10.7854
76.5994 33.6361 3.9785 12.2901 10.778
76.6994 33.6163 3.98592 12.2996 10.7706
76.7994 33.5965 3.99335 12.3091 10.7631
76.8994 33.5767 4.00078 12.3185 10.7557
76.9994 33.5567 4.00821 12.3279 10.7483
77.0994 33.5368 4.01565 12.3372 10.7408
77.1994 33.5167 4.02309 12.3466 10.7334
77.2994 33.4967 4.03053 12.3559 10.726
77.3994 33.4765 4.03797 12.3652 10.7185
77.4994 33.4563 4.04542 12.3744 10.7111
77.5994 33.4361 4.05287 12.3836 10.7036
77.6994 33.4157 4.06033 12.3928 10.6962
77.7994 33.3954 4.06778 12.402 10.6887
77.8994 33.375 4.07524 12.4111 10.6813
77.9994 33.3545 4.0827 12.4203 10.6738
78.0994 33.334 4.09017 12.4293 10.6663
78.1994 33.3134 4.09763 12.4384 10.6589
78.2994 33.2928 4.1051 12.4474 10.6514
78.3994 33.2721 4.11258 12.4564 10.6439
78.4994 33.2513 4.12005 12.4654 10.6364
78.5994 33.2306 4.12753 12.4743 10.629
78.6994 33.2097 4.13501 12.4832 10.6215
78.7994 33.1888 4.14249 12.4921 10.614
78.8994 33.1679 4.14998 12.501 10.6065
78.9994 33.1469 4.15747 12.5098 10.599
79.0994 33.1258 4.16496 12.5186 10.5915
79.1994 33.1047 4.17245 12.5273 10.584
79.2994 33.0835 4.17995 12.5361 10.5765
79.3994 33.0623 4.18745 12.5448 10.5691
79.4994 33.0411 4.19495 12.5534 10.5615
79.5994 33.0198 4.20245 12.5621 10.554
79.6994 32.9984 4.20996 12.5707 10.5465
79.7994 32.977 4.21746 12.5793 10.539
79.8994 32.9555 4.22497 12.5879 10.5315
79.9994 32.934 4.23249 12.5964 10.524
80.0993 32.9124 4.24 12.6049 10.5165
80.1993 32.8908 4.24752 12.6133 10.509
80.2993 32.8692 4.25504 12.6218 10.5015
80.3993 32.8474 4.26256 12.6302 10.4939
80.4993 32.8257 4.27008 12.6386 10.4864
80.5993 32.8039 4.27761 12.6469 10.4789
80.6993 32.782 4.28514 12.6552 10.4714
80.7993 32.7601 4.29267 12.6635 10.4638
80.8993 32.7381 4.3002 12.6718 10.4563
80.9993 32.7161 4.30774 12.68 10.4488
81.0993 32.694 4.31527 12.6882 10.4412
81.1993 32.6719 4.32281 12.6964 10.4337
81.2993 32.6498 4.33035 12.7045 10.4261
81.3993 32.6276 4.3379 12.7126 10.4186
81.4993 32.6053 4.34544 12.7207 10.4111
81.5993 32.583 4.35299 12.7288 10.4035
81.6993 32.5607 4.36054 12.7368 10.396
81.7993 32.5383 4.36809 12.7448 10.3884
81.8993 32.5158 4.37564 12.7527 10.3809
81.9993 32.4933 4.3832 12.7607 10.3733
82.0993 32.4708 4.39075 12.7686 10.3657
82.1993 32.4482 4.39831 12.7764 10.3582
82.2993 32.4255 4.40587 12.7843 10.3506
82.3993 32.4029 4.41343 12.7921 10.3431
82.4993 32.3801 4.421 12.7998 10.3355
82.5993 32.3574 4.42856 12.8076 10.3279
82.6993 32.3345 4.43613 12.8153 10.3204
82.7993 32.3117 4.4437 12.823 10.3128
82.8993 32.2888 4.45127 12.8306 10.3052
82.9993 32.2658 4.45884 12.8382 10.2977
83.0993 32.2428 4.46641 12.8458 10.2901
83.1993 32.2197 4.47399 12.8534 10.2825
83.2993 32.1966 4.48157 12.8609 10.2749
83.3993 32.1735 4.48914 12.8684 10.2674
83.4993 32.1503 4.49672 12.8759 10.2598
83.5993 32.1271 4.50431 12.8833 10.2522
83.6993 32.1038 4.51189 12.8907 10.2446
83.7993 32.0805 4.51947 12.8981 10.237
83.8993 32.0571 4.52706 12.9054 10.2294
83.9993 32.0337 4.53465 12.9127 10.2219
84.0993 32.0102 4.54223 12.92 10.2143
84.1993 31.9867 4.54982 12.9272 10.2067
84.2993 31.9632 4.55742 12.9344 10.1991
84.3993 31.9396 4.56501 12.9416 10.1915
84.4993 31.916 4.5726 12.9487 10.1839
84.5993 31.8923 4.5802 12.9558 10.1763
84.6993 31.8686 4.58779 12.9629 10.1687
84.7993 31.8448 4.59539 12.97 10.1611
84.8993 31.821 4.60299 12.977 10.1535
84.9993 31.7971 4.61059 12.984 10.1459
85.0993 31.7732 4.61819 12.9909 10.1383
85.1993 31.7493 4.6258 12.9979 10.1307
85.2993 31.7253 4.6334 13.0047 10.1231
85.3993 31.7013 4.641 13.0116 10.1155
85.4993 31.6772 4.64861 13.0184 10.1079
85.5993 31.6531 4.65622 13.0252 10.1003
85.6993 31.629 4.66382 13.032 10.0927
85.7993 31.6048 4.67143 13.0387 10.0851
85.8993 31.5806 4.67904 13.0454 10.0775
85.9993 31.5563 4.68665 13.052 10.0698
86.0993 31.532 4.69427 13.0587 10.0622
86.1993 31.5076 4.70188 13.0653 10.0546
86.2993 31.4832 4.70949 13.0718 10.047
86.3993 31.4588 4.71711 13.0784 10.0394
86.4993 31.4343 4.72472 13.0849 10.0318
86.5993 31.4098 4.73234 13.0913 10.0242
86.6992 31.3852 4.73995 13.0977 10.0165
86.7992 31.3606 4.74757 13.1041 10.0089
86.8992 31.3359 4.75519 13.1105 10.0013
86.9992 31.3113 4.76281 13.1168 9.99369
87.0992 31.2865 4.77043 13.1231 9.98607
87.1992 31.2618 4.77805 13.1294 9.97845
87.2992 31.237 4.78567 13.1356 9.97083
87.3992 31.2121 4.79329 13.1418 9.96321
87.4992 31.1872 4.80091 13.148 9.95558
87.5992 31.1623 4.80854 13.1541 9.94796
87.6992 31.1373 4.81616 13.1602 9.94034
87.7992 31.1123 4.82378 13.1663 9.93271
87.8992 31.0873 4.83141 13.1723 9.92509
87.9992 31.0622 4.83903 13.1783 9.91746
88.0992 31.0371 4.84666 13.1843 9.90984
88.1992 31.0119 4.85428 13.1902 9.90221
88.2992 30.9867 4.86191 13.1961 9.89459
88.3992 30.9615 4.86954 13.2019 9.88696
88.4992 30.9362 4.87716 13.2078 9.87933
88.5992 30.9109 4.88479 13.2136 9.87171
88.6992 30.8855 4.89242 13.2193 9.86408
88.7992 30.8601 4.90005 13.225 9.85645
88.8992 30.8347 4.90767 13.2307 9.84882
88.9992 30.8092 4.9153 13.2364 9.84119
89.0992 30.7837 4.92293 13.242 9.83356
89.1992 30.7582 4.93056 13.2476 9.82594
89.2992 30.7326 4.93819 13.2531 9.81831
89.3992 30.707 4.94582 13.2587 9.81068
89.4992 30.6813 4.95345 13.2641 9.80305
89.5992 30.6556 4.96108 13.2696 9.79542
89.6992 30.6299 4.96871 13.275 9.78779
89.7992 30.6041 4.97634 13.2804 9.78016
89.8992 30.5783 4.98397 13.2857 9.77253
89.9992 30.5524 4.9916 13.291 9.7649
90.0992 30.5265 4.99923 13.2963 9.75727
90.1992 30.5006 5.00686 13.3015 9.74964
90.2992 30.4747 5.01449 13.3067 9.74201
90.3992 30.4487 5.02212 13.3119 9.73438
90.4992 30.4227 5.02975 13.317 9.72675
90.5992 30.3966 5.03738 13.3221 9.71912
90.6992 30.3705 5.045 13.3272 9.71149
90.7992 30.3443 5.05263 13.3322 9.70386
90.8992 30.3182 5.06026 13.3372 9.69623
90.9992 30.292 5.06789 13.3422 9.6886
91.0992 30.2657 5.07552 13.3471 9.68098
91.1992 30.2394 5.08315 13.352 9.67335
91.2992 30.2131 5.09078 13.3568 9.66572
91.3992 30.1868 5.0984 13.3617 9.65809
91.4992 30.1604 5.10603 13.3664 9.65046
91.5992 30.134 5.11366 13.3712 9.64284
91.6992 30.1075 5.12128 13.3759 9.63521
91.7992 30.081 5.12891 13.3806 9.62758
91.8992 30.0545 5.13654 13.3852 9.61996
91.9992 30.0279 5.14416 13.3898 9.61233
92.0992 30.0013 5.15179 13.3944 9.60471
92.1992 29.9747 5.15941 13.3989 9.59708
92.2992 29.948 5.16704 13.4034 9.58946
92.3992 29.9213 5.17466 13.4078 9.58184
92.4992 29.8946 5.18228 13.4122 9.57421
92.5992 29.8678 5.1899 13.4166 9.56659
92.6992 29.841 5.19753 13.421 9.55897
92.7992 29.8142 5.20515 13.4253 9.55135
92.8992 29.7873 5.21277 13.4296 9.54373
92.9992 29.7604 5.22039 13.4338 9.53611
93.0992 29.7335 5.22801 13.438 9.52849
93.1992 29.7065 5.23562 13.4422 9.52087
93.2991 29.6795 5.24324 13.4463 9.51325
93.3991 29.6525 5.25086 13.4504 9.50564
93.4991 29.6254 5.25847 13.4544 9.49802
93.5991 29.5983 5.26609 13.4584 9.49041
93.6991 29.5712 5.2737 13.4624 9.48279
93.7991 29.544 5.28132 13.4664 9.47518
93.8991 29.5168 5.28893 13.4703 9.46757
93.9991 29.4896 5.29654 13.4741 9.45995
94.0991 29.4623 5.30415 13.478 9.45234
94.1991 29.435 5.31176 13.4818 9.44473
94.2991 29.4077 5.31937 13.4855 9.43713
94.3991 29.3803 5.32698 13.4892 9.42952
94.4991 29.3529 5.33459 13.4929 9.42191
94.5991 29.3255 5.34219 13.4966 9.4143
94.6991 29.298 5.3498 13.5002 9.4067
94.7991 29.2705 5.3574 13.5038 9.3991
94.8991 29.243 5.365 13.5073 9.39149
94.9991 29.2154 5.3726 13.5108 9.38389
95.0991 29.1878 5.3802 13.5142 9.37629
95.1991 29.1602 5.3878 13.5177 9.36869
95.2991 29.1326 5.3954 13.521 9.3611
95.3991 29.1049 5.403 13.5244 9.3535
95.4991 29.0772 5.41059 13.5277 9.3459
95.5991 29.0494 5.41819 13.531 9.33831
95.6991 29.0216 5.42578 13.5342 9.33072
95.7991 28.9938 5.43337 13.5374 9.32313
95.8991 28.966 5.44096 13.5405 9.31554
95.9991 28.9381 5.44855 13.5437 9.30795
96.0991 28.9102 5.45614 13.5467 9.30036
96.1991 28.8823 5.46372 13.5498 9.29277
96.2991 28.8543 5.47131 13.5528 9.28519
96.3991 28.8263 5.47889 13.5557 9.27761
96.4991 28.7983 5.48647 13.5587 9.27002
96.5991 28.7703 5.49405 13.5615 9.26244
96.6991 28.7422 5.50163 13.5644 9.25487
96.7991 28.7141 5.50921 13.5672 9.24729
96.8991 28.6859 5.51678 13.57 9.23971
96.9991 28.6577 5.52436 13.5727 9.23214
97.0991 28.6295 5.53193 13.5754 9.22457
97.1991 28.6013 5.5395 13.5781 9.217
97.2991 28.573 5.54707 13.5807 9.20943
97.3991 28.5448 5.55463 13.5832 9.20186
97.4991 28.5164 5.5622 13.5858 9.1943
97.5991 28.4881 5.56976 13.5883 9.18673
97.6991 28.4597 5.57733 13.5907 9.17917
97.7991 28.4313 5.58489 13.5932 9.17161
97.8991 28.4029 5.59244 13.5955 9.16405
97.9991 28.3744 5.6 13.5979 9.1565
98.0991 28.3459 5.60756 13.6002 9.14894
98.1991 28.3174 5.61511 13.6024 9.14139
98.2991 28.2888 5.62266 13.6047 9.13384
98.3991 28.2602 5.63021 13.6069 9.12629
98.4991 28.2316 5.63775 13.609 9.11874
98.5991 28.203 5.6453 13.6111 9.1112
98.6991 28.1743 5.65284 13.6132 9.10365
98.7991 28.1456 5.66038 13.6152 9.09611
98.8991 28.1169 5.66792 13.6172 9.08857
98.9991 28.0881 5.67546 13.6191 9.08104
99.0991 28.0593 5.68299 13.621 9.0735
99.1991 28.0305 5.69053 13.6229 9.06597
99.2991 28.0017 5.69806 13.6247 9.05844
99.3991 27.9728 5.70559 13.6265 9.05091
99.4991 27.9439 5.71311 13.6283 9.04338
99.5991 27.915 5.72064 13.63 9.03586
99.6991 27.8861 5.72816 13.6316 9.02834
99.799 27.8571 5.73568 13.6332 9.02082
99.899 27.8281 5.7432 13.6348 9.0133
99.999 27.7991 5.75071 13.6364 9.00579
100.099 27.77 5.75822 13.6379 8.99827
100.199 27.7409 5.76573 13.6393 8.99076
100.299 27.7118 5.77324 13.6408 8.98325
100.399 27.6827 5.78075 13.6422 8.97575
100.499 27.6535 5.78825 13.6435 8.96825
100.599 27.6243 5.79575 13.6448 8.96074
100.699 27.5951 5.80325 13.6461 8.95325
100.799 27.5658 5.81075 13.6473 8.94575
100.899 27.5366 5.81824 13.6485 8.93826
100.999 27.5073 5.82573 13.6496 8.93077
101.099 27.4779 5.83322 13.6507 8.92328
101.199 27.4486 5.8407 13.6517 8.91579
101.299 27.4192 5.84819 13.6528 8.90831
101.399 27.3898 5.85567 13.6537 8.90083
101.499 27.3604 5.86315 13.6547 8.89335
101.599 27.3309 5.87062 13.6556 8.88587
101.699 27.3014 5.87809 13.6564 8.8784
101.799 27.2719 5.88556 13.6572 8.87093
101.899 27.2424 5.89303 13.658 8.86346
101.999 27.2128 5.9005 13.6587 8.856
102.099 27.1832 5.90796 13.6594 8.84854
102.199 27.1536 5.91542 13.66 8.84108
102.299 27.124 5.92287 13.6606 8.83362
102.399 27.0943 5.93033 13.6612 8.82617
102.499 27.0646 5.93778 13.6617 8.81872
102.599 27.0349 5.94522 13.6622 8.81127
102.699 27.0051 5.95267 13.6626 8.80383
102.799 26.9754 5.96011 13.663 8.79639
102.899 26.9456 5.96755 13.6634 8.78895
102.999 26.9158 5.97498 13.6637 8.78151
103.099 26.8859 5.98242 13.6639 8.77408
103.199 26.8561 5.98985 13.6642 8.76665
103.299 26.8262 5.99727 13.6643 8.75922
103.399 26.7962 6.0047 13.6645 8.7518
103.499 26.7663 6.01212 13.6646 8.74438
103.599 26.7363 6.01954 13.6646 8.73696
103.699 26.7063 6.02695 13.6646 8.72955
103.799 26.6763 6.03436 13.6646 8.72214
103.899 26.6463 6.04177 13.6645 8.71473
103.999 26.6162 6.04917 13.6644 8.70732
104.099 26.5861 6.05658 13.6643 8.69992
104.199 26.556 6.06397 13.6641 8.69252
104.299 26.5259 6.07137 13.6638 8.68513
104.399 26.4957 6.07876 13.6635 8.67774
104.499 26.4655 6.08615 13.6632 8.67035
104.599 26.4353 6.09353 13.6628 8.66296
104.699 26.4051 6.10092 13.6624 8.65558
104.799 26.3748 6.10829 13.662 8.6482
104.899 26.3446 6.11567 13.6615 8.64083
104.999 26.3143 6.12304 13.6609 8.63346
105.099 26.2839 6.13041 13.6603 8.62609
105.199 26.2536 6.13777 13.6597 8.61872
105.299 26.2232 6.14513 13.659 8.61136
105.399 26.1928 6.15249 13.6583 8.604
105.499 26.1624 6.15985 13.6575 8.59665
105.599 26.1319 6.1672 13.6567 8.5893
105.699 26.1015 6.17454 13.6559 8.58195
105.799 26.071 6.18189 13.655 8.57461
105.899 26.0405 6.18923 13.6541 8.56727
105.999 26.0099 6.19656 13.6531 8.55993
106.099 25.9794 6.2039 13.6521 8.5526
106.199 25.9488 6.21122 13.651 8.54527
106.299 25.9182 6.21855 13.6499 8.53795
106.399 25.8875 6.22587 13.6487 8.53063
106.499 25.8569 6.23319 13.6476 8.52331
106.599 25.8262 6.2405 13.6463 8.51599
106.699 25.7955 6.24781 13.645 8.50868
106.799 25.7648 6.25512 13.6437 8.50138
106.899 25.7341 6.26242 13.6423 8.49408
106.999 25.7033 6.26972 13.6409 8.48678
107.099 25.6725 6.27701 13.6394 8.47948
107.199 25.6417 6.2843 13.6379 8.47219
107.299 25.6109 6.29159 13.6364 8.46491
107.399 25.58 6.29887 13.6348 8.45762
107.499 25.5491 6.30615 13.6332 8.45034
107.599 25.5182 6.31343 13.6315 8.44307
107.699 25.4873 6.3207 13.6297 8.4358
107.799 25.4564 6.32796 13.628 8.42853
107.899 25.4254 6.33523 13.6262 8.42127
107.999 25.3944 6.34248 13.6243 8.41401
108.099 25.3634 6.34974 13.6224 8.40676
108.199 25.3324 6.35699 13.6204 8.39951
108.299 25.3013 6.36424 13.6184 8.39226
108.399 25.2703 6.37148 13.6164 8.38502
108.499 25.2392 6.37872 13.6143 8.37778
108.599 25.2081 6.38595 13.6122 8.37055
108.699 25.1769 6.39318 13.61 8.36332
108.799 25.1458 6.4004 13.6078 8.35609
108.899 25.1146 6.40762 13.6055 8.34887
108.999 25.0834 6.41484 13.6032 8.34166
109.099 25.0522 6.42205 13.6009 8.33444
109.199 25.0209 6.42926 13.5985 8.32724
109.299 24.9897 6.43646 13.596 8.32003
109.399 24.9584 6.44366 13.5935 8.31283
109.499 24.9271 6.45086 13.591 8.30564
109.599 24.8958 6.45805 13.5884 8.29845
109.699 24.8644 6.46523 13.5858 8.29126
109.799 24.8331 6.47241 13.5831 8.28408
109.899 24.8017 6.47959 13.5804 8.27691
109.999 24.7703 6.48676 13.5776 8.26974
110.099 24.7388 6.49393 13.5748 8.26257
110.199 24.7074 6.50109 13.5719 8.25541
110.299 24.6759 6.50825 13.569 8.24825
110.399 24.6444 6.5154 13.5661 8.24109
110.499 24.6129 6.52255 13.5631 8.23394
110.599 24.5814 6.5297 13.5601 8.2268
110.699 24.5498 6.53684 13.557 8.21966
110.799 24.5183 6.54397 13.5538 8.21253
110.899 24.4867 6.5511 13.5507 8.2054
110.999 24.4551 6.55823 13.5474 8.19827
111.099 24.4234 6.56535 13.5442 8.19115
111.199 24.3918 6.57246 13.5408 8.18403
111.299 24.3601 6.57957 13.5375 8.17692
111.399 24.3284 6.58668 13.5341 8.16982
111.499 24.2967 6.59378 13.5306 8.16271
111.599 24.265 6.60088 13.5271 8.15562
111.699 24.2333 6.60797 13.5236 8.14853
111.799 24.2015 6.61506 13.52 8.14144
111.899 24.1697 6.62214 13.5163 8.13436
111.999 24.1379 6.62922 13.5126 8.12728
112.099 24.1061 6.63629 13.5089 8.12021
112.199 24.0742 6.64335 13.5051 8.11314
112.299 24.0424 6.65042 13.5013 8.10608
112.399 24.0105 6.65747 13.4974 8.09902
112.499 23.9786 6.66452 13.4935 8.09197
112.599 23.9467 6.67157 13.4895 8.08493
112.699 23.9147 6.67861 13.4855 8.07788
112.799 23.8828 6.68565 13.4814 8.07085
112.899 23.8508 6.69268 13.4773 8.06382
112.999 23.8188 6.69971 13.4731 8.05679
113.099 23.7868 6.70673 13.4689 8.04977
113.199 23.7547 6.71374 13.4647 8.04275
113.299 23.7227 6.72075 13.4604 8.03574
113.399 23.6906 6.72776 13.456 8.02874
113.499 23.6585 6.73476 13.4516 8.02174
113.599 23.6264 6.74175 13.4472 8.01475
113.699 23.5943 6.74874 13.4427 8.00776
113.799 23.5621 6.75572 13.4382 8.00077
113.899 23.53 6.7627 13.4336 7.99379
113.999 23.4978 6.76967 13.4289 7.98682
114.099 23.4656 6.77664 13.4243 7.97985
114.199 23.4334 6.7836 13.4195 7.97289
114.299 23.4011 6.79056 13.4148 7.96594
114.399 23.3689 6.79751 13.4099 7.95898
114.499 23.3366 6.80446 13.4051 7.95204
114.599 23.3043 6.8114 13.4001 7.9451
114.699 23.272 6.81833 13.3952 7.93816
114.799 23.2397 6.82526 13.3902 7.93123
114.899 23.2073 6.83218 13.3851 7.92431
114.999 23.175 6.8391 13.38 7.91739
115.099 23.1426 6.84601 13.3748 7.91048
115.199 23.1102 6.85292 13.3696 7.90357
115.299 23.0778 6.85982 13.3643 7.89667
115.399 23.0453 6.86672 13.359 7.88978
115.499 23.0129 6.87361 13.3537 7.88289
115.599 22.9804 6.88049 13.3483 7.87601
115.699 22.9479 6.88737 13.3428 7.86913
115.799 22.9154 6.89424 13.3373 7.86226
115.899 22.8829 6.90111 13.3318 7.85539
115.999 22.8504 6.90797 13.3262 7.84853
116.099 22.8178 6.91482 13.3205 7.84167
116.199 22.7852 6.92167 13.3149 7.83482
116.299 22.7527 6.92851 13.3091 7.82798
116.399 22.72 6.93535 13.3033 7.82114
116.499 22.6874 6.94218 13.2975 7.81431
116.599 22.6548 6.94901 13.2916 7.80749
116.699 22.6221 6.95583 13.2857 7.80067
116.799 22.5895 6.96264 13.2797 7.79386
116.899 22.5568 6.96945 13.2736 7.78705
116.999 22.5241 6.97625 13.2675 7.78025
117.099 22.4913 6.98304 13.2614 7.77345
117.199 22.4586 6.98983 13.2552 7.76666
117.299 22.4258 6.99662 13.249 7.75988
117.399 22.393 7.00339 13.2427 7.7531
117.499 22.3603 7.01016 13.2364 7.74633
117.599 22.3274 7.01693 13.23 7.73957
117.699 22.2946 7.02369 13.2236 7.73281
117.799 22.2618 7.03044 13.2171 7.72606
117.899 22.2289 7.03719 13.2106 7.71931
117.999 22.196 7.04393 13.204 7.71257
118.099 22.1632 7.05066 13.1974 7.70584
118.199 22.1303 7.05739 13.1907 7.69911
118.299 22.0973 7.06411 13.184 7.69239
118.399 22.0644 7.07082 13.1772 7.68567
118.499 22.0314 7.07753 13.1704 7.67896
118.599 21.9985 7.08423 13.1635 7.67226
118.699 21.9655 7.09093 13.1566 7.66557
118.799 21.9325 7.09762 13.1496 7.65888
118.899 21.8995 7.1043 13.1426 7.65219
118.999 21.8664 7.11098 13.1355 7.64552
119.099 21.8334 7.11765 13.1284 7.63885
119.199 21.8003 7.12431 13.1212 7.63218
119.299 21.7672 7.13097 13.114 7.62553
119.399 21.7341 7.13762 13.1067 7.61888
119.499 21.701 7.14426 13.0994 7.61223
119.599 21.6679 7.1509 13.092 7.6056
119.699 21.6347 7.15753 13.0846 7.59896
119.799 21.6016 7.16416 13.0771 7.59234
119.899 21.5684 7.17077 13.0696 7.58572
119.999 21.5352 7.17738 13.0621 7.57911
120.099 21.502 7.18399 13.0544 7.57251
120.199 21.4688 7.19059 13.0468 7.56591
120.299 21.4355 7.19718 13.039 7.55932
120.399 21.4023 7.20376 13.0313 7.55273
120.499 21.369 7.21034 13.0234 7.54616
120.599 21.3357 7.21691 13.0156 7.53959
120.699 21.3024 7.22347 13.0076 7.53302
120.799 21.2691 7.23003 12.9997 7.52646
120.899 21.2358 7.23658 12.9916 7.51991
120.999 21.2024 7.24313 12.9836 7.51337
121.099 21.1691 7.24966 12.9754 7.50683
121.199 21.1357 7.25619 12.9673 7.5003
121.299 21.1023 7.26271 12.959 7.49378
121.399 21.0689 7.26923 12.9508 7.48727
121.499 21.0355 7.27574 12.9424 7.48076
121.599 21.0021 7.28224 12.934 7.47425
121.699 20.9686 7.28874 12.9256 7.46776
121.799 20.9352 7.29522 12.9171 7.46127
121.899 20.9017 7.30171 12.9086 7.45479
121.999 20.8682 7.30818 12.9 7.44832
122.099 20.8347 7.31465 12.8914 7.44185
122.199 20.8012 7.32111 12.8827 7.43539
122.299 20.7676 7.32756 12.874 7.42894
122.399 20.7341 7.33401 12.8652 7.42249
122.499 20.7005 7.34044 12.8563 7.41605
122.599 20.6669 7.34688 12.8475 7.40962
122.699 20.6333 7.3533 12.8385 7.4032
122.799 20.5997 7.35972 12.8295 7.39678
122.899 20.5661 7.36613 12.8205 7.39037
122.999 20.5325 7.37253 12.8114 7.38397
123.099 20.4988 7.37892 12.8022 7.37757
123.199 20.4652 7.38531 12.793 7.37118
123.299 20.4315 7.39169 12.7838 7.3648
123.399 20.3978 7.39807 12.7745 7.35843
123.499 20.3641 7.40443 12.7652 7.35206
123.599 20.3304 7.41079 12.7557 7.3457
123.699 20.2966 7.41714 12.7463 7.33935
123.799 20.2629 7.42349 12.7368 7.33301
123.899 20.2291 7.42982 12.7272 7.32667
123.999 20.1953 7.43615 12.7176 7.32034
124.099 20.1616 7.44247 12.708 7.31402
124.199 20.1278 7.44879 12.6983 7.30771
124.299 20.0939 7.4551 12.6885 7.3014
124.399 20.0601 7.4614 12.6787 7.2951
124.499 20.0263 7.46769 12.6688 7.28881
124.599 19.9924 7.47397 12.6589 7.28252
124.699 19.9585 7.48025 12.6489 7.27625
124.799 19.9247 7.48652 12.6389 7.26998
124.899 19.8908 7.49278 12.6288 7.26372
124.999 19.8568 7.49903 12.6187 7.25746
125.099 19.8229 7.50528 12.6085 7.25122
125.199 19.789 7.51152 12.5983 7.24498
125.299 19.755 7.51775 12.588 7.23875
125.399 19.7211 7.52397 12.5777 7.23252
125.499 19.6871 7.53019 12.5673 7.22631
125.599 19.6531 7.53639 12.5569 7.2201
125.699 19.6191 7.54259 12.5464 7.2139
125.799 19.5851 7.54879 12.5359 7.20771
125.899 19.5511 7.55497 12.5253 7.20152
125.999 19.517 7.56115 12.5146 7.19535
126.099 19.483 7.56732 12.5039 7.18918
126.199 19.4489 7.57348 12.4932 7.18302
126.299 19.4148 7.57963 12.4824 7.17687
126.399 19.3807 7.58578 12.4715 7.17072
126.499 19.3466 7.59191 12.4606 7.16458
126.599 19.3125 7.59804 12.4497 7.15845
126.699 19.2784 7.60416 12.4387 7.15233
126.799 19.2442 7.61028 12.4276 7.14622
126.899 19.21 7.61638 12.4165 7.14011
126.999 19.1759 7.62248 12.4053 7.13402
127.099 19.1417 7.62857 12.3941 7.12793
127.199 19.1075 7.63465 12.3829 7.12184
127.299 19.0733 7.64073 12.3715 7.11577
127.399 19.0391 7.64679 12.3602 7.10971
127.499 19.0048 7.65285 12.3487 7.10365
127.599 18.9706 7.6589 12.3373 7.0976
127.699 18.9363 7.66494 12.3257 7.09156
127.799 18.9021 7.67097 12.3142 7.08552
127.899 18.8678 7.677 12.3025 7.0795
127.999 18.8335 7.68301 12.2908 7.07348
128.099 18.7992 7.68902 12.2791 7.06748
128.199 18.7649 7.69502 12.2673 7.06147
128.299 18.7305 7.70101 12.2555 7.05548
128.399 18.6962 7.707 12.2436 7.0495
128.499 18.6618 7.71297 12.2316 7.04352
128.599 18.6274 7.71894 12.2196 7.03755
128.699 18.5931 7.7249 12.2076 7.0316
128.799 18.5587 7.73085 12.1954 7.02564
128.899 18.5243 7.73679 12.1833 7.0197
128.999 18.4898 7.74273 12.1711 7.01377
129.099 18.4554 7.74865 12.1588 7.00784
129.199 18.421 7.75457 12.1465 7.00192
129.299 18.3865 7.76048 12.1341 6.99602
129.399 18.3521 7.76638 12.1217 6.99011
129.499 18.3176 7.77227 12.1092 6.98422
129.599 18.2831 7.77816 12.0967 6.97834
129.699 18.2486 7.78403 12.0841 6.97246
129.799 18.2141 7.7899 12.0715 6.9666
129.899 18.1796 7.79576 12.0588 6.96074
129.999 18.145 7.80161 12.046 6.95489
130.099 18.1105 7.80745 12.0332 6.94905
130.199 18.0759 7.81328 12.0204 6.94322
130.299 18.0413 7.8191 12.0075 6.93739
130.399 18.0068 7.82492 11.9946 6.93158
130.499 17.9722 7.83073 11.9815 6.92577
130.599 17.9376 7.83652 11.9685 6.91997
130.699 17.903 7.84231 11.9554 6.91418
130.799 17.8683 7.84809 11.9422 6.9084
130.899 17.8337 7.85387 11.929 6.90263
130.999 17.799 7.85963 11.9157 6.89687
131.099 17.7644 7.86538 11.9024 6.89111
131.199 17.7297 7.87113 11.889 6.88537
131.299 17.695 7.87687 11.8756 6.87963
131.399 17.6603 7.88259 11.8621 6.8739
131.499 17.6256 7.88831 11.8486 6.86818
131.599 17.5909 7.89402 11.835 6.86247
131.699 17.5562 7.89973 11.8214 6.85677
131.799 17.5214 7.90542 11.8077 6.85108
131.899 17.4867 7.9111 11.7939 6.84539
131.999 17.4519 7.91678 11.7801 6.83972
132.099 17.4172 7.92244 11.7663 6.83405
132.199 17.3824 7.9281 11.7524 6.8284
132.299 17.3476 7.93375 11.7384 6.82275
132.399 17.3128 7.93939 11.7244 6.81711
132.499 17.278 7.94502 11.7104 6.81148
132.599 17.2432 7.95064 11.6963 6.80586
132.699 17.2083 7.95625 11.6821 6.80024
132.799 17.1735 7.96186 11.6679 6.79464
132.899 17.1386 7.96745 11.6536 6.78905
132.999 17.1037 7.97303 11.6393 6.78346
133.099 17.0689 7.97861 11.6249 6.77789
133.199 17.034 7.98418 11.6105 6.77232
133.299 16.9991 7.98974 11.596 6.76676
133.399 16.9642 7.99528 11.5814 6.76121
133.499 16.9293 8.00082 11.5668 6.75567
133.599 16.8943 8.00635 11.5522 6.75014
133.699 16.8594 8.01188 11.5375 6.74462
133.799 16.8244 8.01739 11.5228 6.73911
133.899 16.7895 8.02289 11.508 6.73361
133.999 16.7545 8.02838 11.4931 6.72811
134.099 16.7195 8.03387 11.4782 6.72263
134.199 16.6845 8.03934 11.4632 6.71715
134.299 16.6495 8.04481 11.4482 6.71169
134.399 16.6145 8.05027 11.4331 6.70623
134.499 16.5795 8.05571 11.418 6.70078
134.599 16.5445 8.06115 11.4029 6.69535
134.699 16.5094 8.06658 11.3876 6.68992
134.799 16.4744 8.072 11.3724 6.6845
134.899 16.4393 8.07741 11.357 6.67909
134.999 16.4042 8.08281 11.3416 6.67369
135.099 16.3692 8.0882 11.3262 6.6683
135.199 16.3341 8.09358 11.3107 6.66292
135.299 16.299 8.09895 11.2952 6.65754
135.399 16.2639 8.10431 11.2796 6.65218
135.499 16.2287 8.10967 11.2639 6.64683
135.599 16.1936 8.11501 11.2482 6.64149
135.699 16.1585 8.12035 11.2325 6.63615
135.799 16.1233 8.12567 11.2167 6.63083
135.899 16.0882 8.13098 11.2008 6.62551
135.999 16.053 8.13629 11.1849 6.62021
136.099 16.0178 8.14159 11.1689 6.61491
136.199 15.9826 8.14687 11.1529 6.60962
136.299 15.9474 8.15215 11.1368 6.60435
136.399 15.9122 8.15742 11.1207 6.59908
136.499 15.877 8.16267 11.1045 6.59382
136.599 15.8418 8.16792 11.0883 6.58858
136.699 15.8065 8.17316 11.072 6.58334
136.799 15.7713 8.17839 11.0557 6.57811
136.899 15.736 8.18361 11.0393 6.57289
136.999 15.7008 8.18881 11.0229 6.56768
137.099 15.6655 8.19401 11.0064 6.56248
137.199 15.6302 8.1992 10.9898 6.55729
137.299 15.5949 8.20438 10.9732 6.55211
137.399 15.5596 8.20955 10.9566 6.54694
137.499 15.5243 8.21471 10.9399 6.54178
137.599 15.489 8.21986 10.9231 6.53663
137.699 15.4537 8.225 10.9063 6.53149
137.799 15.4183 8.23013 10.8894 6.52636
137.899 15.383 8.23525 10.8725 6.52124
137.999 15.3476 8.24036 10.8556 6.51613
138.099 15.3123 8.24547 10.8385 6.51103
138.199 15.2769 8.25056 10.8215 6.50594
138.299 15.2415 8.25564 10.8043 6.50086
138.399 15.2061 8.26071 10.7872 6.49579
138.499 15.1707 8.26577 10.7699 6.49073
138.599 15.1353 8.27082 10.7527 6.48568
138.699 15.0999 8.27586 10.7353 6.48063
138.799 15.0645 8.28089 10.7179 6.4756
138.899 15.029 8.28591 10.7005 6.47058
138.999 14.9936 8.29092 10.683 6.46557
139.099 14.9581 8.29593 10.6655 6.46057
139.199 14.9227 8.30092 10.6479 6.45558
139.299 14.8872 8.3059 10.6302 6.4506
139.399 14.8517 8.31087 10.6125 6.44563
139.499 14.8162 8.31583 10.5948 6.44067
139.599 14.7807 8.32078 10.577 6.43572
139.699 14.7452 8.32572 10.5591 6.43078
139.799 14.7097 8.33065 10.5412 6.42585
139.899 14.6742 8.33557 10.5233 6.42093
139.999 14.6386 8.34048 10.5052 6.41602
140.099 14.6031 8.34538 10.4872 6.41112
140.199 14.5676 8.35027 10.4691 6.40623
140.299 14.532 8.35515 10.4509 6.40135
140.399 14.4964 8.36002 10.4327 6.39648
140.499 14.4609 8.36488 10.4144 6.39162
140.599 14.4253 8.36972 10.3961 6.38677
140.699 14.3897 8.37456 10.3777 6.38193
140.799 14.3541 8.37939 10.3593 6.37711
140.899 14.3185 8.38421 10.3408 6.37229
140.999 14.2829 8.38902 10.3223 6.36748
141.099 14.2473 8.39381 10.3037 6.36268
141.199 14.2116 8.3986 10.2851 6.3579
141.299 14.176 8.40337 10.2664 6.35312
141.399 14.1403 8.40814 10.2476 6.34836
141.499 14.1047 8.4129 10.2288 6.3436
141.599 14.069 8.41764 10.21 6.33886
141.699 14.0334 8.42238 10.1911 6.33412
141.799 13.9977 8.4271 10.1722 6.3294
141.899 13.962 8.43181 10.1532 6.32468
141.999 13.9263 8.43652 10.1341 6.31998
142.099 13.8906 8.44121 10.115 6.31529
142.199 13.8549 8.44589 10.0959 6.31061
142.299 13.8192 8.45056 10.0767 6.30593
142.399 13.7834 8.45522 10.0574 6.30127
142.499 13.7477 8.45987 10.0381 6.29662
142.6 13.712 8.46451 10.0188 6.29198
142.7 13.6762 8.46914 9.99938 6.28735
142.8 13.6404 8.47376 9.97992 6.28274
142.9 13.6047 8.47837 9.96042 6.27813
143 13.5689 8.48297 9.94086 6.27353
143.1 13.5331 8.48755 9.92125 6.26894
143.2 13.4973 8.49213 9.90159 6.26437
143.3 13.4615 8.4967 9.88188 6.2598
143.4 13.4257 8.50125 9.86212 6.25525
143.5 13.3899 8.50579 9.84231 6.2507
143.6 13.3541 8.51033 9.82245 6.24617
143.7 13.3183 8.51485 9.80254 6.24165
143.8 13.2824 8.51936 9.78257 6.23713
143.9 13.2466 8.52386 9.76256 6.23263
144 13.2108 8.52835 9.74249 6.22814
144.1 13.1749 8.53283 9.72238 6.22366
144.2 13.139 8.5373 9.70221 6.21919
144.3 13.1032 8.54176 9.682 6.21474
144.4 13.0673 8.54621 9.66173 6.21029
144.5 13.0314 8.55064 9.64142 6.20585
144.6 12.9955 8.55507 9.62105 6.20143
144.7 12.9596 8.55948 9.60063 6.19701
144.8 12.9237 8.56389 9.58017 6.19261
144.9 12.8878 8.56828 9.55965 6.18821
145 12.8519 8.57266 9.53908 6.18383
145.1 12.8159 8.57703 9.51846 6.17946
145.2 12.78 8.58139 9.4978 6.1751
145.3 12.7441 8.58574 9.47708 6.17075
145.4 12.7081 8.59008 9.45631 6.16641
145.5 12.6722 8.59441 9.4355 6.16209
145.6 12.6362 8.59873 9.41463 6.15777
145.7 12.6002 8.60303 9.39372 6.15346
145.8 12.5642 8.60733 9.37275 6.14917
145.9 12.5283 8.61161 9.35174 6.14489
146 12.4923 8.61588 9.33067 6.14061
146.1 12.4563 8.62014 9.30956 6.13635
146.2 12.4203 8.62439 9.2884 6.1321
146.3 12.3843 8.62863 9.26718 6.12786
146.4 12.3482 8.63286 9.24592 6.12363
146.5 12.3122 8.63708 9.22461 6.11942
146.6 12.2762 8.64128 9.20325 6.11521
146.7 12.2401 8.64548 9.18184 6.11102
146.8 12.2041 8.64966 9.16039 6.10683
146.9 12.168 8.65384 9.13888 6.10266
147 12.132 8.658 9.11733 6.0985
147.1 12.0959 8.66215 9.09572 6.09435
147.2 12.0598 8.66629 9.07407 6.09021
147.3 12.0238 8.67041 9.05237 6.08608
147.4 11.9877 8.67453 9.03062 6.08197
147.5 11.9516 8.67864 9.00882 6.07786
147.6 11.9155 8.68273 8.98697 6.07377
147.7 11.8794 8.68681 8.96508 6.06968
147.8 11.8433 8.69088 8.94313 6.06561
147.9 11.8071 8.69495 8.92114 6.06155
148 11.771 8.69899 8.8991 6.0575
148.1 11.7349 8.70303 8.87701 6.05346
148.2 11.6988 8.70706 8.85488 6.04944
148.3 11.6626 8.71107 8.83269 6.04542
148.4 11.6265 8.71508 8.81046 6.04142
148.5 11.5903 8.71907 8.78818 6.03743
148.6 11.5541 8.72305 8.76585 6.03344
148.7 11.518 8.72702 8.74348 6.02947
148.8 11.4818 8.73098 8.72106 6.02552
148.9 11.4456 8.73493 8.69858 6.02157
149 11.4094 8.73886 8.67607 6.01763
149.1 11.3732 8.74279 8.6535 6.01371
149.2 11.337 8.7467 8.63089 6.0098
149.3 11.3008 8.7506 8.60823 6.0059
149.4 11.2646 8.75449 8.58552 6.00201
149.5 11.2284 8.75837 8.56277 5.99813
149.6 11.1922 8.76224 8.53997 5.99426
149.7 11.1559 8.76609 8.51712 5.9904
149.8 11.1197 8.76994 8.49423 5.98656
149.9 11.0835 8.77377 8.47128 5.98273
150 11.0472 8.77759 8.4483 5.97891
150.1 11.011 8.7814 8.42526 5.9751
150.2 10.9747 8.7852 8.40218 5.9713
150.3 10.9384 8.78898 8.37905 5.96751
150.4 10.9022 8.79276 8.35588 5.96374
150.5 10.8659 8.79652 8.33266 5.95998
150.6 10.8296 8.80027 8.30939 5.95622
150.7 10.7933 8.80401 8.28608 5.95248
150.8 10.757 8.80774 8.26272 5.94876
150.9 10.7207 8.81146 8.23932 5.94504
151 10.6844 8.81516 8.21587 5.94133
151.1 10.6481 8.81886 8.19237 5.93764
151.2 10.6118 8.82254 8.16883 5.93396
151.3 10.5754 8.82621 8.14524 5.93029
151.4 10.5391 8.82987 8.12161 5.92663
151.5 10.5028 8.83351 8.09793 5.92298
151.6 10.4664 8.83715 8.07421 5.91935
151.7 10.4301 8.84077 8.05044 5.91572
151.8 10.3937 8.84438 8.02663 5.91211
151.9 10.3574 8.84798 8.00277 5.90851
152 10.321 8.85157 7.97886 5.90492
152.1 10.2846 8.85515 7.95491 5.90135
152.2 10.2483 8.85871 7.93092 5.89778
152.3 10.2119 8.86227 7.90688 5.89423
152.4 10.1755 8.86581 7.8828 5.89069
152.5 10.1391 8.86934 7.85867 5.88716
152.6 10.1027 8.87285 7.8345 5.88364
152.7 10.0663 8.87636 7.81029 5.88014
152.8 10.0299 8.87985 7.78603 5.87664
152.9 9.9935 8.88333 7.76172 5.87316
153 9.95708 8.8868 7.73738 5.86969
153.1 9.92066 8.89026 7.71298 5.86623
153.2 9.88423 8.89371 7.68855 5.86279
153.3 9.8478 8.89714 7.66407 5.85935
153.4 9.81136 8.90057 7.63955 5.85593
153.5 9.77492 8.90398 7.61498 5.85252
153.6 9.73847 8.90737 7.59037 5.84912
153.7 9.70202 8.91076 7.56572 5.84573
153.8 9.66556 8.91414 7.54102 5.84236
153.9 9.6291 8.9175 7.51628 5.839
154 9.59263 8.92085 7.4915 5.83565
154.1 9.55616 8.92419 7.46667 5.83231
154.2 9.51968 8.92752 7.44181 5.82898
154.3 9.48319 8.93083 7.4169 5.82567
154.4 9.4467 8.93413 7.39194 5.82236
154.5 9.41021 8.93742 7.36695 5.81907
154.6 9.37371 8.9407 7.34191 5.81579
154.7 9.33721 8.94397 7.31683 5.81253
154.8 9.3007 8.94723 7.29171 5.80927
154.9 9.26419 8.95047 7.26654 5.80603
155 9.22767 8.9537 7.24134 5.8028
155.1 9.19115 8.95692 7.21609 5.79958
155.2 9.15462 8.96012 7.1908 5.79637
155.3 9.11809 8.96332 7.16547 5.79318
155.4 9.08155 8.9665 7.14009 5.79
155.5 9.04501 8.96967 7.11468 5.78682
155.6 9.00846 8.97283 7.08923 5.78367
155.7 8.97191 8.97598 7.06373 5.78052
155.8 8.93535 8.97911 7.03819 5.77739
155.9 8.89879 8.98223 7.01261 5.77427
156 8.86223 8.98534 6.98699 5.77116
156.1 8.82566 8.98844 6.96133 5.76806
156.2 8.78908 8.99152 6.93563 5.76497
156.3 8.7525 8.9946 6.90989 5.7619
156.4 8.71592 8.99766 6.88411 5.75884
156.5 8.67933 9.00071 6.85829 5.75579
156.6 8.64274 9.00374 6.83243 5.75275
156.7 8.60614 9.00677 6.80653 5.74973
156.8 8.56954 9.00978 6.78059 5.74672
156.9 8.53293 9.01278 6.7546 5.74372
157 8.49632 9.01577 6.72858 5.74073
157.1 8.45971 9.01874 6.70252 5.73776
157.2 8.42309 9.0217 6.67642 5.73479
157.3 8.38647 9.02465 6.65028 5.73184
157.4 8.34984 9.02759 6.62411 5.7289
157.5 8.31321 9.03052 6.59789 5.72598
157.6 8.27657 9.03343 6.57163 5.72306
157.7 8.23993 9.03633 6.54534 5.72016
157.8 8.20328 9.03922 6.51901 5.71727
157.9 8.16663 9.0421 6.49263 5.7144
158 8.12998 9.04497 6.46622 5.71153
158.1 8.09332 9.04782 6.43978 5.70868
158.2 8.05666 9.05066 6.41329 5.70584
158.3 8.01999 9.05348 6.38677 5.70301
158.4 7.98332 9.0563 6.3602 5.7002
158.5 7.94665 9.0591 6.3336 5.69739
158.6 7.90997 9.06189 6.30697 5.6946
158.7 7.87329 9.06467 6.28029 5.69183
158.8 7.8366 9.06744 6.25358 5.68906
158.9 7.79991 9.07019 6.22683 5.68631
159.001 7.76322 9.07293 6.20004 5.68357
159.101 7.72652 9.07566 6.17322 5.68084
159.201 7.68982 9.07837 6.14636 5.67812
159.301 7.65311 9.08108 6.11946 5.67542
159.401 7.6164 9.08377 6.09253 5.67273
159.501 7.57969 9.08645 6.06556 5.67005
159.601 7.54297 9.08911 6.03855 5.66738
159.701 7.50625 9.09177 6.01151 5.66473
159.801 7.46952 9.09441 5.98443 5.66209
159.901 7.43279 9.09703 5.95731 5.65946
160.001 7.39606 9.09965 5.93016 5.65685
160.101 7.35932 9.10225 5.90298 5.65424
160.201 7.32258 9.10485 5.87576 5.65165
160.301 7.28583 9.10742 5.8485 5.64907
160.401 7.24909 9.10999 5.82121 5.64651
160.501 7.21233 9.11254 5.79388 5.64395
160.601 7.17558 9.11508 5.76652 5.64141
160.701 7.13882 9.11761 5.73912 5.63888
160.801 7.10205 9.12013 5.71169 5.63637
160.901 7.06529 9.12263 5.68423 5.63387
161.001 7.02852 9.12512 5.65673 5.63138
161.101 6.99174 9.1276 5.62919 5.6289
161.201 6.95497 9.13006 5.60162 5.62643
161.301 6.91819 9.13252 5.57402 5.62398
161.401 6.8814 9.13496 5.54639 5.62154
161.501 6.84461 9.13738 5.51872 5.61911
161.601 6.80782 9.1398 5.49101 5.6167
161.701 6.77103 9.1422 5.46328 5.6143
161.801 6.73423 9.14459 5.43551 5.61191
161.901 6.69743 9.14697 5.40771 5.60953
162.001 6.66062 9.14933 5.37987 5.60717
162.101 6.62381 9.15168 5.352 5.60481
162.201 6.587 9.15402 5.3241 5.60247
162.301 6.55019 9.15635 5.29617 5.60015
162.401 6.51337 9.15866 5.2682 5.59784
162.501 6.47654 9.16096 5.24021 5.59553
162.601 6.43972 9.16325 5.21218 5.59325
162.701 6.40289 9.16553 5.18412 5.59097
162.801 6.36606 9.16779 5.15602 5.58871
162.901 6.32922 9.17004 5.1279 5.58646
163.001 6.29239 9.17227 5.09974 5.58422
163.101 6.25555 9.1745 5.07155 5.582
163.201 6.2187 9.17671 5.04334 5.57979
163.301 6.18185 9.17891 5.01509 5.57759
163.401 6.145 9.1811 4.98681 5.5754
163.501 6.10815 9.18327 4.9585 5.57323
163.601 6.07129 9.18543 4.93016 5.57107
163.701 6.03443 9.18758 4.90178 5.56892
163.801 5.99757 9.18971 4.87338 5.56678
163.901 5.9607 9.19184 4.84495 5.56466
164.001 5.92383 9.19394 4.81649 5.56255
164.101 5.88696 9.19604 4.788 5.56045
164.201 5.85009 9.19813 4.75948 5.55837
164.301 5.81321 9.2002 4.73093 5.5563
164.401 5.77633 9.20225 4.70235 5.55424
164.501 5.73944 9.2043 4.67374 5.5522
164.601 5.70256 9.20633 4.64511 5.55016
164.701 5.66567 9.20835 4.61644 5.54814
164.801 5.62878 9.21036 4.58775 5.54614
164.901 5.59188 9.21235 4.55902 5.54414
165.001 5.55498 9.21433 4.53027 5.54216
165.101 5.51808 9.2163 4.50149 5.54019
165.201 5.48118 9.21826 4.47269 5.53824
165.301 5.44427 9.2202 4.44385 5.53629
165.401 5.40736 9.22213 4.41499 5.53437
165.501 5.37045 9.22405 4.3861 5.53245
165.601 5.33354 9.22595 4.35718 5.53054
165.701 5.29662 9.22784 4.32824 5.52865
165.801 5.2597 9.22972 4.29927 5.52678
165.901 5.22278 9.23159 4.27027 5.52491
166.001 5.18585 9.23344 4.24125 5.52306
166.101 5.14893 9.23528 4.2122 5.52122
166.201 5.112 9.2371 4.18312 5.51939
166.301 5.07506 9.23892 4.15402 5.51758
166.401 5.03813 9.24072 4.12489 5.51578
166.501 5.00119 9.24251 4.09573 5.51399
166.601 4.96425 9.24428 4.06655 5.51222
166.701 4.92731 9.24604 4.03735 5.51045
166.801 4.89036 9.24779 4.00812 5.50871
166.901 4.85341 9.24953 3.97886 5.50697
167.001 4.81646 9.25125 3.94958 5.50525
167.101 4.77951 9.25296 3.92028 5.50354
167.201 4.74256 9.25466 3.89095 5.50184
167.301 4.7056 9.25634 3.86159 5.50016
167.401 4.66864 9.25801 3.83221 5.49848
167.501 4.63168 9.25967 3.80281 5.49683
167.601 4.59471 9.26131 3.77339 5.49518
167.701 4.55775 9.26295 3.74394 5.49355
167.801 4.52078 9.26456 3.71446 5.49193
167.901 4.48381 9.26617 3.68496 5.49033
168.001 4.44683 9.26776 3.65544 5.48873
168.101 4.40986 9.26934 3.6259 5.48715
168.201 4.37288 9.27091 3.59634 5.48559
168.301 4.3359 9.27246 3.56675 5.48403
168.401 4.29892 9.274 3.53714 5.48249
168.501 4.26194 9.27553 3.5075 5.48096
168.601 4.22495 9.27705 3.47785 5.47945
168.701 4.18796 9.27855 3.44817 5.47795
168.801 4.15097 9.28004 3.41847 5.47646
168.901 4.11398 9.28151 3.38875 5.47498
169.001 4.07698 9.28297 3.35901 5.47352
169.101 4.03999 9.28442 3.32925 5.47207
169.201 4.00299 9.28586 3.29946 5.47064
169.301 3.96599 9.28728 3.26966 5.46921
169.401 3.92899 9.28869 3.23983 5.4678
169.501 3.89198 9.29009 3.20998 5.46641
169.601 3.85497 9.29147 3.18012 5.46502
169.701 3.81797 9.29284 3.15023 5.46365
169.801 3.78096 9.2942 3.12033 5.46229
169.901 3.74394 9.29555 3.0904 5.46095
170.001 3.70693 9.29688 3.06045 5.45962
170.101 3.66991 9.2982 3.03049 5.4583
170.201 3.6329 9.2995 3.0005 5.45699
170.301 3.59588 9.30079 2.9705 5.4557
170.401 3.55886 9.30207 2.94048 5.45442
170.501 3.52183 9.30334 2.91044 5.45316
170.601 3.48481 9.30459 2.88038 5.45191
170.701 3.44778 9.30583 2.8503 5.45067
170.801 3.41075 9.30706 2.8202 5.44944
170.901 3.37372 9.30827 2.79009 5.44823
171.001 3.33669 9.30947 2.75996 5.44703
171.101 3.29966 9.31066 2.72981 5.44584
171.201 3.26262 9.31183 2.69964 5.44467
171.301 3.22559 9.31299 2.66946 5.44351
171.401 3.18855 9.31414 2.63926 5.44236
171.501 3.15151 9.31527 2.60904 5.44122
171.601 3.11447 9.31639 2.5788 5.4401
171.701 3.07743 9.3175 2.54855 5.43899
171.801 3.04038 9.3186 2.51829 5.4379
171.901 3.00334 9.31968 2.488 5.43682
172.001 2.96629 9.32075 2.4577 5.43575
172.101 2.92924 9.3218 2.42739 5.43469
172.201 2.89219 9.32284 2.39706 5.43365
172.301 2.85514 9.32387 2.36671 5.43262
172.401 2.81809 9.32489 2.33635 5.43161
172.501 2.78103 9.32589 2.30598 5.43061
172.601 2.74398 9.32688 2.27559 5.42962
172.701 2.70692 9.32786 2.24518 5.42864
172.801 2.66986 9.32882 2.21476 5.42768
172.901 2.6328 9.32977 2.18433 5.42673
173.001 2.59574 9.3307 2.15388 5.42579
173.101 2.55868 9.33163 2.12342 5.42487
173.201 2.52161 9.33254 2.09295 5.42396
173.301 2.48455 9.33343 2.06246 5.42306
173.401 2.44748 9.33432 2.03196 5.42218
173.501 2.41042 9.33519 2.00145 5.42131
173.601 2.37335 9.33604 1.97092 5.42045
173.701 2.33628 9.33689 1.94038 5.41961
173.801 2.29921 9.33772 1.90983 5.41878
173.901 2.26214 9.33854 1.87926 5.41796
174.001 2.22506 9.33934 1.84869 5.41716
174.101 2.18799 9.34013 1.8181 5.41637
174.201 2.15091 9.34091 1.7875 5.41559
174.301 2.11384 9.34167 1.75689 5.41482
174.401 2.07676 9.34242 1.72626 5.41407
174.501 2.03968 9.34316 1.69563 5.41333
174.601 2.0026 9.34389 1.66498 5.41261
174.701 1.96552 9.3446 1.63433 5.4119
174.801 1.92844 9.3453 1.60366 5.4112
174.901 1.89136 9.34598 1.57299 5.41052
175.001 1.85428 9.34665 1.5423 5.40984
175.101 1.81719 9.34731 1.5116 5.40919
175.201 1.78011 9.34795 1.4809 5.40854
175.301 1.74302 9.34859 1.45018 5.40791
175.402 1.70593 9.3492 1.41946 5.40729
175.502 1.66885 9.34981 1.38872 5.40669
175.602 1.63176 9.3504 1.35798 5.40609
175.702 1.59467 9.35098 1.32723 5.40552
175.802 1.55758 9.35155 1.29647 5.40495
175.902 1.52049 9.3521 1.2657 5.4044
176.002 1.4834 9.35264 1.23492 5.40386
176.102 1.44631 9.35316 1.20414 5.40333
176.202 1.40921 9.35367 1.17335 5.40282
176.302 1.37212 9.35417 1.14255 5.40232
176.402 1.33502 9.35466 1.11174 5.40184
176.502 1.29793 9.35513 1.08093 5.40137
176.602 1.26083 9.35559 1.0501 5.40091
176.702 1.22374 9.35604 1.01928 5.40046
176.802 1.18664 9.35647 0.988441 5.40003
176.902 1.14954 9.35689 0.9576 5.39961
177.002 1.11245 9.35729 0.926752 5.3992
177.102 1.07535 9.35768 0.895899 5.39881
177.202 1.03825 9.35806 0.86504 5.39843
177.302 1.00115 9.35843 0.834175 5.39807
177.402 0.964049 9.35878 0.803305 5.39771
177.502 0.926949 9.35912 0.77243 5.39737
177.602 0.889848 9.35945 0.74155 5.39705
177.702 0.852747 9.35976 0.710665 5.39674
177.802 0.815645 9.36006 0.679775 5.39644
177.902 0.778543 9.36035 0.648881 5.39615
178.002 0.74144 9.36062 0.617983 5.39588
178.102 0.704337 9.36088 0.587081 5.39562
178.202 0.667234 9.36112 0.556175 5.39537
178.302 0.630131 9.36136 0.525266 5.39514
178.402 0.593027 9.36158 0.494353 5.39492
178.502 0.555923 9.36178 0.463437 5.39471
178.602 0.518818 9.36198 0.432518 5.39452
178.702 0.481713 9.36215 0.401596 5.39434
178.802 0.444609 9.36232 0.370671 5.39418
178.902 0.407503 9.36247 0.339744 5.39402
179.002 0.370398 9.36261 0.308815 5.39388
179.102 0.333293 9.36274 0.277884 5.39376
179.202 0.296187 9.36285 0.246951 5.39364
179.302 0.259081 9.36295 0.216017 5.39354
179.402 0.221975 9.36304 0.185081 5.39346
179.502 0.184869 9.36311 0.154144 5.39338
179.602 0.147763 9.36317 0.123206 5.39332
179.702 0.110657 9.36322 0.092267 5.39328
179.802 0.0735503 9.36325 0.0613276 5.39325
179.902 0.036444 9.36327 0.0303878 5.39323
