 Event ID : 989
-26.9953 18.4534 -119.36 25 162.9
-24.5412 22.704 -110.912 27 66.95
206.146 -62.3768 104.512 78 67.2
-245.412 -62.3768 218.56 105 67.2
-4.90824 -104.816 235.456 109 497
12.2706 -109.066 243.904 111 146.25
12.2706 -111.968 243.904 111 136.7
7.36235 -103.467 243.904 111 78.05
4.90823 -104.816 243.904 111 400.95
2.45411 -94.9652 243.904 111 369
-5.72205e-06 -99.2159 243.904 111 2510.8
-2.45412 -103.467 248.128 112 1584.05
2.45411 -103.467 248.128 112 1137.1
-5.72205e-06 -104.816 248.128 112 1437.75
-5.72205e-06 -107.717 248.128 112 482.1
9.81646 -104.816 248.128 112 82.6
4.90823 -107.717 248.128 112 219.5
2.45411 -100.565 252.352 113 1536.4
-2.45412 -109.066 252.352 113 689.05
4.90823 -96.3143 252.352 113 640.85
-2.45412 -100.565 252.352 113 2598
4.90823 -99.2159 252.352 113 1175
-4.90824 -96.3143 256.576 114 2798.8
-12.2706 -109.066 256.576 114 385.65
-12.2706 -100.565 256.576 114 663.8
-9.81647 -107.717 256.576 114 160.6
-4.90824 -99.2159 256.576 114 1927.8
-2.45412 -94.9652 256.576 114 1975.9
-7.36236 -100.565 256.576 114 2341.4
-4.90823 -138.889 256.576 114 84.8
-9.81647 -96.3143 260.8 115 2874.5
2.45411 -92.0637 260.8 115 649.1
-9.81647 -90.7145 260.8 115 2808.55
4.90823 -90.7145 260.8 115 115.15
-7.36236 -94.9652 260.8 115 2804.65
7.36235 -134.57 260.8 115 278.55
-9.81647 -99.2159 260.8 115 1899.7
-12.2706 -103.467 260.8 115 129.55
-2.45413 -92.0637 260.8 115 879.75
-14.7247 -99.2159 260.8 115 356.7
-9.81647 -141.858 265.024 116 94.25
-14.7247 -96.3143 265.024 116 887.45
-19.6329 -121.818 265.024 116 74.5
-4.90824 -90.7145 265.024 116 1006.45
-12.2706 -94.9652 265.024 116 1907.6
-4.90824 -70.8104 265.024 116 80.4
-7.62939e-06 -90.7145 265.024 116 647.15
-9.81647 -104.816 265.024 116 365.5
-7.36236 -103.467 265.024 116 920.1
-19.6329 -104.816 265.024 116 115.45
-7.62939e-06 -87.813 269.248 117 298.25
-14.7247 -90.7145 269.248 117 2484.3
-4.90824 -87.813 269.248 117 530.35
-12.2706 -92.0637 269.248 117 2514.1
-17.1788 -94.9652 269.248 117 950.05
-17.1788 -100.565 269.248 117 98.75
-2.45412 -86.4639 269.248 117 183.6
-17.1788 -103.467 269.248 117 188.4
-12.2706 -86.4639 269.248 117 2770.05
26.9953 49.5571 273.472 118 137.9
-19.6329 -124.72 273.472 118 106.1
-4.90824 -73.7119 273.472 118 139.45
-7.36236 -92.0637 273.472 118 1879.35
-7.36236 -83.5624 273.472 118 653.1
-12.2706 -134.57 273.472 118 80.2
-22.0871 -92.0637 273.472 118 376.15
-14.7247 -87.813 273.472 118 2214.35
-4.90824 -79.3117 273.472 118 97.7
-17.1788 -109.066 273.472 118 100.55
-17.1788 -92.0637 273.472 118 1451
-9.81647 -87.813 273.472 118 2499
2.45411 -109.066 273.472 118 210.9
-22.0871 -94.9652 273.472 118 166.25
-24.5412 -90.7145 273.472 118 323.1
-12.2706 -83.5624 277.696 119 2608.9
-19.6329 -90.7145 277.696 119 1136.55
-9.81648 -82.2132 277.696 119 1065.85
-19.6329 -99.2159 277.696 119 227.45
-7.36236 -86.4639 277.696 119 1622.6
-24.5412 -87.813 277.696 119 684.6
-17.1788 -83.5624 277.696 119 2983.75
41.72 41.0558 277.696 119 136.45
-7.36235 -126.069 277.696 119 88.95
-19.6329 -87.813 277.696 119 1374.65
-19.6329 -96.3143 277.696 119 279.95
-24.5412 -82.2132 281.92 120 1363.3
29.4494 53.8078 281.92 120 359.9
-26.9953 -120.469 281.92 120 111.15
-14.7247 -82.2132 281.92 120 2234.1
-4.90823 -189.897 281.92 120 75.7
-26.9953 -117.568 281.92 120 130
-12.2706 -75.0611 281.92 120 455.85
-9.81647 -192.866 281.92 120 81.05
-14.7247 -79.3117 281.92 120 2357.7
31.9035 49.5571 281.92 120 390.25
-22.0871 -83.5624 281.92 120 2436.65
53.9906 53.8078 281.92 120 86.75
31.9035 52.4586 281.92 120 349
-24.5412 -113.317 286.144 121 101.8
34.3577 45.3065 286.144 121 905.2
-22.0871 -120.469 286.144 121 119.7
-17.1788 -77.9626 286.144 121 2568.3
29.4494 45.3065 286.144 121 1668.95
-26.9953 -92.0637 286.144 121 264.35
-19.6329 -79.3117 286.144 121 2931.1
36.8118 43.9573 286.144 121 562.35
24.5412 45.3065 286.144 121 512.1
-9.81648 -79.3117 286.144 121 599.55
-12.2706 -77.9626 286.144 121 1699.45
26.9953 52.4586 286.144 121 272.95
-29.4494 -130.32 286.144 121 98.1
-12.2706 -126.069 286.144 121 70.4
-17.1788 -86.4639 286.144 121 2080.45
-24.5412 -116.218 286.144 121 158.2
-22.0871 -86.4639 286.144 121 1022.85
36.8118 35.456 286.144 121 182.4
-19.6329 -82.2132 286.144 121 2625.7
-26.9953 -83.5624 286.144 121 568.2
-14.7247 -73.7119 286.144 121 793.35
24.5412 48.208 286.144 121 160.35
22.0871 43.9573 290.368 122 409.95
29.4494 48.208 290.368 122 1285.25
-17.1788 -75.0611 290.368 122 2419.8
-14.7247 -65.2106 290.368 122 275
-22.0871 -77.9626 290.368 122 2298.25
-26.9953 -86.4639 290.368 122 111.1
19.633 45.3065 290.368 122 106.75
-22.0871 -75.0611 290.368 122 2937.35
-19.6329 -73.7119 290.368 122 1497
-24.5412 -79.3117 290.368 122 1377
-22.0871 -103.467 290.368 122 79.6
-24.5412 -121.818 290.368 122 155.6
-12.2706 -66.5598 290.368 122 204
-29.4494 -79.3117 290.368 122 78.05
31.9035 43.9573 290.368 122 1798.85
-22.0871 -117.568 290.368 122 123.75
26.9953 43.9573 290.368 122 1088.75
34.3577 53.8078 294.592 123 64.3
26.9953 41.0558 294.592 123 413.55
66.2612 83.5624 294.592 123 94.25
-29.4494 -82.2132 294.592 123 259.2
-26.9953 -77.9626 294.592 123 1012.15
-17.1788 -69.4613 294.592 123 1016.8
7.36234 -109.066 294.592 123 205.45
-31.9035 -77.9626 294.592 123 476.75
63.8071 82.2132 294.592 123 72.95
-26.9953 -75.0611 294.592 123 1073.3
39.2659 39.7067 294.592 123 153.05
-9.81648 -70.8104 294.592 123 109.75
-17.1788 -134.57 294.592 123 96.95
51.5365 52.4586 294.592 123 159.8
-17.1788 -66.5598 294.592 123 489.75
22.0871 41.0558 294.592 123 391.65
34.3577 36.8052 294.592 123 966.45
-31.9035 -75.0611 294.592 123 87.05
34.3577 56.7093 294.592 123 288.7
34.3577 39.7067 294.592 123 573.05
-24.5412 -73.7119 294.592 123 2119.65
-4.90823 -155.891 294.592 123 60.55
-14.7247 -70.8104 294.592 123 1034.7
34.3577 48.208 298.816 124 399.5
-22.0871 -69.4613 298.816 124 2448.7
-24.5412 -124.72 298.816 124 103.7
-29.4494 -70.8104 298.816 124 1878.15
-12.2706 -69.4613 298.816 124 497.45
49.0824 65.2106 298.816 124 81.6
31.9035 35.456 298.816 124 809
-29.4494 -73.7119 298.816 124 975.2
29.4494 36.8052 298.816 124 826.8
29.4494 39.7067 298.816 124 1293.3
-19.6329 -70.8104 298.816 124 1380.85
-22.0871 -111.968 298.816 124 116
31.9035 41.0558 298.816 124 1027.65
24.5412 39.7067 303.04 125 667.1
-22.0871 -126.069 303.04 125 101.4
-22.0871 -109.066 303.04 125 123.2
-24.5412 -65.2106 303.04 125 2565.2
9.81646 -96.3143 303.04 125 183.8
-7.36236 -77.9626 303.04 125 311.25
-14.7247 -104.816 303.04 125 135
68.7153 82.2132 303.04 125 101.4
-22.0871 -66.5598 303.04 125 2806.15
-19.6329 -130.32 303.04 125 82.4
-24.5412 -70.8104 303.04 125 1847.25
-22.0871 -128.97 303.04 125 64.7
26.9953 35.456 303.04 125 1880.8
-9.81648 -65.2106 307.264 126 228.75
-19.6329 -133.221 307.264 126 82.55
-26.9953 -66.5598 307.264 126 1702.5
-29.4494 -65.2106 307.264 126 924.05
36.8118 41.0558 307.264 126 175.4
53.9906 62.3091 307.264 126 77.95
-31.9035 -66.5598 307.264 126 550.75
26.9953 32.5545 307.264 126 2064.1
-31.9035 -69.4613 307.264 126 441
-26.9953 -69.4613 307.264 126 2159.2
39.2659 31.2053 307.264 126 88.8
31.9035 32.5545 307.264 126 2165.15
-19.6329 -65.2106 307.264 126 870.1
-29.4494 -62.3091 311.488 127 1627.3
-34.3576 -70.8104 311.488 127 139.25
-17.1788 -60.9599 311.488 127 375.8
36.8118 32.5545 311.488 127 169.35
9.81646 -99.2159 311.488 127 78.1
-31.9035 -103.467 311.488 127 100.65
17.1788 32.5545 311.488 127 390.6
-49.0824 -79.3117 311.488 127 76.9
-34.3576 -62.3091 311.488 127 93
-14.7247 -62.3091 315.712 128 281.9
-24.5412 -62.3091 315.712 128 1813.1
-31.9035 -60.9599 315.712 128 507.55
7.36234 -94.9652 315.712 128 109.55
-49.0824 -73.7119 315.712 128 90.3
-19.6329 -62.3091 315.712 128 2450.7
39.2659 22.704 315.712 128 341.4
-26.9953 -60.9599 315.712 128 1129.45
-22.0871 -60.9599 315.712 128 2273.85
39.2659 28.3038 315.712 128 99.9
22.0871 35.456 315.712 128 1044.5
-26.9953 -52.4586 319.936 129 1844.95
-44.1741 -79.3117 319.936 129 100.85
-12.2706 -52.4586 319.936 129 223.15
-19.6329 -56.7093 319.936 129 1370.75
71.1694 60.9599 319.936 129 65.9
-22.0871 -58.0584 319.936 129 1977.3
-4.90824 -82.2132 319.936 129 442.9
-24.5412 -56.7093 319.936 129 2397.75
-26.9953 -58.0584 319.936 129 2811.5
-34.3576 -56.7093 319.936 129 921.7
-19.6329 -53.8078 319.936 129 838.8
36.8118 49.5571 319.936 129 246.65
12.2706 -75.0611 319.936 129 136.1
24.5412 36.8052 319.936 129 717.45
-34.3576 -65.2106 319.936 129 375.9
-29.4494 -56.7093 319.936 129 1324.75
36.8118 24.0532 324.16 130 228.4
19.6329 28.3038 324.16 130 341.55
24.5412 28.3038 324.16 130 2358.35
26.9953 26.9547 324.16 130 2943.6
-31.9035 -52.4586 324.16 130 784.9
73.6235 79.3117 324.16 130 97.35
-22.0871 -52.4586 324.16 130 1145.1
-29.4494 -53.8078 324.16 130 1794.9
-17.1788 -52.4586 324.16 130 240.2
34.3577 22.704 324.16 130 791.3
-24.5412 -53.8078 324.16 130 3214.6
19.633 36.8052 324.16 130 509.05
29.4494 28.3038 324.16 130 1965.15
-29.4494 -90.7145 324.16 130 128.95
24.5412 22.704 324.16 130 2165.15
4.90825 31.2053 324.16 130 77.45
-31.9035 -58.0584 324.16 130 1817.6
-14.7247 -53.8078 324.16 130 425.7
29.4494 31.2053 324.16 130 1793.7
-34.3576 -48.208 324.16 130 149.15
-31.9035 -41.0558 328.384 131 777.1
26.9953 24.0532 328.384 131 2440.35
22.0871 24.0532 328.384 131 2225.1
66.2612 32.5545 328.384 131 87.95
7.36237 32.5545 328.384 131 100.65
34.3577 31.2053 328.384 131 700.35
-26.9953 -49.5571 328.384 131 1652.85
-14.7247 -56.7093 328.384 131 124.2
31.9035 24.0532 328.384 131 1905.6
22.0871 26.9547 328.384 131 2121.35
-34.3576 -39.7067 328.384 131 87.15
29.4494 22.704 328.384 131 2406.15
34.3577 28.3038 328.384 131 844.7
39.2659 36.8052 328.384 131 68.3
-31.9035 -43.9573 332.608 132 723.5
-29.4494 -39.7067 332.608 132 1203.75
-17.1788 -49.5571 332.608 132 841.5
-29.4494 -45.3065 332.608 132 1587.45
24.5412 19.8025 332.608 132 2543.9
24.5412 31.2053 332.608 132 1443.4
-36.8118 -66.5598 332.608 132 160.3
36.8118 26.9547 332.608 132 106.65
41.72 52.4586 332.608 132 186.05
-12.2706 -43.9573 332.608 132 113.25
9.81648 28.3038 332.608 132 359.4
-14.7247 -45.3065 332.608 132 501.5
76.0776 86.4639 332.608 132 199.45
17.1788 26.9547 332.608 132 625.8
46.6282 66.5598 332.608 132 77.85
-19.6329 -48.208 332.608 132 1283.65
-29.4494 -48.208 332.608 132 1270.8
-34.3576 -36.8052 332.608 132 232.05
14.7247 31.2053 332.608 132 189.25
-22.0871 -49.5571 332.608 132 1812.05
-26.9953 -41.0558 332.608 132 1930.7
31.9035 26.9547 332.608 132 1621.1
-19.6329 -45.3065 332.608 132 1070.75
73.6235 87.813 332.608 132 242.5
14.7247 -70.8104 332.608 132 150.7
-24.5412 -48.208 332.608 132 1823.6
31.9035 18.4534 332.608 132 589.85
-29.4494 -28.3038 336.832 133 271.9
-26.9953 -43.9573 336.832 133 1788.9
68.7153 90.7145 336.832 133 78.35
-41.72 -75.0611 336.832 133 138.55
29.4494 19.8025 336.832 133 1151.1
-22.0871 -41.0558 336.832 133 1454.25
26.9953 18.4534 336.832 133 2205
-22.0871 -43.9573 336.832 133 1752
34.3577 19.8025 336.832 133 269
31.9035 15.5519 336.832 133 1235.65
22.0871 32.5545 336.832 133 679.6
44.1741 28.3038 336.832 133 187.3
-17.1788 -43.9573 336.832 133 214.8
19.6329 22.704 336.832 133 2923.9
80.9859 32.5545 336.832 133 89.5
-44.1741 -73.7119 336.832 133 84.6
80.9859 35.456 336.832 133 179
26.9953 15.5519 336.832 133 1417.1
-14.7247 -48.208 336.832 133 668.55
-39.2659 -65.2106 336.832 133 98.25
-24.5412 -45.3065 336.832 133 2162.2
19.6329 19.8025 341.056 134 2609.25
24.5412 14.2027 341.056 134 1336.45
71.1694 32.5545 341.056 134 171.4
-24.5412 -39.7067 341.056 134 1156.6
34.3577 14.2027 341.056 134 444.3
-31.9035 -32.5545 341.056 134 187.85
22.0871 18.4534 341.056 134 2381.25
73.6235 28.3038 341.056 134 188.45
66.2612 24.0532 341.056 134 264.35
71.1694 35.456 341.056 134 286.95
-31.9035 -49.5571 341.056 134 183.5
71.1694 26.9547 341.056 134 103.95
53.9906 19.8025 341.056 134 101.35
73.6235 22.704 341.056 134 182.1
66.2612 75.0611 341.056 134 93.6
-29.4494 -36.8052 341.056 134 491.6
-26.9953 -35.456 341.056 134 1006.4
-34.3576 -53.8078 341.056 134 95.1
-31.9035 -35.456 341.056 134 412.55
12.2706 7.05056 341.056 134 135.4
9.81648 11.3012 341.056 134 130.45
19.6329 5.70141 341.056 134 219.1
19.6329 31.2053 345.28 135 454.35
-19.6329 -39.7067 345.28 135 799.05
17.1788 18.4534 345.28 135 2054.4
-14.7247 -36.8052 345.28 135 783
14.7247 19.8025 345.28 135 2099.4
-19.6329 -36.8052 345.28 135 1524.8
17.1788 24.0532 345.28 135 2655.35
-22.0871 -35.456 345.28 135 1144.65
22.0871 15.5519 345.28 135 2507.25
-17.1788 -41.0558 345.28 135 472.3
26.9953 7.05056 345.28 135 395.35
58.8988 73.7119 345.28 135 77.75
-51.5365 -52.4586 345.28 135 78.7
56.4447 24.0532 345.28 135 135.9
-24.5412 -31.2053 349.504 136 1032.85
-34.3577 -28.3038 349.504 136 92.15
12.2706 15.5519 349.504 136 122.7
-14.7247 -39.7067 349.504 136 457.65
29.4494 11.3012 349.504 136 434.4
-17.1788 -32.5545 349.504 136 858.85
-22.0871 -32.5545 349.504 136 1425.45
14.7247 28.3038 349.504 136 416
-26.9953 -32.5545 349.504 136 1149.55
-24.5412 -36.8052 349.504 136 885.25
76.0776 35.456 349.504 136 211.4
-9.81648 -36.8052 349.504 136 217.8
-17.1788 -35.456 349.504 136 1010.25
-7.36236 -41.0558 353.728 137 113.75
-19.6329 -31.2053 353.728 137 1587.8
73.6235 36.8052 353.728 137 144.4
-26.9953 -26.9547 353.728 137 796.9
12.2706 24.0532 353.728 137 513.5
-19.6329 -28.3038 353.728 137 1557.9
-12.2706 -35.456 353.728 137 388.35
-1.14441e-05 56.7093 353.728 137 102.05
14.7247 22.704 353.728 137 639.75
-17.1788 -58.0584 353.728 137 452.05
24.5412 2.7999 353.728 137 108.95
-22.0871 -26.9547 353.728 137 849.45
-24.5412 -28.3038 353.728 137 861.65
17.1788 15.5519 357.952 138 1419.6
29.4494 14.2027 357.952 138 645.2
9.81648 19.8025 357.952 138 73.25
-9.81648 -28.3038 357.952 138 268
24.5412 5.70141 357.952 138 765.05
9.81648 22.704 357.952 138 635.1
-19.6329 -14.2027 357.952 138 190.25
19.6329 11.3012 357.952 138 490.75
19.6329 14.2027 357.952 138 2188.05
-14.7247 -31.2053 357.952 138 1652.65
-7.36236 -26.9547 357.952 138 147.5
-46.6282 -66.5598 357.952 138 77.8
22.0871 7.05056 357.952 138 282.75
-24.5412 -22.704 357.952 138 1099.3
-19.6329 -22.704 357.952 138 573.65
24.5412 11.3012 357.952 138 1800.1
-12.2706 -41.0558 362.176 139 418
-24.5412 -19.8025 362.176 139 330.3
-12.2706 -26.9547 362.176 139 829.1
-22.0871 -24.0532 362.176 139 1103.45
-26.9953 -18.4534 362.176 139 105.7
-26.9953 -15.5519 362.176 139 309.1
-17.1788 -18.4534 362.176 139 968.45
-9.81648 -39.7067 362.176 139 224.9
-34.3576 -45.3065 362.176 139 96.15
26.9953 9.95207 362.176 139 395.75
-41.72 -49.5571 362.176 139 69.95
-14.7247 -28.3038 362.176 139 1065.25
22.0871 9.95207 362.176 139 1099.75
-17.1788 -26.9547 362.176 139 1234.95
63.8071 31.2053 362.176 139 153.2
12.2706 18.4534 362.176 139 244.65
-17.1788 -24.0532 362.176 139 1524.75
-12.2706 -32.5545 362.176 139 190.3
-12.2706 -24.0532 366.4 140 934.3
-29.4494 -31.2053 366.4 140 222.55
-17.1788 -15.5519 366.4 140 568.4
-19.6329 -19.8025 366.4 140 1450.85
7.36237 24.0532 366.4 140 135.1
-22.0871 -18.4534 366.4 140 757.7
-29.4494 -22.704 366.4 140 207.25
-9.81648 -31.2053 366.4 140 160.4
-14.7247 -19.8025 366.4 140 896.65
-26.9953 -24.0532 366.4 140 140.85
-24.5412 -14.2027 366.4 140 415.35
-14.7247 -22.704 366.4 140 1544.5
-9.81648 -22.704 370.624 141 686.8
-9.81648 -19.8025 370.624 141 122.15
12.2706 35.456 370.624 141 135.4
-24.5412 -5.70141 370.624 141 95.6
-19.6329 -11.3012 374.848 142 350.85
2.45411 58.0584 374.848 142 96.75
-26.9953 -7.05056 374.848 142 86.75
-4.90825 31.2053 379.072 143 241.9
-22.0871 -15.5519 379.072 143 180.95
46.6282 32.5545 379.072 143 71.55
9.81648 31.2053 383.296 144 87.2
34.3577 11.3012 383.296 144 186
2.4541 24.0532 387.52 145 232.05
-1.33514e-05 22.704 387.52 145 101.1
-4.90825 -65.2106 387.52 145 229.5
-12.2706 -18.4534 387.52 145 235.8
-7.36236 -66.5598 391.744 146 71.65
-39.2659 -70.8104 395.968 147 303.85
-41.72 -69.4613 395.968 147 71.6
-4.90825 28.3038 400.192 148 103.6
-7.36236 26.9547 400.192 148 188.65
-1.14441e-05 -62.3091 417.088 152 138.3
2.45413 -32.5545 429.76 155 72.75
-22.0871 9.95207 531.136 179 133.3
-29.4494 11.3012 556.48 185 138.95
-31.9035 9.95207 721.216 224 244.15
-22.0871 -7.05056 767.68 235 98.1
-24.5412 5.70141 771.904 236 147.4
-26.9953 7.05056 780.352 238 107.25
-22.0871 15.5519 788.8 240 135.4
-17.1788 18.4534 814.144 246 227.55
-26.9953 -1.45075 822.592 248 199.9
-12.2706 18.4534 852.16 255 123.55
-29.4494 14.2027 856.384 256 345
-22.0871 7.05056 860.608 257 219.9
-22.0871 1.45075 869.056 259 118.5
