0.075 60 423 20.567
0.225 60 104 10.198
0.375 60 53 7.28011
0.525 60 57 7.54983
0.675 60 37 6.08276
0.825 60 41 6.40312
0.975 60 32 5.65685
1.125 60 23 4.79583
1.275 60 22 4.69042
1.425 60 22 4.69042
1.575 60 14 3.74166
1.725 60 17 4.12311
1.875 60 13 3.60555
2.025 60 18 4.24264
2.175 60 13 3.60555
2.325 60 9 3
2.475 60 12 3.4641
2.625 60 17 4.12311
2.775 60 14 3.74166
2.925 60 12 3.4641
3.075 60 4 2
3.225 60 18 4.24264
3.375 60 9 3
3.525 60 9 3
3.675 60 7 2.64575
3.825 60 6 2.44949
3.975 60 7 2.64575
4.125 60 4 2
4.275 60 8 2.82843
4.425 60 5 2.23607
4.575 60 3 1.73205
4.725 60 3 1.73205
4.875 60 1 1
5.025 60 6 2.44949
5.175 60 4 2
5.325 60 5 2.23607
5.475 60 7 2.64575
5.625 60 5 2.23607
5.775 60 4 2
5.925 60 3 1.73205
6.075 60 2 1.41421
6.225 60 5 2.23607
6.375 60 2 1.41421
6.525 60 3 1.73205
6.675 60 3 1.73205
6.825 60 5 2.23607
6.975 60 2 1.41421
7.125 60 2 1.41421
7.275 60 1 1
7.425 60 2 1.41421
7.575 60 0 0
7.725 60 4 2
7.875 60 1 1
8.025 60 2 1.41421
8.175 60 0 0
8.325 60 2 1.41421
8.475 60 1 1
8.625 60 1 1
8.775 60 2 1.41421
8.925 60 1 1
9.075 60 0 0
9.225 60 0 0
9.375 60 1 1
9.525 60 2 1.41421
9.675 60 1 1
9.825 60 1 1
9.975 60 0 0
10.125 60 1 1
10.275 60 3 1.73205
10.425 60 0 0
10.575 60 2 1.41421
10.725 60 0 0
10.875 60 0 0
11.025 60 1 1
11.175 60 1 1
11.325 60 1 1
11.475 60 1 1
11.625 60 0 0
11.775 60 0 0
11.925 60 0 0
12.075 60 2 1.41421
12.225 60 1 1
12.375 60 1 1
12.525 60 1 1
12.675 60 2 1.41421
12.825 60 0 0
12.975 60 2 1.41421
13.125 60 0 0
13.275 60 1 1
13.425 60 0 0
13.575 60 1 1
13.725 60 1 1
13.875 60 1 1
14.025 60 3 1.73205
14.175 60 0 0
14.325 60 1 1
14.475 60 1 1
14.625 60 1 1
14.775 60 0 0
14.925 60 1 1
