0.105 68 0.421498 0.0144065
0.315 68 0.0600733 0.0054388
0.525 68 0.0374227 0.00429268
0.735 68 0.0329911 0.0040305
0.945 68 0.0398847 0.00443163
1.155 68 0.0398847 0.00443163
1.365 68 0.0433315 0.00461916
1.575 68 0.079277 0.00624792
1.785 68 0.163478 0.00897204
1.995 68 0.227983 0.0105953
2.205 68 0.235861 0.0107768
2.415 68 0.200901 0.00994607
2.625 68 0.175788 0.00930368
2.835 68 0.128517 0.00795503
3.045 68 0.0930643 0.00676942
3.255 68 0.076815 0.00615012
3.465 68 0.124578 0.00783218
3.675 68 0.156584 0.00878084
3.885 68 0.170864 0.00917245
4.095 68 0.0659821 0.00569997
4.305 68 0.0221582 0.00330314
4.515 68 0.00837087 0.00203024
4.725 68 0.0132949 0.0025586
4.935 68 0.00984808 0.0022021
5.145 68 0.00787846 0.00196962
5.355 68 0.00541644 0.00163312
5.565 68 0.00590885 0.00170574
5.775 68 0.00984808 0.0022021
5.985 68 0.00295442 0.00120614
6.195 68 0.00295442 0.00120614
6.405 68 0.00344683 0.00130278
6.615 68 0.00246202 0.00110105
6.825 68 0.00344683 0.00130278
7.035 68 0.00344683 0.00130278
7.245 68 0.000984808 0.000696362
7.455 68 0.00295442 0.00120614
7.665 68 0.00295442 0.00120614
7.875 68 0.00196962 0.000984808
8.085 68 0.00393923 0.00139273
8.295 68 0.000984808 0.000696362
8.505 68 0.000492404 0.000492404
8.715 68 0.00196962 0.000984808
8.925 68 0.00196962 0.000984808
9.135 68 0.00196962 0.000984808
9.345 68 0.00147721 0.000852868
9.555 68 0.000492404 0.000492404
9.765 68 0.00196962 0.000984808
9.975 68 0.000984808 0.000696362
10.185 68 0.00147721 0.000852868
10.395 68 0.00147721 0.000852868
10.605 68 0.00196962 0.000984808
10.815 68 0.000984808 0.000696362
11.025 68 0.00246202 0.00110105
11.235 68 0.000492404 0.000492404
11.445 68 0.00196962 0.000984808
11.655 68 0.000492404 0.000492404
11.865 68 0.00147721 0.000852868
12.075 68 0.000492404 0.000492404
12.285 68 0.00147721 0.000852868
12.495 68 0.00295442 0.00120614
12.705 68 0.000492404 0.000492404
12.915 68 0.00147721 0.000852868
13.125 68 0.000984808 0.000696362
13.335 68 0.00147721 0.000852868
13.755 68 0.00147721 0.000852868
13.965 68 0.000492404 0.000492404
14.385 68 0.000492404 0.000492404
14.595 68 0.000492404 0.000492404
14.805 68 0.00295442 0.00120614
15.435 68 0.000984808 0.000696362
15.855 68 0.000984808 0.000696362
16.275 68 0.000492404 0.000492404
16.485 68 0.000984808 0.000696362
16.695 68 0.000984808 0.000696362
16.905 68 0.000492404 0.000492404
17.115 68 0.000492404 0.000492404
17.325 68 0.000492404 0.000492404
17.745 68 0.000984808 0.000696362
17.955 68 0.000984808 0.000696362
18.165 68 0.000492404 0.000492404
19.005 68 0.00147721 0.000852868
19.215 68 0.00196962 0.000984808
19.425 68 0.000492404 0.000492404
19.635 68 0.000492404 0.000492404
19.845 68 0.000984808 0.000696362
20.055 68 0.00147721 0.000852868
20.685 68 0.000492404 0.000492404
