0.035 68 5 2.23607
0.105 68 4 2
0.175 68 3 1.73205
0.245 68 2 1.41421
0.315 68 1 0.9
0.385 68 1 0.9
0.455 68 2 1.41421
0.525 68 2 1.41421
0.595 68 1 0.9
0.665 68 1 0.9
0.735 68 2 1.41421
0.805 68 5 2.23607
0.875 68 7 2.64575
0.945 68 12 3.4641
1.015 68 14 3.74166
1.085 68 23 4.79583
1.155 68 30 5.47723
1.225 68 36 6
1.295 68 32 5.65685
1.365 68 55 7.4162
1.435 68 33 5.74456
1.505 68 41 6.40312
1.575 68 36 6
1.645 68 56 7.48331
1.715 68 57 7.54983
1.785 68 50 7.07107
1.855 68 54 7.34847
1.925 68 56 7.48331
1.995 68 43 6.55744
2.065 68 55 7.4162
2.135 68 73 8.544
2.205 68 91 9.53939
2.275 68 102 10.0995
2.345 68 138 11.7473
2.415 68 133 11.5326
2.485 68 97 9.84886
2.555 68 47 6.85565
2.625 68 18 4.24264
2.695 68 6 2.44949
2.765 68 6 2.44949
2.835 68 1 0.9
2.905 68 1 0.9
2.975 68 2 1.41421
3.045 68 1 0.9
3.115 68 1 0.9
3.185 68 1 0.9
3.325 68 2 1.41421
3.605 68 2 1.41421
3.675 68 1 0.9
