0.075 80 0 0
0.225 80 0 0
0.375 80 0 0
0.525 80 0 0
0.675 80 0 0
0.825 80 0 0
0.975 80 0 0
1.125 80 0 0
1.275 80 0 0
1.425 80 0 0
1.575 80 0 0
1.725 80 0 0
1.875 80 0 0
2.025 80 0 0
2.175 80 0 0
2.325 80 0 0
2.475 80 0 0
2.625 80 0 0
2.775 80 0 0
2.925 80 0 0
3.075 80 0 0
3.225 80 0 0
3.375 80 0 0
3.525 80 0 0
3.675 80 0 0
3.825 80 0 0
3.975 80 0 0
4.125 80 0 0
4.275 80 0 0
4.425 80 0 0
4.575 80 0 0
4.725 80 0 0
4.875 80 0 0
5.025 80 0 0
5.175 80 0 0
5.325 80 0 0
5.475 80 0 0
5.625 80 0 0
5.775 80 0 0
5.925 80 0 0
6.075 80 0 0
6.225 80 0 0
6.375 80 0 0
6.525 80 0 0
6.675 80 0 0
6.825 80 0 0
6.975 80 0 0
7.125 80 0 0
7.275 80 0 0
7.425 80 0 0
7.575 80 0 0
7.725 80 0 0
7.875 80 0 0
8.025 80 0 0
8.175 80 0 0
8.325 80 0 0
8.475 80 0 0
8.625 80 0 0
8.775 80 0 0
8.925 80 0 0
9.075 80 0 0
9.225 80 0 0
9.375 80 0 0
9.525 80 0 0
9.675 80 0 0
9.825 80 0 0
9.975 80 0 0
10.125 80 0 0
10.275 80 0 0
10.425 80 0 0
10.575 80 0 0
10.725 80 0 0
10.875 80 0 0
11.025 80 0 0
11.175 80 0 0
11.325 80 0 0
11.475 80 0 0
11.625 80 0 0
11.775 80 0 0
11.925 80 0 0
12.075 80 0 0
12.225 80 0 0
12.375 80 0 0
12.525 80 0 0
12.675 80 0 0
12.825 80 0 0
12.975 80 0 0
13.125 80 0 0
13.275 80 0 0
13.425 80 0 0
13.575 80 0 0
13.725 80 0 0
13.875 80 0 0
14.025 80 0 0
14.175 80 0 0
14.325 80 0 0
14.475 80 0 0
14.625 80 0 0
14.775 80 0 0
14.925 80 0 0
