0.075 90 0 0
0.225 90 0 0
0.375 90 0 0
0.525 90 0 0
0.675 90 0 0
0.825 90 0 0
0.975 90 1 1
1.125 90 0 0
1.275 90 0 0
1.425 90 0 0
1.575 90 0 0
1.725 90 0 0
1.875 90 0 0
2.025 90 0 0
2.175 90 0 0
2.325 90 0 0
2.475 90 0 0
2.625 90 0 0
2.775 90 0 0
2.925 90 0 0
3.075 90 0 0
3.225 90 0 0
3.375 90 0 0
3.525 90 0 0
3.675 90 0 0
3.825 90 0 0
3.975 90 0 0
4.125 90 0 0
4.275 90 0 0
4.425 90 0 0
4.575 90 0 0
4.725 90 0 0
4.875 90 0 0
5.025 90 0 0
5.175 90 0 0
5.325 90 0 0
5.475 90 0 0
5.625 90 0 0
5.775 90 0 0
5.925 90 0 0
6.075 90 0 0
6.225 90 0 0
6.375 90 0 0
6.525 90 0 0
6.675 90 0 0
6.825 90 0 0
6.975 90 0 0
7.125 90 0 0
7.275 90 0 0
7.425 90 0 0
7.575 90 0 0
7.725 90 0 0
7.875 90 0 0
8.025 90 0 0
8.175 90 0 0
8.325 90 0 0
8.475 90 0 0
8.625 90 0 0
8.775 90 0 0
8.925 90 0 0
9.075 90 0 0
9.225 90 0 0
9.375 90 0 0
9.525 90 0 0
9.675 90 0 0
9.825 90 0 0
9.975 90 0 0
10.125 90 0 0
10.275 90 0 0
10.425 90 0 0
10.575 90 0 0
10.725 90 0 0
10.875 90 0 0
11.025 90 0 0
11.175 90 0 0
11.325 90 0 0
11.475 90 0 0
11.625 90 0 0
11.775 90 0 0
11.925 90 0 0
12.075 90 0 0
12.225 90 0 0
12.375 90 0 0
12.525 90 0 0
12.675 90 0 0
12.825 90 0 0
12.975 90 0 0
13.125 90 0 0
13.275 90 0 0
13.425 90 0 0
13.575 90 0 0
13.725 90 0 0
13.875 90 0 0
14.025 90 0 0
14.175 90 0 0
14.325 90 0 0
14.475 90 0 0
14.625 90 0 0
14.775 90 0 0
14.925 90 0 0
