0.075 70 1 1
0.225 70 0 0
0.375 70 0 0
0.525 70 0 0
0.675 70 0 0
0.825 70 0 0
0.975 70 0 0
1.125 70 0 0
1.275 70 0 0
1.425 70 0 0
1.575 70 0 0
1.725 70 0 0
1.875 70 0 0
2.025 70 0 0
2.175 70 0 0
2.325 70 0 0
2.475 70 0 0
2.625 70 0 0
2.775 70 0 0
2.925 70 0 0
3.075 70 0 0
3.225 70 0 0
3.375 70 0 0
3.525 70 0 0
3.675 70 0 0
3.825 70 0 0
3.975 70 0 0
4.125 70 0 0
4.275 70 0 0
4.425 70 0 0
4.575 70 0 0
4.725 70 0 0
4.875 70 0 0
5.025 70 0 0
5.175 70 0 0
5.325 70 0 0
5.475 70 0 0
5.625 70 0 0
5.775 70 0 0
5.925 70 0 0
6.075 70 0 0
6.225 70 0 0
6.375 70 0 0
6.525 70 0 0
6.675 70 0 0
6.825 70 0 0
6.975 70 0 0
7.125 70 0 0
7.275 70 0 0
7.425 70 0 0
7.575 70 0 0
7.725 70 0 0
7.875 70 0 0
8.025 70 0 0
8.175 70 0 0
8.325 70 0 0
8.475 70 0 0
8.625 70 0 0
8.775 70 0 0
8.925 70 0 0
9.075 70 0 0
9.225 70 0 0
9.375 70 0 0
9.525 70 0 0
9.675 70 0 0
9.825 70 0 0
9.975 70 0 0
10.125 70 0 0
10.275 70 0 0
10.425 70 0 0
10.575 70 0 0
10.725 70 0 0
10.875 70 0 0
11.025 70 0 0
11.175 70 0 0
11.325 70 0 0
11.475 70 0 0
11.625 70 0 0
11.775 70 0 0
11.925 70 0 0
12.075 70 0 0
12.225 70 0 0
12.375 70 0 0
12.525 70 0 0
12.675 70 0 0
12.825 70 0 0
12.975 70 0 0
13.125 70 0 0
13.275 70 0 0
13.425 70 0 0
13.575 70 0 0
13.725 70 0 0
13.875 70 0 0
14.025 70 0 0
14.175 70 0 0
14.325 70 0 0
14.475 70 0 0
14.625 70 0 0
14.775 70 0 0
14.925 70 0 0
