0 179.954 0 0 10.5142
0.1 89.95 6.53506e-06 0.0285505 10.5142
0.2 89.8999 2.61402e-05 0.057101 10.5142
0.3 89.8499 5.88154e-05 0.0856515 10.5142
0.4 89.7999 0.000104561 0.114202 10.5141
0.5 89.7499 0.000163375 0.142752 10.514
0.6 89.6998 0.00023526 0.171302 10.514
0.7 89.6498 0.000320214 0.199852 10.5139
0.8 89.5998 0.000418237 0.228402 10.5138
0.9 89.5497 0.000529329 0.256952 10.5137
1 89.4997 0.00065349 0.285501 10.5136
1.1 89.4497 0.000790718 0.31405 10.5134
1.2 89.3997 0.000941015 0.342599 10.5133
1.3 89.3496 0.00110438 0.371147 10.5131
1.4 89.2996 0.00128081 0.399695 10.5129
1.5 89.2496 0.00147031 0.428243 10.5127
1.6 89.1995 0.00167287 0.456791 10.5125
1.7 89.1495 0.00188849 0.485337 10.5123
1.8 89.0995 0.00211719 0.513884 10.5121
1.9 89.0495 0.00235894 0.54243 10.5119
2 88.9994 0.00261376 0.570975 10.5116
2.1 88.9494 0.00288164 0.59952 10.5113
2.2 88.8994 0.00316258 0.628065 10.511
2.3 88.8493 0.00345658 0.656608 10.5108
2.4 88.7993 0.00376364 0.685152 10.5104
2.5 88.7493 0.00408376 0.713694 10.5101
2.6 88.6993 0.00441694 0.742236 10.5098
2.7 88.6492 0.00476318 0.770777 10.5094
2.8 88.5992 0.00512247 0.799318 10.5091
2.9 88.5492 0.00549481 0.827857 10.5087
3 88.4991 0.00588021 0.856396 10.5083
3.1 88.4491 0.00627866 0.884934 10.5079
3.2 88.3991 0.00669016 0.913472 10.5075
3.3 88.3491 0.00711471 0.942008 10.5071
3.4 88.299 0.00755231 0.970544 10.5067
3.5 88.249 0.00800296 0.999078 10.5062
3.6 88.199 0.00846665 1.02761 10.5057
3.7 88.1489 0.00894338 1.05614 10.5053
3.8 88.0989 0.00943316 1.08468 10.5048
3.9 88.0489 0.00993598 1.11321 10.5043
4 87.9989 0.0104518 1.14174 10.5038
4.1 87.9488 0.0109807 1.17027 10.5032
4.2 87.8988 0.0115227 1.19879 10.5027
4.3 87.8488 0.0120776 1.22732 10.5021
4.4 87.7987 0.0126457 1.25585 10.5016
4.5 87.7487 0.0132267 1.28437 10.501
4.6 87.6987 0.0138208 1.31289 10.5004
4.7 87.6487 0.0144278 1.34141 10.4998
4.8 87.5986 0.015048 1.36993 10.4992
4.9 87.5486 0.0156811 1.39845 10.4985
5 87.4986 0.0163273 1.42697 10.4979
5.1 87.4485 0.0169865 1.45549 10.4972
5.2 87.3985 0.0176587 1.484 10.4966
5.3 87.3485 0.0183439 1.51252 10.4959
5.4 87.2985 0.0190421 1.54103 10.4952
5.5 87.2484 0.0197534 1.56954 10.4945
5.6 87.1984 0.0204776 1.59805 10.4937
5.7 87.1484 0.0212149 1.62656 10.493
5.8 87.0983 0.0219652 1.65506 10.4922
5.9 87.0483 0.0227284 1.68357 10.4915
6 86.9983 0.0235047 1.71207 10.4907
6.1 86.9483 0.024294 1.74057 10.4899
6.2 86.8982 0.0250962 1.76907 10.4891
6.3 86.8482 0.0259115 1.79757 10.4883
6.4 86.7982 0.0267398 1.82607 10.4875
6.5 86.7481 0.027581 1.85456 10.4866
6.6 86.6981 0.0284352 1.88306 10.4858
6.7 86.6481 0.0293024 1.91155 10.4849
6.8 86.5981 0.0301826 1.94004 10.484
6.9 86.548 0.0310758 1.96853 10.4831
7 86.498 0.0319819 1.99701 10.4822
7.1 86.448 0.0329011 2.0255 10.4813
7.2 86.3979 0.0338332 2.05398 10.4804
7.3 86.3479 0.0347782 2.08246 10.4794
7.4 86.2979 0.0357362 2.11094 10.4785
7.5 86.2479 0.0367072 2.13942 10.4775
7.6 86.1978 0.0376912 2.16789 10.4765
7.7 86.1478 0.038688 2.19636 10.4755
7.79999 86.0978 0.0396979 2.22483 10.4745
7.89999 86.0477 0.0407207 2.2533 10.4735
7.99999 85.9977 0.0417564 2.28177 10.4725
8.09999 85.9477 0.0428051 2.31023 10.4714
8.2 85.8977 0.0438667 2.33869 10.4703
8.3 85.8476 0.0449413 2.36715 10.4693
8.4 85.7976 0.0460288 2.39561 10.4682
8.5 85.7476 0.0471292 2.42407 10.4671
8.6 85.6975 0.0482426 2.45252 10.466
8.7 85.6475 0.0493689 2.48097 10.4648
8.8 85.5975 0.0505081 2.50942 10.4637
8.9 85.5475 0.0516602 2.53787 10.4626
9 85.4974 0.0528252 2.56631 10.4614
9.1 85.4474 0.0540032 2.59475 10.4602
9.2 85.3974 0.055194 2.62319 10.459
9.3 85.3473 0.0563977 2.65163 10.4578
9.4 85.2973 0.0576144 2.68006 10.4566
9.5 85.2473 0.0588439 2.70849 10.4554
9.6 85.1973 0.0600864 2.73692 10.4541
9.7 85.1472 0.0613417 2.76535 10.4529
9.8 85.0972 0.0626099 2.79377 10.4516
9.9 85.0472 0.063891 2.82219 10.4503
10 84.9971 0.0651849 2.85061 10.449
10.1 84.9471 0.0664917 2.87902 10.4477
10.2 84.8971 0.0678114 2.90744 10.4464
10.3 84.8471 0.069144 2.93585 10.4451
10.4 84.797 0.0704894 2.96426 10.4437
10.5 84.747 0.0718477 2.99266 10.4424
10.6 84.697 0.0732188 3.02106 10.441
10.7 84.6469 0.0746028 3.04946 10.4396
10.8 84.5969 0.0759996 3.07786 10.4382
10.9 84.5469 0.0774092 3.10625 10.4368
11 84.4969 0.0788317 3.13464 10.4354
11.1 84.4468 0.0802671 3.16303 10.4339
11.2 84.3968 0.0817152 3.19141 10.4325
11.3 84.3468 0.0831762 3.21979 10.431
11.4 84.2967 0.0846499 3.24817 10.4296
11.5 84.2467 0.0861365 3.27655 10.4281
11.6 84.1967 0.0876359 3.30492 10.4266
11.7 84.1467 0.0891481 3.33329 10.4251
11.8 84.0966 0.0906732 3.36166 10.4235
11.9 84.0466 0.0922109 3.39002 10.422
12 83.9966 0.0937615 3.41838 10.4204
12.1 83.9465 0.0953249 3.44673 10.4189
12.2 83.8965 0.0969011 3.47509 10.4173
12.3 83.8465 0.09849 3.50344 10.4157
12.4 83.7965 0.100092 3.53178 10.4141
12.5 83.7464 0.101706 3.56013 10.4125
12.6 83.6964 0.103333 3.58847 10.4109
12.7 83.6464 0.104973 3.6168 10.4092
12.8 83.5963 0.106626 3.64514 10.4076
12.9 83.5463 0.108292 3.67347 10.4059
13 83.4963 0.10997 3.70179 10.4042
13.1 83.4463 0.111661 3.73011 10.4025
13.2 83.3962 0.113364 3.75843 10.4008
13.3 83.3462 0.115081 3.78675 10.3991
13.4 83.2962 0.11681 3.81506 10.3974
13.5 83.2461 0.118552 3.84337 10.3957
13.6 83.1961 0.120306 3.87167 10.3939
13.7 83.1461 0.122074 3.89998 10.3921
13.8 83.0961 0.123854 3.92827 10.3904
13.9 83.046 0.125646 3.95657 10.3886
14 82.996 0.127451 3.98486 10.3868
14.1 82.946 0.129269 4.01314 10.3849
14.2 82.8959 0.1311 4.04142 10.3831
14.3 82.8459 0.132944 4.0697 10.3813
14.4 82.7959 0.1348 4.09798 10.3794
14.5 82.7459 0.136668 4.12625 10.3775
14.6 82.6958 0.13855 4.15451 10.3757
14.7 82.6458 0.140444 4.18278 10.3738
14.8 82.5958 0.14235 4.21104 10.3719
14.9 82.5458 0.144269 4.23929 10.3699
15 82.4957 0.146201 4.26754 10.368
15.1 82.4457 0.148146 4.29579 10.3661
15.2 82.3957 0.150103 4.32403 10.3641
15.3 82.3456 0.152073 4.35227 10.3621
15.4 82.2956 0.154055 4.3805 10.3602
15.5 82.2456 0.15605 4.40873 10.3582
15.6 82.1956 0.158058 4.43696 10.3562
15.7 82.1455 0.160078 4.46518 10.3541
15.8 82.0955 0.162111 4.4934 10.3521
15.9 82.0455 0.164156 4.52161 10.3501
16 81.9954 0.166214 4.54982 10.348
16.1 81.9454 0.168284 4.57803 10.3459
16.2 81.8954 0.170367 4.60623 10.3438
16.3 81.8454 0.172463 4.63442 10.3417
16.4 81.7953 0.174571 4.66261 10.3396
16.5 81.7453 0.176691 4.6908 10.3375
16.6 81.6953 0.178825 4.71898 10.3354
16.7 81.6453 0.18097 4.74716 10.3332
16.8 81.5952 0.183128 4.77533 10.3311
16.9 81.5452 0.185299 4.8035 10.3289
17 81.4952 0.187482 4.83167 10.3267
17.1 81.4451 0.189678 4.85983 10.3245
17.2 81.3951 0.191886 4.88798 10.3223
17.3 81.3451 0.194107 4.91613 10.3201
17.4 81.2951 0.19634 4.94428 10.3179
17.5 81.245 0.198586 4.97242 10.3156
17.6 81.195 0.200844 5.00055 10.3134
17.7 81.145 0.203115 5.02869 10.3111
17.8 81.0949 0.205398 5.05681 10.3088
17.9 81.0449 0.207693 5.08493 10.3065
18 80.9949 0.210001 5.11305 10.3042
18.1 80.9449 0.212321 5.14116 10.3019
18.2 80.8948 0.214654 5.16927 10.2996
18.3 80.8448 0.216999 5.19737 10.2972
18.4 80.7948 0.219357 5.22547 10.2949
18.5 80.7448 0.221727 5.25356 10.2925
18.6 80.6947 0.224109 5.28165 10.2901
18.7 80.6447 0.226504 5.30973 10.2877
18.8 80.5947 0.228911 5.33781 10.2853
18.9 80.5446 0.231331 5.36588 10.2829
19 80.4946 0.233763 5.39394 10.2804
19.1 80.4446 0.236207 5.42201 10.278
19.2 80.3946 0.238663 5.45006 10.2755
19.3 80.3445 0.241132 5.47811 10.2731
19.4 80.2945 0.243614 5.50616 10.2706
19.5 80.2445 0.246107 5.5342 10.2681
19.6 80.1945 0.248613 5.56223 10.2656
19.7 80.1444 0.251131 5.59026 10.2631
19.8 80.0944 0.253662 5.61829 10.2605
19.9 80.0444 0.256205 5.6463 10.258
20 79.9943 0.25876 5.67432 10.2555
20.1 79.9443 0.261327 5.70233 10.2529
20.2 79.8943 0.263907 5.73033 10.2503
20.3 79.8443 0.266499 5.75832 10.2477
20.4 79.7942 0.269103 5.78632 10.2451
20.5 79.7442 0.27172 5.8143 10.2425
20.6 79.6942 0.274348 5.84228 10.2399
20.7 79.6442 0.276989 5.87025 10.2372
20.8 79.5941 0.279643 5.89822 10.2346
20.9 79.5441 0.282308 5.92619 10.2319
21 79.4941 0.284986 5.95414 10.2292
21.1 79.444 0.287675 5.98209 10.2265
21.2 79.394 0.290377 6.01004 10.2238
21.3 79.344 0.293091 6.03798 10.2211
21.4 79.294 0.295818 6.06591 10.2184
21.5 79.2439 0.298556 6.09384 10.2157
21.6 79.1939 0.301307 6.12176 10.2129
21.7 79.1439 0.30407 6.14968 10.2101
21.8 79.0939 0.306845 6.17759 10.2074
21.9 79.0438 0.309632 6.20549 10.2046
22 78.9938 0.312431 6.23339 10.2018
22.1 78.9438 0.315243 6.26128 10.199
22.2 78.8937 0.318066 6.28917 10.1961
22.3 78.8437 0.320902 6.31705 10.1933
22.4 78.7937 0.323749 6.34492 10.1905
22.5 78.7437 0.326609 6.37279 10.1876
22.6 78.6936 0.329481 6.40065 10.1847
22.7001 78.6436 0.332365 6.42851 10.1818
22.8001 78.5936 0.335261 6.45635 10.1789
22.9001 78.5436 0.338169 6.4842 10.176
23.0001 78.4935 0.341089 6.51203 10.1731
23.1001 78.4435 0.344021 6.53986 10.1702
23.2001 78.3935 0.346965 6.56768 10.1672
23.3001 78.3435 0.349921 6.5955 10.1643
23.4001 78.2934 0.352889 6.62331 10.1613
23.5001 78.2434 0.355869 6.65112 10.1583
23.6001 78.1934 0.358861 6.67891 10.1553
23.7001 78.1433 0.361865 6.7067 10.1523
23.8001 78.0933 0.364881 6.73449 10.1493
23.9001 78.0433 0.367909 6.76227 10.1463
24.0001 77.9933 0.370949 6.79004 10.1433
24.1001 77.9432 0.374001 6.8178 10.1402
24.2001 77.8932 0.377065 6.84556 10.1371
24.3001 77.8432 0.380141 6.87331 10.1341
24.4001 77.7932 0.383229 6.90105 10.131
24.5001 77.7431 0.386328 6.92879 10.1279
24.6001 77.6931 0.38944 6.95652 10.1248
24.7001 77.6431 0.392563 6.98424 10.1216
24.8001 77.5931 0.395698 7.01196 10.1185
24.9001 77.543 0.398845 7.03967 10.1154
25.0001 77.493 0.402004 7.06737 10.1122
25.1001 77.443 0.405175 7.09507 10.109
25.2001 77.393 0.408357 7.12276 10.1059
25.3001 77.3429 0.411552 7.15044 10.1027
25.4001 77.2929 0.414758 7.17812 10.0995
25.5001 77.2429 0.417976 7.20578 10.0962
25.6001 77.1928 0.421206 7.23344 10.093
25.7001 77.1428 0.424448 7.2611 10.0898
25.8001 77.0928 0.427701 7.28874 10.0865
25.9001 77.0428 0.430966 7.31638 10.0832
26.0001 76.9927 0.434243 7.34402 10.08
26.1001 76.9427 0.437532 7.37164 10.0767
26.2001 76.8927 0.440832 7.39926 10.0734
26.3001 76.8427 0.444144 7.42687 10.0701
26.4001 76.7926 0.447468 7.45447 10.0667
26.5001 76.7426 0.450804 7.48207 10.0634
26.6001 76.6926 0.454151 7.50965 10.0601
26.7001 76.6426 0.45751 7.53723 10.0567
26.8001 76.5925 0.460881 7.56481 10.0533
26.9001 76.5425 0.464263 7.59237 10.0499
27.0001 76.4925 0.467657 7.61993 10.0466
27.1001 76.4425 0.471063 7.64748 10.0431
27.2001 76.3924 0.47448 7.67502 10.0397
27.3001 76.3424 0.477909 7.70256 10.0363
27.4001 76.2924 0.481349 7.73008 10.0329
27.5001 76.2424 0.484801 7.7576 10.0294
27.6001 76.1923 0.488265 7.78512 10.0259
27.7001 76.1423 0.49174 7.81262 10.0225
27.8001 76.0923 0.495227 7.84012 10.019
27.9001 76.0423 0.498726 7.8676 10.0155
28.0001 75.9922 0.502235 7.89509 10.012
28.1001 75.9422 0.505757 7.92256 10.0085
28.2001 75.8922 0.50929 7.95002 10.0049
28.3001 75.8422 0.512835 7.97748 10.0014
28.4001 75.7921 0.516391 8.00493 9.99782
28.5001 75.7421 0.519958 8.03237 9.99425
28.6001 75.6921 0.523537 8.0598 9.99067
28.7001 75.642 0.527128 8.08723 9.98708
28.8001 75.592 0.53073 8.11464 9.98348
28.9001 75.542 0.534343 8.14205 9.97987
29.0001 75.492 0.537968 8.16945 9.97624
29.1001 75.4419 0.541604 8.19684 9.97261
29.2001 75.3919 0.545252 8.22423 9.96896
29.3001 75.3419 0.548911 8.2516 9.9653
29.4001 75.2919 0.552582 8.27897 9.96163
29.5001 75.2418 0.556263 8.30633 9.95795
29.6001 75.1918 0.559957 8.33368 9.95425
29.7001 75.1418 0.563661 8.36102 9.95055
29.8001 75.0918 0.567377 8.38835 9.94683
29.9001 75.0417 0.571105 8.41568 9.94311
30.0001 74.9917 0.574843 8.443 9.93937
30.1001 74.9417 0.578593 8.4703 9.93562
30.2001 74.8917 0.582355 8.4976 9.93186
30.3001 74.8416 0.586127 8.52489 9.92808
30.4001 74.7916 0.589911 8.55218 9.9243
30.5001 74.7416 0.593706 8.57945 9.9205
30.6001 74.6916 0.597513 8.60671 9.9167
30.7001 74.6415 0.60133 8.63397 9.91288
30.8001 74.5915 0.605159 8.66122 9.90905
30.9001 74.5415 0.608999 8.68846 9.90521
31.0001 74.4915 0.612851 8.71569 9.90136
31.1001 74.4414 0.616713 8.74291 9.8975
31.2001 74.3914 0.620587 8.77012 9.89362
31.3001 74.3414 0.624472 8.79732 9.88974
31.4001 74.2914 0.628368 8.82452 9.88584
31.5001 74.2413 0.632275 8.8517 9.88194
31.6001 74.1913 0.636194 8.87888 9.87802
31.7001 74.1413 0.640123 8.90605 9.87409
31.8001 74.0913 0.644064 8.9332 9.87015
31.9001 74.0412 0.648016 8.96035 9.86619
32.0001 73.9912 0.651978 8.98749 9.86223
32.1001 73.9412 0.655952 9.01462 9.85826
32.2001 73.8912 0.659937 9.04174 9.85427
32.3001 73.8412 0.663933 9.06885 9.85028
32.4001 73.7911 0.66794 9.09596 9.84627
32.5001 73.7411 0.671958 9.12305 9.84225
32.6001 73.6911 0.675987 9.15013 9.83822
32.7001 73.6411 0.680028 9.17721 9.83418
32.8001 73.591 0.684079 9.20427 9.83013
32.9001 73.541 0.688141 9.23133 9.82607
33.0001 73.491 0.692214 9.25837 9.822
33.1001 73.441 0.696298 9.28541 9.81791
33.2001 73.3909 0.700393 9.31244 9.81382
33.3001 73.3409 0.704499 9.33945 9.80971
33.4001 73.2909 0.708616 9.36646 9.80559
33.5001 73.2409 0.712743 9.39346 9.80147
33.6001 73.1909 0.716882 9.42045 9.79733
33.7001 73.1408 0.721031 9.44743 9.79318
33.8001 73.0908 0.725192 9.47439 9.78902
33.9001 73.0408 0.729363 9.50135 9.78485
34.0001 72.9908 0.733545 9.5283 9.78067
34.1001 72.9407 0.737738 9.55524 9.77647
34.2001 72.8907 0.741942 9.58217 9.77227
34.3 72.8407 0.746157 9.60909 9.76805
34.4 72.7907 0.750382 9.636 9.76383
34.5 72.7406 0.754618 9.6629 9.75959
34.6 72.6906 0.758865 9.68979 9.75535
34.7 72.6406 0.763123 9.71667 9.75109
34.8 72.5906 0.767391 9.74354 9.74682
34.9 72.5406 0.77167 9.7704 9.74254
35 72.4905 0.77596 9.79725 9.73825
35.1 72.4405 0.780261 9.82409 9.73395
35.2 72.3905 0.784572 9.85091 9.72964
35.3 72.3405 0.788894 9.87773 9.72532
35.4 72.2904 0.793227 9.90454 9.72098
35.5 72.2404 0.79757 9.93134 9.71664
35.6 72.1904 0.801924 9.95813 9.71229
35.7 72.1404 0.806288 9.9849 9.70792
35.8 72.0903 0.810664 10.0117 9.70355
35.9 72.0403 0.815049 10.0384 9.69916
36 71.9903 0.819446 10.0652 9.69476
36.1 71.9403 0.823853 10.0919 9.69036
36.2 71.8903 0.82827 10.1186 9.68594
36.3 71.8402 0.832698 10.1453 9.68151
36.4 71.7902 0.837137 10.172 9.67707
36.5 71.7402 0.841586 10.1987 9.67262
36.6 71.6902 0.846045 10.2254 9.66817
36.7 71.6401 0.850515 10.2521 9.6637
36.8 71.5901 0.854996 10.2788 9.65921
36.9 71.5401 0.859487 10.3054 9.65472
37 71.4901 0.863988 10.332 9.65022
37.1 71.4401 0.8685 10.3587 9.64571
37.2 71.39 0.873023 10.3853 9.64119
37.3 71.34 0.877556 10.4119 9.63665
37.4 71.29 0.882099 10.4385 9.63211
37.5 71.24 0.886652 10.4651 9.62756
37.6 71.1899 0.891216 10.4916 9.62299
37.7 71.1399 0.89579 10.5182 9.61842
37.8 71.0899 0.900375 10.5448 9.61384
37.9 71.0399 0.90497 10.5713 9.60924
38 70.9899 0.909575 10.5978 9.60464
38.1 70.9398 0.914191 10.6243 9.60002
38.2 70.8898 0.918816 10.6508 9.59539
38.3 70.8398 0.923453 10.6773 9.59076
38.4 70.7898 0.928099 10.7038 9.58611
38.5 70.7397 0.932755 10.7303 9.58146
38.6 70.6897 0.937422 10.7568 9.57679
38.7 70.6397 0.942099 10.7832 9.57211
38.8 70.5897 0.946787 10.8096 9.56742
38.9 70.5397 0.951484 10.8361 9.56273
39 70.4896 0.956192 10.8625 9.55802
39.1 70.4396 0.960909 10.8889 9.5533
39.2 70.3896 0.965637 10.9153 9.54857
39.3 70.3396 0.970375 10.9416 9.54384
39.4 70.2896 0.975123 10.968 9.53909
39.5 70.2395 0.979882 10.9944 9.53433
39.6 70.1895 0.98465 11.0207 9.52956
39.7 70.1395 0.989428 11.047 9.52478
39.8 70.0895 0.994217 11.0734 9.51999
39.9 70.0394 0.999015 11.0997 9.5152
40 69.9894 1.00382 11.126 9.51039
40.1 69.9394 1.00864 11.1523 9.50557
40.2 69.8894 1.01347 11.1785 9.50074
40.3 69.8394 1.01831 11.2048 9.4959
40.4 69.7893 1.02316 11.231 9.49105
40.5 69.7393 1.02802 11.2573 9.48619
40.6 69.6893 1.03288 11.2835 9.48133
40.7 69.6393 1.03776 11.3097 9.47645
40.7999 69.5893 1.04265 11.3359 9.47156
40.8999 69.5392 1.04755 11.3621 9.46666
40.9999 69.4892 1.05246 11.3883 9.46175
41.0999 69.4392 1.05737 11.4144 9.45684
41.1999 69.3892 1.0623 11.4406 9.45191
41.2999 69.3392 1.06724 11.4667 9.44697
41.3999 69.2891 1.07219 11.4928 9.44202
41.4999 69.2391 1.07714 11.519 9.43707
41.5999 69.1891 1.08211 11.5451 9.4321
41.6999 69.1391 1.08709 11.5711 9.42712
41.7999 69.089 1.09207 11.5972 9.42214
41.8999 69.039 1.09707 11.6233 9.41714
41.9999 68.989 1.10208 11.6493 9.41213
42.0999 68.939 1.10709 11.6754 9.40712
42.1999 68.889 1.11212 11.7014 9.40209
42.2999 68.8389 1.11715 11.7274 9.39706
42.3999 68.7889 1.1222 11.7534 9.39201
42.4999 68.7389 1.12725 11.7794 9.38696
42.5999 68.6889 1.13232 11.8054 9.38189
42.6999 68.6389 1.13739 11.8313 9.37682
42.7999 68.5888 1.14247 11.8573 9.37174
42.8999 68.5388 1.14757 11.8832 9.36665
42.9999 68.4888 1.15267 11.9091 9.36154
43.0999 68.4388 1.15778 11.935 9.35643
43.1999 68.3888 1.1629 11.9609 9.35131
43.2999 68.3387 1.16803 11.9868 9.34618
43.3999 68.2887 1.17317 12.0127 9.34104
43.4999 68.2387 1.17832 12.0385 9.33589
43.5999 68.1887 1.18348 12.0644 9.33073
43.6999 68.1387 1.18865 12.0902 9.32556
43.7999 68.0886 1.19383 12.116 9.32038
43.8999 68.0386 1.19902 12.1418 9.31519
43.9999 67.9886 1.20421 12.1676 9.31
44.0999 67.9386 1.20942 12.1934 9.30479
44.1999 67.8886 1.21464 12.2191 9.29957
44.2999 67.8385 1.21986 12.2449 9.29435
44.3999 67.7885 1.2251 12.2706 9.28911
44.4999 67.7385 1.23034 12.2963 9.28387
44.5999 67.6885 1.23559 12.322 9.27862
44.6999 67.6385 1.24086 12.3477 9.27335
44.7999 67.5884 1.24613 12.3734 9.26808
44.8999 67.5384 1.25141 12.3991 9.2628
44.9999 67.4884 1.2567 12.4247 9.25751
45.0999 67.4384 1.262 12.4503 9.25221
45.1999 67.3884 1.26731 12.476 9.2469
45.2999 67.3383 1.27263 12.5016 9.24158
45.3999 67.2883 1.27796 12.5272 9.23625
45.4999 67.2383 1.28329 12.5527 9.23092
45.5999 67.1883 1.28864 12.5783 9.22557
45.6999 67.1383 1.29399 12.6039 9.22022
45.7999 67.0883 1.29936 12.6294 9.21485
45.8999 67.0382 1.30473 12.6549 9.20948
45.9999 66.9882 1.31011 12.6804 9.2041
46.0999 66.9382 1.3155 12.7059 9.19871
46.1999 66.8882 1.3209 12.7314 9.19331
46.2999 66.8382 1.32631 12.7569 9.1879
46.3999 66.7881 1.33173 12.7823 9.18248
46.4999 66.7381 1.33716 12.8078 9.17705
46.5999 66.6881 1.3426 12.8332 9.17161
46.6999 66.6381 1.34804 12.8586 9.16617
46.7999 66.5881 1.3535 12.884 9.16071
46.8999 66.538 1.35896 12.9094 9.15525
46.9999 66.488 1.36443 12.9347 9.14978
47.0999 66.438 1.36991 12.9601 9.1443
47.1999 66.388 1.3754 12.9854 9.13881
47.2999 66.338 1.3809 13.0107 9.13331
47.3998 66.2879 1.38641 13.036 9.1278
47.4998 66.2379 1.39193 13.0613 9.12228
47.5998 66.1879 1.39745 13.0866 9.11676
47.6998 66.1379 1.40299 13.1119 9.11122
47.7998 66.0879 1.40853 13.1371 9.10568
47.8998 66.0379 1.41408 13.1623 9.10013
47.9998 65.9878 1.41964 13.1876 9.09457
48.0998 65.9378 1.42521 13.2128 9.089
48.1998 65.8878 1.43079 13.2379 9.08342
48.2998 65.8378 1.43638 13.2631 9.07783
48.3998 65.7878 1.44197 13.2883 9.07224
48.4998 65.7377 1.44758 13.3134 9.06663
48.5998 65.6877 1.45319 13.3385 9.06102
48.6998 65.6377 1.45881 13.3636 9.0554
48.7998 65.5877 1.46444 13.3887 9.04977
48.8998 65.5377 1.47008 13.4138 9.04413
48.9998 65.4877 1.47573 13.4389 9.03848
49.0998 65.4376 1.48138 13.4639 9.03283
49.1998 65.3876 1.48705 13.4889 9.02716
49.2998 65.3376 1.49272 13.514 9.02149
49.3998 65.2876 1.4984 13.539 9.01581
49.4998 65.2376 1.50409 13.5639 9.01012
49.5998 65.1875 1.50979 13.5889 9.00442
49.6998 65.1375 1.5155 13.6139 8.99871
49.7998 65.0875 1.52121 13.6388 8.993
49.8998 65.0375 1.52694 13.6637 8.98727
49.9998 64.9875 1.53267 13.6886 8.98154
50.0998 64.9375 1.53841 13.7135 8.9758
50.1998 64.8874 1.54416 13.7384 8.97005
50.2998 64.8374 1.54992 13.7632 8.96429
50.3998 64.7874 1.55568 13.7881 8.95853
50.4998 64.7374 1.56146 13.8129 8.95275
50.5998 64.6874 1.56724 13.8377 8.94697
50.6998 64.6373 1.57303 13.8625 8.94118
50.7998 64.5873 1.57883 13.8873 8.93538
50.8998 64.5373 1.58464 13.912 8.92957
50.9998 64.4873 1.59045 13.9368 8.92376
51.0998 64.4373 1.59627 13.9615 8.91794
51.1998 64.3873 1.60211 13.9862 8.9121
51.2998 64.3372 1.60795 14.0109 8.90626
51.3998 64.2872 1.6138 14.0356 8.90042
51.4998 64.2372 1.61965 14.0602 8.89456
51.5998 64.1872 1.62552 14.0849 8.88869
51.6998 64.1372 1.63139 14.1095 8.88282
51.7998 64.0872 1.63727 14.1341 8.87694
51.8998 64.0371 1.64316 14.1587 8.87105
51.9998 63.9871 1.64906 14.1833 8.86515
52.0998 63.9371 1.65496 14.2078 8.85925
52.1998 63.8871 1.66087 14.2324 8.85334
52.2998 63.8371 1.6668 14.2569 8.84742
52.3998 63.7871 1.67272 14.2814 8.84149
52.4998 63.737 1.67866 14.3059 8.83555
52.5998 63.687 1.68461 14.3304 8.8296
52.6998 63.637 1.69056 14.3548 8.82365
52.7998 63.587 1.69652 14.3793 8.81769
52.8998 63.537 1.70249 14.4037 8.81172
52.9998 63.487 1.70847 14.4281 8.80575
53.0998 63.4369 1.71445 14.4525 8.79976
53.1998 63.3869 1.72044 14.4769 8.79377
53.2998 63.3369 1.72644 14.5012 8.78777
53.3998 63.2869 1.73245 14.5255 8.78176
53.4998 63.2369 1.73847 14.5499 8.77574
53.5998 63.1869 1.74449 14.5742 8.76972
53.6998 63.1368 1.75052 14.5984 8.76369
53.7998 63.0868 1.75656 14.6227 8.75765
53.8997 63.0368 1.76261 14.6469 8.7516
53.9997 62.9868 1.76866 14.6712 8.74555
54.0997 62.9368 1.77472 14.6954 8.73949
54.1997 62.8868 1.78079 14.7196 8.73342
54.2997 62.8367 1.78687 14.7438 8.72734
54.3997 62.7867 1.79296 14.7679 8.72125
54.4997 62.7367 1.79905 14.792 8.71516
54.5997 62.6867 1.80515 14.8162 8.70906
54.6997 62.6367 1.81126 14.8403 8.70295
54.7997 62.5867 1.81737 14.8644 8.69684
54.8997 62.5367 1.8235 14.8884 8.69072
54.9997 62.4866 1.82963 14.9125 8.68458
55.0997 62.4366 1.83576 14.9365 8.67845
55.1997 62.3866 1.84191 14.9605 8.6723
55.2997 62.3366 1.84806 14.9845 8.66615
55.3997 62.2866 1.85422 15.0085 8.65999
55.4997 62.2366 1.86039 15.0324 8.65382
55.5997 62.1865 1.86657 15.0564 8.64765
55.6997 62.1365 1.87275 15.0803 8.64146
55.7997 62.0865 1.87894 15.1042 8.63527
55.8997 62.0365 1.88513 15.1281 8.62908
55.9997 61.9865 1.89134 15.1519 8.62287
56.0997 61.9365 1.89755 15.1758 8.61666
56.1997 61.8865 1.90377 15.1996 8.61044
56.2997 61.8364 1.91 15.2234 8.60421
56.3997 61.7864 1.91623 15.2472 8.59798
56.4997 61.7364 1.92247 15.271 8.59174
56.5997 61.6864 1.92872 15.2947 8.58549
56.6997 61.6364 1.93497 15.3184 8.57924
56.7997 61.5864 1.94124 15.3422 8.57297
56.8997 61.5363 1.94751 15.3658 8.5667
56.9997 61.4863 1.95378 15.3895 8.56043
57.0997 61.4363 1.96007 15.4132 8.55414
57.1997 61.3863 1.96636 15.4368 8.54785
57.2997 61.3363 1.97266 15.4604 8.54155
57.3997 61.2863 1.97896 15.484 8.53525
57.4997 61.2363 1.98527 15.5076 8.52894
57.5997 61.1862 1.99159 15.5311 8.52262
57.6997 61.1362 1.99792 15.5547 8.51629
57.7997 61.0862 2.00425 15.5782 8.50996
57.8997 61.0362 2.01059 15.6017 8.50362
57.9997 60.9862 2.01694 15.6252 8.49727
58.0997 60.9362 2.02329 15.6486 8.49092
58.1997 60.8862 2.02966 15.6721 8.48456
58.2997 60.8361 2.03602 15.6955 8.47819
58.3997 60.7861 2.0424 15.7189 8.47181
58.4997 60.7361 2.04878 15.7423 8.46543
58.5997 60.6861 2.05517 15.7656 8.45904
58.6997 60.6361 2.06156 15.7889 8.45265
58.7997 60.5861 2.06797 15.8123 8.44625
58.8997 60.5361 2.07437 15.8356 8.43984
58.9997 60.486 2.08079 15.8588 8.43342
59.0997 60.436 2.08721 15.8821 8.427
59.1997 60.386 2.09364 15.9053 8.42057
59.2997 60.336 2.10008 15.9285 8.41413
59.3997 60.286 2.10652 15.9517 8.40769
59.4997 60.236 2.11297 15.9749 8.40124
59.5997 60.186 2.11942 15.9981 8.39479
59.6997 60.1359 2.12589 16.0212 8.38832
59.7997 60.0859 2.13235 16.0443 8.38186
59.8997 60.0359 2.13883 16.0674 8.37538
59.9997 59.9859 2.14531 16.0905 8.3689
60.0997 59.9359 2.1518 16.1135 8.36241
60.1997 59.8859 2.1583 16.1366 8.35592
60.2997 59.8359 2.1648 16.1596 8.34941
60.3997 59.7858 2.1713 16.1825 8.34291
60.4996 59.7358 2.17782 16.2055 8.33639
60.5996 59.6858 2.18434 16.2285 8.32987
60.6996 59.6358 2.19087 16.2514 8.32334
60.7996 59.5858 2.1974 16.2743 8.31681
60.8996 59.5358 2.20394 16.2972 8.31027
60.9996 59.4858 2.21049 16.32 8.30372
61.0996 59.4358 2.21704 16.3429 8.29717
61.1996 59.3857 2.2236 16.3657 8.29061
61.2996 59.3357 2.23016 16.3885 8.28405
61.3996 59.2857 2.23674 16.4113 8.27747
61.4996 59.2357 2.24331 16.434 8.2709
61.5996 59.1857 2.2499 16.4567 8.26431
61.6996 59.1357 2.25649 16.4794 8.25772
61.7996 59.0857 2.26309 16.5021 8.25113
61.8996 59.0357 2.26969 16.5248 8.24452
61.9996 58.9856 2.2763 16.5474 8.23791
62.0996 58.9356 2.28291 16.5701 8.2313
62.1996 58.8856 2.28953 16.5927 8.22468
62.2996 58.8356 2.29616 16.6152 8.21805
62.3996 58.7856 2.30279 16.6378 8.21142
62.4996 58.7356 2.30943 16.6603 8.20478
62.5996 58.6856 2.31608 16.6828 8.19813
62.6996 58.6356 2.32273 16.7053 8.19148
62.7996 58.5855 2.32939 16.7278 8.18482
62.8996 58.5355 2.33605 16.7502 8.17816
62.9996 58.4855 2.34272 16.7727 8.17149
63.0996 58.4355 2.34939 16.7951 8.16482
63.1996 58.3855 2.35608 16.8174 8.15813
63.2996 58.3355 2.36276 16.8398 8.15145
63.3996 58.2855 2.36946 16.8621 8.14475
63.4996 58.2355 2.37615 16.8844 8.13806
63.5996 58.1854 2.38286 16.9067 8.13135
63.6996 58.1354 2.38957 16.929 8.12464
63.7996 58.0854 2.39629 16.9512 8.11792
63.8996 58.0354 2.40301 16.9734 8.1112
63.9996 57.9854 2.40974 16.9956 8.10447
64.0996 57.9354 2.41647 17.0178 8.09774
64.1996 57.8854 2.42321 17.0399 8.091
64.2996 57.8354 2.42995 17.0621 8.08426
64.3996 57.7853 2.4367 17.0842 8.07751
64.4996 57.7353 2.44346 17.1063 8.07075
64.5996 57.6853 2.45022 17.1283 8.06399
64.6996 57.6353 2.45699 17.1503 8.05722
64.7996 57.5853 2.46376 17.1723 8.05045
64.8996 57.5353 2.47054 17.1943 8.04367
64.9996 57.4853 2.47732 17.2163 8.03689
65.0996 57.4353 2.48411 17.2382 8.0301
65.1996 57.3853 2.49091 17.2601 8.0233
65.2996 57.3352 2.49771 17.282 8.0165
65.3996 57.2852 2.50452 17.3039 8.00969
65.4996 57.2352 2.51133 17.3257 8.00288
65.5996 57.1852 2.51814 17.3476 7.99607
65.6996 57.1352 2.52497 17.3693 7.98924
65.7996 57.0852 2.53179 17.3911 7.98242
65.8996 57.0352 2.53863 17.4129 7.97558
65.9996 56.9852 2.54547 17.4346 7.96874
66.0996 56.9352 2.55231 17.4563 7.9619
66.1996 56.8851 2.55916 17.478 7.95505
66.2996 56.8351 2.56601 17.4996 7.9482
66.3996 56.7851 2.57287 17.5212 7.94134
66.4996 56.7351 2.57974 17.5428 7.93447
66.5996 56.6851 2.58661 17.5644 7.9276
66.6996 56.6351 2.59348 17.5859 7.92073
66.7996 56.5851 2.60036 17.6075 7.91385
66.8996 56.5351 2.60725 17.629 7.90696
66.9995 56.4851 2.61414 17.6505 7.90007
67.0995 56.435 2.62104 17.6719 7.89318
67.1995 56.385 2.62794 17.6933 7.88627
67.2995 56.335 2.63484 17.7147 7.87937
67.3995 56.285 2.64175 17.7361 7.87246
67.4995 56.235 2.64867 17.7575 7.86554
67.5995 56.185 2.65559 17.7788 7.85862
67.6995 56.135 2.66252 17.8001 7.85169
67.7995 56.085 2.66945 17.8214 7.84476
67.8995 56.035 2.67638 17.8426 7.83783
67.9995 55.985 2.68332 17.8638 7.83089
68.0995 55.9349 2.69027 17.885 7.82394
68.1995 55.8849 2.69722 17.9062 7.81699
68.2995 55.8349 2.70417 17.9274 7.81004
68.3995 55.7849 2.71113 17.9485 7.80308
68.4995 55.7349 2.7181 17.9696 7.79611
68.5995 55.6849 2.72507 17.9906 7.78914
68.6995 55.6349 2.73204 18.0117 7.78217
68.7995 55.5849 2.73902 18.0327 7.77519
68.8995 55.5349 2.74601 18.0537 7.7682
68.9995 55.4849 2.753 18.0747 7.76121
69.0995 55.4348 2.75999 18.0956 7.75422
69.1995 55.3848 2.76699 18.1165 7.74722
69.2995 55.3348 2.77399 18.1374 7.74022
69.3995 55.2848 2.781 18.1583 7.73321
69.4995 55.2348 2.78801 18.1791 7.7262
69.5995 55.1848 2.79503 18.1999 7.71918
69.6995 55.1348 2.80205 18.2207 7.71216
69.7995 55.0848 2.80907 18.2414 7.70514
69.8995 55.0348 2.8161 18.2622 7.69811
69.9995 54.9848 2.82314 18.2829 7.69107
70.0995 54.9348 2.83018 18.3036 7.68403
70.1995 54.8847 2.83722 18.3242 7.67699
70.2995 54.8347 2.84427 18.3448 7.66994
70.3995 54.7847 2.85132 18.3654 7.66289
70.4995 54.7347 2.85838 18.386 7.65583
70.5995 54.6847 2.86544 18.4065 7.64877
70.6995 54.6347 2.8725 18.427 7.64171
70.7995 54.5847 2.87957 18.4475 7.63464
70.8995 54.5347 2.88665 18.468 7.62756
70.9995 54.4847 2.89373 18.4884 7.62048
71.0995 54.4347 2.90081 18.5088 7.6134
71.1995 54.3847 2.9079 18.5292 7.60631
71.2995 54.3347 2.91499 18.5495 7.59922
71.3995 54.2846 2.92208 18.5699 7.59213
71.4995 54.2346 2.92918 18.5902 7.58503
71.5995 54.1846 2.93629 18.6104 7.57792
71.6995 54.1346 2.94339 18.6307 7.57082
71.7995 54.0846 2.95051 18.6509 7.56371
71.8995 54.0346 2.95762 18.671 7.55659
71.9995 53.9846 2.96474 18.6912 7.54947
72.0995 53.9346 2.97187 18.7113 7.54235
72.1995 53.8846 2.97899 18.7314 7.53522
72.2995 53.8346 2.98613 18.7515 7.52809
72.3995 53.7846 2.99326 18.7715 7.52095
72.4995 53.7346 3.0004 18.7915 7.51381
72.5995 53.6845 3.00754 18.8115 7.50667
72.6995 53.6345 3.01469 18.8315 7.49952
72.7995 53.5845 3.02184 18.8514 7.49237
72.8995 53.5345 3.029 18.8713 7.48521
72.9995 53.4845 3.03616 18.8912 7.47805
73.0995 53.4345 3.04332 18.911 7.47089
73.1995 53.3845 3.05049 18.9308 7.46372
73.2995 53.3345 3.05766 18.9506 7.45655
73.3995 53.2845 3.06483 18.9704 7.44938
73.4995 53.2345 3.07201 18.9901 7.4422
73.5994 53.1845 3.07919 19.0098 7.43502
73.6994 53.1345 3.08638 19.0294 7.42783
73.7994 53.0845 3.09357 19.0491 7.42064
73.8994 53.0344 3.10076 19.0687 7.41345
73.9994 52.9844 3.10796 19.0883 7.40625
74.0994 52.9344 3.11516 19.1078 7.39905
74.1994 52.8844 3.12236 19.1273 7.39185
74.2994 52.8344 3.12957 19.1468 7.38464
74.3994 52.7844 3.13678 19.1663 7.37743
74.4994 52.7344 3.144 19.1857 7.37021
74.5994 52.6844 3.15121 19.2051 7.363
74.6994 52.6344 3.15844 19.2245 7.35578
74.7994 52.5844 3.16566 19.2438 7.34855
74.8994 52.5344 3.17289 19.2631 7.34132
74.9994 52.4844 3.18012 19.2824 7.33409
75.0994 52.4344 3.18735 19.3016 7.32686
75.1994 52.3844 3.19459 19.3209 7.31962
75.2994 52.3344 3.20184 19.34 7.31238
75.3994 52.2843 3.20908 19.3592 7.30513
75.4994 52.2343 3.21633 19.3783 7.29788
75.5994 52.1843 3.22358 19.3974 7.29063
75.6994 52.1343 3.23083 19.4165 7.28338
75.7994 52.0843 3.23809 19.4355 7.27612
75.8994 52.0343 3.24535 19.4545 7.26886
75.9994 51.9843 3.25262 19.4735 7.26159
76.0994 51.9343 3.25989 19.4924 7.25432
76.1994 51.8843 3.26716 19.5114 7.24705
76.2994 51.8343 3.27443 19.5302 7.23978
76.3994 51.7843 3.28171 19.5491 7.2325
76.4994 51.7343 3.28899 19.5679 7.22522
76.5994 51.6843 3.29627 19.5867 7.21794
76.6994 51.6343 3.30356 19.6054 7.21065
76.7994 51.5843 3.31085 19.6242 7.20336
76.8994 51.5343 3.31814 19.6428 7.19607
76.9994 51.4842 3.32543 19.6615 7.18878
77.0994 51.4342 3.33273 19.6801 7.18148
77.1994 51.3842 3.34003 19.6987 7.17418
77.2994 51.3342 3.34734 19.7173 7.16687
77.3994 51.2842 3.35464 19.7358 7.15957
77.4994 51.2342 3.36195 19.7543 7.15226
77.5994 51.1842 3.36927 19.7728 7.14495
77.6994 51.1342 3.37658 19.7912 7.13763
77.7994 51.0842 3.3839 19.8096 7.13031
77.8994 51.0342 3.39122 19.828 7.12299
77.9994 50.9842 3.39854 19.8463 7.11567
78.0994 50.9342 3.40587 19.8646 7.10834
78.1994 50.8842 3.4132 19.8829 7.10101
78.2994 50.8342 3.42053 19.9011 7.09368
78.3994 50.7842 3.42786 19.9193 7.08635
78.4994 50.7342 3.4352 19.9375 7.07901
78.5994 50.6842 3.44254 19.9557 7.07167
78.6994 50.6342 3.44988 19.9738 7.06433
78.7994 50.5842 3.45723 19.9918 7.05698
78.8994 50.5341 3.46457 20.0099 7.04964
78.9994 50.4841 3.47192 20.0279 7.04229
79.0994 50.4341 3.47928 20.0459 7.03494
79.1994 50.3841 3.48663 20.0638 7.02758
79.2994 50.3341 3.49399 20.0817 7.02022
79.3994 50.2841 3.50135 20.0996 7.01286
79.4994 50.2341 3.50871 20.1174 7.0055
79.5994 50.1841 3.51607 20.1352 6.99814
79.6994 50.1341 3.52344 20.153 6.99077
79.7994 50.0841 3.53081 20.1707 6.9834
79.8994 50.0341 3.53818 20.1884 6.97603
79.9994 49.9841 3.54555 20.2061 6.96866
80.0993 49.9341 3.55293 20.2237 6.96128
80.1993 49.8841 3.56031 20.2413 6.9539
80.2993 49.8341 3.56769 20.2589 6.94652
80.3993 49.7841 3.57507 20.2764 6.93914
80.4993 49.7341 3.58245 20.2939 6.93176
80.5993 49.6841 3.58984 20.3114 6.92437
80.6993 49.6341 3.59723 20.3288 6.91698
80.7993 49.5841 3.60462 20.3462 6.90959
80.8993 49.5341 3.61202 20.3636 6.9022
80.9993 49.4841 3.61941 20.3809 6.8948
81.0993 49.4341 3.62681 20.3982 6.8874
81.1993 49.3841 3.63421 20.4154 6.88
81.2993 49.334 3.64161 20.4327 6.8726
81.3993 49.284 3.64901 20.4498 6.8652
81.4993 49.234 3.65642 20.467 6.85779
81.5993 49.184 3.66382 20.4841 6.85039
81.6993 49.134 3.67123 20.5012 6.84298
81.7993 49.084 3.67864 20.5182 6.83557
81.8993 49.034 3.68606 20.5352 6.82815
81.9993 48.984 3.69347 20.5522 6.82074
82.0993 48.934 3.70089 20.5691 6.81332
82.1993 48.884 3.70831 20.586 6.8059
82.2993 48.834 3.71573 20.6029 6.79848
82.3993 48.784 3.72315 20.6197 6.79106
82.4993 48.734 3.73057 20.6365 6.78364
82.5993 48.684 3.738 20.6533 6.77621
82.6993 48.634 3.74542 20.67 6.76879
82.7993 48.584 3.75285 20.6867 6.76136
82.8993 48.534 3.76028 20.7033 6.75393
82.9993 48.484 3.76772 20.7199 6.7465
83.0993 48.434 3.77515 20.7365 6.73906
83.1993 48.384 3.78258 20.753 6.73163
83.2993 48.334 3.79002 20.7695 6.72419
83.3993 48.284 3.79746 20.786 6.71675
83.4993 48.234 3.8049 20.8024 6.70931
83.5993 48.184 3.81234 20.8188 6.70187
83.6993 48.134 3.81978 20.8351 6.69443
83.7993 48.084 3.82723 20.8514 6.68698
83.8993 48.034 3.83467 20.8677 6.67954
83.9993 47.984 3.84212 20.8839 6.67209
84.0993 47.934 3.84957 20.9001 6.66464
84.1993 47.884 3.85702 20.9163 6.65719
84.2993 47.834 3.86447 20.9324 6.64974
84.3993 47.784 3.87192 20.9485 6.64229
84.4993 47.734 3.87937 20.9645 6.63484
84.5993 47.684 3.88683 20.9805 6.62738
84.6993 47.634 3.89428 20.9965 6.61993
84.7993 47.584 3.90174 21.0124 6.61247
84.8993 47.534 3.9092 21.0283 6.60501
84.9993 47.484 3.91666 21.0442 6.59755
85.0993 47.4339 3.92412 21.06 6.59009
85.1993 47.3839 3.93158 21.0758 6.58263
85.2993 47.3339 3.93904 21.0915 6.57517
85.3993 47.2839 3.94651 21.1072 6.5677
85.4993 47.2339 3.95397 21.1229 6.56024
85.5993 47.1839 3.96144 21.1385 6.55277
85.6993 47.1339 3.9689 21.1541 6.54531
85.7993 47.0839 3.97637 21.1696 6.53784
85.8993 47.0339 3.98384 21.1851 6.53037
85.9993 46.9839 3.99131 21.2006 6.5229
86.0993 46.9339 3.99878 21.216 6.51543
86.1993 46.8839 4.00625 21.2314 6.50796
86.2993 46.8339 4.01373 21.2467 6.50048
86.3993 46.7839 4.0212 21.262 6.49301
86.4993 46.7339 4.02867 21.2773 6.48554
86.5993 46.6839 4.03615 21.2925 6.47806
86.6992 46.6339 4.04362 21.3077 6.47059
86.7992 46.5839 4.0511 21.3228 6.46311
86.8992 46.5339 4.05858 21.338 6.45563
86.9992 46.4839 4.06606 21.353 6.44816
87.0992 46.4339 4.07353 21.368 6.44068
87.1992 46.3839 4.08101 21.383 6.4332
87.2992 46.3339 4.08849 21.398 6.42572
87.3992 46.2839 4.09597 21.4129 6.41824
87.4992 46.2339 4.10345 21.4277 6.41076
87.5992 46.1839 4.11094 21.4425 6.40327
87.6992 46.1339 4.11842 21.4573 6.39579
87.7992 46.0839 4.1259 21.4721 6.38831
87.8992 46.0339 4.13338 21.4867 6.38083
87.9992 45.9839 4.14087 21.5014 6.37334
88.0992 45.9339 4.14835 21.516 6.36586
88.1992 45.8839 4.15584 21.5306 6.35837
88.2992 45.8339 4.16332 21.5451 6.35089
88.3992 45.7839 4.17081 21.5596 6.3434
88.4992 45.7339 4.17829 21.574 6.33592
88.5992 45.6839 4.18578 21.5884 6.32843
88.6992 45.6339 4.19327 21.6028 6.32094
88.7992 45.5839 4.20075 21.6171 6.31346
88.8992 45.5339 4.20824 21.6314 6.30597
88.9992 45.4839 4.21573 21.6456 6.29848
89.0992 45.4339 4.22321 21.6598 6.291
89.1992 45.3839 4.2307 21.674 6.28351
89.2992 45.3339 4.23819 21.6881 6.27602
89.3992 45.2839 4.24568 21.7021 6.26853
89.4992 45.2339 4.25317 21.7162 6.26104
89.5992 45.1839 4.26065 21.7301 6.25356
89.6992 45.1339 4.26814 21.7441 6.24607
89.7992 45.0839 4.27563 21.758 6.23858
89.8992 45.0339 4.28312 21.7718 6.23109
89.9992 44.9839 4.29061 21.7856 6.2236
90.0992 44.9339 4.2981 21.7994 6.21611
90.1992 44.8839 4.30558 21.8131 6.20863
90.2992 44.8339 4.31307 21.8268 6.20114
90.3992 44.7839 4.32056 21.8404 6.19365
90.4992 44.7339 4.32805 21.854 6.18616
90.5992 44.6839 4.33554 21.8675 6.17867
90.6992 44.6339 4.34303 21.881 6.17118
90.7992 44.5839 4.35051 21.8945 6.1637
90.8992 44.5339 4.358 21.9079 6.15621
90.9992 44.4839 4.36549 21.9212 6.14872
91.0992 44.4339 4.37298 21.9346 6.14123
91.1992 44.3839 4.38046 21.9478 6.13375
91.2992 44.3339 4.38795 21.9611 6.12626
91.3992 44.2839 4.39544 21.9743 6.11877
91.4992 44.2339 4.40292 21.9874 6.11129
91.5992 44.1839 4.41041 22.0005 6.1038
91.6992 44.1339 4.41789 22.0135 6.09632
91.7992 44.0839 4.42538 22.0265 6.08883
91.8992 44.0339 4.43286 22.0395 6.08135
91.9992 43.984 4.44035 22.0524 6.07386
92.0992 43.934 4.44783 22.0653 6.06638
92.1992 43.884 4.45531 22.0781 6.0589
92.2992 43.834 4.4628 22.0909 6.05141
92.3992 43.784 4.47028 22.1036 6.04393
92.4992 43.734 4.47776 22.1163 6.03645
92.5992 43.684 4.48524 22.1289 6.02897
92.6992 43.634 4.49272 22.1415 6.02149
92.7992 43.584 4.5002 22.1541 6.01401
92.8992 43.534 4.50768 22.1666 6.00653
92.9992 43.484 4.51516 22.179 5.99905
93.0992 43.434 4.52264 22.1914 5.99157
93.1992 43.384 4.53012 22.2038 5.98409
93.2991 43.334 4.53759 22.2161 5.97662
93.3991 43.284 4.54507 22.2283 5.96914
93.4991 43.234 4.55254 22.2406 5.96167
93.5991 43.184 4.56002 22.2527 5.95419
93.6991 43.134 4.56749 22.2648 5.94672
93.7991 43.084 4.57496 22.2769 5.93925
93.8991 43.034 4.58243 22.2889 5.93178
93.9991 42.984 4.58991 22.3009 5.92431
94.0991 42.934 4.59738 22.3129 5.91684
94.1991 42.884 4.60484 22.3247 5.90937
94.2991 42.834 4.61231 22.3366 5.9019
94.3991 42.784 4.61978 22.3483 5.89443
94.4991 42.734 4.62724 22.3601 5.88697
94.5991 42.684 4.63471 22.3718 5.8795
94.6991 42.634 4.64217 22.3834 5.87204
94.7991 42.584 4.64964 22.395 5.86457
94.8991 42.534 4.6571 22.4065 5.85711
94.9991 42.484 4.66456 22.418 5.84965
95.0991 42.434 4.67202 22.4295 5.84219
95.1991 42.384 4.67948 22.4409 5.83473
95.2991 42.334 4.68693 22.4522 5.82728
95.3991 42.284 4.69439 22.4635 5.81982
95.4991 42.234 4.70184 22.4748 5.81237
95.5991 42.184 4.7093 22.486 5.80491
95.6991 42.1341 4.71675 22.4971 5.79746
95.7991 42.0841 4.7242 22.5082 5.79001
95.8991 42.0341 4.73165 22.5192 5.78256
95.9991 41.9841 4.7391 22.5302 5.77511
96.0991 41.9341 4.74655 22.5412 5.76767
96.1991 41.8841 4.75399 22.5521 5.76022
96.2991 41.8341 4.76143 22.5629 5.75278
96.3991 41.7841 4.76888 22.5737 5.74533
96.4991 41.7341 4.77632 22.5845 5.73789
96.5991 41.6841 4.78376 22.5952 5.73045
96.6991 41.6341 4.7912 22.6058 5.72301
96.7991 41.5841 4.79863 22.6164 5.71558
96.8991 41.5341 4.80607 22.6269 5.70814
96.9991 41.4841 4.8135 22.6374 5.70071
97.0991 41.4341 4.82093 22.6479 5.69328
97.1991 41.3841 4.82836 22.6582 5.68585
97.2991 41.3341 4.83579 22.6686 5.67842
97.3991 41.2841 4.84322 22.6788 5.67099
97.4991 41.2341 4.85064 22.6891 5.66357
97.5991 41.1841 4.85807 22.6993 5.65614
97.6991 41.1341 4.86549 22.7094 5.64872
97.7991 41.0841 4.87291 22.7195 5.6413
97.8991 41.0341 4.88033 22.7295 5.63388
97.9991 40.9841 4.88774 22.7394 5.62647
98.0991 40.9342 4.89516 22.7494 5.61905
98.1991 40.8842 4.90257 22.7592 5.61164
98.2991 40.8342 4.90998 22.769 5.60423
98.3991 40.7842 4.91739 22.7788 5.59682
98.4991 40.7342 4.9248 22.7885 5.58941
98.5991 40.6842 4.93221 22.7981 5.58201
98.6991 40.6342 4.93961 22.8077 5.5746
98.7991 40.5842 4.94701 22.8173 5.5672
98.8991 40.5342 4.95441 22.8267 5.5598
98.9991 40.4842 4.96181 22.8362 5.5524
99.0991 40.4342 4.9692 22.8456 5.54501
99.1991 40.3842 4.9766 22.8549 5.53762
99.2991 40.3342 4.98399 22.8642 5.53022
99.3991 40.2842 4.99138 22.8734 5.52283
99.4991 40.2342 4.99876 22.8825 5.51545
99.5991 40.1842 5.00615 22.8916 5.50806
99.6991 40.1342 5.01353 22.9007 5.50068
99.799 40.0842 5.02091 22.9097 5.4933
99.899 40.0342 5.02829 22.9186 5.48592
99.999 39.9843 5.03566 22.9275 5.47855
100.099 39.9343 5.04304 22.9363 5.47117
100.199 39.8843 5.05041 22.9451 5.4638
100.299 39.8343 5.05778 22.9538 5.45643
100.399 39.7843 5.06514 22.9625 5.44907
100.499 39.7343 5.07251 22.9711 5.4417
100.599 39.6843 5.07987 22.9797 5.43434
100.699 39.6343 5.08723 22.9882 5.42698
100.799 39.5843 5.09459 22.9966 5.41962
100.899 39.5343 5.10194 23.005 5.41227
100.999 39.4843 5.10929 23.0133 5.40492
101.099 39.4343 5.11664 23.0216 5.39757
101.199 39.3843 5.12399 23.0298 5.39022
101.299 39.3343 5.13134 23.038 5.38287
101.399 39.2843 5.13868 23.0461 5.37553
101.499 39.2343 5.14602 23.0541 5.36819
101.599 39.1844 5.15335 23.0621 5.36086
101.699 39.1344 5.16069 23.07 5.35352
101.799 39.0844 5.16802 23.0779 5.34619
101.899 39.0344 5.17535 23.0857 5.33886
101.999 38.9844 5.18268 23.0934 5.33153
102.099 38.9344 5.19 23.1011 5.32421
102.199 38.8844 5.19732 23.1088 5.31689
102.299 38.8344 5.20464 23.1164 5.30957
102.399 38.7844 5.21195 23.1239 5.30226
102.499 38.7344 5.21927 23.1313 5.29494
102.599 38.6844 5.22658 23.1387 5.28764
102.699 38.6344 5.23388 23.1461 5.28033
102.799 38.5844 5.24119 23.1534 5.27302
102.899 38.5344 5.24849 23.1606 5.26572
102.999 38.4844 5.25579 23.1678 5.25843
103.099 38.4345 5.26308 23.1749 5.25113
103.199 38.3845 5.27037 23.1819 5.24384
103.299 38.3345 5.27766 23.1889 5.23655
103.399 38.2845 5.28495 23.1958 5.22926
103.499 38.2345 5.29223 23.2027 5.22198
103.599 38.1845 5.29951 23.2095 5.2147
103.699 38.1345 5.30679 23.2163 5.20742
103.799 38.0845 5.31406 23.2229 5.20015
103.899 38.0345 5.32133 23.2296 5.19288
103.999 37.9845 5.3286 23.2361 5.18561
104.099 37.9345 5.33587 23.2426 5.17835
104.199 37.8845 5.34313 23.2491 5.17108
104.299 37.8345 5.35038 23.2555 5.16383
104.399 37.7846 5.35764 23.2618 5.15657
104.499 37.7346 5.36489 23.2681 5.14932
104.599 37.6846 5.37214 23.2743 5.14207
104.699 37.6346 5.37938 23.2804 5.13483
104.799 37.5846 5.38663 23.2865 5.12758
104.899 37.5346 5.39386 23.2925 5.12035
104.999 37.4846 5.4011 23.2984 5.11311
105.099 37.4346 5.40833 23.3043 5.10588
105.199 37.3846 5.41556 23.3101 5.09865
105.299 37.3346 5.42278 23.3159 5.09143
105.399 37.2846 5.43001 23.3216 5.0842
105.499 37.2346 5.43722 23.3272 5.07699
105.599 37.1847 5.44444 23.3328 5.06977
105.699 37.1347 5.45165 23.3383 5.06256
105.799 37.0847 5.45886 23.3438 5.05535
105.899 37.0347 5.46606 23.3492 5.04815
105.999 36.9847 5.47326 23.3545 5.04095
106.099 36.9347 5.48046 23.3597 5.03375
106.199 36.8847 5.48765 23.3649 5.02656
106.299 36.8347 5.49484 23.3701 5.01937
106.399 36.7847 5.50203 23.3751 5.01218
106.499 36.7347 5.50921 23.3801 5.005
106.599 36.6847 5.51639 23.3851 4.99782
106.699 36.6347 5.52356 23.3899 4.99065
106.799 36.5848 5.53073 23.3947 4.98348
106.899 36.5348 5.5379 23.3995 4.97631
106.999 36.4848 5.54506 23.4042 4.96915
107.099 36.4348 5.55222 23.4088 4.96199
107.199 36.3848 5.55938 23.4133 4.95483
107.299 36.3348 5.56653 23.4178 4.94768
107.399 36.2848 5.57368 23.4222 4.94053
107.499 36.2348 5.58082 23.4265 4.93339
107.599 36.1848 5.58796 23.4308 4.92625
107.699 36.1348 5.5951 23.435 4.91911
107.799 36.0849 5.60223 23.4392 4.91198
107.899 36.0349 5.60936 23.4433 4.90485
107.999 35.9849 5.61648 23.4473 4.89773
108.099 35.9349 5.6236 23.4512 4.89061
108.199 35.8849 5.63072 23.4551 4.88349
108.299 35.8349 5.63783 23.4589 4.87638
108.399 35.7849 5.64494 23.4627 4.86927
108.499 35.7349 5.65204 23.4664 4.86217
108.599 35.6849 5.65914 23.47 4.85507
108.699 35.6349 5.66623 23.4735 4.84798
108.799 35.5849 5.67333 23.477 4.84088
108.899 35.535 5.68041 23.4804 4.8338
108.999 35.485 5.6875 23.4837 4.82672
109.099 35.435 5.69457 23.487 4.81964
109.199 35.385 5.70165 23.4902 4.81256
109.299 35.335 5.70872 23.4933 4.80549
109.399 35.285 5.71578 23.4964 4.79843
109.499 35.235 5.72284 23.4994 4.79137
109.599 35.185 5.7299 23.5023 4.78431
109.699 35.135 5.73695 23.5052 4.77726
109.799 35.0851 5.744 23.508 4.77021
109.899 35.0351 5.75105 23.5107 4.76316
109.999 34.9851 5.75808 23.5133 4.75613
110.099 34.9351 5.76512 23.5159 4.74909
110.199 34.8851 5.77215 23.5184 4.74206
110.299 34.8351 5.77918 23.5208 4.73503
110.399 34.7851 5.7862 23.5232 4.72801
110.499 34.7351 5.79321 23.5255 4.721
110.599 34.6851 5.80023 23.5277 4.71399
110.699 34.6351 5.80723 23.5299 4.70698
110.799 34.5852 5.81424 23.532 4.69997
110.899 34.5352 5.82123 23.534 4.69298
110.999 34.4852 5.82823 23.5359 4.68598
111.099 34.4352 5.83522 23.5378 4.67899
111.199 34.3852 5.8422 23.5396 4.67201
111.299 34.3352 5.84918 23.5413 4.66503
111.399 34.2852 5.85615 23.5429 4.65806
111.499 34.2352 5.86312 23.5445 4.65109
111.599 34.1852 5.87009 23.546 4.64412
111.699 34.1353 5.87705 23.5475 4.63716
111.799 34.0853 5.88401 23.5488 4.63021
111.899 34.0353 5.89096 23.5501 4.62325
111.999 33.9853 5.8979 23.5513 4.61631
112.099 33.9353 5.90484 23.5525 4.60937
112.199 33.8853 5.91178 23.5535 4.60243
112.299 33.8353 5.91871 23.5545 4.5955
112.399 33.7853 5.92564 23.5554 4.58858
112.499 33.7354 5.93256 23.5563 4.58165
112.599 33.6854 5.93947 23.5571 4.57474
112.699 33.6354 5.94638 23.5577 4.56783
112.799 33.5854 5.95329 23.5584 4.56092
112.899 33.5354 5.96019 23.5589 4.55402
112.999 33.4854 5.96709 23.5594 4.54712
113.099 33.4354 5.97398 23.5598 4.54023
113.199 33.3854 5.98086 23.5601 4.53335
113.299 33.3354 5.98774 23.5604 4.52647
113.399 33.2855 5.99462 23.5605 4.51959
113.499 33.2355 6.00149 23.5606 4.51272
113.599 33.1855 6.00835 23.5606 4.50586
113.699 33.1355 6.01521 23.5606 4.499
113.799 33.0855 6.02207 23.5604 4.49214
113.899 33.0355 6.02892 23.5602 4.48529
113.999 32.9855 6.03576 23.5599 4.47845
114.099 32.9355 6.0426 23.5596 4.47161
114.199 32.8856 6.04943 23.5591 4.46478
114.299 32.8356 6.05626 23.5586 4.45795
114.399 32.7856 6.06308 23.558 4.45113
114.499 32.7356 6.0699 23.5573 4.44431
114.599 32.6856 6.07671 23.5566 4.4375
114.699 32.6356 6.08352 23.5558 4.43069
114.799 32.5856 6.09032 23.5549 4.42389
114.899 32.5356 6.09711 23.5539 4.4171
114.999 32.4857 6.1039 23.5528 4.41031
115.099 32.4357 6.11069 23.5517 4.40352
115.199 32.3857 6.11747 23.5504 4.39675
115.299 32.3357 6.12424 23.5491 4.38997
115.399 32.2857 6.13101 23.5478 4.3832
115.499 32.2357 6.13777 23.5463 4.37644
115.599 32.1857 6.14452 23.5448 4.36969
115.699 32.1358 6.15127 23.5431 4.36294
115.799 32.0858 6.15802 23.5415 4.35619
115.899 32.0358 6.16476 23.5397 4.34945
115.999 31.9858 6.17149 23.5378 4.34272
116.099 31.9358 6.17822 23.5359 4.33599
116.199 31.8858 6.18494 23.5339 4.32927
116.299 31.8358 6.19166 23.5318 4.32255
116.399 31.7858 6.19837 23.5296 4.31584
116.499 31.7359 6.20507 23.5273 4.30914
116.599 31.6859 6.21177 23.525 4.30244
116.699 31.6359 6.21847 23.5225 4.29574
116.799 31.5859 6.22515 23.52 4.28906
116.899 31.5359 6.23183 23.5174 4.28238
116.999 31.4859 6.23851 23.5148 4.2757
117.099 31.4359 6.24518 23.512 4.26903
117.199 31.386 6.25184 23.5092 4.26237
117.299 31.336 6.2585 23.5063 4.25571
117.399 31.286 6.26515 23.5033 4.24906
117.499 31.236 6.2718 23.5002 4.24241
117.599 31.186 6.27844 23.497 4.23577
117.699 31.136 6.28507 23.4938 4.22914
117.799 31.086 6.2917 23.4904 4.22251
117.899 31.0361 6.29832 23.487 4.21589
117.999 30.9861 6.30493 23.4835 4.20928
118.099 30.9361 6.31154 23.4799 4.20267
118.199 30.8861 6.31814 23.4763 4.19607
118.299 30.8361 6.32474 23.4725 4.18947
118.399 30.7861 6.33133 23.4687 4.18288
118.499 30.7361 6.33792 23.4647 4.17629
118.599 30.6862 6.34449 23.4607 4.16972
118.699 30.6362 6.35107 23.4566 4.16314
118.799 30.5862 6.35763 23.4525 4.15658
118.899 30.5362 6.36419 23.4482 4.15002
118.999 30.4862 6.37074 23.4438 4.14347
119.099 30.4362 6.37729 23.4394 4.13692
119.199 30.3862 6.38383 23.4349 4.13038
119.299 30.3363 6.39036 23.4303 4.12385
119.399 30.2863 6.39689 23.4256 4.11732
119.499 30.2363 6.40341 23.4208 4.1108
119.599 30.1863 6.40993 23.4159 4.10428
119.699 30.1363 6.41643 23.411 4.09778
119.799 30.0863 6.42294 23.4059 4.09127
119.899 30.0363 6.42943 23.4008 4.08478
119.999 29.9864 6.43592 23.3956 4.07829
120.099 29.9364 6.4424 23.3903 4.07181
120.199 29.8864 6.44888 23.3849 4.06533
120.299 29.8364 6.45535 23.3794 4.05886
120.399 29.7864 6.46181 23.3738 4.0524
120.499 29.7364 6.46826 23.3682 4.04595
120.599 29.6865 6.47471 23.3624 4.0395
120.699 29.6365 6.48116 23.3566 4.03305
120.799 29.5865 6.48759 23.3506 4.02662
120.899 29.5365 6.49402 23.3446 4.02019
120.999 29.4865 6.50044 23.3385 4.01377
121.099 29.4365 6.50686 23.3323 4.00735
121.199 29.3865 6.51327 23.326 4.00094
121.299 29.3366 6.51967 23.3197 3.99454
121.399 29.2866 6.52607 23.3132 3.98815
121.499 29.2366 6.53245 23.3066 3.98176
121.599 29.1866 6.53884 23.3 3.97537
121.699 29.1366 6.54521 23.2932 3.969
121.799 29.0866 6.55158 23.2864 3.96263
121.899 29.0367 6.55794 23.2795 3.95627
121.999 28.9867 6.56429 23.2725 3.94992
122.099 28.9367 6.57064 23.2654 3.94357
122.199 28.8867 6.57698 23.2582 3.93723
122.299 28.8367 6.58331 23.2509 3.9309
122.399 28.7867 6.58964 23.2435 3.92457
122.499 28.7368 6.59596 23.236 3.91825
122.599 28.6868 6.60227 23.2285 3.91194
122.699 28.6368 6.60858 23.2208 3.90563
122.799 28.5868 6.61488 23.213 3.89933
122.899 28.5368 6.62117 23.2052 3.89304
122.999 28.4868 6.62745 23.1973 3.88676
123.099 28.4369 6.63373 23.1892 3.88048
123.199 28.3869 6.64 23.1811 3.87421
123.299 28.3369 6.64626 23.1729 3.86795
123.399 28.2869 6.65252 23.1646 3.86169
123.499 28.2369 6.65876 23.1562 3.85545
123.599 28.1869 6.66501 23.1477 3.84921
123.699 28.137 6.67124 23.1391 3.84297
123.799 28.087 6.67747 23.1304 3.83674
123.899 28.037 6.68368 23.1216 3.83053
123.999 27.987 6.6899 23.1127 3.82431
124.099 27.937 6.6961 23.1037 3.81811
124.199 27.887 6.7023 23.0946 3.81191
124.299 27.8371 6.70849 23.0855 3.80572
124.399 27.7871 6.71467 23.0762 3.79954
124.499 27.7371 6.72085 23.0668 3.79336
124.599 27.6871 6.72701 23.0574 3.7872
124.699 27.6371 6.73318 23.0478 3.78104
124.799 27.5871 6.73933 23.0381 3.77488
124.899 27.5372 6.74547 23.0284 3.76874
124.999 27.4872 6.75161 23.0185 3.7626
125.099 27.4372 6.75774 23.0086 3.75647
125.199 27.3872 6.76387 22.9985 3.75034
125.299 27.3372 6.76998 22.9884 3.74423
125.399 27.2872 6.77609 22.9782 3.73812
125.499 27.2373 6.78219 22.9678 3.73202
125.599 27.1873 6.78828 22.9574 3.72593
125.699 27.1373 6.79437 22.9468 3.71984
125.799 27.0873 6.80045 22.9362 3.71377
125.899 27.0373 6.80652 22.9255 3.7077
125.999 26.9873 6.81258 22.9146 3.70163
126.099 26.9374 6.81863 22.9037 3.69558
126.199 26.8874 6.82468 22.8927 3.68953
126.299 26.8374 6.83072 22.8815 3.68349
126.399 26.7874 6.83675 22.8703 3.67746
126.499 26.7374 6.84277 22.8589 3.67144
126.599 26.6875 6.84879 22.8475 3.66542
126.699 26.6375 6.8548 22.836 3.65941
126.799 26.5875 6.8608 22.8243 3.65341
126.899 26.5375 6.86679 22.8126 3.64742
126.999 26.4875 6.87277 22.8008 3.64144
127.099 26.4375 6.87875 22.7888 3.63546
127.199 26.3876 6.88472 22.7768 3.62949
127.299 26.3376 6.89068 22.7646 3.62353
127.399 26.2876 6.89663 22.7524 3.61758
127.499 26.2376 6.90258 22.74 3.61163
127.599 26.1876 6.90852 22.7276 3.60569
127.699 26.1377 6.91445 22.715 3.59976
127.799 26.0877 6.92037 22.7023 3.59384
127.899 26.0377 6.92628 22.6896 3.58793
127.999 25.9877 6.93219 22.6767 3.58203
128.099 25.9377 6.93808 22.6637 3.57613
128.199 25.8877 6.94397 22.6507 3.57024
128.299 25.8378 6.94985 22.6375 3.56436
128.399 25.7878 6.95573 22.6242 3.55848
128.499 25.7378 6.96159 22.6108 3.55262
128.599 25.6878 6.96745 22.5973 3.54676
128.699 25.6378 6.9733 22.5837 3.54091
128.799 25.5878 6.97914 22.57 3.53507
128.899 25.5378 6.98497 22.5562 3.52924
128.999 25.4879 6.9908 22.5423 3.52342
129.099 25.4379 6.99661 22.5283 3.5176
129.199 25.3879 7.00242 22.5142 3.51179
129.299 25.3379 7.00822 22.4999 3.50599
129.399 25.2879 7.01401 22.4856 3.5002
129.499 25.2379 7.01979 22.4711 3.49442
129.599 25.188 7.02557 22.4566 3.48864
129.699 25.138 7.03133 22.4419 3.48288
129.799 25.088 7.03709 22.4272 3.47712
129.899 25.038 7.04284 22.4123 3.47137
129.999 24.988 7.04858 22.3973 3.46563
130.099 24.938 7.05432 22.3822 3.45989
130.199 24.888 7.06004 22.367 3.45417
130.299 24.8381 7.06576 22.3517 3.44845
130.399 24.7881 7.07146 22.3363 3.44275
130.499 24.7381 7.07716 22.3208 3.43705
130.599 24.6881 7.08285 22.3052 3.43136
130.699 24.6381 7.08854 22.2894 3.42567
130.799 24.5881 7.09421 22.2736 3.42
130.899 24.5382 7.09987 22.2576 3.41434
130.999 24.4882 7.10553 22.2416 3.40868
131.099 24.4382 7.11118 22.2254 3.40303
131.199 24.3882 7.11682 22.2091 3.39739
131.299 24.3382 7.12245 22.1927 3.39176
131.399 24.2882 7.12807 22.1762 3.38614
131.499 24.2383 7.13368 22.1596 3.38053
131.599 24.1883 7.13929 22.1429 3.37492
131.699 24.1383 7.14489 22.126 3.36933
131.799 24.0883 7.15047 22.1091 3.36374
131.899 24.0383 7.15605 22.092 3.35816
131.999 23.9883 7.16162 22.0749 3.35259
132.099 23.9383 7.16718 22.0576 3.34703
132.199 23.8884 7.17274 22.0402 3.34148
132.299 23.8384 7.17828 22.0227 3.33593
132.399 23.7884 7.18381 22.0051 3.3304
132.499 23.7384 7.18934 21.9873 3.32487
132.599 23.6884 7.19486 21.9695 3.31935
132.699 23.6384 7.20037 21.9515 3.31385
132.799 23.5885 7.20586 21.9335 3.30835
132.899 23.5385 7.21136 21.9153 3.30286
132.999 23.4885 7.21684 21.897 3.29737
133.099 23.4385 7.22231 21.8786 3.2919
133.199 23.3885 7.22777 21.8601 3.28644
133.299 23.3385 7.23323 21.8414 3.28098
133.399 23.2886 7.23867 21.8227 3.27554
133.499 23.2386 7.24411 21.8038 3.2701
133.599 23.1886 7.24954 21.7848 3.26467
133.699 23.1386 7.25496 21.7657 3.25925
133.799 23.0886 7.26037 21.7465 3.25384
133.899 23.0386 7.26577 21.7272 3.24844
133.999 22.9887 7.27116 21.7078 3.24305
134.099 22.9387 7.27654 21.6882 3.23767
134.199 22.8887 7.28192 21.6685 3.23229
134.299 22.8387 7.28728 21.6487 3.22693
134.399 22.7887 7.29264 21.6288 3.22157
134.499 22.7387 7.29798 21.6088 3.21623
134.599 22.6888 7.30332 21.5887 3.21089
134.699 22.6388 7.30865 21.5684 3.20556
134.799 22.5888 7.31397 21.5481 3.20024
134.899 22.5388 7.31928 21.5276 3.19493
134.999 22.4888 7.32458 21.507 3.18963
135.099 22.4389 7.32987 21.4863 3.18434
135.199 22.3889 7.33515 21.4654 3.17906
135.299 22.3389 7.34042 21.4445 3.17379
135.399 22.2889 7.34569 21.4234 3.16852
135.499 22.2389 7.35094 21.4022 3.16327
135.599 22.1889 7.35618 21.3809 3.15803
135.699 22.139 7.36142 21.3595 3.15279
135.799 22.089 7.36665 21.3379 3.14756
135.899 22.039 7.37186 21.3163 3.14235
135.999 21.989 7.37707 21.2945 3.13714
136.099 21.939 7.38227 21.2726 3.13194
136.199 21.889 7.38746 21.2506 3.12676
136.299 21.8391 7.39263 21.2284 3.12158
136.399 21.7891 7.3978 21.2062 3.11641
136.499 21.7391 7.40296 21.1838 3.11125
136.599 21.6891 7.40811 21.1613 3.1061
136.699 21.6391 7.41326 21.1387 3.10096
136.799 21.5892 7.41839 21.1159 3.09582
136.899 21.5392 7.42351 21.093 3.0907
136.999 21.4892 7.42862 21.0701 3.08559
137.099 21.4392 7.43372 21.047 3.08049
137.199 21.3892 7.43882 21.0237 3.07539
137.299 21.3392 7.4439 21.0004 3.07031
137.399 21.2893 7.44897 20.9769 3.06524
137.499 21.2393 7.45404 20.9533 3.06017
137.599 21.1893 7.45909 20.9296 3.05512
137.699 21.1393 7.46414 20.9058 3.05007
137.799 21.0893 7.46917 20.8818 3.04504
137.899 21.0393 7.4742 20.8578 3.04001
137.999 20.9894 7.47922 20.8336 3.03499
138.099 20.9394 7.48422 20.8092 3.02999
138.199 20.8894 7.48922 20.7848 3.02499
138.299 20.8394 7.49421 20.7602 3.02
138.399 20.7894 7.49918 20.7355 3.01503
138.499 20.7395 7.50415 20.7107 3.01006
138.599 20.6895 7.50911 20.6858 3.0051
138.699 20.6395 7.51406 20.6607 3.00015
138.799 20.5895 7.51899 20.6355 2.99522
138.899 20.5395 7.52392 20.6102 2.99029
138.999 20.4896 7.52884 20.5848 2.98537
139.099 20.4396 7.53375 20.5592 2.98046
139.199 20.3896 7.53865 20.5336 2.97556
139.299 20.3396 7.54354 20.5077 2.97067
139.399 20.2896 7.54842 20.4818 2.9658
139.499 20.2396 7.55328 20.4558 2.96093
139.599 20.1897 7.55814 20.4296 2.95607
139.699 20.1397 7.56299 20.4033 2.95122
139.799 20.0897 7.56783 20.3768 2.94638
139.899 20.0397 7.57266 20.3503 2.94155
139.999 19.9897 7.57748 20.3236 2.93673
140.099 19.9398 7.58229 20.2968 2.93192
140.199 19.8898 7.58709 20.2699 2.92712
140.299 19.8398 7.59188 20.2428 2.92234
140.399 19.7898 7.59665 20.2156 2.91756
140.499 19.7398 7.60142 20.1883 2.91279
140.599 19.6899 7.60618 20.1609 2.90803
140.699 19.6399 7.61093 20.1333 2.90328
140.799 19.5899 7.61567 20.1056 2.89854
140.899 19.5399 7.6204 20.0778 2.89381
140.999 19.4899 7.62512 20.0498 2.8891
141.099 19.44 7.62982 20.0217 2.88439
141.199 19.39 7.63452 19.9935 2.87969
141.299 19.34 7.63921 19.9652 2.875
141.399 19.29 7.64389 19.9368 2.87032
141.499 19.24 7.64855 19.9082 2.86566
141.599 19.19 7.65321 19.8795 2.861
141.699 19.1401 7.65786 19.8506 2.85635
141.799 19.0901 7.66249 19.8216 2.85172
141.899 19.0401 7.66712 19.7925 2.84709
141.999 18.9901 7.67174 19.7633 2.84247
142.099 18.9401 7.67634 19.734 2.83787
142.199 18.8902 7.68094 19.7045 2.83327
142.299 18.8402 7.68552 19.6749 2.82869
142.399 18.7902 7.6901 19.6451 2.82411
142.499 18.7402 7.69466 19.6153 2.81955
142.6 18.6902 7.69921 19.5853 2.815
142.7 18.6403 7.70376 19.5551 2.81045
142.8 18.5903 7.70829 19.5249 2.80592
142.9 18.5403 7.71281 19.4945 2.8014
143 18.4903 7.71733 19.464 2.79688
143.1 18.4403 7.72183 19.4333 2.79238
143.2 18.3904 7.72632 19.4025 2.78789
143.3 18.3404 7.7308 19.3716 2.78341
143.4 18.2904 7.73527 19.3406 2.77894
143.5 18.2404 7.73973 19.3094 2.77448
143.6 18.1904 7.74418 19.2781 2.77003
143.7 18.1405 7.74862 19.2467 2.76559
143.8 18.0905 7.75305 19.2151 2.76116
143.9 18.0405 7.75747 19.1834 2.75674
144 17.9905 7.76187 19.1516 2.75234
144.1 17.9405 7.76627 19.1197 2.74794
144.2 17.8906 7.77066 19.0876 2.74355
144.3 17.8406 7.77503 19.0554 2.73918
144.4 17.7906 7.7794 19.023 2.73481
144.5 17.7406 7.78375 18.9905 2.73046
144.6 17.6906 7.78809 18.9579 2.72612
144.7 17.6407 7.79243 18.9252 2.72178
144.8 17.5907 7.79675 18.8923 2.71746
144.9 17.5407 7.80106 18.8593 2.71315
145 17.4907 7.80536 18.8262 2.70885
145.1 17.4407 7.80965 18.7929 2.70456
145.2 17.3908 7.81393 18.7595 2.70028
145.3 17.3408 7.8182 18.726 2.69601
145.4 17.2908 7.82246 18.6923 2.69175
145.5 17.2408 7.82671 18.6585 2.6875
145.6 17.1909 7.83094 18.6246 2.68327
145.7 17.1409 7.83517 18.5905 2.67904
145.8 17.0909 7.83938 18.5563 2.67483
145.9 17.0409 7.84359 18.522 2.67062
146 16.9909 7.84778 18.4875 2.66643
146.1 16.941 7.85196 18.4529 2.66225
146.2 16.891 7.85613 18.4182 2.65808
146.3 16.841 7.8603 18.3834 2.65392
146.4 16.791 7.86445 18.3484 2.64977
146.5 16.741 7.86858 18.3132 2.64563
146.6 16.6911 7.87271 18.278 2.6415
146.7 16.6411 7.87683 18.2426 2.63738
146.8 16.5911 7.88094 18.2071 2.63327
146.9 16.5411 7.88503 18.1714 2.62918
147 16.4911 7.88912 18.1356 2.6251
147.1 16.4412 7.89319 18.0997 2.62102
147.2 16.3912 7.89725 18.0636 2.61696
147.3 16.3412 7.9013 18.0274 2.61291
147.4 16.2912 7.90534 17.9911 2.60887
147.5 16.2412 7.90937 17.9547 2.60484
147.6 16.1913 7.91339 17.9181 2.60082
147.7 16.1413 7.9174 17.8813 2.59681
147.8 16.0913 7.92139 17.8445 2.59282
147.9 16.0413 7.92538 17.8075 2.58883
148 15.9914 7.92935 17.7704 2.58486
148.1 15.9414 7.93332 17.7331 2.58089
148.2 15.8914 7.93727 17.6957 2.57694
148.3 15.8414 7.94121 17.6582 2.573
148.4 15.7914 7.94514 17.6205 2.56907
148.5 15.7415 7.94906 17.5827 2.56515
148.6 15.6915 7.95297 17.5448 2.56124
148.7 15.6415 7.95686 17.5067 2.55735
148.8 15.5915 7.96075 17.4685 2.55346
148.9 15.5415 7.96462 17.4302 2.54959
149 15.4916 7.96848 17.3917 2.54573
149.1 15.4416 7.97234 17.3531 2.54187
149.2 15.3916 7.97618 17.3144 2.53803
149.3 15.3416 7.98001 17.2755 2.53421
149.4 15.2917 7.98382 17.2365 2.53039
149.5 15.2417 7.98763 17.1974 2.52658
149.6 15.1917 7.99142 17.1581 2.52279
149.7 15.1417 7.99521 17.1187 2.519
149.8 15.0917 7.99898 17.0792 2.51523
149.9 15.0418 8.00274 17.0395 2.51147
150 14.9918 8.00649 16.9997 2.50772
150.1 14.9418 8.01023 16.9597 2.50398
150.2 14.8918 8.01396 16.9197 2.50025
150.3 14.8419 8.01768 16.8794 2.49653
150.4 14.7919 8.02138 16.8391 2.49283
150.5 14.7419 8.02507 16.7986 2.48914
150.6 14.6919 8.02876 16.758 2.48545
150.7 14.6419 8.03243 16.7172 2.48178
150.8 14.592 8.03609 16.6764 2.47812
150.9 14.542 8.03973 16.6354 2.47448
151 14.492 8.04337 16.5942 2.47084
151.1 14.442 8.047 16.5529 2.46721
151.2 14.3921 8.05061 16.5115 2.4636
151.3 14.3421 8.05421 16.4699 2.46
151.4 14.2921 8.0578 16.4283 2.45641
151.5 14.2421 8.06138 16.3864 2.45283
151.6 14.1921 8.06495 16.3445 2.44926
151.7 14.1422 8.06851 16.3024 2.4457
151.8 14.0922 8.07205 16.2602 2.44216
151.9 14.0422 8.07558 16.2178 2.43863
152 13.9922 8.07911 16.1753 2.43511
152.1 13.9423 8.08262 16.1327 2.43159
152.2 13.8923 8.08611 16.0899 2.4281
152.3 13.8423 8.0896 16.0471 2.42461
152.4 13.7923 8.09308 16.004 2.42113
152.5 13.7423 8.09654 15.9609 2.41767
152.6 13.6924 8.09999 15.9176 2.41422
152.7 13.6424 8.10343 15.8742 2.41078
152.8 13.5924 8.10686 15.8306 2.40735
152.9 13.5424 8.11028 15.7869 2.40393
153 13.4925 8.11369 15.7431 2.40052
153.1 13.4425 8.11708 15.6991 2.39713
153.2 13.3925 8.12046 15.655 2.39375
153.3 13.3425 8.12383 15.6108 2.39038
153.4 13.2925 8.12719 15.5665 2.38702
153.5 13.2426 8.13054 15.522 2.38367
153.6 13.1926 8.13388 15.4774 2.38034
153.7 13.1426 8.1372 15.4326 2.37701
153.8 13.0926 8.14051 15.3877 2.3737
153.9 13.0427 8.14381 15.3427 2.3704
154 12.9927 8.1471 15.2976 2.36711
154.1 12.9427 8.15038 15.2523 2.36383
154.2 12.8927 8.15364 15.2069 2.36057
154.3 12.8427 8.1569 15.1613 2.35731
154.4 12.7928 8.16014 15.1156 2.35407
154.5 12.7428 8.16337 15.0698 2.35084
154.6 12.6928 8.16659 15.0239 2.34762
154.7 12.6428 8.16979 14.9778 2.34442
154.8 12.5929 8.17299 14.9316 2.34122
154.9 12.5429 8.17617 14.8853 2.33804
155 12.4929 8.17934 14.8388 2.33487
155.1 12.4429 8.1825 14.7922 2.33171
155.2 12.393 8.18565 14.7455 2.32856
155.3 12.343 8.18878 14.6986 2.32543
155.4 12.293 8.19191 14.6516 2.3223
155.5 12.243 8.19502 14.6045 2.31919
155.6 12.193 8.19812 14.5573 2.31609
155.7 12.1431 8.20121 14.5099 2.313
155.8 12.0931 8.20428 14.4624 2.30993
155.9 12.0431 8.20735 14.4148 2.30686
156 11.9931 8.2104 14.367 2.30381
156.1 11.9432 8.21344 14.3191 2.30077
156.2 11.8932 8.21647 14.2711 2.29774
156.3 11.8432 8.21948 14.2229 2.29473
156.4 11.7932 8.22249 14.1746 2.29172
156.5 11.7433 8.22548 14.1262 2.28873
156.6 11.6933 8.22846 14.0777 2.28575
156.7 11.6433 8.23143 14.029 2.28278
156.8 11.5933 8.23438 13.9802 2.27983
156.9 11.5434 8.23733 13.9313 2.27688
157 11.4934 8.24026 13.8822 2.27395
157.1 11.4434 8.24318 13.8331 2.27103
157.2 11.3934 8.24609 13.7837 2.26812
157.3 11.3434 8.24898 13.7343 2.26523
157.4 11.2935 8.25187 13.6848 2.26234
157.5 11.2435 8.25474 13.6351 2.25947
157.6 11.1935 8.2576 13.5852 2.25661
157.7 11.1435 8.26045 13.5353 2.25376
157.8 11.0936 8.26328 13.4852 2.25093
157.9 11.0436 8.26611 13.435 2.2481
158 10.9936 8.26892 13.3847 2.24529
158.1 10.9436 8.27172 13.3343 2.24249
158.2 10.8937 8.2745 13.2837 2.23971
158.3 10.8437 8.27728 13.233 2.23693
158.4 10.7937 8.28004 13.1822 2.23417
158.5 10.7437 8.28279 13.1313 2.23142
158.6 10.6938 8.28553 13.0802 2.22868
158.7 10.6438 8.28826 13.029 2.22595
158.8 10.5938 8.29097 12.9777 2.22324
158.9 10.5438 8.29368 12.9262 2.22054
159.001 10.4938 8.29636 12.8747 2.21785
159.101 10.4439 8.29904 12.823 2.21517
159.201 10.3939 8.30171 12.7712 2.2125
159.301 10.3439 8.30436 12.7193 2.20985
159.401 10.2939 8.307 12.6672 2.20721
159.501 10.244 8.30963 12.615 2.20458
159.601 10.194 8.31225 12.5627 2.20196
159.701 10.144 8.31485 12.5103 2.19936
159.801 10.094 8.31744 12.4578 2.19677
159.901 10.0441 8.32002 12.4051 2.19419
160.001 9.99408 8.32259 12.3523 2.19162
160.101 9.94411 8.32515 12.2994 2.18906
160.201 9.89413 8.32769 12.2464 2.18652
160.301 9.84416 8.33022 12.1933 2.18399
160.401 9.79418 8.33274 12.14 2.18147
160.501 9.7442 8.33524 12.0866 2.17897
160.601 9.69423 8.33774 12.0331 2.17647
160.701 9.64425 8.34022 11.9795 2.17399
160.801 9.59428 8.34269 11.9258 2.17152
160.901 9.5443 8.34515 11.8719 2.16907
161.001 9.49433 8.34759 11.818 2.16662
161.101 9.44435 8.35002 11.7639 2.16419
161.201 9.39437 8.35244 11.7097 2.16177
161.301 9.3444 8.35485 11.6554 2.15936
161.401 9.29442 8.35724 11.6009 2.15697
161.501 9.24445 8.35963 11.5464 2.15459
161.601 9.19447 8.362 11.4917 2.15222
161.701 9.14449 8.36435 11.4369 2.14986
161.801 9.09452 8.3667 11.382 2.14751
161.901 9.04454 8.36903 11.327 2.14518
162.001 8.99457 8.37135 11.2719 2.14286
162.101 8.94459 8.37366 11.2167 2.14055
162.201 8.89462 8.37595 11.1613 2.13826
162.301 8.84464 8.37824 11.1059 2.13597
162.401 8.79466 8.38051 11.0503 2.1337
162.501 8.74469 8.38277 10.9946 2.13144
162.601 8.69471 8.38501 10.9388 2.1292
162.701 8.64474 8.38725 10.8829 2.12696
162.801 8.59476 8.38947 10.8269 2.12474
162.901 8.54479 8.39167 10.7707 2.12254
163.001 8.49481 8.39387 10.7145 2.12034
163.101 8.44484 8.39605 10.6581 2.11816
163.201 8.39486 8.39822 10.6017 2.11599
163.301 8.34488 8.40038 10.5451 2.11383
163.401 8.29491 8.40253 10.4884 2.11168
163.501 8.24493 8.40466 10.4316 2.10955
163.601 8.19496 8.40678 10.3747 2.10743
163.701 8.14498 8.40889 10.3177 2.10532
163.801 8.09501 8.41099 10.2606 2.10322
163.901 8.04503 8.41307 10.2034 2.10114
164.001 7.99506 8.41514 10.1461 2.09907
164.101 7.94508 8.4172 10.0887 2.09701
164.201 7.89511 8.41924 10.0311 2.09497
164.301 7.84513 8.42128 9.97349 2.09294
164.401 7.79515 8.4233 9.91575 2.09092
164.501 7.74518 8.4253 9.8579 2.08891
164.601 7.6952 8.4273 9.79995 2.08691
164.701 7.64523 8.42928 9.7419 2.08493
164.801 7.59525 8.43125 9.68375 2.08296
164.901 7.54528 8.43321 9.62549 2.081
165.001 7.4953 8.43515 9.56713 2.07906
165.101 7.44533 8.43708 9.50867 2.07713
165.201 7.39535 8.439 9.45011 2.07521
165.301 7.34538 8.44091 9.39145 2.0733
165.401 7.2954 8.4428 9.33269 2.07141
165.501 7.24543 8.44468 9.27384 2.06953
165.601 7.19545 8.44655 9.21488 2.06766
165.701 7.14548 8.44841 9.15582 2.0658
165.801 7.0955 8.45025 9.09667 2.06396
165.901 7.04553 8.45208 9.03742 2.06213
166.001 6.99555 8.4539 8.97807 2.06031
166.101 6.94558 8.45571 8.91863 2.0585
166.201 6.8956 8.4575 8.85909 2.05671
166.301 6.84563 8.45928 8.79946 2.05493
166.401 6.79565 8.46105 8.73973 2.05316
166.501 6.74567 8.4628 8.67991 2.05141
166.601 6.6957 8.46454 8.61999 2.04967
166.701 6.64572 8.46627 8.55998 2.04794
166.801 6.59575 8.46799 8.49988 2.04622
166.901 6.54577 8.46969 8.43968 2.04452
167.001 6.4958 8.47138 8.3794 2.04283
167.101 6.44582 8.47306 8.31902 2.04115
167.201 6.39585 8.47473 8.25855 2.03948
167.301 6.34587 8.47638 8.198 2.03783
167.401 6.2959 8.47802 8.13735 2.03619
167.501 6.24592 8.47965 8.07661 2.03456
167.601 6.19595 8.48126 8.01579 2.03295
167.701 6.14597 8.48286 7.95488 2.03135
167.801 6.096 8.48445 7.89388 2.02976
167.901 6.04602 8.48603 7.8328 2.02818
168.001 5.99605 8.48759 7.77163 2.02662
168.101 5.94607 8.48914 7.71037 2.02507
168.201 5.8961 8.49068 7.64903 2.02353
168.301 5.84612 8.4922 7.5876 2.02201
168.401 5.79615 8.49372 7.52609 2.02049
168.501 5.74618 8.49522 7.4645 2.01899
168.601 5.6962 8.4967 7.40283 2.01751
168.701 5.64623 8.49818 7.34107 2.01603
168.801 5.59625 8.49964 7.27923 2.01457
168.901 5.54628 8.50108 7.21731 2.01313
169.001 5.4963 8.50252 7.15531 2.01169
169.101 5.44633 8.50394 7.09323 2.01027
169.201 5.39635 8.50535 7.03107 2.00886
169.301 5.34638 8.50675 6.96884 2.00746
169.401 5.2964 8.50813 6.90652 2.00608
169.501 5.24643 8.5095 6.84413 2.00471
169.601 5.19645 8.51086 6.78167 2.00335
169.701 5.14648 8.51221 6.71912 2.002
169.801 5.0965 8.51354 6.6565 2.00067
169.901 5.04653 8.51486 6.59381 1.99935
170.001 4.99655 8.51617 6.53104 1.99804
170.101 4.94658 8.51746 6.4682 1.99675
170.201 4.8966 8.51874 6.40529 1.99547
170.301 4.84663 8.52001 6.3423 1.9942
170.401 4.79665 8.52126 6.27924 1.99295
170.501 4.74668 8.52251 6.21612 1.9917
170.601 4.6967 8.52374 6.15292 1.99047
170.701 4.64673 8.52495 6.08965 1.98926
170.801 4.59676 8.52616 6.02631 1.98805
170.901 4.54678 8.52735 5.96291 1.98686
171.001 4.49681 8.52852 5.89943 1.98569
171.101 4.44683 8.52969 5.83589 1.98452
171.201 4.39686 8.53084 5.77229 1.98337
171.301 4.34688 8.53198 5.70861 1.98223
171.401 4.29691 8.53311 5.64488 1.9811
171.501 4.24693 8.53422 5.58108 1.97999
171.601 4.19696 8.53532 5.51721 1.97889
171.701 4.14698 8.53641 5.45328 1.9778
171.801 4.09701 8.53748 5.38929 1.97673
171.901 4.04703 8.53854 5.32524 1.97567
172.001 3.99706 8.53959 5.26113 1.97462
172.101 3.94709 8.54063 5.19696 1.97358
172.201 3.89711 8.54165 5.13272 1.97256
172.301 3.84714 8.54266 5.06843 1.97155
172.401 3.79716 8.54366 5.00408 1.97055
172.501 3.74719 8.54464 4.93968 1.96957
172.601 3.69721 8.54561 4.87521 1.9686
172.701 3.64724 8.54657 4.81069 1.96764
172.801 3.59726 8.54752 4.74612 1.9667
172.901 3.54729 8.54845 4.68149 1.96576
173.001 3.49731 8.54937 4.6168 1.96484
173.101 3.44734 8.55027 4.55207 1.96394
173.201 3.39737 8.55117 4.48728 1.96305
173.301 3.34739 8.55205 4.42244 1.96217
173.401 3.29742 8.55291 4.35754 1.9613
173.501 3.24744 8.55377 4.2926 1.96044
173.601 3.19747 8.55461 4.22761 1.9596
173.701 3.14749 8.55544 4.16256 1.95877
173.801 3.09752 8.55625 4.09747 1.95796
173.901 3.04754 8.55705 4.03234 1.95716
174.001 2.99757 8.55784 3.96715 1.95637
174.101 2.94759 8.55862 3.90192 1.95559
174.201 2.89762 8.55938 3.83665 1.95483
174.301 2.84765 8.56013 3.77133 1.95408
174.401 2.79767 8.56087 3.70596 1.95334
174.501 2.7477 8.56159 3.64055 1.95262
174.601 2.69772 8.5623 3.5751 1.95191
174.701 2.64775 8.563 3.50961 1.95121
174.801 2.59777 8.56369 3.44408 1.95052
174.901 2.5478 8.56436 3.37851 1.94985
175.001 2.49783 8.56502 3.31289 1.94919
175.101 2.44785 8.56566 3.24724 1.94855
175.201 2.39788 8.5663 3.18155 1.94791
175.301 2.3479 8.56692 3.11583 1.94729
175.402 2.29793 8.56752 3.05006 1.94669
175.502 2.24795 8.56812 2.98427 1.94609
175.602 2.19798 8.5687 2.91843 1.94551
175.702 2.148 8.56927 2.85256 1.94494
175.802 2.09803 8.56982 2.78666 1.94439
175.902 2.04806 8.57036 2.72073 1.94385
176.002 1.99808 8.57089 2.65476 1.94332
176.102 1.94811 8.57141 2.58877 1.9428
176.202 1.89813 8.57191 2.52274 1.9423
176.302 1.84816 8.5724 2.45668 1.94181
176.402 1.79818 8.57288 2.3906 1.94133
176.502 1.74821 8.57334 2.32448 1.94087
176.602 1.69823 8.57379 2.25834 1.94042
176.702 1.64826 8.57423 2.19217 1.93998
176.802 1.59829 8.57465 2.12598 1.93956
176.902 1.54831 8.57506 2.05976 1.93915
177.002 1.49834 8.57546 1.99352 1.93875
177.102 1.44836 8.57585 1.92725 1.93836
177.202 1.39839 8.57622 1.86096 1.93799
177.302 1.34841 8.57658 1.79465 1.93763
177.402 1.29844 8.57692 1.72832 1.93729
177.502 1.24847 8.57726 1.66197 1.93695
177.602 1.19849 8.57758 1.5956 1.93663
177.702 1.14852 8.57788 1.5292 1.93633
177.802 1.09854 8.57818 1.4628 1.93603
177.902 1.04857 8.57846 1.39637 1.93575
178.002 0.998594 8.57873 1.32993 1.93548
178.102 0.94862 8.57898 1.26347 1.93523
178.202 0.898646 8.57922 1.19699 1.93499
178.302 0.848671 8.57945 1.13051 1.93476
178.402 0.798697 8.57967 1.064 1.93454
178.502 0.748723 8.57987 0.997491 1.93434
178.602 0.698748 8.58006 0.930966 1.93415
178.702 0.648774 8.58023 0.864429 1.93398
178.802 0.5988 8.5804 0.797882 1.93381
178.902 0.548825 8.58055 0.731326 1.93366
179.002 0.498851 8.58068 0.664762 1.93353
179.102 0.448877 8.58081 0.598189 1.9334
179.202 0.398902 8.58092 0.531609 1.93329
179.302 0.348928 8.58102 0.465023 1.93319
179.402 0.298954 8.5811 0.398432 1.93311
179.502 0.24898 8.58117 0.331835 1.93304
179.602 0.199005 8.58123 0.265235 1.93298
179.702 0.149031 8.58128 0.198632 1.93293
179.802 0.0990566 8.58131 0.132026 1.9329
179.902 0.0490823 8.58133 0.0654191 1.93288
