run_0062.root	50	-12.7505	2.79645
run_0062.root	569	-50.0701	2.98454
run_0062.root	1671	-5.64209	2.69151
run_0062.root	4663	-23.353	2.67849
run_0062.root	4843	-44.8406	2.75217
run_0062.root	5848	-6.16972	2.93249
run_0062.root	9087	-19.3106	2.72941
run_0062.root	10178	-40.3253	2.70244
run_0062.root	11816	9.26573	2.40842
run_0062.root	13655	-36.6577	2.67752
run_0062.root	15404	-7.81788	2.24799
run_0062.root	15632	-24.6468	2.35149
run_0062.root	15683	-16.4736	2.51981
run_0062.root	15958	-14.415	2.48163
run_0062.root	17572	-51.1522	2.68283
run_0062.root	21179	-43.8592	2.49934
run_0062.root	21774	-28.0618	2.38236
run_0062.root	22636	-6.65013	2.29587
run_0062.root	22998	-8.57373	2.2506
run_0062.root	23287	-20.9154	2.41008
run_0062.root	23486	-8.98376	2.99698
run_0062.root	23839	-7.22094	2.60495
run_0062.root	29994	-15.5222	2.37851
run_0062.root	30382	-11.5629	2.22499
run_0062.root	34240	-8.09041	2.61373
run_0062.root	34922	-12.4369	2.36099
run_0063.root	1633	-7.97947	2.7546
run_0063.root	1697	-39.338	2.46302
run_0063.root	3556	-15.8148	2.18456
run_0063.root	4403	-19.7463	2.5842
run_0063.root	8189	-7.99049	2.88603
run_0063.root	8477	-33.3355	2.71955
run_0063.root	10726	-3.66344	2.71851
run_0063.root	11102	-63.2532	2.94371
run_0063.root	12739	-11.9404	2.20291
run_0063.root	14549	-25.5889	2.28655
run_0063.root	14620	-10.0913	2.73311
run_0063.root	17078	-20.3713	2.43332
run_0063.root	21805	-12.7132	2.34466
run_0063.root	22149	-1.17133	2.34439
run_0063.root	22278	-22.6461	2.31273
run_0063.root	24175	-32.2642	2.98755
run_0063.root	25386	-15.5547	2.54713
run_0063.root	26147	-14.3795	2.53831
run_0063.root	26519	-8.07561	2.85764
run_0063.root	27905	-33.6708	2.89283
run_0063.root	27925	-33.6964	2.43453
run_0063.root	28305	-7.27308	2.96487
run_0063.root	28545	-21.0578	2.70919
run_0063.root	29055	-19.3435	2.64073
run_0063.root	29175	-19.4444	2.78632
run_0063.root	33165	-7.64376	2.58545
run_0063.root	34994	-12.6399	2.52743
run_0063.root	37345	-30.4091	2.53011
run_0063.root	38805	-24.4638	2.80314
run_0063.root	39557	-43.4622	2.72244
run_0063.root	40760	-16.248	2.22393
run_0063.root	41241	-4.46858	2.7252
run_0063.root	41958	5.87812	2.67531
run_0063.root	47748	-7.6152	2.35543
run_0063.root	48505	7.43845	2.90001
run_0063.root	48599	-9.58564	2.54821
run_0063.root	49071	-20.6877	2.6623
run_0063.root	52036	-31.2089	2.99294
run_0063.root	53680	-10.7193	2.71653
run_0063.root	53711	-45.6731	2.6105
run_0063.root	53984	-12.7268	2.93039
run_0063.root	54252	-5.40516	2.27461
run_0063.root	55976	-16.2281	2.8004
run_0063.root	56010	-28.643	2.10783
run_0063.root	58467	-17.7918	2.13874
run_0064.root	913	-3.88802	2.48001
run_0064.root	2748	-17.0099	2.85085
run_0064.root	4584	-36.6559	2.58214
run_0064.root	4585	-36.6559	2.58214
run_0064.root	6639	-17.056	2.79424
run_0064.root	8030	-27.4901	2.9092
run_0064.root	8039	-32.4562	2.57478
run_0064.root	8416	-14.1138	2.57581
run_0064.root	8670	-27.7232	2.16282
run_0064.root	8911	-6.77126	2.93029
run_0064.root	10861	-40.4202	2.77714
run_0064.root	12870	9.93355	2.80376
run_0064.root	14201	-11.11	2.38459
run_0064.root	14315	-68.9433	2.75754
run_0064.root	14665	-4.82659	2.64589
run_0064.root	15225	-15.5688	2.7359
run_0064.root	15249	-12.1245	2.84625
run_0064.root	17555	-6.4415	2.53757
run_0064.root	18314	4.77539	2.65895
run_0064.root	20488	-9.24484	2.71264
run_0064.root	20639	-13.8079	2.25863
run_0064.root	20890	-8.45434	2.53452
run_0064.root	24037	-10.6814	2.23782
run_0064.root	26025	-25.1934	2.49013
run_0064.root	29405	-9.15622	2.54456
run_0064.root	30536	-25.8859	2.78716
run_0064.root	30721	-41.9644	2.9817
run_0064.root	30727	-33.2967	3.0182
run_0064.root	31108	-18.1678	2.70206
run_0064.root	34641	-34.1348	2.44388
run_0064.root	34943	-14.3729	2.24608
run_0064.root	36628	-6.63098	2.72493
run_0064.root	37040	-38.2303	3.04705
run_0064.root	38410	-9.93643	2.78383
run_0064.root	41793	13.5218	2.70935
run_0064.root	42950	-11.7917	3.05289
run_0064.root	43872	-3.18381	2.62976
run_0064.root	44166	-9.07705	2.19581
run_0064.root	47302	-9.70542	2.42179
run_0064.root	48717	-39.3696	2.54861
run_0064.root	49226	-29.2756	2.28495
run_0064.root	49780	-11.6323	2.87418
run_0064.root	52858	-6.9868	2.57308
run_0064.root	54512	-22.7741	2.21755
run_0064.root	54622	11.1513	2.34781
run_0064.root	54816	-5.45606	2.55931
run_0064.root	55152	-33.8404	2.87983
run_0064.root	57811	-2.69967	2.82373
run_0064.root	58376	-28.3384	2.39574
run_0064.root	60402	-7.51958	2.67278
run_0064.root	60810	-7.9493	2.95362
run_0064.root	63700	-27.4732	2.86149
run_0064.root	65306	-14.856	2.47909
run_0064.root	67124	-7.15604	2.42632
run_0064.root	67152	-34.284	2.92226
run_0065.root	195	-21.4	2.64139
run_0065.root	1680	-7.52398	2.81312
run_0065.root	1681	-7.52398	2.81312
run_0065.root	1931	-11.7413	2.84275
run_0065.root	2127	-9.21726	2.33279
run_0065.root	6246	10.4328	2.47417
run_0065.root	7330	-28.3867	2.7579
run_0065.root	7561	-13.85	2.67715
run_0065.root	9975	-21.7774	2.30164
run_0065.root	13526	-11.0295	2.20501
run_0065.root	15670	-34.5499	2.90895
run_0065.root	20446	-11.8317	2.33052
run_0065.root	20679	-26.8353	2.75852
run_0065.root	20988	-8.92816	2.56903
run_0065.root	25148	-34.0002	2.66918
run_0065.root	25889	-34.8488	2.74315
run_0065.root	27351	-38.991	2.18594
run_0065.root	33097	-32.302	2.42322
run_0065.root	33176	-20.8752	2.23654
run_0065.root	34505	-3.32906	2.73149
run_0065.root	36624	-9.4023	2.89943
run_0065.root	37582	-14.3132	2.5137
run_0065.root	37612	-3.33012	2.79074
run_0065.root	41099	-11.2482	2.65042
run_0065.root	42507	-20.2079	2.1956
run_0065.root	43033	-25.687	2.34354
run_0065.root	47786	-18.6217	2.75639
run_0065.root	47978	-9.75263	2.76153
run_0065.root	48753	-15.3043	2.79418
run_0065.root	48888	-11.48	2.27252
run_0065.root	49199	-20.802	2.65553
run_0065.root	51307	-8.41775	2.46518
run_0065.root	53300	-21.263	2.75888
run_0065.root	53505	-12.8633	2.82082
run_0065.root	54833	-7.85854	2.43886
run_0065.root	58780	-9.36174	2.44777
run_0065.root	59720	-8.23888	2.41636
run_0065.root	65748	-22.8738	2.28296
run_0065.root	66381	-11.5649	2.58118
run_0065.root	66527	-48.678	2.60328
run_0065.root	66925	5.69892	2.21719
run_0065.root	67569	-21.1939	2.47575
run_0065.root	68193	-39.6084	2.2453
run_0065.root	70267	-10.1811	3.01506
run_0065.root	70410	8.20117	3.02675
run_0065.root	71171	-7.12639	2.50767
run_0065.root	73105	-18.4184	2.44652
run_0066.root	139	-5.28516	2.53811
run_0066.root	391	-15.336	2.65725
run_0066.root	2889	-22.8821	2.29607
run_0066.root	2997	-15.188	2.36319
run_0066.root	3894	-11.4331	2.17968
run_0066.root	4646	-14.567	2.93716
run_0066.root	5164	-20.3527	2.21406
run_0066.root	5479	-7.04992	2.66572
run_0066.root	5732	-9.25124	2.91167
run_0066.root	6409	-20.9803	2.53017
run_0066.root	6980	-28.4758	2.19911
run_0066.root	7525	-33.311	2.99234
run_0066.root	7970	-12.6187	2.1996
run_0066.root	8457	-13.254	2.23896
run_0066.root	11181	-14.9945	2.20702
run_0066.root	12568	-6.79945	2.32751
run_0066.root	12990	-15.8159	2.38091
run_0066.root	14472	-29.2315	2.28403
run_0066.root	15992	-10.1003	2.56085
run_0066.root	17745	-25.4044	2.27132
run_0066.root	20835	-14.3797	2.79188
run_0066.root	21474	-13.2437	2.3732
run_0066.root	26819	-32.4917	2.76999
run_0066.root	30077	-25.3289	2.52165
run_0066.root	31440	-16.8467	2.70554
run_0066.root	31608	-28.5568	2.85316
run_0066.root	32158	-30.5834	2.38008
run_0066.root	32529	-35.7225	2.15797
run_0066.root	32584	-8.54219	2.22048
run_0066.root	32759	-8.09909	2.1609
run_0066.root	35775	-2.70041	2.30789
run_0066.root	36989	-21.8536	2.22479
run_0066.root	38877	-13.2378	2.36688
run_0066.root	42260	-10.0638	2.87056
run_0066.root	44043	-13.4271	2.32659
run_0066.root	46908	-32.9506	2.74628
run_0066.root	47919	-31.7409	2.63034
run_0066.root	50839	-23.965	2.39311
run_0066.root	52731	-27.477	2.4519
run_0066.root	53222	-8.2392	2.57134
run_0066.root	53223	-8.2392	2.57134
run_0066.root	55063	-7.84154	2.39214
run_0066.root	55276	-21.2119	2.46741
run_0066.root	57347	-32.1085	2.61563
run_0066.root	57348	-32.1085	2.61563
run_0066.root	59132	-21.2521	2.56834
run_0066.root	60471	27.8976	2.47652
run_0066.root	60913	-29.8157	2.7196
run_0066.root	62628	-3.47541	2.55514
run_0066.root	64070	12.4393	2.70191
run_0066.root	64813	-11.4308	2.36927
run_0066.root	65324	-2.49979	2.95961
run_0066.root	65487	-9.90754	2.41355
run_0066.root	66889	-16.0142	2.16483
run_0066.root	67142	7.707	2.58913
run_0066.root	71370	-7.40378	2.95044
run_0066.root	71718	-13.715	2.91772
run_0066.root	73043	-8.49997	2.56231
run_0066.root	74383	-13.3682	2.6547
run_0066.root	76275	-20.4777	2.53312
run_0067.root	1014	-10.3179	2.17355
run_0067.root	1893	-11.6515	2.49485
run_0067.root	3686	-21.2169	2.665
run_0067.root	9291	-30.7438	2.53088
run_0067.root	9426	-26.4219	2.36288
run_0067.root	11766	-7.33417	2.18979
run_0067.root	12362	-8.69262	2.44856
run_0067.root	13373	-4.30732	2.83762
run_0067.root	13711	-7.67849	2.76643
run_0067.root	15968	-15.9182	2.32492
run_0067.root	18516	-5.53636	2.1653
run_0067.root	23765	-19.8988	2.31169
run_0067.root	24318	-9.36456	2.25159
run_0067.root	25273	-14.1245	2.84403
run_0067.root	25284	-11.1429	2.3502
run_0067.root	26784	-11.1996	2.77134
run_0067.root	27591	-24.4155	2.88762
run_0067.root	27920	-16.3394	2.61364
run_0067.root	28231	-10.3763	2.49066
run_0067.root	28279	10.8798	2.5724
run_0067.root	29998	-16.8848	2.99481
run_0067.root	32944	-25.3617	3.00796
run_0067.root	33484	-14.4287	2.37088
run_0067.root	35748	-8.69368	2.57248
run_0067.root	37677	-26.9482	2.28427
run_0067.root	38979	-30.1841	3.01955
run_0067.root	39768	-3.85835	2.53071
run_0067.root	41110	-7.62415	2.64597
run_0067.root	41671	-18.8119	2.25932
run_0067.root	41988	-47.4514	3.07771
run_0067.root	42270	-29.19	2.2292
run_0067.root	42275	-26.0065	2.40538
run_0067.root	43607	-41.286	2.3218
run_0067.root	43752	-28.2524	2.27376
run_0067.root	44185	-5.96063	2.69104
run_0067.root	45749	-3.71698	2.49619
run_0067.root	46400	6.40795	2.19407
run_0067.root	49009	-24.5941	2.16406
run_0067.root	50033	3.4888	2.15428
run_0067.root	51516	-25.2521	2.77825
run_0067.root	51517	-25.2521	2.77825
run_0067.root	52112	-25.8343	2.42755
run_0067.root	52421	-15.3386	2.53511
run_0067.root	56969	-42.5946	2.2168
run_0067.root	58988	-35.3505	2.72974
run_0067.root	59513	-39.6763	2.97531
run_0067.root	60144	-7.33972	2.80793
run_0067.root	62205	-11.775	2.14172
run_0067.root	62473	-14.2109	2.23124
run_0067.root	62755	-6.63782	2.6863
run_0067.root	65291	-7.93424	2.31643
run_0067.root	66179	-15.6021	2.73738
run_0067.root	66803	-32.6379	2.39797
run_0067.root	68235	-34.6703	2.51554
run_0067.root	68550	-4.87147	2.49
run_0067.root	68796	-12.8491	2.24682
run_0067.root	70135	-2.45812	2.43638
run_0067.root	71221	-14.7806	2.96946
run_0067.root	71688	-5.95574	2.62497
run_0067.root	72013	-10.1403	2.7562
run_0067.root	72107	-26.997	2.35632
run_0067.root	72157	-9.19624	2.16505
run_0067.root	72600	-10.1002	2.71577
run_0067.root	72936	-34.6322	2.45093
run_0067.root	74249	-9.9171	2.85824
run_0067.root	74414	-27.936	2.36008
run_0067.root	75067	-26.7162	2.25644
run_0067.root	75737	-24.4364	2.68588
run_0070.root	1351	10.9944	2.81165
run_0070.root	2030	-26.7292	2.50438
run_0070.root	4311	-16.6987	2.2017
run_0070.root	4501	-32.2464	2.77893
run_0070.root	4807	-24.3849	2.20466
run_0070.root	8608	-13.1695	2.35442
run_0070.root	9224	-25.2201	2.31011
run_0070.root	9312	-33.6534	2.59895
run_0070.root	9924	-31.2699	2.92184
run_0070.root	10107	-36.078	2.9649
run_0070.root	13986	-36.2698	3.07543
run_0070.root	14872	-33.4204	2.77481
run_0070.root	16851	-11.2656	2.74357
run_0070.root	17340	-23.0016	2.41469
run_0070.root	21392	-12.0893	2.16817
run_0070.root	21792	-20.2234	2.29377
run_0070.root	23855	-42.4913	2.60803
run_0070.root	24553	-8.08362	2.11715
run_0070.root	26121	-47.3264	2.56381
run_0070.root	27441	-28.9829	2.94688
run_0070.root	28223	-19.7005	2.50704
run_0070.root	29538	-15.1588	2.45098
run_0070.root	29619	-6.77334	2.85075
run_0070.root	29872	-24.7596	2.40371
run_0070.root	31500	-31.7756	2.32829
run_0070.root	32935	-5.18802	2.90447
run_0070.root	32961	-34.6989	2.68852
run_0070.root	33331	-9.33926	2.84462
run_0070.root	34105	-9.21412	2.3473
run_0070.root	34106	-9.21412	2.3473
run_0070.root	34900	-17.2778	2.3091
run_0070.root	34948	-29.2782	2.78104
run_0070.root	35085	-9.00665	2.71554
run_0070.root	36703	-20.0643	2.18592
run_0070.root	36704	-20.0643	2.18592
run_0070.root	37269	-23.2319	2.1757
run_0070.root	38742	-31.0164	2.18847
run_0070.root	39514	-8.2924	2.67525
run_0070.root	39515	-8.2924	2.67525
run_0070.root	41992	-32.8577	2.84815
run_0070.root	42448	-10.581	2.48546
run_0070.root	44226	2.29558	2.65226
run_0070.root	44278	-7.34342	2.8386
run_0070.root	44795	-34.7288	2.36831
run_0070.root	45005	-18.6787	2.51394
run_0070.root	45047	-20.2208	2.60941
run_0070.root	45431	-10.9803	2.80537
run_0070.root	46295	-11.4469	2.84152
run_0070.root	50157	-16.496	2.25758
run_0070.root	50782	-43.3886	2.88618
run_0070.root	51114	-13.878	2.39779
run_0070.root	52422	-4.77502	2.76004
run_0070.root	54014	-6.67413	2.17393
run_0070.root	55523	-7.18512	2.91627
run_0070.root	56106	-9.92713	2.48942
run_0070.root	56415	-31.9564	2.64249
run_0070.root	59820	-46.9505	2.68351
run_0070.root	61591	-19.8505	2.51753
run_0070.root	62688	-11.0424	2.41282
run_0070.root	63588	-19.8816	2.72803
run_0070.root	63660	-9.18738	2.20161
run_0070.root	65773	-37.924	2.49185
run_0070.root	66578	43.1029	2.93028
run_0070.root	68829	-12.6579	2.58248
run_0071.root	1913	-14.215	2.18632
run_0071.root	2596	9.16376	2.17592
run_0071.root	2990	12.1839	2.62616
run_0071.root	2998	-33.0155	2.57814
run_0071.root	6015	-52.6231	2.85954
run_0071.root	6861	10.6353	2.65257
run_0071.root	7981	-13.2275	3.03453
run_0071.root	9241	-27.2711	2.19931
run_0071.root	12693	-15.7754	2.18504
run_0071.root	13046	8.43032	2.53982
run_0071.root	13140	-22.1143	2.88338
run_0071.root	18837	-24.5213	2.64678
run_0071.root	24408	-10.6053	2.94899
run_0071.root	26136	-47.3078	2.95048
run_0071.root	26520	-3.63119	2.69026
run_0071.root	27863	-10.9787	2.28201
run_0071.root	29906	-12.1465	2.1729
run_0071.root	31372	-29.8222	2.58403
run_0071.root	32101	-26.9138	2.26012
run_0071.root	34094	-15.7457	2.44402
run_0071.root	35485	-12.2229	2.59569
run_0071.root	37330	-31.7076	2.22752
run_0071.root	37374	-3.71366	2.68924
run_0071.root	40805	-43.5189	2.92764
run_0071.root	42136	-35.9961	2.85621
run_0071.root	42153	-14.8125	2.51689
run_0071.root	42827	-27.399	2.3176
run_0071.root	43919	-23.7508	2.30523
run_0071.root	46319	-18.7231	2.72302
run_0071.root	48064	-6.48124	2.49682
run_0071.root	48464	-19.2584	2.25842
run_0071.root	49152	-10.5958	2.46559
run_0071.root	53441	6.08734	2.23519
run_0071.root	55682	-21.9296	2.70313
run_0071.root	55733	-24.514	2.8556
run_0071.root	59389	-31.033	2.45504
run_0071.root	63619	-25.447	2.41852
run_0071.root	64704	-30.5746	2.41096
run_0071.root	68485	-11.7747	2.42499
run_0071.root	69103	-29.8086	2.73035
run_0071.root	69436	-8.80913	2.88975
run_0071.root	69743	-25.515	2.46982
run_0071.root	70711	-26.2411	2.3335
run_0071.root	72433	-31.8511	2.44823
run_0072.root	1955	-9.52708	2.32274
run_0072.root	2068	-11.2222	2.19289
run_0072.root	4006	21.4374	2.58137
run_0072.root	4859	-37.8706	2.37394
run_0072.root	5777	-5.23592	2.43196
run_0072.root	6381	-10.0634	2.45902
run_0072.root	7676	-9.9921	2.30913
run_0072.root	9107	-28.5355	2.17578
run_0072.root	11807	-18.6968	2.20035
run_0072.root	13424	-17.4455	2.75097
run_0072.root	14230	-11.3162	2.76587
run_0072.root	14231	-11.3162	2.76587
run_0072.root	14652	-13.3563	2.72297
run_0072.root	14908	-10.6201	2.85932
run_0072.root	15233	-15.7616	3.00193
run_0072.root	17204	-16.3978	2.84285
run_0072.root	17391	-7.56128	2.56191
run_0072.root	18410	-33.0584	2.69017
run_0072.root	19201	-11.4174	2.9074
run_0072.root	19365	-24.1826	2.90553
run_0072.root	20453	-21.2739	2.63576
run_0072.root	22595	-37.0903	2.57339
run_0072.root	24023	-49.0772	3.01474
run_0072.root	25109	-19.7989	2.26683
run_0072.root	27147	-33.3949	2.86145
run_0072.root	27766	-17.8403	2.64233
run_0072.root	28050	-25.2624	2.63266
run_0072.root	28716	-6.54771	2.86493
run_0072.root	28867	-10.8037	2.92226
run_0072.root	29402	-15.3512	2.69607
run_0072.root	30568	-38.8229	2.74474
run_0072.root	33064	-22.7264	2.77639
run_0072.root	35980	-15.0954	2.59647
run_0072.root	37761	-31.3215	2.52247
run_0072.root	38322	-33.7083	2.33963
run_0072.root	38323	-33.7083	2.33963
run_0072.root	39273	-33.368	2.58122
run_0072.root	40886	-25.5027	2.65267
run_0072.root	42699	-31.9367	2.59874
run_0072.root	44792	-17.8531	2.54093
run_0072.root	47323	-63.4952	2.54606
run_0072.root	49950	-27.8471	2.70171
run_0072.root	50246	-29.6109	2.37955
run_0072.root	52077	-33.4478	2.5247
run_0072.root	54966	-4.62173	2.90417
run_0072.root	57104	-12.3271	2.62364
run_0072.root	57963	-10.8483	2.60149
run_0072.root	61450	-16.6595	2.52163
run_0072.root	62601	-31.0962	2.60484
run_0072.root	63012	-5.90742	2.4387
run_0072.root	63728	-24.6205	2.60091
run_0072.root	65717	-27.3937	2.86898
run_0072.root	67007	6.83191	2.46875
run_0072.root	67769	-29.8664	2.49849
run_0072.root	70761	-14.8475	2.55243
run_0072.root	71635	-15.0428	2.28829
run_0072.root	71744	-20.5718	2.3498
run_0072.root	73374	-6.12661	2.16558
run_0072.root	74468	-27.0445	2.78429
run_0072.root	76610	-28.0424	2.3783
run_0072.root	77589	-20.7453	2.26576
run_0072.root	78105	-21.9621	2.16986
run_0072.root	78767	-30.1933	2.54415
run_0072.root	80292	-41.476	2.61892
run_0072.root	81208	-32.6676	2.77061
run_0072.root	81386	-16.0218	2.41092
run_0072.root	81995	-17.4896	2.73901
run_0073.root	381	-37.7567	2.47072
run_0073.root	3607	-7.87763	2.14605
run_0073.root	3879	-12.6219	2.91221
run_0073.root	4364	-12.5331	2.26558
run_0073.root	4545	-9.95683	2.33009
run_0073.root	6389	-14.4045	2.25697
run_0073.root	10097	-36.6475	3.06457
run_0073.root	10386	-3.65912	2.41544
run_0073.root	11368	-17.8044	2.89242
run_0073.root	11551	-42.0677	2.97181
run_0073.root	14862	10.7143	2.4773
run_0073.root	15967	-7.1342	2.80353
run_0073.root	21374	-31.0055	2.15161
run_0073.root	21969	-20.2442	2.18903
run_0073.root	22990	-9.19709	2.34992
run_0073.root	23013	-13.496	2.5744
run_0073.root	23504	-5.73831	2.55294
run_0073.root	23608	-26.0372	2.26298
run_0073.root	26647	-3.26047	2.87233
run_0073.root	27331	-12.2782	3.02795
run_0073.root	28199	-15.8197	2.7746
run_0073.root	28559	-29.0916	2.25824
run_0073.root	29448	-7.25669	2.36525
run_0073.root	30295	-9.55941	2.64404
run_0073.root	32101	-13.2895	2.15723
run_0073.root	34484	-17.007	2.52112
run_0073.root	36527	-34.9327	2.93127
run_0073.root	40862	-10.9471	2.66793
run_0073.root	41566	-27.0269	2.29795
run_0073.root	43598	-17.8224	3.01596
run_0073.root	45176	-41.5475	2.48905
run_0073.root	46538	-24.4972	3.07939
run_0073.root	46660	-26.0242	2.55542
run_0073.root	53979	-7.82406	2.38064
run_0073.root	56628	-33.7417	2.73555
run_0073.root	57882	3.47526	2.98931
run_0073.root	57919	-24.5485	2.56835
run_0073.root	59233	-11.9612	2.75841
run_0073.root	59547	-5.64593	2.48969
run_0073.root	60032	-5.77383	3.0499
run_0073.root	61568	-33.9293	2.46173
run_0073.root	66143	-7.62898	2.75633
run_0073.root	67752	-19.9771	2.59423
run_0073.root	72274	-40.4422	2.94922
run_0073.root	72593	-25.2691	2.32995
run_0073.root	72836	-5.38947	2.61531
run_0073.root	74303	-9.60692	2.6466
run_0073.root	78253	-9.07202	2.22533
run_0073.root	79082	-3.536	2.59548
run_0073.root	79609	-24.7422	2.70279
run_0074.root	483	-7.95019	2.48093
run_0074.root	2575	-10.1751	2.18041
run_0074.root	3868	-11.2228	2.94374
run_0074.root	7851	-3.7828	2.99478
run_0074.root	9340	-17.3265	2.21878
run_0074.root	9955	-15.1858	2.46451
run_0074.root	10843	-13.1092	2.89794
run_0074.root	11473	-24.0266	2.77375
run_0074.root	12046	-2.6847	2.57287
run_0074.root	12143	-32.7441	2.38295
run_0074.root	12279	8.19745	2.41789
run_0074.root	14497	-7.79472	2.35343
run_0074.root	14998	13.141	2.4703
run_0074.root	16275	-29.2893	2.38138
run_0074.root	18510	-12.3358	2.80669
run_0074.root	18775	-4.88656	2.42233
run_0074.root	19276	-21.2962	2.95299
run_0074.root	20329	-5.12975	2.88737
run_0074.root	20793	-25.6984	2.14514
run_0074.root	22675	-12.326	2.32113
run_0074.root	23661	-10.4068	2.91721
run_0074.root	23834	-44.9182	2.49599
run_0074.root	25093	-46.7328	2.50701
run_0074.root	25255	-8.70438	2.90931
run_0074.root	27127	-24.7045	2.84819
run_0074.root	27128	-24.7045	2.84819
run_0074.root	28174	-23.7749	2.71339
run_0074.root	28193	-4.47264	2.51187
run_0074.root	28443	-5.32489	2.14405
run_0074.root	28962	-36.8188	2.45017
run_0074.root	33073	-33.6882	2.17647
run_0074.root	33251	-36.8312	2.76387
run_0074.root	34543	-10.4132	2.59637
run_0074.root	37233	-17.8415	2.43116
run_0074.root	37847	-18.3157	2.16964
run_0074.root	38156	-28.5179	2.60529
run_0074.root	42010	-9.24666	2.85184
run_0074.root	46957	-7.59186	2.8789
run_0074.root	48694	-60.3449	3.05235
run_0074.root	53474	-39.9835	2.91585
run_0074.root	54304	-12.6635	2.93336
run_0074.root	54805	-24.5033	2.74107
run_0074.root	55871	-36.2811	2.84706
run_0074.root	58763	-12.3569	2.67707
run_0074.root	59574	-38.7932	2.20182
run_0074.root	60388	-30.2326	3.01773
run_0074.root	60389	-30.2326	3.01773
run_0074.root	61897	-14.2513	2.85568
run_0074.root	62426	-11.5294	2.53086
run_0074.root	65490	-6.24128	2.3974
run_0074.root	66242	-31.1911	2.807
run_0074.root	68281	-2.98151	2.41246
run_0074.root	68290	-21.2214	2.6097
run_0074.root	69515	-13.6313	2.63728
run_0074.root	70000	-28.6367	2.70855
run_0074.root	70211	-1.30605	2.15952
run_0074.root	70212	-1.30605	2.15952
run_0074.root	71549	9.23535	2.7685
run_0074.root	74296	-9.00904	2.86132
run_0074.root	75955	9.28817	2.4481
run_0074.root	80456	-21.7133	2.73719
run_0074.root	80776	-9.46282	2.52378
run_0074.root	81989	10.6689	2.67854
run_0075.root	1066	-29.4797	2.25072
run_0075.root	5242	-5.80056	2.59981
run_0075.root	5974	-26.0702	2.50383
run_0075.root	7258	-31.1315	2.44784
run_0075.root	9166	-3.25403	2.31974
run_0075.root	10579	-21.4549	2.38744
run_0075.root	11209	-44.1069	2.58689
run_0075.root	11278	-18.7749	2.34992
run_0075.root	13630	-64.5489	3.02681
run_0075.root	15915	-24.5277	2.36427
run_0075.root	16784	8.84566	2.20193
run_0075.root	17978	-22.9707	2.85433
run_0075.root	20575	-19.4915	2.72259
run_0075.root	25948	-13.3735	2.7057
run_0075.root	29131	-26.0355	2.2076
run_0075.root	29759	-22.2043	2.73842
run_0075.root	30113	-28.2927	2.48233
run_0075.root	35358	-28.8982	2.35447
run_0075.root	36759	-11.4013	2.65799
run_0075.root	37528	-13.2567	2.33671
run_0075.root	38461	-30.322	2.79991
run_0075.root	38704	-13.3951	2.2564
run_0075.root	39004	-13.4977	2.65839
run_0075.root	39410	-32.2721	2.50752
run_0075.root	41586	-6.17274	2.44712
run_0075.root	42374	-33.0843	2.71984
run_0075.root	43244	-34.728	2.69071
run_0075.root	44897	-17.1196	2.28625
run_0075.root	45713	-10.1728	2.63424
run_0075.root	49125	-36.8022	2.76315
run_0075.root	50509	-31.0572	2.74464
run_0075.root	52008	-12.3084	2.19398
run_0075.root	52474	-9.20532	2.95156
run_0075.root	52973	-34.8445	2.84657
run_0075.root	56896	-11.6555	2.98778
run_0075.root	57895	-20.0967	2.22706
run_0075.root	60872	-24.66	2.22612
run_0075.root	62876	-44.8541	2.45103
run_0075.root	64102	-11.4796	2.47826
run_0075.root	64109	-4.88121	2.60798
run_0075.root	65015	-7.56913	2.81149
run_0075.root	66693	-2.47378	2.27075
run_0075.root	68522	-23.5574	2.24902
run_0075.root	70527	-39.6093	3.01385
run_0075.root	70612	-36.5401	2.69294
run_0075.root	71176	-28.8673	2.17521
run_0075.root	72421	-24.5016	2.36905
run_0075.root	76493	-6.04127	2.76164
run_0076.root	538	-34.6038	2.38121
run_0076.root	2596	-35.9812	2.84656
run_0076.root	3160	-7.63914	2.17308
run_0076.root	3544	-7.23043	2.57328
run_0076.root	6800	-38.0753	3.02043
run_0076.root	7561	-15.5097	2.71245
run_0076.root	8422	-8.44986	2.63355
run_0076.root	8604	-2.34482	2.62695
run_0076.root	8700	-12.3536	3.02641
run_0076.root	10619	-11.8503	2.54279
run_0076.root	10640	-43.7381	2.80353
run_0076.root	11473	-33.7905	2.22604
run_0076.root	13915	-30.2135	2.75643
run_0076.root	14045	-9.31398	2.4028
run_0076.root	14600	-24.3146	2.91957
run_0076.root	16823	-30.3962	2.69567
run_0076.root	18314	-1.47309	2.80258
run_0076.root	20411	-11.9646	3.03113
run_0076.root	23043	-17.3148	2.26254
run_0076.root	23266	-47.6949	2.60303
run_0076.root	24473	-32.4909	2.38397
run_0076.root	25161	-32.1032	2.61797
run_0076.root	27005	3.73483	2.25875
run_0076.root	28556	-8.62765	2.5202
run_0076.root	29047	-9.63793	3.08513
run_0076.root	29475	-24.1279	2.28283
run_0076.root	30153	-9.29587	2.73567
run_0076.root	30917	-27.6824	2.15733
run_0076.root	31362	-7.36873	3.04071
run_0076.root	34017	-11.8756	2.79679
run_0076.root	34797	-26.4612	2.28123
run_0076.root	37940	-45.6575	2.94912
run_0076.root	38226	-9.45662	2.3254
run_0076.root	39585	-10.959	3.04495
run_0076.root	40336	-5.90533	2.35803
run_0076.root	40832	-22.7808	2.35611
run_0076.root	42056	7.27437	2.20525
run_0076.root	43434	-34.7785	2.82135
run_0076.root	45458	-15.7845	2.56251
run_0076.root	46229	-17.6203	2.6459
run_0076.root	50511	-32.4967	2.77677
run_0076.root	51592	-31.3629	2.77141
run_0076.root	51679	-30.7357	2.70742
run_0076.root	51680	-30.7357	2.70742
run_0076.root	53347	-25.9749	2.3663
run_0076.root	54253	-5.81061	2.6644
run_0076.root	55501	-33.1383	2.72952
run_0076.root	57903	-31.7235	2.41052
run_0076.root	59722	-6.50171	2.8107
run_0076.root	60759	-23.1643	2.84999
run_0076.root	61214	-2.74959	3.0185
run_0076.root	62286	5.22014	2.42604
run_0076.root	62416	7.94179	2.95466
run_0076.root	63633	-17.9186	2.61915
run_0076.root	66264	-18.6234	2.62408
run_0076.root	66957	-25.481	2.97705
run_0076.root	67058	-9.36442	2.49257
run_0076.root	67689	-24.6665	2.30542
run_0076.root	67906	-35.552	2.73053
run_0076.root	68445	7.20882	2.58961
run_0076.root	68759	-34.7657	2.34469
run_0076.root	68760	-34.7657	2.34469
run_0076.root	68856	6.77457	2.63565
run_0076.root	69716	-26.1975	2.47391
run_0076.root	71007	-29.7706	2.80988
run_0076.root	71143	-11.8939	2.9129
run_0076.root	71487	-10.3908	2.35173
run_0076.root	72523	-42.3032	2.33113
run_0076.root	75011	-5.17609	2.76151
run_0076.root	78371	-32.6077	2.46352
run_0077.root	871	-23.6132	3.05339
run_0077.root	1146	-12.7126	2.52904
run_0077.root	2770	-12.8563	2.44307
run_0077.root	6079	-16.3047	2.83997
run_0077.root	6592	-11.2709	2.44084
run_0077.root	7022	-12.4059	2.46239
run_0077.root	7132	-2.43743	3.01726
run_0077.root	9458	-27.6535	2.68017
run_0077.root	10850	7.8654	2.38807
run_0077.root	11942	-10.9531	2.24867
run_0077.root	13725	-18.3732	2.29996
run_0077.root	14220	-30.4496	2.85475
run_0077.root	15306	-33.8596	2.51613
run_0077.root	15984	-3.14227	2.86661
run_0077.root	18232	-27.4332	2.27519
run_0077.root	20411	-14.3243	2.8443
run_0077.root	20500	6.75387	2.9073
run_0077.root	21108	-9.21647	2.63312
run_0077.root	21536	6.88494	2.23028
run_0077.root	23137	-18.0973	2.60108
run_0077.root	23859	-18.8494	2.26133
run_0077.root	27398	-17.3714	2.98531
run_0077.root	28168	-3.60744	2.72592
run_0077.root	28869	-26.2668	3.01001
run_0077.root	32882	-38.9505	2.84144
run_0077.root	33717	-26.9936	2.78496
run_0077.root	33791	-13.8541	2.26038
run_0077.root	36121	-7.73328	2.52163
run_0077.root	39640	-30.6766	2.69427
run_0077.root	39693	-25.3409	2.5952
run_0077.root	43246	-49.9472	2.63077
run_0077.root	44052	-4.90685	2.46833
run_0077.root	45095	-8.02422	2.36216
run_0077.root	45576	-14.2439	2.98472
run_0077.root	45742	-26.3645	2.32542
run_0077.root	50291	-18.4587	2.86911
run_0077.root	51890	6.58726	2.76333
run_0077.root	51900	-22.4819	2.50363
run_0077.root	52483	-4.74732	2.178
run_0077.root	53316	-36.5538	2.99813
run_0077.root	53610	-24.5564	2.6167
run_0077.root	53989	-21.508	2.28556
run_0077.root	54515	-3.1096	2.5061
run_0077.root	55757	-22.5444	2.95969
run_0077.root	56916	-11.6138	2.14576
run_0077.root	57085	-12.0205	2.66444
run_0077.root	57148	-50.673	2.76439
run_0077.root	59050	-30.6244	2.41563
run_0077.root	59302	-9.24888	2.98108
run_0077.root	62221	-55.3828	2.80067
run_0077.root	68062	-25.6518	2.89268
run_0077.root	68299	-21.6711	2.19833
run_0077.root	68364	-8.24568	2.69343
run_0077.root	68424	-34.1751	2.67672
run_0077.root	69743	-11.3735	2.28479
run_0077.root	69827	-6.12172	2.67214
run_0077.root	71073	-12.9609	2.29228
run_0077.root	71659	-37.1607	2.75291
run_0077.root	71801	-4.09555	2.35256
run_0077.root	71851	-36.2886	2.58888
run_0077.root	71852	-36.2886	2.58888
run_0077.root	72859	-6.46683	2.93625
run_0077.root	75427	6.45743	2.85038
run_0077.root	75581	-19.9481	2.39228
run_0077.root	75869	-23.5817	2.74382
run_0077.root	77142	-24.1603	2.23021
run_0077.root	78317	-16.5069	2.25878
run_0078.root	4520	-25.1395	2.42101
run_0078.root	6011	-13.3295	2.55583
run_0078.root	14090	-22.6829	2.93131
run_0078.root	15199	-15.8296	2.55391
run_0078.root	15709	-14.2519	2.74463
run_0078.root	15710	-14.2519	2.74463
run_0078.root	17220	-18.634	2.205
run_0078.root	18686	-5.74948	2.38119
run_0078.root	22094	-11.7824	2.57229
run_0078.root	23985	-6.46388	2.71191
run_0078.root	24285	-29.3657	2.74028
run_0078.root	25463	-18.7238	2.68006
run_0078.root	26308	-34.486	2.84628
run_0078.root	27974	-30.8087	2.34734
run_0078.root	28760	-32.1852	2.68743
run_0078.root	28772	-15.4449	2.29603
run_0078.root	32384	-26.4821	2.76814
run_0078.root	32797	-8.13061	2.20603
run_0078.root	33045	-22.2131	2.21057
run_0078.root	33407	-17.5939	2.19691
run_0078.root	33785	-13.8783	2.33737
run_0078.root	33786	-13.8783	2.33737
run_0078.root	38068	-27.9986	2.57353
run_0078.root	38279	-3.9154	2.5563
run_0078.root	40212	-15.7749	2.27953
run_0078.root	40635	-17.1739	2.23105
run_0078.root	44445	-16.0574	2.82319
run_0078.root	45655	-4.09785	2.25847
run_0078.root	46807	-24.181	2.46431
run_0078.root	47387	-10.5693	2.36203
run_0078.root	51056	-37.4091	2.54233
run_0078.root	51134	-8.42549	2.93922
run_0078.root	51150	-11.6833	2.52403
run_0078.root	51472	-9.49474	2.93437
run_0078.root	53235	-12.7546	3.07692
run_0078.root	57019	-22.2073	2.76238
run_0078.root	57372	-8.91084	2.2205
run_0078.root	58226	-25.7891	2.62079
run_0078.root	58349	-7.12721	2.68257
run_0078.root	60931	-26.9603	2.25366
run_0078.root	62334	-6.49235	2.79813
run_0078.root	62693	-11.9806	2.46763
run_0078.root	63597	-7.73789	2.40547
run_0078.root	63689	-45.0701	2.75269
run_0078.root	64066	-49.1608	2.50767
run_0078.root	64323	-22.787	3.00775
run_0078.root	64971	-19.9607	2.55302
run_0078.root	68945	-13.6463	2.23258
run_0078.root	69198	-11.312	2.68234
run_0078.root	70345	-32.8496	2.7215
run_0078.root	70464	-5.27513	2.87192
run_0078.root	72888	-10.144	2.1691
run_0079.root	1173	-22.6541	2.55557
run_0079.root	2634	-34.6955	2.7991
run_0079.root	3209	-11.9536	2.7339
run_0079.root	7739	-11.705	2.68736
run_0079.root	8884	-8.35165	2.54179
run_0079.root	9711	-12.7738	2.33028
run_0079.root	9955	-11.2363	2.42215
run_0079.root	10716	-21.7605	2.76246
run_0079.root	12466	-17.7037	2.68817
run_0079.root	12789	-8.78311	2.82236
run_0079.root	16148	-7.01699	2.72341
run_0079.root	16164	-2.83412	2.77491
run_0079.root	16441	-39.4729	2.97827
run_0079.root	19768	-25.9414	2.36651
run_0079.root	20135	-9.724	2.83929
run_0079.root	21813	-21.1403	2.63056
run_0079.root	23326	-15.0247	2.61796
run_0079.root	24035	-33.3478	2.64069
run_0079.root	26532	-18.7127	2.63303
run_0079.root	27040	-24.9288	2.28355
run_0079.root	27967	-28.9882	2.59771
run_0079.root	28726	-35.7034	2.71699
run_0079.root	30266	-29.4678	2.7546
run_0079.root	31516	-8.33621	2.62276
run_0079.root	32597	-22.1527	2.55274
run_0079.root	36216	-52.5843	2.8762
run_0079.root	38267	-22.1418	2.36333
run_0079.root	38679	-32.3209	2.91112
run_0079.root	40026	6.92543	2.21105
run_0079.root	44144	-33.2176	2.78646
run_0079.root	44417	6.8768	2.27408
run_0079.root	45215	-14.4527	2.81248
run_0079.root	47069	-4.19252	2.95326
run_0079.root	47139	-40.0936	2.82618
run_0079.root	49458	-22.6884	2.45966
run_0079.root	49613	-8.92974	2.97085
run_0079.root	50493	-32.7737	2.45635
run_0079.root	51573	-7.72599	2.49336
run_0079.root	54068	-7.86754	2.8173
run_0079.root	54277	-13.0702	2.44536
run_0079.root	58072	-40.5065	3.05779
run_0079.root	59714	-19.7589	2.57922
run_0079.root	60616	-6.2678	2.43461
run_0079.root	61532	-18.7176	2.42553
run_0079.root	62082	-24.477	2.27585
run_0079.root	63869	-14.6187	2.1763
run_0079.root	65589	-28.1422	2.53447
run_0079.root	66919	-20.1231	2.44353
run_0079.root	67118	-30.4752	2.93748
run_0080.root	434	-27.6165	2.30557
run_0080.root	1741	-6.01664	2.67455
run_0080.root	2032	-18.1886	2.47541
run_0080.root	2161	47.9053	2.9675
run_0080.root	2475	-6.65622	2.52482
run_0080.root	3247	-20.4663	2.69842
run_0080.root	9056	-6.85907	2.54584
run_0080.root	10024	-28.7953	2.36795
run_0080.root	12860	-9.55373	2.62215
run_0080.root	13958	-41.7052	2.83603
run_0080.root	14427	-47.3188	3.07776
run_0080.root	14778	-37.5799	2.73237
run_0080.root	14792	-10.2452	2.5826
run_0080.root	16544	-18.269	2.63353
run_0080.root	16840	-12.433	2.85151
run_0080.root	18589	-6.73681	2.50953
run_0080.root	21586	-34.2669	2.64924
run_0080.root	21773	-21.1385	2.25072
run_0080.root	22515	-13.7352	2.50561
run_0080.root	22569	-20.7152	2.7674
run_0080.root	23675	-2.93318	2.70235
run_0080.root	25096	-25.4496	2.94823
run_0080.root	25869	-12.171	2.82567
run_0080.root	26374	8.21841	2.65864
run_0080.root	29235	-15.4719	2.83063
run_0080.root	29287	-9.99749	2.36082
run_0080.root	29452	-19.4978	2.22955
run_0080.root	31318	-31.239	2.26666
run_0080.root	34206	-14.4017	3.06106
run_0080.root	34494	-9.11497	2.40847
run_0080.root	34495	-9.11497	2.40847
run_0080.root	36460	-10.635	2.49347
run_0080.root	36746	-4.82109	2.23615
run_0080.root	38772	-22.2628	2.16198
run_0080.root	39198	-38.2808	2.74518
run_0080.root	39234	-8.69071	2.71857
run_0080.root	39624	-41.9832	3.06487
run_0080.root	40131	-59.0448	2.52656
run_0080.root	40515	-33.2715	2.43671
run_0080.root	41939	-31.8949	2.36329
run_0080.root	47711	-14.8024	2.29485
run_0080.root	48068	-17.3914	2.73777
run_0080.root	48732	-53.8463	2.86074
run_0080.root	49680	-27.1747	2.56644
run_0080.root	50231	-10.475	2.97626
run_0080.root	50654	-24.2701	2.91531
run_0080.root	51930	-15.0629	2.40883
run_0080.root	52017	-17.7621	2.44708
run_0080.root	52934	-31.4398	2.59805
run_0080.root	52992	-28.6039	2.63611
run_0080.root	55064	-32.3539	2.67406
run_0080.root	55181	-6.37187	2.87219
run_0080.root	58228	-63.7576	2.87484
run_0080.root	58718	-11.3156	2.91704
run_0080.root	58747	-18.3217	2.81542
run_0080.root	59173	-12.0852	2.74575
run_0081.root	874	-4.24323	2.94141
run_0081.root	3294	-31.8886	2.77399
run_0081.root	3722	-39.689	2.79398
run_0081.root	4193	-47.1263	2.40059
run_0081.root	4415	-1.63647	2.49445
run_0081.root	6273	-45.6995	2.57153
run_0081.root	7028	-27.7534	2.45152
run_0081.root	7850	-32.7297	2.52123
run_0081.root	8024	-27.7089	2.44628
run_0081.root	8838	-9.47226	2.77728
run_0081.root	11330	-10.2614	2.22836
run_0081.root	15933	-13.6679	2.69303
run_0081.root	15947	-10.4795	2.98372
run_0081.root	17038	-13.4863	2.91105
run_0081.root	17424	-15.5034	2.31875
run_0081.root	18948	-33.3769	2.38157
run_0081.root	20003	-41.1801	2.62054
run_0081.root	20380	-32.5619	2.60524
run_0081.root	20738	-7.16024	2.6048
run_0081.root	21837	-14.5727	2.36928
run_0081.root	22055	6.18159	2.63339
run_0081.root	22058	-25.9983	2.44521
run_0081.root	24183	-23.6238	2.99089
run_0081.root	25437	-8.73015	2.79101
run_0081.root	31800	-10.6985	2.65522
run_0081.root	32699	-2.73861	2.3582
run_0081.root	33180	-13.7919	2.22886
run_0081.root	34061	-5.98581	2.44293
run_0081.root	42367	-28.4379	2.88498
run_0081.root	42935	-29.6052	2.48926
run_0081.root	50146	-7.19026	2.26458
run_0081.root	52222	8.1464	2.5754
run_0081.root	52606	-31.399	2.56431
run_0081.root	53942	-29.3954	2.59198
run_0082.root	2312	-24.8299	2.41802
run_0082.root	7228	-10.4593	2.71679
run_0082.root	10868	-8.77152	2.95619
run_0082.root	13752	-30.0613	2.93669
run_0082.root	13939	-17.8695	2.95082
run_0082.root	16474	-13.219	2.52011
run_0082.root	17081	-33.4761	2.56082
run_0082.root	17955	-30.3127	2.21092
run_0082.root	18281	-20.2848	2.19506
run_0082.root	19491	-20.0972	2.2253
run_0082.root	19794	-12.6341	2.9338
run_0082.root	19871	-3.9389	2.18091
run_0082.root	20638	-16.6923	3.07173
run_0082.root	22365	-13.2508	2.27849
run_0082.root	28032	-6.70941	2.97291
run_0082.root	30175	-26.5151	2.34919
run_0082.root	30525	-9.53432	2.38448
run_0082.root	30652	-21.4969	2.28347
run_0082.root	31304	-22.7161	2.48671
run_0082.root	32429	6.98269	2.22115
run_0082.root	35237	-10.4838	2.46599
run_0082.root	35856	-33.4751	2.42131
run_0082.root	36178	-28.5507	2.26459
run_0082.root	36210	-21.8603	2.50196
run_0082.root	36948	-22.2789	2.2253
run_0082.root	37971	-31.962	2.82492
run_0082.root	39268	-42.2057	2.52205
run_0082.root	40307	-37.3834	2.49454
run_0082.root	40431	-10.5289	2.89821
run_0082.root	40498	-14.0131	2.35415
run_0082.root	45779	-28.519	2.76161
run_0082.root	46539	-7.37933	2.59507
run_0082.root	49622	-40.9093	2.43147
run_0082.root	49975	-19.5429	2.95947
run_0082.root	50633	-31.8996	2.2918
run_0082.root	50887	-12.4845	2.46019
run_0082.root	52609	-32.5901	2.34429
run_0082.root	55212	-6.72745	2.26634
run_0082.root	55848	-8.68626	2.59848
run_0082.root	56242	-36.7664	2.52935
run_0082.root	57068	-43.1611	2.46389
run_0082.root	59596	-13.821	2.69275
run_0082.root	60091	-24.441	2.66148
run_0082.root	61309	-32.0789	2.71255
run_0082.root	61470	-7.09166	2.65583
run_0083.root	858	-6.34758	2.8131
run_0083.root	3564	-25.5278	2.25294
run_0083.root	5157	-32.2035	2.44205
run_0083.root	9628	15.1854	2.58027
run_0083.root	10768	-8.02706	2.5474
run_0083.root	11065	-36.3929	2.79796
run_0083.root	11178	-23.8088	2.87312
run_0083.root	11569	-24.728	2.38418
run_0083.root	12673	-29.5126	2.83063
run_0083.root	12812	-29.5596	2.44247
run_0083.root	16519	-8.52661	2.27865
run_0083.root	20013	-10.0337	2.87302
run_0083.root	20143	-39.1229	2.52783
run_0083.root	21520	-43.2578	2.86124
run_0083.root	21789	-30.9662	2.94363
run_0083.root	24297	-24.4554	2.31294
run_0083.root	24894	-28.8386	2.64211
run_0083.root	27536	-11.6714	2.50658
run_0083.root	27941	-5.61353	2.76893
run_0083.root	28205	-27.5579	2.40101
run_0083.root	28215	-19.5169	2.44309
run_0083.root	29728	-20.7527	2.4306
run_0083.root	30991	-11.3595	2.77729
run_0083.root	32714	-42.8801	2.6041
run_0083.root	36714	-2.21008	2.34329
run_0083.root	37200	-26.5624	2.31565
run_0083.root	37991	-36.3774	3.01193
run_0083.root	40152	-10.4556	2.27459
run_0083.root	42135	-39.1306	2.5422
run_0083.root	42606	-20.0441	2.96209
run_0083.root	43876	-29.0005	2.49008
run_0083.root	43910	-35.1439	2.61947
run_0083.root	45999	-30.043	2.41855
run_0083.root	47387	-36.1777	2.31327
run_0083.root	48669	-16.1846	2.70031
run_0083.root	49179	-30.5776	2.79404
run_0083.root	49945	-35.2878	2.72637
run_0083.root	52193	-2.49537	2.31649
run_0083.root	55585	-14.4156	2.65325
run_0083.root	55709	-14.5511	2.44504
run_0083.root	56765	-4.85989	2.59077
run_0083.root	61316	-20.1272	2.65774
run_0083.root	61421	-40.4322	2.94772
run_0083.root	61665	-6.87148	2.16278
run_0084.root	4622	12.8047	2.48333
run_0084.root	4757	-13.8385	2.39235
run_0084.root	4847	-30.7413	2.48026
run_0084.root	4917	-31.5253	2.94017
run_0084.root	5366	-21.244	2.83148
run_0084.root	7711	-16.4405	2.48898
run_0084.root	15095	-27.2172	2.51615
run_0084.root	17789	-23.7979	2.46012
run_0084.root	19016	-40.9319	2.42663
run_0084.root	19019	-24.7914	2.25086
run_0084.root	19317	-24.0227	2.83073
run_0084.root	20976	-51.3596	2.96055
run_0084.root	23586	-27.7027	2.33949
run_0084.root	26459	-31.0887	2.5121
run_0084.root	28209	-10.3122	2.33037
run_0084.root	28476	-39.7585	2.57084
run_0084.root	29318	-13.388	2.49072
run_0084.root	33915	-43.4696	2.8924
run_0084.root	38131	-19.9902	2.5002
run_0084.root	41182	-17.3132	2.78133
run_0084.root	44198	-29.5999	2.36709
run_0084.root	46362	-41.3049	2.84673
run_0084.root	47552	-8.99759	2.88637
run_0084.root	49107	-20.9165	2.1781
run_0084.root	49434	-47.2311	2.76635
run_0084.root	50460	-14.5174	2.26521
run_0084.root	52820	-18.4311	2.31459
run_0084.root	53563	-6.58527	2.33874
run_0084.root	54260	-22.0085	2.3035
run_0084.root	54268	-31.3089	2.7718
run_0084.root	56846	-43.2614	2.85527
run_0084.root	57626	-3.29382	2.89273
run_0084.root	59751	-37.4775	2.22815
run_0084.root	62620	11.7653	2.85332
run_0084.root	62651	-45.0222	2.99788
run_0084.root	67029	-19.1787	2.12789
run_0085.root	937	-16.0573	2.17111
run_0085.root	2501	-4.69852	3.09283
run_0085.root	3463	-10.5619	2.53934
run_0085.root	4550	-19.7783	2.16946
run_0085.root	5400	19.182	2.5408
run_0085.root	5979	-30.9039	2.37174
run_0085.root	6268	-20.9333	2.33641
run_0085.root	7685	-8.08737	2.49157
run_0085.root	7781	-35.8308	2.59614
run_0085.root	14595	-26.4243	2.6268
run_0085.root	17484	-17.6637	2.24636
run_0085.root	19201	-17.2068	2.47808
run_0085.root	19551	-13.0276	2.20647
run_0085.root	20514	-10.6364	2.86151
run_0085.root	21017	-28.1258	2.36537
run_0085.root	23479	-13.0978	3.06349
run_0085.root	28231	-6.64517	2.46215
run_0085.root	33329	-12.3588	2.19988
run_0085.root	33443	-9.39744	2.82209
run_0085.root	33946	-7.87056	2.96007
run_0085.root	34012	-15.0193	2.76508
run_0085.root	34443	-32.3515	2.46288
run_0085.root	35691	-11.0566	2.85353
run_0085.root	36400	-7.31391	3.05657
run_0085.root	36662	-14.049	2.60946
run_0085.root	36787	-6.30293	2.20939
run_0085.root	37213	-14.393	2.34313
run_0085.root	37729	-6.33844	3.08118
run_0085.root	39830	-11.4436	2.73639
run_0085.root	40494	-17.8436	2.33786
run_0085.root	40875	-18.2529	2.27528
run_0085.root	44997	-10.7993	2.55269
run_0085.root	48010	-10.7746	2.82805
run_0085.root	51785	-6.78785	2.51782
run_0085.root	51863	-36.9009	2.9178
run_0085.root	52926	-10.6512	2.60391
run_0085.root	53165	-13.0851	2.49192
run_0085.root	54924	-24.8071	2.50782
run_0085.root	56328	-9.94333	2.19002
run_0085.root	64383	-4.3795	2.43811
run_0085.root	64423	-11.2312	2.39485
run_0086.root	2882	-31.508	2.73588
run_0086.root	3181	12.4631	2.28939
run_0086.root	3182	12.4631	2.28939
run_0086.root	4763	-25.4706	2.50906
run_0086.root	6802	-20.9846	2.12161
run_0086.root	7287	-8.29433	2.93342
run_0086.root	8883	-33.6061	2.58806
run_0086.root	9478	-51.8692	3.06863
run_0086.root	9783	-7.30437	2.18762
run_0086.root	12672	0.819544	2.79071
run_0086.root	13729	-16.4689	2.54018
run_0086.root	16162	-33.5868	2.53119
run_0086.root	16667	-12.8991	2.44773
run_0086.root	16939	-20.5706	2.18383
run_0086.root	19847	-6.37246	3.07043
run_0086.root	22847	-14.014	2.46601
run_0086.root	24357	-25.1252	2.23077
run_0086.root	25691	-8.51667	2.53395
run_0086.root	28108	-29.9085	2.62624
run_0086.root	28177	-37.8261	2.60469
run_0086.root	28707	-14.1914	2.92336
run_0086.root	32242	-4.85323	2.24402
run_0086.root	32478	-11.0751	2.88769
run_0086.root	33502	-45.2975	3.02842
run_0086.root	33796	-54.5828	2.49897
run_0086.root	36302	-33.1068	2.33855
run_0086.root	36630	-14.2485	2.18067
run_0086.root	37235	-13.9488	2.56497
run_0086.root	37739	-17.3172	3.06406
run_0086.root	37740	-17.3172	3.06406
run_0086.root	40459	-21.5302	2.52961
run_0086.root	41927	-6.53121	2.38508
run_0086.root	48919	-26.8886	2.50437
run_0086.root	50168	-5.33473	2.24586
run_0086.root	52061	-12.0372	2.56628
run_0086.root	55016	-12.2164	3.01476
run_0086.root	55060	-36.2409	2.60382
run_0086.root	55482	-34.5814	2.51638
run_0086.root	57603	-9.67037	2.17863
run_0086.root	57905	-20.3089	2.6405
run_0086.root	58612	-11.4802	2.35151
run_0086.root	59312	-21.0138	2.36121
run_0086.root	59763	-34.7831	2.32686
run_0086.root	60309	-22.8748	2.44604
run_0086.root	61441	-13.7232	2.84508
run_0086.root	65029	-8.21546	2.89729
run_0086.root	65084	-9.34941	2.58482
run_0086.root	70153	-26.6696	2.73318
run_0086.root	74216	7.98377	2.67089
run_0086.root	74294	-2.10846	2.78311
run_0086.root	74787	-34.0354	2.16966
run_0086.root	81316	-22.3162	2.7785
run_0086.root	82385	-26.8967	2.59588
run_0086.root	84281	-50.5902	2.59907
run_0086.root	84670	-66.0186	2.9499
run_0086.root	87081	-16.2651	2.87084
run_0086.root	88085	-42.3003	2.91538
run_0086.root	88452	-46.7092	2.64347
run_0086.root	88827	-51.8481	2.60801
run_0086.root	94073	-18.0632	2.87422
run_0087.root	852	-26.9847	2.85272
run_0087.root	889	-14.9855	2.50766
run_0087.root	907	-7.6952	2.88516
run_0087.root	1070	-43.0607	2.52931
run_0087.root	4035	-34.155	2.4397
run_0087.root	4876	-44.6983	2.90187
run_0087.root	5325	-43.9552	2.87742
run_0087.root	6265	-24.4882	2.29467
run_0087.root	7168	-39.4759	2.86562
run_0087.root	7688	-9.79397	2.62516
run_0087.root	8053	-16.0406	2.46801
run_0087.root	8085	-14.9807	2.53743
run_0087.root	8449	-3.21428	2.74375
run_0087.root	16104	-3.67958	2.5532
run_0087.root	17149	-48.2953	2.51957
run_0087.root	18001	-45.9212	2.93145
run_0087.root	18767	-21.5075	2.19949
run_0087.root	20115	-15.0239	2.1834
run_0087.root	23772	-7.99763	2.68107
run_0087.root	27865	-16.332	2.65721
run_0087.root	28579	-32.3503	2.50309
run_0087.root	28781	-10.9479	2.2578
run_0087.root	28959	-7.93455	2.46744
run_0087.root	29326	-31.3889	2.64136
run_0087.root	31317	-31.3295	2.5177
run_0087.root	32226	-34.1472	2.22968
run_0087.root	34608	-19.0586	2.34107
run_0087.root	35091	-10.8347	2.43284
run_0087.root	35493	-24.1587	2.16931
run_0087.root	35995	-13.9319	2.6197
run_0087.root	37119	-3.81704	2.26941
run_0087.root	39355	-14.9204	2.3748
run_0087.root	40309	-36.8431	2.7602
run_0087.root	40645	-49.5906	3.07587
run_0087.root	41863	-45.454	2.44267
run_0087.root	43280	-29.974	2.37049
run_0087.root	44596	-8.62026	2.65204
run_0087.root	44610	-10.1271	2.56113
run_0087.root	44625	-9.33557	2.43551
run_0087.root	47853	-21.2583	2.17453
run_0087.root	50454	-26.1993	2.81952
run_0087.root	51192	-34.1028	2.55728
run_0087.root	51427	-32.4123	2.41327
run_0087.root	51551	9.69015	2.43736
run_0087.root	51931	-9.94169	2.8384
run_0087.root	54442	-31.2561	2.34984
run_0087.root	55745	-21.2561	2.25027
run_0087.root	57346	-23.6391	2.57226
run_0087.root	58150	-23.1707	2.29784
run_0087.root	60905	-16.2164	2.98409
run_0089.root	459	-16.0445	2.4686
run_0089.root	988	-27.1073	2.43701
run_0089.root	3954	-17.5987	2.96599
run_0089.root	4301	-9.91771	2.3163
run_0089.root	7752	-46.3576	2.83105
run_0089.root	10613	-18.8605	2.33653
run_0089.root	12193	-50.6428	2.86794
run_0089.root	12707	-45.0721	2.96142
run_0089.root	15730	-15.6573	2.51156
run_0089.root	15744	-24.6662	2.57515
run_0089.root	16185	-11.4376	2.5797
run_0089.root	16236	-20.2414	2.31523
run_0089.root	18122	-8.05909	2.70739
run_0089.root	19756	-63.7097	2.33188
run_0089.root	20262	-41.4152	2.81627
run_0089.root	22422	-26.3206	2.30085
run_0089.root	24490	-6.94962	2.50205
run_0089.root	25339	-17.8039	2.31412
run_0089.root	25435	-35.0206	2.58037
run_0089.root	28269	-22.36	2.25692
run_0089.root	29419	-8.95233	2.45718
run_0089.root	30837	-30.5282	2.30941
run_0089.root	34820	-44.8381	2.81562
run_0089.root	35555	-31.0823	2.44297
run_0089.root	35831	-21.7905	2.35591
run_0089.root	35981	-40.9511	2.28993
run_0089.root	36003	-14.3317	2.16859
run_0089.root	36567	-39.9798	3.04593
run_0089.root	37091	-14.6729	2.95476
run_0089.root	37245	-13.8353	2.75727
run_0089.root	39723	-33.7129	2.21282
run_0089.root	40231	-25.0951	2.50246
run_0089.root	40608	-49.6627	2.79421
run_0089.root	40609	-49.6627	2.79421
run_0089.root	42945	-8.96675	2.72964
run_0089.root	43435	-28.2558	2.90894
run_0089.root	46011	-26.2412	2.84744
run_0089.root	46406	-5.82312	2.915
run_0089.root	46598	-5.50381	2.44134
run_0089.root	47565	-5.48615	2.57327
run_0089.root	48541	-12.9997	2.97244
run_0089.root	48628	-29.923	2.47627
run_0089.root	51146	-20.6674	2.27134
run_0089.root	51644	-13.35	2.57006
run_0089.root	55149	-5.84431	2.22432
run_0089.root	55999	-29.5551	2.70674
run_0089.root	59596	-32.022	2.33531
run_0089.root	59766	-5.68338	2.73124
run_0089.root	61475	-29.3919	2.44863
run_0089.root	61802	-21.6721	2.78495
run_0090.root	208	-43.7827	3.02156
run_0090.root	265	-19.4644	2.59005
run_0090.root	1889	-18.1484	2.29612
run_0090.root	6500	2.76582	2.64253
run_0090.root	6519	-29.6833	2.19816
run_0090.root	6629	-10.6341	2.47054
run_0090.root	8324	-37.8878	2.15358
run_0090.root	8325	-37.8878	2.15358
run_0090.root	8589	-12.6021	2.61154
run_0090.root	12220	-26.9172	2.32495
run_0090.root	12831	-30.9651	2.71691
run_0090.root	13677	-10.3288	2.80292
run_0090.root	13929	-31.4749	2.19405
run_0090.root	14181	-42.5303	2.54767
run_0090.root	14864	-44.9219	2.99532
run_0090.root	17868	-19.6689	2.49111
run_0090.root	18195	-36.9931	2.49951
run_0090.root	18324	16.2189	2.64898
run_0090.root	21163	-5.14793	2.75461
run_0090.root	25914	-7.5935	2.82912
run_0090.root	36029	-22.8156	2.9381
run_0090.root	38997	-7.88631	3.07466
run_0090.root	45053	-17.0817	2.38331
run_0090.root	47122	7.70062	2.71913
run_0090.root	47665	-12.3273	2.45769
run_0090.root	47987	-28.5194	2.47615
run_0090.root	48198	-15.754	2.39634
run_0090.root	50345	-16.2662	3.03656
run_0090.root	52170	-33.305	2.57763
run_0090.root	55587	-21.0809	2.9447
run_0090.root	58042	-25.593	2.36808
run_0090.root	60907	-26.1082	2.6286
run_0090.root	60908	-26.1082	2.6286
run_0090.root	63734	-18.4428	3.06832
run_0090.root	66686	-19.8329	2.20861
run_0090.root	66941	-26.4949	2.31883
run_0090.root	67712	-26.5305	2.73993
run_0091.root	3277	34.1286	2.28929
run_0091.root	3805	-38.1035	2.79793
run_0091.root	3826	-13.4276	2.50156
run_0091.root	4134	-30.7674	2.75682
run_0091.root	5166	-10.7888	2.73265
run_0091.root	5457	-23.2849	2.91847
run_0091.root	5900	-11.0227	2.16183
run_0091.root	6224	-9.17966	2.43225
run_0091.root	6231	-32.8223	2.85882
run_0091.root	6439	-33.8189	2.59256
run_0091.root	8115	-14.4127	2.26818
run_0091.root	8240	-37.4664	2.38654
run_0091.root	10362	-6.62173	2.49582
run_0091.root	11573	-34.3448	2.62308
run_0091.root	13147	-30.0031	2.9757
run_0091.root	15944	-34.7584	2.79187
run_0091.root	16158	-7.48504	2.31476
run_0091.root	18775	7.60121	2.55888
run_0091.root	18877	-23.3036	2.4409
run_0091.root	18950	-20.8674	2.6829
run_0091.root	21802	-47.4779	2.78066
run_0091.root	22552	-15.5983	2.19535
run_0091.root	22859	-43.8678	3.02795
run_0091.root	24059	-29.4407	2.67929
run_0091.root	24400	-15.4526	2.67837
run_0091.root	26472	-45.8197	3.07941
run_0091.root	27626	-25.7098	2.61903
run_0091.root	28301	-20.2596	2.28838
run_0091.root	30153	-24.0847	2.63493
run_0091.root	33004	-29.9093	2.6721
run_0091.root	37086	-10.1848	2.86402
run_0091.root	37642	8.9632	2.23323
run_0091.root	38675	6.62895	2.29212
run_0091.root	39079	-18.0395	2.40802
run_0091.root	40261	3.59	2.23141
run_0091.root	43631	-38.772	2.46602
run_0091.root	46264	-8.04654	2.54332
run_0091.root	47069	-21.8751	2.18772
run_0091.root	50048	-20.1583	2.46398
run_0091.root	52410	-28.7535	2.49232
run_0091.root	56539	-6.04371	2.28637
run_0091.root	59455	-16.0084	3.00777
run_0092.root	416	-17.4441	2.62066
run_0092.root	1094	-25.9535	2.88262
run_0092.root	1998	-11.7946	2.74636
run_0092.root	3243	-45.4441	2.86009
run_0092.root	3300	-10.8236	2.98669
run_0092.root	4853	-17.4755	2.82232
run_0092.root	7183	-46.3362	2.77771
run_0092.root	7955	-17.0328	2.22063
run_0092.root	10185	-10.7073	2.59566
run_0092.root	10475	-5.79544	2.54296
run_0092.root	11611	7.0904	2.55064
run_0092.root	13519	-14.4613	2.97481
run_0092.root	14233	-23.9898	2.36783
run_0092.root	14338	-9.03559	2.31046
run_0092.root	14390	-32.9993	2.18361
run_0092.root	16294	-6.79455	2.26617
run_0092.root	16689	-21.1881	2.32888
run_0092.root	16754	-8.39048	2.23839
run_0092.root	16801	-13.7978	2.48422
run_0092.root	17797	-20.9028	2.94938
run_0092.root	19079	-39.4109	2.76867
run_0092.root	20897	-10.9024	2.65806
run_0092.root	28584	-12.2446	2.91658
run_0092.root	30522	-10.7969	2.51701
run_0092.root	30564	-17.6562	2.36091
run_0092.root	34912	-7.48461	2.48728
run_0092.root	34931	-10.3735	2.83845
run_0092.root	37816	-5.74922	2.92253
run_0092.root	39652	-21.128	2.56841
run_0092.root	40045	-29.6128	2.3452
run_0092.root	40378	-21.9184	2.50575
run_0092.root	43353	-37.8916	2.67208
run_0092.root	43581	-38.0747	2.74231
run_0092.root	48168	-9.40823	2.50236
run_0092.root	49468	-55.5094	2.86517
run_0092.root	50190	-24.1687	2.30814
run_0092.root	50376	26.6759	2.31862
run_0092.root	52659	-13.2317	2.14611
run_0092.root	53349	-11.929	2.49904
run_0092.root	53806	-17.5525	2.77034
run_0092.root	54359	-43.9903	2.79675
run_0092.root	56471	-46.658	2.92101
run_0092.root	56708	-33.4	2.4675
run_0092.root	56819	-10.0228	2.71821
run_0092.root	57223	-28.1665	2.23565
run_0092.root	57224	-28.1665	2.23565
run_0092.root	57338	-4.40063	2.14773
run_0092.root	58160	-11.3622	2.2874
run_0092.root	58205	-11.0911	2.92546
run_0092.root	58531	-6.02243	2.31824
run_0092.root	58690	-47.158	2.58458
run_0092.root	59053	-23.5237	2.95791
run_0092.root	61361	-8.7515	2.40647
run_0092.root	62224	-31.1843	2.26585
run_0092.root	63239	-40.1386	2.96862
run_0093.root	1145	-7.9505	2.42675
run_0093.root	2488	-29.3628	2.74892
run_0093.root	4598	-19.3508	3.02115
run_0093.root	8391	-20.8773	2.51102
run_0093.root	9632	-10.3988	2.91776
run_0093.root	9979	-9.32258	2.8243
run_0093.root	10663	-14.5042	2.83671
run_0093.root	10704	-7.39501	2.64331
run_0093.root	12372	-12.434	2.4274
run_0093.root	14267	-23.6739	2.81566
run_0093.root	14378	-31.7399	2.25522
run_0093.root	14382	-9.09639	2.35925
run_0093.root	15972	-35.5997	2.58215
run_0093.root	18667	-21.1849	2.35475
run_0093.root	20091	-18.0819	2.41154
run_0093.root	20842	-11.6494	2.34877
run_0093.root	22608	-8.77452	2.64287
run_0093.root	23007	-11.5828	3.04785
run_0093.root	23784	-7.38665	2.80778
run_0093.root	24287	-24.701	2.2082
run_0093.root	24354	-12.1496	2.87451
run_0093.root	24375	-18.5928	2.67581
run_0093.root	25361	-9.60716	2.7728
run_0093.root	25489	-30.5623	2.5193
run_0093.root	27319	-34.4387	2.65013
run_0093.root	28606	-4.73021	2.52334
run_0093.root	29124	-26.398	2.52867
run_0093.root	33279	-26.8442	2.7472
run_0093.root	36715	-34.0717	2.57633
run_0093.root	36930	-21.5662	2.41021
run_0093.root	37838	-12.7774	2.84983
run_0093.root	38501	-41.2223	2.78106
run_0093.root	42554	-27.9872	2.84251
run_0093.root	44454	-38.8883	2.63189
run_0093.root	44479	-42.9632	2.96589
run_0093.root	47043	-34.4506	2.82764
run_0093.root	47783	-19.2387	2.47958
run_0093.root	50930	-8.18933	2.75769
run_0093.root	52759	-5.97169	2.82882
run_0093.root	54622	-8.15942	2.59196
run_0093.root	61079	-37.3834	2.47882
run_0093.root	61289	11.0888	2.86282
run_0093.root	62067	-28.4389	2.54924
run_0093.root	64327	-8.48882	2.44779
run_0093.root	65790	-7.80312	2.62317
run_0093.root	65896	-22.6477	2.16938
run_0093.root	66011	6.71982	2.47739
run_0094.root	2177	-24.7045	2.45313
run_0094.root	2335	-33.5308	2.41816
run_0094.root	4360	-13.9416	2.39885
run_0094.root	6301	-8.91751	2.14327
run_0094.root	10087	-21.7707	2.86891
run_0094.root	10982	-6.69996	2.94585
run_0094.root	11175	-23.5982	2.55102
run_0094.root	13208	-12.0514	2.64628
run_0094.root	14237	-26.6573	2.66833
run_0094.root	14631	-4.71778	2.17783
run_0094.root	15906	-4.81095	2.51621
run_0094.root	18893	-56.211	2.86067
run_0094.root	20498	11.4689	2.3036
run_0094.root	20801	-21.2215	2.14967
run_0094.root	21836	-18.9515	2.81147
run_0094.root	24676	-29.363	2.67778
run_0094.root	25317	-23.6224	2.25245
run_0094.root	25490	-36.2366	2.61287
run_0094.root	25762	-44.5969	3.04483
run_0094.root	26160	-24.3713	2.70161
run_0094.root	30047	-39.3202	2.47867
run_0094.root	30608	-3.79693	2.57447
run_0094.root	30969	-25.4928	2.35346
run_0094.root	32959	-28.0997	2.24356
run_0094.root	33677	-36.2879	2.8799
run_0094.root	36283	-31.4904	2.56781
run_0094.root	37166	-27.707	2.50112
run_0094.root	38387	-22.4932	2.64368
run_0094.root	40329	-30.8699	2.92201
run_0094.root	41443	-22.2187	2.95926
run_0094.root	41454	-21.4044	2.39836
run_0094.root	41456	-32.1009	2.72953
run_0094.root	41572	-13.1259	2.85988
run_0094.root	41573	-13.1259	2.85988
run_0094.root	42016	-30.3641	2.43573
run_0094.root	42039	-7.05444	2.94021
run_0094.root	44475	-26.1636	2.7062
run_0094.root	45609	-8.48919	2.20809
run_0094.root	47322	-27.9633	2.99834
run_0094.root	47340	-3.21112	3.04732
run_0094.root	47977	-7.83874	2.73863
run_0094.root	50180	-20.4337	2.27506
run_0094.root	50406	-30.2697	2.57917
run_0094.root	55801	-18.9134	2.75874
run_0094.root	57275	-10.4303	2.91411
run_0094.root	62005	-26.5492	2.60489
run_0094.root	62937	-25.0244	2.76279
run_0094.root	63551	-23.4422	2.18612
run_0094.root	64408	-56.9736	2.70354
run_0094.root	65160	-55.9022	2.75264
run_0094.root	65320	-12.5013	2.80835
run_0094.root	66429	-6.90008	2.59091
run_0094.root	67570	-220.571	2.8473
run_0094.root	67754	-31.3456	2.27152
run_0094.root	69010	-23.5204	2.63885
run_0094.root	70022	-11.1562	2.42255
run_0094.root	71556	-3.51006	2.29391
run_0094.root	74283	-30.1304	2.15054
run_0094.root	75402	-24.7365	2.43994
run_0094.root	75736	-7.58453	2.16612
run_0094.root	75841	-11.0424	2.64697
run_0094.root	78085	-12.7075	2.37319
run_0094.root	78832	-10.8629	2.49731
run_0094.root	79518	-6.43107	2.65724
run_0094.root	80010	-10.4417	2.48944
run_0094.root	81267	-9.41837	2.76491
run_0094.root	81340	-23.5546	2.40837
run_0094.root	82245	-50.0013	2.75932
run_0094.root	85050	-47.4483	2.6423
run_0095.root	2699	-23.7621	2.43151
run_0095.root	3670	-27.8276	2.64928
run_0095.root	3912	-18.8716	2.4553
run_0095.root	4284	-8.38388	2.95088
run_0095.root	5649	-43.3406	2.73485
run_0095.root	7381	-10.3345	2.35101
run_0095.root	9203	-27.7494	2.76917
run_0095.root	12494	-13.125	2.51756
run_0095.root	15400	-15.9239	2.48469
run_0095.root	17634	-54.7985	2.45533
run_0095.root	17663	-37.5649	2.89487
run_0095.root	18093	-27.434	2.51444
run_0095.root	21508	-38.1553	2.91498
run_0095.root	22078	-8.01915	2.19598
run_0095.root	22385	-30.7858	2.65023
run_0095.root	23657	-10.8996	2.25909
run_0095.root	23658	-10.8996	2.25909
run_0095.root	25297	-42.29	2.74442
run_0095.root	26450	-14.921	2.45847
run_0095.root	28107	-20.4258	2.87726
run_0095.root	28206	-18.5698	2.8866
run_0095.root	31219	-32.9579	2.65642
run_0095.root	33032	-27.6761	2.18084
run_0095.root	33617	-35.8421	2.93487
run_0095.root	37011	-20.068	2.27122
run_0095.root	37125	-11.5705	3.00692
run_0095.root	38253	-28.4778	2.33087
run_0095.root	39097	-15.4589	2.26625
run_0095.root	40692	-31.3026	2.79901
run_0095.root	41164	-11.1926	2.70168
run_0095.root	46075	-29.9196	2.82951
run_0095.root	46490	-9.97091	2.81103
run_0095.root	46552	-29.9407	2.76501
run_0095.root	47465	-13.0543	2.82061
run_0095.root	48400	-21.746	2.43241
run_0095.root	49201	-24.0582	2.74629
run_0095.root	50205	-5.6145	2.55166
run_0095.root	52636	-22.0394	2.42122
run_0095.root	54827	-11.467	2.26288
run_0095.root	55204	-29.3189	2.504
run_0095.root	55672	-37.268	2.74204
run_0095.root	55816	-27.5379	2.20127
run_0095.root	57091	-21.6826	2.13738
run_0095.root	57100	-12.007	2.55042
run_0095.root	57802	-15.181	2.6499
run_0095.root	57817	-13.5227	3.02885
run_0095.root	58419	-13.6424	2.87591
run_0095.root	59656	-6.8768	2.41503
run_0095.root	62303	-6.60001	2.19696
run_0095.root	64866	-2.71614	2.27397
run_0095.root	66672	-35.3337	3.01742
run_0095.root	69784	-41.9225	2.98291
run_0095.root	71013	-5.87431	2.48723
run_0096.root	660	-21.6821	2.20717
run_0096.root	3430	-12.7205	2.22273
run_0096.root	5404	-11.6161	2.77453
run_0096.root	5710	-31.3104	2.20677
run_0096.root	6202	-37.2197	2.6534
run_0096.root	9267	-11.5181	2.68884
run_0096.root	9407	-22.0588	2.26779
run_0096.root	11640	-16.1907	2.38092
run_0096.root	13640	-34.3	2.48229
run_0096.root	13672	-22.8694	2.16301
run_0096.root	14084	-21.5672	2.45163
run_0096.root	18408	-7.95875	2.76822
run_0096.root	20749	-34.2047	2.4204
run_0096.root	21881	-37.0064	2.44986
run_0096.root	22602	-26.8454	2.5699
run_0096.root	25401	-24.5758	2.22904
run_0096.root	25722	-23.7039	2.56493
run_0096.root	25725	-4.61987	2.15707
run_0096.root	29825	-12.3248	2.20266
run_0096.root	30562	-25.6502	2.36812
run_0096.root	30620	-14.4099	2.15221
run_0096.root	31968	-13.854	2.60351
run_0096.root	35007	-17.9565	2.66565
run_0096.root	35376	5.91998	2.45304
run_0096.root	37021	-14.377	2.615
run_0096.root	38083	-34.218	2.58732
run_0096.root	38380	-14.3521	2.31348
run_0096.root	39817	-9.06827	2.52297
run_0096.root	39824	-7.13907	2.58628
run_0096.root	41629	-21.0858	2.83112
run_0096.root	41833	7.31909	2.28977
run_0096.root	45336	-19.4446	2.34409
run_0096.root	45863	-17.1697	2.47094
run_0096.root	46460	-39.6416	2.79358
run_0096.root	46612	-7.97644	2.19031
run_0096.root	46643	-25.7266	2.25866
run_0096.root	50482	-12.7611	2.172
run_0096.root	50502	-50.7027	2.94188
run_0096.root	54129	7.43302	2.72438
run_0096.root	54429	-36.1673	2.80909
run_0096.root	58248	-9.24413	2.71687
run_0096.root	59194	-31.5812	2.26175
run_0096.root	59332	-30.7991	2.50289
run_0096.root	59626	-27.9619	2.39039
run_0096.root	60947	-9.44699	2.35899
run_0096.root	63832	-12.0961	2.40319
run_0096.root	65136	-13.5666	2.54448
run_0096.root	67261	-9.34023	2.60351
run_0096.root	68575	-12.4026	2.18572
run_0096.root	70692	-27.9316	2.28846
run_0096.root	71019	-32.3435	2.46402
run_0096.root	71431	-38.0547	2.68244
run_0097.root	1331	-14.7948	2.53428
run_0097.root	1395	-25.8558	2.34069
run_0097.root	3659	-8.54222	2.51686
run_0097.root	3957	19.952	2.86903
run_0097.root	6244	-33.4169	2.18609
run_0097.root	6328	-14.463	2.50724
run_0097.root	9844	-32.6091	2.37778
run_0097.root	13203	-17.4683	2.4122
run_0097.root	14408	-7.43632	2.89454
run_0097.root	15950	-17.9099	2.90452
run_0097.root	18017	-50.8872	2.66602
run_0097.root	19467	-26.4235	2.8276
run_0097.root	19755	-23.9209	2.22293
run_0097.root	19872	-31.9973	2.18245
run_0097.root	20792	-28.8876	2.82596
run_0097.root	24379	-8.19448	2.3866
run_0097.root	25179	-13.1056	2.76624
run_0097.root	25523	-8.19712	2.42252
run_0097.root	26689	-43.1741	2.99087
run_0097.root	29178	-33.2554	2.44229
run_0097.root	29593	-13.2941	2.42734
run_0097.root	30657	-35.4375	2.70886
run_0097.root	33728	-9.16235	2.63293
run_0097.root	33729	-9.16235	2.63293
run_0097.root	34119	-7.77054	2.52264
run_0097.root	38862	-11.3986	2.49959
run_0097.root	41110	-29.6954	2.49005
run_0097.root	45026	-6.87144	2.79029
run_0097.root	47716	-12.5263	2.61001
run_0097.root	47785	-18.3443	2.33226
run_0097.root	48622	-30.34	2.60426
run_0097.root	48694	-37.3406	2.61515
run_0097.root	49107	-27.7707	2.24735
run_0097.root	50482	-4.46047	2.28791
run_0097.root	50622	10.1231	2.8413
run_0097.root	50884	-20.5174	2.28214
run_0097.root	52480	-28.5816	3.0153
run_0097.root	56166	-26.9015	2.34279
run_0097.root	56669	-8.84013	2.72519
run_0097.root	56800	-23.7858	2.61553
run_0097.root	56838	10.8967	2.48761
run_0097.root	57316	-8.72228	2.27613
run_0097.root	60058	-14.5684	2.82975
run_0097.root	60105	-36.7982	2.14372
run_0097.root	61680	-25.6223	2.623
run_0097.root	62875	-27.2937	2.17805
run_0097.root	63916	20.8812	2.50385
run_0097.root	68042	-32.5588	2.49707
run_0097.root	69386	-43.2745	2.61152
run_0097.root	69924	-38.8553	2.64195
run_0097.root	70940	-36.1005	2.51702
run_0097.root	71498	9.53279	2.80454
run_0097.root	74044	-32.1316	2.63377
run_0097.root	76463	-9.07663	2.34
run_0098.root	1294	-32.281	2.86042
run_0098.root	1940	-18.0778	2.60458
run_0098.root	2154	-36.5282	2.87599
run_0098.root	3836	-17.1249	2.59953
run_0098.root	4633	-8.61478	2.84125
run_0098.root	4962	-5.98168	2.97183
run_0098.root	6367	-28.7532	2.12571
run_0098.root	7622	-5.98954	2.80225
run_0098.root	7919	-34.7275	2.4146
run_0098.root	8208	-10.2764	3.09063
run_0098.root	8515	-10.9907	2.79203
run_0098.root	8529	-12.3855	2.75869
run_0098.root	10365	-32.4172	2.86513
run_0098.root	10778	-12.9968	2.95403
run_0098.root	12487	-47.2004	2.96952
run_0098.root	13512	-40.6365	2.55977
run_0098.root	13513	-40.6365	2.55977
run_0098.root	13514	-40.6365	2.55977
run_0098.root	17091	-29.0761	3.05371
run_0098.root	19825	-7.27077	2.76011
run_0098.root	20886	-21.0634	2.53764
run_0098.root	26162	-11.7318	2.23332
run_0098.root	28687	-38.3276	2.83735
run_0098.root	28711	-27.9104	2.51097
run_0098.root	28819	-17.9204	2.55109
run_0098.root	30503	-14.4633	2.62704
run_0098.root	31722	-9.94912	2.61852
run_0098.root	34412	-10.5109	2.90114
run_0098.root	34589	-32.3079	2.30864
run_0098.root	35825	-20.3496	2.89186
run_0098.root	36035	-33.9527	2.55822
run_0098.root	36938	-35.7999	2.86767
run_0098.root	37182	-27.7844	2.40076
run_0098.root	40483	-46.0737	3.07893
run_0098.root	40995	-21.4595	2.19322
run_0098.root	42295	-26.3322	2.50912
run_0098.root	42724	-33.6555	2.17991
run_0098.root	46760	-19.9183	2.7967
run_0098.root	48609	-29.8453	2.32288
run_0098.root	51319	-4.59501	2.2773
run_0098.root	52225	-14.3497	2.3394
run_0098.root	55106	-24.097	2.16942
run_0098.root	55189	-23.4905	2.58248
run_0098.root	56911	-23.403	2.3175
run_0098.root	58039	-3.85468	2.5558
run_0098.root	60640	-36.5004	2.58822
run_0098.root	64077	-34.5575	2.59983
run_0098.root	69364	-21.4915	2.35307
run_0098.root	70886	-38.3999	2.61623
run_0098.root	74050	-11.2921	2.58137
run_0099.root	1723	-40.4344	2.80547
run_0099.root	3004	-24.2057	2.68485
run_0099.root	4250	-36.7913	2.96796
run_0099.root	7474	-4.69324	2.82791
run_0099.root	9292	-16.5773	2.45305
run_0099.root	10267	12.4506	2.31854
run_0099.root	11042	-53.6677	3.02012
run_0099.root	11802	-9.26338	2.33497
run_0099.root	12689	-4.16944	2.72005
run_0099.root	13723	-18.7449	2.2223
run_0099.root	15982	-9.76172	2.9643
run_0099.root	16918	-20.2855	2.31702
run_0099.root	18743	-9.65568	2.49552
run_0099.root	18744	-9.65568	2.49552
run_0099.root	19305	-27.7274	2.351
run_0099.root	21096	-12.5897	2.60598
run_0099.root	23615	-12.1275	2.48331
run_0099.root	25042	-26.6057	2.53908
run_0099.root	25354	-13.8173	2.94902
run_0099.root	25355	-13.8173	2.94902
run_0099.root	27262	-31.9022	2.26406
run_0099.root	28408	-43.4154	2.31479
run_0099.root	28933	-10.6836	2.27939
run_0099.root	38378	-33.0285	2.60235
run_0099.root	40050	-13.1794	2.43327
run_0099.root	43959	-26.236	2.51437
run_0099.root	43960	-26.236	2.51437
run_0099.root	45630	-26.6721	2.21572
run_0099.root	45631	-26.6721	2.21572
run_0099.root	45632	-26.6721	2.21572
run_0099.root	45633	-26.6721	2.21572
run_0099.root	45634	-26.6721	2.21572
run_0099.root	45635	-26.6721	2.21572
run_0099.root	48005	-30.6244	2.22134
run_0099.root	53325	-43.5439	2.70577
run_0099.root	55809	-26.6814	3.05702
run_0099.root	55810	-26.6814	3.05702
run_0099.root	55811	-26.6814	3.05702
run_0099.root	55812	-26.6814	3.05702
run_0099.root	55813	-26.6814	3.05702
run_0099.root	55814	-26.6814	3.05702
run_0099.root	55815	-26.6814	3.05702
run_0099.root	56655	-7.56266	2.48197
run_0099.root	56656	-7.56266	2.48197
run_0099.root	59068	-30.6043	2.16832
run_0099.root	60148	-35.4321	2.68967
run_0099.root	63296	-40.2445	2.73626
run_0099.root	63730	-33.2866	2.30497
run_0099.root	63731	-33.2866	2.30497
run_0099.root	64637	-33.2411	2.81693
run_0099.root	65939	-9.88638	2.70894
run_0099.root	66147	-26.4674	2.35952
run_0099.root	67094	-6.99331	2.48635
run_0099.root	70917	-23.9564	2.54679
run_0099.root	74932	-41.5165	2.80651
run_0099.root	77090	-23.6511	2.54435
run_0099.root	79261	-23.5523	2.53183
run_0099.root	80894	-36.1146	2.51027
run_0099.root	80925	-10.0678	3.0475
run_0099.root	82268	-4.04978	2.90674
run_0099.root	86215	-5.40705	2.15614
run_0099.root	87048	-36.6638	2.20402
run_0099.root	87049	-36.6638	2.20402
run_0099.root	87498	-18.4235	2.61411
run_0100.root	146	-35.3162	2.77836
run_0100.root	999	-24.2306	2.19559
run_0100.root	2280	-33.473	2.54402
run_0100.root	2784	-19.3016	2.81746
run_0100.root	3552	-36.8859	2.48456
run_0100.root	11889	-18.5067	2.31831
run_0100.root	12839	-10.1304	2.48179
run_0100.root	14137	-6.37582	2.88646
run_0100.root	15616	-27.3012	2.3383
run_0100.root	15617	-27.3012	2.3383
run_0100.root	16495	-57.1068	3.06558
run_0100.root	17501	-10.1517	3.0424
run_0100.root	17502	-10.1517	3.0424
run_0100.root	17503	-10.1517	3.0424
run_0100.root	17778	-32.4446	2.49194
run_0100.root	22385	-7.18335	2.41753
run_0100.root	29885	-24.9485	2.45014
run_0100.root	32516	-31.3184	2.31687
run_0100.root	32556	-38.9493	2.90298
run_0100.root	36137	-14.3142	2.40985
run_0100.root	37623	-32.7339	2.97343
run_0100.root	38927	-13.768	2.98885
run_0100.root	38928	-13.768	2.98885
run_0100.root	40204	-11.3767	2.78607
run_0100.root	44936	-34.554	2.69824
run_0100.root	46764	-19.1529	2.43122
run_0100.root	46927	-38.0657	2.30828
run_0100.root	46928	-38.0657	2.30828
run_0100.root	46929	-38.0657	2.30828
run_0100.root	48277	-28.781	2.56416
run_0100.root	48278	-28.781	2.56416
run_0100.root	50297	-20.2873	2.65436
run_0100.root	50298	-20.2873	2.65436
run_0100.root	52321	-26.4018	2.5394
run_0100.root	52322	-26.4018	2.5394
run_0100.root	56646	-22.1677	2.57634
run_0100.root	57925	-38.4241	2.82972
run_0100.root	57926	-38.4241	2.82972
run_0100.root	59740	-14.0276	2.75585
run_0100.root	61003	-11.1909	2.79272
run_0100.root	62170	-12.5312	2.60737
run_0100.root	63035	-35.8014	2.71425
run_0100.root	66085	-41.9394	2.95194
run_0100.root	77889	-13.0868	2.35155
run_0100.root	80688	-11.6712	2.43594
run_0100.root	83698	-4.48673	2.7614
run_0101.root	178	-9.8805	2.2428
run_0101.root	479	-12.0666	2.74625
run_0101.root	3772	-29.727	2.4573
run_0101.root	4164	-21.3473	2.25311
run_0101.root	5608	-15.2415	2.31302
run_0101.root	7066	-26.4422	2.79223
run_0101.root	7419	-21.8085	2.26159
run_0101.root	8253	-40.383	2.41391
run_0101.root	8275	-39.3785	2.60923
run_0101.root	12733	-48.8455	2.8198
run_0101.root	13007	-25.6059	2.48404
run_0101.root	13886	-8.22695	2.65595
run_0101.root	17451	-11.6435	2.71531
run_0101.root	17854	-9.81908	2.42986
run_0101.root	18337	-8.53291	2.80054
run_0101.root	18563	-47.1481	2.87896
run_0101.root	19164	-34.1703	2.53666
run_0101.root	26112	-21.508	3.04647
run_0101.root	26244	-46.1207	2.26743
run_0101.root	28966	-12.8966	2.30652
run_0101.root	29607	-12.0404	2.54484
run_0101.root	33993	-44.3836	2.95014
run_0101.root	34503	-12.5346	2.66793
run_0101.root	34565	-28.4651	2.97767
run_0101.root	34775	-42.0762	2.91297
run_0101.root	35921	-8.76407	2.28005
run_0101.root	36838	-8.25598	2.33123
run_0101.root	38093	-35.0953	2.78336
run_0101.root	38250	-8.63833	3.05294
run_0101.root	39276	-34.4626	2.53382
run_0101.root	39332	-11.7359	2.61483
run_0101.root	41150	-19.8207	2.80544
run_0101.root	41196	-6.6824	2.54444
run_0101.root	43000	-28.3776	2.46961
run_0101.root	46410	-4.61433	2.4475
run_0101.root	46708	-20.1201	2.78062
run_0101.root	52779	-52.6502	2.96776
run_0101.root	53271	-9.27127	2.71451
run_0101.root	54737	-4.72504	2.32814
run_0101.root	55268	-14.8538	2.23441
run_0101.root	55798	-47.0391	3.08514
run_0102.root	3877	-4.4042	2.94716
run_0102.root	5902	8.12298	2.14673
run_0102.root	8880	-12.4132	2.56074
run_0102.root	9524	-12.407	2.26226
run_0102.root	10582	-39.212	2.85335
run_0102.root	11965	-14.2504	2.25301
run_0102.root	12069	-23.4621	2.37744
run_0102.root	14124	-22.4397	2.23277
run_0102.root	15740	-29.3619	2.26817
run_0102.root	16968	-20.0578	2.65222
run_0102.root	17419	-28.3486	2.83721
run_0102.root	19011	-7.65076	2.77704
run_0102.root	23250	-29.3961	2.98328
run_0102.root	25732	-33.5377	2.32011
run_0102.root	26435	-12.7444	2.76249
run_0102.root	26705	-8.7346	2.51638
run_0102.root	27315	-9.26656	2.46814
run_0102.root	31116	-41.6677	2.47831
run_0102.root	33140	-7.80873	2.47794
run_0102.root	33317	-25.2819	2.35803
run_0102.root	34384	-11.6619	2.81754
run_0102.root	35154	-44.8681	2.97472
run_0102.root	37391	-23.7218	2.742
run_0102.root	38226	-27.9094	2.36426
run_0102.root	39039	-25.9047	2.45144
run_0102.root	39474	-20.5556	2.18511
run_0102.root	42544	-10.3953	2.13682
run_0102.root	43231	-29.5075	2.61137
run_0102.root	43520	-24.8074	3.00218
run_0102.root	43717	-54.2231	2.53837
run_0102.root	49437	-29.7017	2.77479
run_0102.root	50337	-8.98522	2.18851
run_0102.root	52282	-10.0244	3.0901
run_0102.root	53075	-50.5744	2.9973
run_0102.root	53756	-12.834	2.80752
run_0102.root	55769	-17.2091	2.79329
run_0102.root	57128	-7.00386	2.20094
run_0102.root	57482	-17.8541	2.543
run_0102.root	58861	-27.2783	2.38767
run_0102.root	58919	-45.4384	2.22695
run_0102.root	59886	-40.3213	2.868
run_0103.root	3620	-2.27464	2.21208
run_0103.root	4208	-30.2915	2.945
run_0103.root	4350	0.535596	2.86667
run_0103.root	5945	-13.5273	2.75566
run_0103.root	7404	-29.2734	2.38913
run_0103.root	8732	-27.7009	2.29938
run_0103.root	9577	-47.7663	2.1586
run_0103.root	9888	-36.2516	2.69721
run_0103.root	10003	-7.28363	2.72233
run_0103.root	10187	-28.868	2.57144
run_0103.root	10276	-30.4755	2.52416
run_0103.root	12323	-7.46002	2.82758
run_0103.root	12826	-27.1577	2.5093
run_0103.root	14572	-35.7786	2.69078
run_0103.root	15677	-45.1126	2.42463
run_0103.root	17586	-21.0244	2.61964
run_0103.root	20461	-11.3631	2.92387
run_0103.root	20999	-23.71	2.67408
run_0103.root	24031	-14.68	2.49461
run_0103.root	26801	-22.701	2.61385
run_0103.root	27452	-27.7999	2.50584
run_0103.root	30945	-21.0553	2.41103
run_0103.root	31043	-25.0539	2.90445
run_0103.root	31630	-48.2082	2.55121
run_0103.root	31631	-48.2082	2.55121
run_0103.root	31881	-39.6103	2.93689
run_0103.root	32184	-30.4827	2.4169
run_0103.root	33358	-11.0586	2.40749
run_0103.root	33529	-20.5485	2.52943
run_0103.root	33530	-20.5485	2.52943
run_0103.root	38593	-9.35672	2.3937
run_0103.root	41134	-3.23454	2.6148
run_0103.root	42209	-34.8579	2.82379
run_0103.root	43132	-3.19117	2.52835
run_0103.root	43692	4.28747	2.79774
run_0103.root	48248	-19.1198	2.92381
run_0103.root	53892	-27.2191	2.78247
run_0103.root	56760	-9.1407	2.64177
run_0103.root	56943	-125.593	2.60688
run_0103.root	60013	-8.53606	2.75596
run_0103.root	60298	-14.753	2.26451
run_0104.root	1272	-20.3536	2.77991
run_0104.root	2212	-27.3757	2.42407
run_0104.root	2275	-20.4609	2.70625
run_0104.root	2755	-15.4114	2.66029
run_0104.root	3190	-24.7078	2.20345
run_0104.root	4672	-7.50359	2.15513
run_0104.root	6423	-19.2434	2.45572
run_0104.root	6741	-25.3935	2.85023
run_0104.root	7753	-22.9233	2.35139
run_0104.root	9145	9.33831	2.84375
run_0104.root	10160	-31.1238	2.26244
run_0104.root	10513	-37.6145	2.74001
run_0104.root	11232	-20.8338	2.19375
run_0104.root	17118	-39.849	2.38221
run_0104.root	17414	-39.1222	2.83623
run_0104.root	18437	-21.3923	2.35021
run_0104.root	18613	-12.623	2.78889
run_0104.root	21364	-7.31803	2.26788
run_0104.root	21725	-23.2614	2.46497
run_0104.root	24545	-32.531	2.342
run_0104.root	28574	36.2464	2.90582
run_0104.root	28838	-47.3157	3.01041
run_0104.root	30322	-28.1643	2.62074
run_0104.root	30819	-18.1679	2.70242
run_0104.root	31353	-9.87872	2.79654
run_0104.root	32915	-12.3965	2.82469
run_0104.root	35234	-39.3582	2.83154
run_0104.root	35499	-9.4204	2.30222
run_0104.root	36356	-30.132	2.2594
run_0104.root	37100	-17.2626	2.15612
run_0104.root	37176	-9.52106	2.74779
run_0104.root	37865	-4.38952	2.42032
run_0104.root	38829	-59.7978	2.60748
run_0104.root	38904	-7.13795	2.61097
run_0104.root	40541	-29.7049	2.55343
run_0104.root	40625	-11.9645	2.66525
run_0104.root	41217	-12.3356	2.68869
run_0104.root	41312	-7.63811	2.68022
run_0104.root	47886	-26.7103	2.37196
run_0104.root	49919	-44.4373	3.00207
run_0104.root	51140	-8.02633	2.55547
run_0104.root	52747	-6.81425	2.73726
run_0104.root	53089	-34.1855	2.29018
run_0104.root	53576	-11.4155	3.0328
run_0104.root	54491	-19.8762	2.24574
run_0104.root	55868	-6.82508	2.93319
run_0105.root	1416	-11.6483	2.63875
run_0105.root	2096	-27.3885	2.34094
run_0105.root	3403	-34.9766	2.43715
run_0105.root	3580	-19.0238	2.33415
run_0105.root	3637	-10.7969	2.68365
run_0105.root	5308	-9.1128	2.23662
run_0105.root	5801	-21.9511	2.69787
run_0105.root	6873	-25.049	2.69894
run_0105.root	9429	-7.536	2.19135
run_0105.root	11193	-22.4461	2.96578
run_0105.root	11308	-8.8239	2.58419
run_0105.root	13071	-41.5362	2.5177
run_0105.root	13525	-13.2289	2.36202
run_0105.root	13784	-64.1635	2.99816
run_0105.root	15248	-14.3365	2.57517
run_0105.root	16185	-30.1749	2.7649
run_0105.root	17972	-18.9029	2.6113
run_0105.root	18031	-9.239	2.88166
run_0105.root	19573	-13.6257	2.27787
run_0105.root	21374	-26.033	2.50176
run_0105.root	21413	-26.1656	2.45555
run_0105.root	22225	1.82793	2.31717
run_0105.root	22446	-7.84874	2.61227
run_0105.root	22455	-33.9765	2.48636
run_0105.root	24345	-13.1203	2.40246
run_0105.root	26045	-12.6508	2.36341
run_0105.root	29052	-26.0736	2.17271
run_0105.root	29225	-17.0809	2.56023
run_0105.root	30819	-38.2189	2.88339
run_0105.root	31149	-11.387	2.20793
run_0105.root	32055	-11.5821	2.63998
