run_0062.root	38	-10.8726	5.65212
run_0062.root	485	-9.35293	5.8945
run_0062.root	544	-73.2728	5.47364
run_0062.root	583	-19.2856	6.48874
run_0062.root	727	-12.9155	6.21093
run_0062.root	2208	-9.6884	5.83096
run_0062.root	2647	-63.4465	6.0792
run_0062.root	5748	-9.81293	6.673
run_0062.root	6693	-54.6738	6.00566
run_0062.root	7473	-12.0292	6.5409
run_0062.root	9722	-63.093	6.79111
run_0062.root	9870	-8.83172	5.72514
run_0062.root	11236	-10.8695	5.51862
run_0062.root	11601	-6.31312	5.69729
run_0062.root	12338	-6.48059	6.27968
run_0062.root	13756	-79.5695	6.58844
run_0062.root	14988	-55.1227	7.18047
run_0062.root	16472	-5.50457	5.48619
run_0062.root	16548	-16.0372	6.12978
run_0062.root	19085	-71.116	5.86221
run_0062.root	20389	-13.0993	5.92177
run_0062.root	20696	-22.0491	6.32389
run_0062.root	21398	-45.7414	6.77496
run_0062.root	23072	-47.4123	6.26898
run_0062.root	23167	-54.0518	5.7192
run_0062.root	29457	-9.81006	6.5313
run_0062.root	30982	-52.9495	6.41111
run_0062.root	33384	-57.5475	6.68378
run_0062.root	33508	-16.731	6.80639
run_0062.root	34069	-9.268	6.64661
run_0063.root	1065	-15.86	5.67978
run_0063.root	1798	-83.9812	6.18486
run_0063.root	2325	-7.46012	6.30297
run_0063.root	2427	-12.6515	6.53544
run_0063.root	2964	-81.3019	6.29886
run_0063.root	6873	-6.60396	6.00025
run_0063.root	7217	-26.4441	5.92095
run_0063.root	9080	-17.6321	5.92898
run_0063.root	10245	11.1609	5.49905
run_0063.root	12115	-12.0791	6.04765
run_0063.root	12838	-49.0286	6.22666
run_0063.root	17350	-20.8636	5.40363
run_0063.root	18709	-13.786	5.9229
run_0063.root	19575	-38.6622	5.87547
run_0063.root	20232	-13.7191	5.95109
run_0063.root	21110	-29.6889	5.64968
run_0063.root	21705	-4.06175	5.78061
run_0063.root	22493	-6.64719	5.79765
run_0063.root	22751	-15.8095	5.71858
run_0063.root	25839	-10.5772	5.62045
run_0063.root	25870	-5.17563	6.64121
run_0063.root	26017	-47.7934	5.46154
run_0063.root	26262	13.623	5.55154
run_0063.root	26754	-11.7316	5.77353
run_0063.root	34882	-13.4533	5.54381
run_0063.root	36340	-14.2251	5.56115
run_0063.root	36357	-52.733	6.83441
run_0063.root	37650	-6.17485	5.44838
run_0063.root	40547	-56.8274	6.42086
run_0063.root	40735	-6.01066	5.74242
run_0063.root	41371	-55.5335	5.88216
run_0063.root	43772	-75.7572	6.00255
run_0063.root	44969	-13.5252	5.50618
run_0063.root	46552	-4.3012	6.531
run_0063.root	47203	-18.5787	6.93763
run_0063.root	51836	-53.8685	5.72985
run_0063.root	51857	-7.3446	5.97415
run_0063.root	51883	-53.8974	6.89808
run_0063.root	57635	-18.2109	5.65755
run_0063.root	58030	-8.33902	6.40204
run_0063.root	60099	-60.8597	6.95184
run_0064.root	1147	-35.6091	6.4158
run_0064.root	1206	-6.78125	6.70627
run_0064.root	3306	-12.3369	6.46681
run_0064.root	3544	-47.4235	5.97077
run_0064.root	3641	-23.2341	6.61054
run_0064.root	5368	-50.4251	6.2422
run_0064.root	9854	-17.5298	5.68188
run_0064.root	10673	-12.6292	6.9794
run_0064.root	11893	-5.2636	6.98491
run_0064.root	13165	-38.8692	5.64374
run_0064.root	14802	-60.9494	6.82644
run_0064.root	15375	-28.6492	6.6548
run_0064.root	15396	-44.8638	5.44162
run_0064.root	16360	-10.391	5.9641
run_0064.root	16560	-55.0799	5.83168
run_0064.root	18882	-73.6646	5.66977
run_0064.root	19326	-42.7345	6.37348
run_0064.root	22628	-71.1878	5.82444
run_0064.root	23064	-44.7212	5.824
run_0064.root	28804	-8.99219	5.65325
run_0064.root	29870	-6.27357	5.96144
run_0064.root	30915	-3.50288	6.38147
run_0064.root	33021	-6.80525	6.47998
run_0064.root	34364	-35.8681	6.5838
run_0064.root	35893	-30.7079	5.69076
run_0064.root	40854	-49.4719	6.57757
run_0064.root	43791	-17.2838	6.1305
run_0064.root	44366	-51.3497	5.85662
run_0064.root	46238	-28.427	6.98381
run_0064.root	49328	31.9072	7.21918
run_0064.root	49547	-7.6668	6.1645
run_0064.root	49548	-74.4114	7.01763
run_0064.root	51611	-49.4823	6.85169
run_0064.root	52399	-6.00081	6.93857
run_0064.root	52836	-12.9522	5.78795
run_0064.root	52990	-95.2002	6.27254
run_0064.root	53466	-7.53583	5.79182
run_0064.root	55839	-48.2958	6.93878
run_0064.root	56617	-15.5111	6.65379
run_0064.root	57431	-7.35728	6.01991
run_0064.root	57707	-8.95436	6.29423
run_0064.root	58206	-45.924	6.03476
run_0064.root	60081	-30.1011	6.2131
run_0064.root	65036	-52.7427	6.19944
run_0064.root	65639	10.1178	6.68646
run_0064.root	65743	-9.77165	6.76194
run_0064.root	67573	-13.4019	6.57717
run_0065.root	206	-35.5362	5.85386
run_0065.root	1367	-9.58659	6.28155
run_0065.root	2563	-13.7787	6.21098
run_0065.root	2953	-40.6683	5.87719
run_0065.root	3890	-39.7268	5.52714
run_0065.root	5712	-9.75195	6.43944
run_0065.root	6778	-64.0372	6.31577
run_0065.root	7276	-12.3149	5.88818
run_0065.root	8831	-48.0078	6.07618
run_0065.root	9600	-11.1868	6.34304
run_0065.root	11209	-15.1712	6.94489
run_0065.root	13340	-16.8838	5.65292
run_0065.root	14419	-4.46296	6.07298
run_0065.root	14629	-17.8372	5.4446
run_0065.root	15907	-14.4391	5.55176
run_0065.root	15908	-14.4391	5.55176
run_0065.root	16420	-8.42061	6.54363
run_0065.root	17319	-6.88271	6.52051
run_0065.root	18191	-54.9493	6.22831
run_0065.root	18703	-11.8384	5.77937
run_0065.root	20250	-53.5733	6.83821
run_0065.root	22010	11.4887	6.06332
run_0065.root	24164	-9.24206	6.72987
run_0065.root	25561	-18.6059	6.45974
run_0065.root	26374	-5.3516	5.9493
run_0065.root	26436	-70.5407	6.20856
run_0065.root	26936	-13.7943	6.85873
run_0065.root	28212	-14.3933	5.68334
run_0065.root	29035	-11.859	6.28933
run_0065.root	31337	-6.45295	5.99809
run_0065.root	33134	-58.1007	5.91293
run_0065.root	33520	-10.8389	6.34517
run_0065.root	35109	-29.5214	5.84134
run_0065.root	38816	-18.8009	6.78318
run_0065.root	39485	-16.9019	6.24428
run_0065.root	40276	-5.05305	5.69808
run_0065.root	42137	-11.0557	6.54415
run_0065.root	44429	-21.4317	5.86556
run_0065.root	45921	-16.8066	6.3383
run_0065.root	48608	-58.3769	5.94655
run_0065.root	48957	-20.7813	6.69048
run_0065.root	48958	-20.7813	6.69048
run_0065.root	49100	-8.20175	5.65925
run_0065.root	49536	-16.25	5.5577
run_0065.root	49713	-63.9815	5.844
run_0065.root	50076	-41.3687	5.82033
run_0065.root	51960	-75.9032	5.68515
run_0065.root	52041	-13.9042	6.05124
run_0065.root	55524	-17.4879	7.05741
run_0065.root	57784	-5.10257	6.06268
run_0065.root	59835	-13.6646	6.71812
run_0065.root	60207	-8.83611	6.84191
run_0065.root	61116	-9.15627	6.03555
run_0065.root	61519	-11.1842	6.83465
run_0065.root	62436	-13.4553	6.09786
run_0065.root	62660	-9.18266	5.79031
run_0065.root	62893	-6.32003	6.36474
run_0065.root	63703	-93.6579	6.47038
run_0065.root	65137	-7.78863	6.05739
run_0065.root	66696	-18.1814	7.15276
run_0065.root	68755	-9.9051	6.67626
run_0065.root	70172	-13.0885	5.55938
run_0066.root	54	-5.1211	5.6753
run_0066.root	98	-53.4781	6.736
run_0066.root	1997	-2.75477	5.77255
run_0066.root	3130	-11.3797	6.18054
run_0066.root	5638	-52.773	6.82669
run_0066.root	6039	-15.0984	5.90519
run_0066.root	6476	-9.5289	6.35129
run_0066.root	6832	-18.3094	7.11153
run_0066.root	8380	-15.1239	5.6804
run_0066.root	9218	-14.4585	6.13976
run_0066.root	12653	-12.5379	7.09478
run_0066.root	12724	-17.164	5.96881
run_0066.root	13895	-52.2432	6.67164
run_0066.root	14160	-18.1751	6.14367
run_0066.root	15591	-49.9846	5.86619
run_0066.root	15660	-5.44722	6.18741
run_0066.root	17031	-21.3211	6.45022
run_0066.root	20928	-23.1928	7.04257
run_0066.root	21536	-39.8234	6.12544
run_0066.root	21799	-45.4061	5.97702
run_0066.root	25549	-9.12074	5.43943
run_0066.root	28837	-51.3714	6.9521
run_0066.root	34417	-58.4292	6.15322
run_0066.root	34985	-11.0088	5.37337
run_0066.root	36238	-9.17041	5.66497
run_0066.root	41559	-103.816	5.7442
run_0066.root	42203	-16.5153	5.61831
run_0066.root	45144	21.4121	5.73517
run_0066.root	49419	-18.8157	5.78364
run_0066.root	50328	-40.8192	5.63395
run_0066.root	50848	-5.1453	5.97907
run_0066.root	51623	-6.24642	6.14539
run_0066.root	52871	23.7592	6.09751
run_0066.root	53896	-14.1652	6.47204
run_0066.root	54084	-11.6808	5.41518
run_0066.root	57066	9.82452	6.27593
run_0066.root	59850	-55.8904	6.35041
run_0066.root	60769	-9.22034	6.6913
run_0066.root	62980	-5.98519	5.62442
run_0066.root	64981	-60.5818	6.72151
run_0066.root	65607	-17.5518	5.41657
run_0066.root	66035	-50.048	6.5078
run_0066.root	66765	-11.1893	6.72626
run_0066.root	69718	-15.3211	6.76039
run_0066.root	70311	-22.611	6.47067
run_0066.root	71806	-47.6633	5.73654
run_0066.root	71933	-50.6091	6.18698
run_0066.root	72420	-48.4396	5.67619
run_0066.root	75094	-11.4299	6.1495
run_0066.root	76024	-4.83493	5.9299
run_0067.root	1938	-98.0393	6.51286
run_0067.root	2920	-12.8868	6.52922
run_0067.root	3128	-47.1442	6.36942
run_0067.root	7089	-8.44972	6.54087
run_0067.root	12687	-50.5327	5.70177
run_0067.root	16437	-4.93097	5.46247
run_0067.root	18187	-18.3976	6.89653
run_0067.root	24146	-4.15321	6.25543
run_0067.root	25379	-15.8444	5.7474
run_0067.root	27405	-7.89285	5.54848
run_0067.root	31658	-14.4729	6.03679
run_0067.root	32351	-33.9921	5.52595
run_0067.root	33509	-6.58484	6.01063
run_0067.root	34507	13.6022	7.13342
run_0067.root	35149	-7.54603	6.03684
run_0067.root	38080	-101.28	6.41806
run_0067.root	38755	-47.635	5.74569
run_0067.root	40367	-9.34138	6.12779
run_0067.root	41438	-14.5158	5.89669
run_0067.root	42214	-16.0092	5.95484
run_0067.root	42586	-11.0528	7.01288
run_0067.root	43262	-13.636	6.44416
run_0067.root	44178	-62.319	5.58994
run_0067.root	44370	-9.28311	6.51587
run_0067.root	44538	15.0588	6.19533
run_0067.root	46123	-14.1364	5.96623
run_0067.root	47232	-5.06354	5.57186
run_0067.root	47612	18.9816	6.66887
run_0067.root	48043	-11.3218	5.65504
run_0067.root	49156	-49.464	6.35033
run_0067.root	52559	-84.7919	6.30901
run_0067.root	52766	-32.6001	5.45397
run_0067.root	53816	-9.54918	7.02696
run_0067.root	60004	-15.1825	5.60539
run_0067.root	61259	-5.32913	5.69999
run_0067.root	61938	-10.1394	6.56484
run_0067.root	62456	-13.2429	6.85304
run_0067.root	65164	-7.71856	6.33208
run_0067.root	65930	-50.1367	6.05904
run_0067.root	66406	-11.7281	5.58958
run_0067.root	66409	-55.5392	6.45019
run_0067.root	69051	-28.6108	5.83467
run_0067.root	69420	-6.79828	6.12841
run_0067.root	69692	-7.15292	6.79391
run_0067.root	75950	-11.1002	5.47506
run_0070.root	487	-14.0891	5.81865
run_0070.root	5934	-16.8046	6.10918
run_0070.root	7483	-7.65732	6.80716
run_0070.root	11089	-75.3865	5.8781
run_0070.root	14886	-8.34402	6.31549
run_0070.root	15167	-10.3078	5.50166
run_0070.root	15171	-21.3387	6.90203
run_0070.root	15181	-56.0201	7.12268
run_0070.root	15666	-42.0865	6.0302
run_0070.root	18051	-13.1336	5.34085
run_0070.root	18591	-46.4201	6.42443
run_0070.root	19233	-35.6611	6.20203
run_0070.root	25010	-50.8335	6.9928
run_0070.root	25957	-7.57617	6.28812
run_0070.root	26346	-46.8001	6.17444
run_0070.root	27741	-6.03537	5.67374
run_0070.root	29937	-49.004	6.24284
run_0070.root	30629	-9.16888	5.90092
run_0070.root	32342	-44.265	5.5913
run_0070.root	35535	-29.1525	6.45758
run_0070.root	36685	-9.9585	6.83868
run_0070.root	39449	-15.9642	5.43898
run_0070.root	40246	-10.4728	5.72157
run_0070.root	42434	-14.8136	6.71977
run_0070.root	45323	-10.5159	6.31442
run_0070.root	45912	-62.9488	6.66008
run_0070.root	45918	-10.1383	6.90782
run_0070.root	46053	-8.25627	6.13244
run_0070.root	46360	-8.34549	5.36993
run_0070.root	46867	-54.1093	6.22002
run_0070.root	47869	-12.6494	6.41269
run_0070.root	49486	-9.17827	6.1025
run_0070.root	49795	-72.4842	5.87245
run_0070.root	50237	-5.25186	6.36549
run_0070.root	50397	-2.61421	6.55133
run_0070.root	55995	-54.8949	6.1609
run_0070.root	56869	-49.893	6.58604
run_0070.root	56987	-14.5997	5.82933
run_0070.root	57024	-51.7976	6.19937
run_0070.root	58358	-7.20955	5.921
run_0070.root	59949	-58.8802	5.86577
run_0070.root	61469	-9.02231	6.83851
run_0070.root	63713	-57.1005	6.36683
run_0070.root	64758	-9.1341	5.50326
run_0070.root	65310	-7.55053	6.12656
run_0070.root	65759	-88.5434	6.47652
run_0070.root	66211	-8.53868	6.28482
run_0070.root	66596	-5.75519	6.24139
run_0070.root	67085	-47.0839	6.25895
run_0070.root	67608	-7.41857	6.64106
run_0070.root	68135	-80.6725	6.18542
run_0070.root	69028	-82.2389	6.29684
run_0070.root	69529	-66.8046	6.11466
run_0070.root	70377	-52.0617	5.9924
run_0070.root	71185	-10.2801	5.92586
run_0070.root	71186	-10.2801	5.92586
run_0070.root	71235	-17.9963	6.1501
run_0070.root	71557	-60.8878	6.80961
run_0070.root	72600	-57.0307	6.58797
run_0071.root	401	-40.2934	5.77941
run_0071.root	2948	-44.7489	6.15694
run_0071.root	4417	-8.38486	6.38981
run_0071.root	5332	-12.2273	5.41298
run_0071.root	6992	-10.2598	7.18055
run_0071.root	8558	-10.1829	6.72012
run_0071.root	11371	-14.9408	5.89674
run_0071.root	14223	-11.3718	6.96869
run_0071.root	14287	-38.6428	6.54057
run_0071.root	14662	-47.5137	6.62726
run_0071.root	14761	-23.7325	5.50998
run_0071.root	14792	-24.6185	5.57659
run_0071.root	15231	-42.5701	6.07193
run_0071.root	16977	-4.32565	5.96221
run_0071.root	17228	-21.8133	5.63042
run_0071.root	18819	-56.2991	6.76438
run_0071.root	21312	-44.7349	6.0765
run_0071.root	22876	-26.7322	7.07196
run_0071.root	23119	-34.1017	6.83001
run_0071.root	23350	-71.6384	6.93535
run_0071.root	24512	-9.28703	5.9773
run_0071.root	26014	-13.4271	6.53767
run_0071.root	26183	-8.03419	5.52277
run_0071.root	28117	-22.443	5.86785
run_0071.root	30565	-26.7083	5.42926
run_0071.root	31403	-46.2702	6.29124
run_0071.root	35356	-9.69316	6.24747
run_0071.root	36927	-34.1735	6.35384
run_0071.root	38766	-12.839	6.82962
run_0071.root	39146	-61.6301	6.98605
run_0071.root	40430	-60.6498	5.7982
run_0071.root	41580	-15.6794	5.41268
run_0071.root	41954	-46.8175	6.40298
run_0071.root	42697	-7.90642	5.35112
run_0071.root	42698	-7.90642	5.35112
run_0071.root	45041	-11.239	6.77897
run_0071.root	45379	-7.13301	5.42764
run_0071.root	45487	-8.95525	6.37533
run_0071.root	46042	-6.50539	6.02054
run_0071.root	46297	-46.2633	5.64719
run_0071.root	46590	-9.08233	6.47198
run_0071.root	47602	-51.5489	6.5679
run_0071.root	48979	-14.1098	6.00318
run_0071.root	49190	-14.1966	6.05729
run_0071.root	50945	-29.7472	6.37886
run_0071.root	51282	-19.0174	5.74571
run_0071.root	52482	-31.0847	6.15872
run_0071.root	52806	-13.4155	6.27141
run_0071.root	54003	-42.4979	5.78437
run_0071.root	55508	-7.1398	6.6353
run_0071.root	56091	-5.97011	6.77721
run_0071.root	56108	-13.9335	6.24311
run_0071.root	57718	-11.3623	5.38243
run_0071.root	60194	-2.99218	5.55245
run_0071.root	63594	-60.6629	6.82392
run_0071.root	65829	-8.44058	6.2736
run_0071.root	65966	-19.1554	5.72377
run_0071.root	66178	-10.623	6.65156
run_0071.root	66234	-5.61262	6.3206
run_0071.root	67375	-19.6945	6.83251
run_0071.root	70634	-47.3634	6.6803
run_0071.root	70982	-18.2251	6.32354
run_0071.root	71242	-48.1273	6.66113
run_0071.root	71544	-14.5272	6.65428
run_0071.root	71593	-47.8473	5.93918
run_0071.root	73312	12.6423	5.79426
run_0071.root	73443	-7.38728	5.86427
run_0072.root	1063	-49.1382	6.01294
run_0072.root	2271	-5.01358	6.56788
run_0072.root	2310	-47.9378	6.34818
run_0072.root	3239	-9.8379	5.77669
run_0072.root	5889	-15.9283	7.04821
run_0072.root	11480	-15.5425	5.83658
run_0072.root	13146	9.16917	5.50227
run_0072.root	15352	-3.57639	6.81839
run_0072.root	15495	-6.81176	6.95668
run_0072.root	17109	-41.9579	6.41198
run_0072.root	17516	-13.6871	6.07191
run_0072.root	20693	-11.1516	6.8433
run_0072.root	20993	-14.9759	6.76938
run_0072.root	23442	-60.1482	6.05221
run_0072.root	26310	-14.6851	7.10275
run_0072.root	27104	-7.88505	6.42165
run_0072.root	28688	-12.0069	5.80459
run_0072.root	30253	11.7992	5.43245
run_0072.root	31050	-16.9077	6.32532
run_0072.root	32011	-5.56835	5.55756
run_0072.root	32177	-44.697	5.77677
run_0072.root	35500	-14.3605	6.80044
run_0072.root	35666	-11.801	6.28488
run_0072.root	36658	-16.509	6.83345
run_0072.root	37214	-2.92055	6.41237
run_0072.root	39804	-33.3504	6.5399
run_0072.root	40314	-54.9133	7.13691
run_0072.root	40823	-12.0116	5.79464
run_0072.root	41918	-71.2988	6.41783
run_0072.root	43156	-7.78415	5.6975
run_0072.root	45653	-54.4929	6.43463
run_0072.root	46266	-54.6275	5.78305
run_0072.root	46303	-18.3861	6.48623
run_0072.root	46965	-11.16	5.85315
run_0072.root	48298	-12.4965	5.73158
run_0072.root	51363	-75.1246	6.8093
run_0072.root	52549	-8.46239	6.92857
run_0072.root	53566	-16.2483	5.95902
run_0072.root	54754	-49.0551	6.38669
run_0072.root	58011	-52.087	6.66624
run_0072.root	58832	-49.3203	5.53092
run_0072.root	59024	-30.0346	6.74974
run_0072.root	60060	-98.4682	6.378
run_0072.root	60807	-9.47198	5.96904
run_0072.root	62130	-60.548	6.4453
run_0072.root	63800	-48.548	6.81459
run_0072.root	64964	-15.7897	6.43521
run_0072.root	65856	-42.2996	6.14807
run_0072.root	67356	-4.54098	5.67714
run_0072.root	68040	-13.5104	5.81664
run_0072.root	69265	-34.287	6.90286
run_0072.root	70189	-57.5897	6.29378
run_0072.root	70636	-12.5804	5.76316
run_0072.root	70888	-44.8866	5.79738
run_0072.root	72152	-55.896	6.27478
run_0072.root	73339	-49.7326	6.40864
run_0072.root	74336	-36.9985	6.23293
run_0072.root	74668	-18.726	6.31464
run_0072.root	76319	-11.8491	5.88314
run_0072.root	77471	-9.91476	5.9572
run_0072.root	78434	-3.86759	5.78039
run_0072.root	79055	-4.9194	6.41807
run_0072.root	80183	-29.9822	6.07087
run_0072.root	81052	-5.1616	5.73573
run_0072.root	82027	-42.1189	6.13224
run_0073.root	396	-8.58152	6.3436
run_0073.root	978	-11.7395	6.31602
run_0073.root	2558	-8.7068	6.45716
run_0073.root	2559	-8.7068	6.45716
run_0073.root	4568	-16.2797	6.24029
run_0073.root	4661	-10.8599	5.86157
run_0073.root	4693	26.0203	5.87805
run_0073.root	8033	-65.2481	5.83935
run_0073.root	8743	-17.2321	6.98401
run_0073.root	10903	-47.0646	5.49968
run_0073.root	11211	-72.9413	6.12768
run_0073.root	13511	-18.7422	6.26754
run_0073.root	14400	-5.70026	5.95393
run_0073.root	16308	-51.8553	6.90957
run_0073.root	17451	-8.67991	5.84778
run_0073.root	17495	-63.2631	6.49923
run_0073.root	18669	-64.3019	6.4118
run_0073.root	19384	-53.9695	6.43478
run_0073.root	19961	-5.79703	5.98836
run_0073.root	20886	-9.93679	6.39572
run_0073.root	21799	-17.0515	6.74458
run_0073.root	22359	-40.4566	6.64822
run_0073.root	23188	-7.43878	5.86792
run_0073.root	24389	-77.1744	6.81658
run_0073.root	27388	-53.3567	6.73855
run_0073.root	28384	-26.1717	6.42735
run_0073.root	29554	-13.0914	5.90029
run_0073.root	30004	-31.4575	6.09632
run_0073.root	30092	-6.52026	6.93966
run_0073.root	30342	7.11818	5.74656
run_0073.root	30507	-9.02694	5.44603
run_0073.root	30508	-9.02694	5.44603
run_0073.root	30848	-7.24978	6.06457
run_0073.root	31260	-10.6087	5.61519
run_0073.root	31764	-30.0126	6.51858
run_0073.root	32858	-23.9569	6.72469
run_0073.root	33103	-27.3973	6.10767
run_0073.root	33536	-6.99893	5.8655
run_0073.root	35523	-48.1421	6.22736
run_0073.root	35524	-48.1421	6.22736
run_0073.root	35868	-8.81698	6.63056
run_0073.root	36350	-9.29438	5.57635
run_0073.root	36711	-5.71027	5.92899
run_0073.root	38852	-12.3945	6.48224
run_0073.root	40426	-5.7404	6.70348
run_0073.root	43727	-26.4853	5.57461
run_0073.root	45006	-13.4444	5.90492
run_0073.root	45930	-46.2819	6.32786
run_0073.root	46317	-51.8386	5.57648
run_0073.root	47203	-7.91264	6.57314
run_0073.root	47484	-48.1962	7.05534
run_0073.root	49624	-50.7499	6.6335
run_0073.root	49698	-7.77422	6.84856
run_0073.root	50091	-52.5996	6.60302
run_0073.root	50798	-47.7974	5.56084
run_0073.root	50799	-11.3159	6.71275
run_0073.root	52139	-59.1982	6.73721
run_0073.root	52175	-51.2238	6.30342
run_0073.root	53171	-12.8541	6.24111
run_0073.root	53962	-57.4014	6.42118
run_0073.root	54903	-54.4942	6.24232
run_0073.root	55278	-21.6151	6.02029
run_0073.root	55477	-60.8702	6.50382
run_0073.root	57059	-53.1893	5.94482
run_0073.root	64845	-35.6373	5.67403
run_0073.root	66389	-55.2272	6.16924
run_0073.root	67978	-20.3315	6.52572
run_0073.root	69194	-52.2036	6.21411
run_0073.root	70975	-14.2142	5.37754
run_0073.root	71953	-43.734	6.02633
run_0073.root	75362	-9.52647	6.31078
run_0073.root	76726	-9.19745	5.84146
run_0073.root	77693	-15.1946	6.65428
run_0073.root	78433	-19.2331	5.73205
run_0073.root	80534	-14.7226	5.94344
run_0073.root	80572	-13.8683	6.22232
run_0073.root	80769	-12.2316	6.90031
run_0074.root	892	-53.0024	6.82754
run_0074.root	1014	-26.508	6.14748
run_0074.root	6285	-41.466	6.80992
run_0074.root	6788	-13.0828	6.01217
run_0074.root	7747	-12.6526	6.4118
run_0074.root	8892	-13.842	5.97423
run_0074.root	10236	-59.1962	6.97104
run_0074.root	12734	-10.4015	5.39922
run_0074.root	13430	-11.6076	6.61413
run_0074.root	15097	-77.2653	6.83917
run_0074.root	15447	-3.51744	5.58288
run_0074.root	21300	-31.5871	6.67733
run_0074.root	21951	-24.9137	5.54884
run_0074.root	23100	-47.791	6.17341
run_0074.root	26667	-45.223	6.04445
run_0074.root	26872	-72.7247	5.74786
run_0074.root	28142	-11.7171	6.8026
run_0074.root	28343	-2.79602	5.98886
run_0074.root	28701	-9.77741	5.74456
run_0074.root	29874	-49.8373	6.58433
run_0074.root	29927	-7.87385	6.93676
run_0074.root	30371	-20.6599	6.97762
run_0074.root	31658	-63.4559	5.73188
run_0074.root	31969	-13.9536	6.27779
run_0074.root	33078	-32.1317	6.23313
run_0074.root	34596	-16.8788	6.53532
run_0074.root	34647	-29.784	6.24531
run_0074.root	42480	-32.0253	6.23985
run_0074.root	47771	-8.37433	6.79132
run_0074.root	48108	-4.54896	5.37655
run_0074.root	48222	-13.3139	5.60821
run_0074.root	49248	-113.166	5.67902
run_0074.root	50509	-5.52371	5.85819
run_0074.root	51895	-7.24587	6.4062
run_0074.root	52753	-58.3543	6.04803
run_0074.root	53191	-42.5045	6.17875
run_0074.root	53192	-42.5045	6.17875
run_0074.root	56946	-13.9131	6.46861
run_0074.root	58623	-8.15273	5.75917
run_0074.root	58954	-6.1215	6.94501
run_0074.root	60114	-50.8336	6.66612
run_0074.root	60425	-12.8972	5.79727
run_0074.root	60536	-17.7935	6.57782
run_0074.root	63815	-17.8687	5.84868
run_0074.root	67456	-62.2566	6.65152
run_0074.root	67818	-49.7241	5.34783
run_0074.root	68275	-33.8107	6.11882
run_0074.root	68636	-83.2207	6.65021
run_0074.root	70404	-17.711	6.25881
run_0074.root	71346	-61.6019	6.60778
run_0074.root	73061	-56.3915	6.22248
run_0074.root	74010	-40.1982	5.86414
run_0074.root	75006	-111.493	6.51457
run_0074.root	76011	-23.9361	7.0294
run_0074.root	76390	-5.85803	6.26416
run_0074.root	77147	-31.2909	6.16835
run_0074.root	82846	-32.5063	6.31893
run_0075.root	384	-59.3128	6.57636
run_0075.root	893	-35.3332	5.73152
run_0075.root	5841	-58.803	5.90447
run_0075.root	6123	-72.1497	5.7181
run_0075.root	6126	-31.0279	6.69872
run_0075.root	6838	-15.3989	5.7697
run_0075.root	7292	-9.72302	6.54053
run_0075.root	14219	-89.2677	5.82494
run_0075.root	15627	-12.3928	5.97573
run_0075.root	18615	-13.9113	6.3388
run_0075.root	20157	-11.2549	6.44807
run_0075.root	21228	-74.3411	6.4838
run_0075.root	21252	-20.286	6.87377
run_0075.root	21897	-3.92143	6.67685
run_0075.root	24201	-48.7805	5.95205
run_0075.root	26330	-8.47353	5.87324
run_0075.root	32659	-47.8178	7.1462
run_0075.root	32748	-70.5975	5.70979
run_0075.root	33022	-48.7647	6.40202
run_0075.root	33199	-47.1535	5.92651
run_0075.root	33449	-17.5832	5.7205
run_0075.root	35428	-57.0533	6.53569
run_0075.root	36393	-9.70557	6.25886
run_0075.root	36417	-84.4716	6.31071
run_0075.root	36715	-31.6433	6.39975
run_0075.root	37180	-6.06416	5.56279
run_0075.root	38895	-13.201	6.70103
run_0075.root	43792	-43.8206	6.2598
run_0075.root	46661	-43.3699	5.58318
run_0075.root	50662	-72.5583	6.47766
run_0075.root	50810	-3.69823	6.66601
run_0075.root	53950	-13.2748	6.63302
run_0075.root	54317	-63.5257	5.44927
run_0075.root	56085	-43.4307	5.56841
run_0075.root	56590	-16.9605	6.20426
run_0075.root	56781	-53.9272	6.40209
run_0075.root	62187	-42.264	6.75665
run_0075.root	62632	-43.8847	6.94903
run_0075.root	64377	27.4647	6.62552
run_0075.root	64390	-59.4616	7.16023
run_0075.root	64642	-51.8414	6.6422
run_0075.root	69017	-54.6812	6.34808
run_0075.root	69532	-10.5796	6.92185
run_0075.root	69592	-50.7721	5.99421
run_0075.root	71097	-6.32418	6.29571
run_0075.root	71977	-78.4935	6.29108
run_0075.root	77121	-25.2409	5.77453
run_0076.root	5073	-28.041	5.99112
run_0076.root	6114	-12.6111	6.14808
run_0076.root	12578	-52.0265	5.45236
run_0076.root	14080	-10.2727	5.69076
run_0076.root	15011	-8.6035	6.45622
run_0076.root	17830	-17.2519	6.14054
run_0076.root	18814	-14.852	5.85118
run_0076.root	19928	-15.513	6.27041
run_0076.root	22578	-15.0908	6.14033
run_0076.root	23407	-5.23859	5.67005
run_0076.root	24180	-7.80114	5.67464
run_0076.root	25201	-12.8664	5.70891
run_0076.root	27203	-18.5705	6.75823
run_0076.root	29930	-6.95606	5.88272
run_0076.root	30327	-8.23398	5.41432
run_0076.root	30759	-41.4033	6.5245
run_0076.root	35528	-43.2872	6.7414
run_0076.root	37749	-18.9228	6.52872
run_0076.root	40634	-7.14884	6.76441
run_0076.root	41213	-67.6205	6.64458
run_0076.root	46302	-22.3118	6.9011
run_0076.root	46464	-20.2037	6.52811
run_0076.root	47711	-15.4913	6.85669
run_0076.root	47887	-20.689	6.69504
run_0076.root	49139	-89.1531	6.94814
run_0076.root	51446	-7.59642	5.53661
run_0076.root	51737	-8.76411	6.0856
run_0076.root	52243	-17.5447	5.85596
run_0076.root	52760	14.9278	6.57985
run_0076.root	55201	-13.6195	5.42866
run_0076.root	56237	-13.4424	6.30353
run_0076.root	56394	-12.0997	6.32537
run_0076.root	56395	-12.0997	6.32537
run_0076.root	61673	-10.7504	6.1016
run_0076.root	62473	-32.6748	6.08623
run_0076.root	66866	-29.2458	6.59621
run_0076.root	76981	-7.22793	5.62495
run_0076.root	77632	-11.7416	6.15924
run_0076.root	78071	-51.3451	6.94575
run_0076.root	78638	-10.4564	6.20101
run_0077.root	67	-8.86302	6.39378
run_0077.root	2281	-16.5599	5.99468
run_0077.root	2362	-18.7934	6.25672
run_0077.root	2742	-46.7656	6.76496
run_0077.root	3362	-30.2394	5.71594
run_0077.root	4182	-36.1446	6.08793
run_0077.root	6750	-42.9801	6.59173
run_0077.root	8479	-16.0541	6.12717
run_0077.root	9120	-6.53269	5.80153
run_0077.root	12653	-55.4926	6.22092
run_0077.root	13392	-19.2343	6.93497
run_0077.root	14113	-36.9951	6.50019
run_0077.root	14544	-43.2575	6.48454
run_0077.root	16837	-5.47892	7.03762
run_0077.root	19398	-14.8555	6.11771
run_0077.root	19637	-31.1887	6.6524
run_0077.root	19884	-13.7226	5.57114
run_0077.root	22975	-12.3469	5.5748
run_0077.root	23800	-18.0833	6.16045
run_0077.root	28756	-17.2854	6.62048
run_0077.root	29289	-12.8268	6.51592
run_0077.root	32038	-13.1489	5.51725
run_0077.root	33594	-17.8959	6.43168
run_0077.root	34566	-10.386	6.14418
run_0077.root	35662	-4.78083	6.04513
run_0077.root	38429	-13.16	6.43985
run_0077.root	40023	-34.9254	6.56188
run_0077.root	40425	-13.7911	6.58746
run_0077.root	40822	-47.2779	6.53021
run_0077.root	42185	-7.52825	6.0287
run_0077.root	42790	-74.0956	5.72624
run_0077.root	43043	-13.7756	6.96923
run_0077.root	45469	-40.2846	5.73826
run_0077.root	47010	-19.495	5.71241
run_0077.root	47238	-55.9096	6.25036
run_0077.root	53305	-32.6219	5.51386
run_0077.root	55004	-16.6511	6.00612
run_0077.root	55034	-22.7583	5.97825
run_0077.root	58536	-43.7881	5.93123
run_0077.root	59039	-57.8716	6.5252
run_0077.root	60007	-14.3152	6.29333
run_0077.root	60413	-16.0692	6.90896
run_0077.root	63118	-4.93923	6.26376
run_0077.root	66598	-11.3642	5.50778
run_0077.root	66755	-15.9698	7.04621
run_0077.root	66881	-17.6371	6.09137
run_0077.root	68453	-61.2494	6.42912
run_0077.root	68526	-4.20013	6.73452
run_0077.root	68789	-49.8103	5.87946
run_0077.root	70666	-15.2029	6.44841
run_0077.root	71058	-55.415	5.86747
run_0077.root	72062	9.60351	6.88789
run_0077.root	72282	-38.4023	6.28889
run_0077.root	75723	-35.4415	6.09038
run_0077.root	76659	-73.159	6.03848
run_0077.root	78249	-57.7421	6.27616
run_0077.root	80653	-54.3216	6.84253
run_0077.root	80674	-53.8922	6.73506
run_0077.root	80963	-5.26066	5.81549
run_0078.root	184	-55.0977	6.55813
run_0078.root	1071	-7.16651	6.72235
run_0078.root	1705	-9.77557	6.15714
run_0078.root	3367	-59.5848	6.90305
run_0078.root	3607	-18.4114	6.61218
run_0078.root	6640	-5.33499	6.31078
run_0078.root	7440	-6.35445	5.92053
run_0078.root	7974	-22.0299	5.40007
run_0078.root	8412	-33.3947	6.40922
run_0078.root	9313	-55.9138	5.71644
run_0078.root	9926	-59.5235	6.14931
run_0078.root	10466	-10.9457	6.58237
run_0078.root	11356	-48.9167	6.30872
run_0078.root	11775	-66.3064	5.47443
run_0078.root	13451	-108.405	6.52331
run_0078.root	13488	-13.9199	5.60498
run_0078.root	14294	-10.9825	6.78799
run_0078.root	15006	-18.4064	6.47437
run_0078.root	15086	-7.78194	6.18304
run_0078.root	16694	-40.9647	6.95247
run_0078.root	17815	-21.5627	6.53525
run_0078.root	18079	-6.46184	5.70182
run_0078.root	19028	-51.324	6.20716
run_0078.root	20827	-48.7669	5.93029
run_0078.root	22010	-25.1629	6.09183
run_0078.root	22173	-83.4963	5.43132
run_0078.root	25215	-31.8233	6.26011
run_0078.root	25216	-31.8233	6.26011
run_0078.root	28709	-15.0855	6.4185
run_0078.root	28821	-4.21346	5.68168
run_0078.root	30034	-14.5371	5.83468
run_0078.root	30877	-11.2223	7.04335
run_0078.root	32092	-25.8228	6.43931
run_0078.root	33255	-11.2086	6.26849
run_0078.root	34788	-4.37198	5.54219
run_0078.root	36141	17.3674	6.05653
run_0078.root	36416	-72.5985	5.95137
run_0078.root	38341	-46.2309	6.21076
run_0078.root	45999	-17.86	5.5216
run_0078.root	48715	-34.2324	6.24359
run_0078.root	49031	-16.3249	6.09431
run_0078.root	51341	-51.5944	6.33199
run_0078.root	51802	-16.5654	6.03235
run_0078.root	51930	-80.9045	5.59181
run_0078.root	55195	-15.3765	6.51622
run_0078.root	55196	-15.3765	6.51622
run_0078.root	55888	-25.2192	6.65661
run_0078.root	61936	-16.2735	5.70854
run_0078.root	62058	-8.26914	6.81461
run_0078.root	64155	-12.9834	5.78016
run_0078.root	66594	-36.2685	5.36866
run_0078.root	67392	-47.1606	5.71347
run_0078.root	68609	-11.2082	6.6073
run_0078.root	71907	-7.68477	6.58269
run_0078.root	73406	-11.0991	6.33808
run_0078.root	74301	-50.7269	6.30677
run_0078.root	74518	-58.7388	6.79006
run_0079.root	2179	-9.63903	6.50666
run_0079.root	2297	-68.5602	6.49576
run_0079.root	3067	-72.1612	5.99102
run_0079.root	4715	10.6411	5.62389
run_0079.root	6939	-52.8152	6.54842
run_0079.root	7793	-4.66972	6.0461
run_0079.root	7807	-9.42089	6.81576
run_0079.root	9045	-17.8595	5.72191
run_0079.root	11443	-45.5295	5.39605
run_0079.root	12216	-19.2709	5.93955
run_0079.root	13586	-47.1705	6.01438
run_0079.root	14368	-61.4447	6.34984
run_0079.root	18796	-18.0047	6.57345
run_0079.root	19716	-18.2031	5.6059
run_0079.root	22122	-13.826	5.83705
run_0079.root	22658	-20.4511	6.79117
run_0079.root	22928	-40.4395	5.76345
run_0079.root	25971	-54.0814	6.51892
run_0079.root	26330	-57.891	6.30036
run_0079.root	26683	-9.82298	5.61066
run_0079.root	28224	-8.3174	5.77577
run_0079.root	29929	-8.35402	5.48757
run_0079.root	32630	-13.6414	5.85682
run_0079.root	32795	-15.6078	5.8756
run_0079.root	32921	-19.4579	7.00388
run_0079.root	36338	-15.4739	6.96828
run_0079.root	36725	-37.4568	5.34632
run_0079.root	39182	-9.4885	6.25432
run_0079.root	39471	-18.7297	6.7256
run_0079.root	41047	-61.3963	6.36558
run_0079.root	43444	-42.2872	5.70465
run_0079.root	44678	-21.8772	5.992
run_0079.root	46073	-7.35832	6.43055
run_0079.root	46159	-14.4923	7.09918
run_0079.root	46167	-32.7168	5.67037
run_0079.root	47856	-38.0245	6.2986
run_0079.root	49734	-7.52692	6.4157
run_0079.root	50900	-63.1564	6.36637
run_0079.root	51106	-15.6554	6.07583
run_0079.root	53270	-13.3303	6.40387
run_0079.root	55355	-5.78792	5.4559
run_0079.root	56615	-47.932	5.57464
run_0079.root	57074	-45.7933	6.70805
run_0079.root	57110	-28.8014	6.72123
run_0079.root	57737	-4.52069	6.51181
run_0079.root	58919	-61.0721	5.39431
run_0079.root	59579	-9.75166	6.48128
run_0079.root	59772	-15.9757	5.96878
run_0079.root	61359	-7.17748	6.58934
run_0079.root	64405	-6.79231	5.92752
run_0079.root	65299	-60.5974	6.99044
run_0079.root	65854	-9.02314	6.7131
run_0079.root	66178	-8.0216	6.05047
run_0080.root	39	-13.5547	6.53764
run_0080.root	3185	-48.5216	5.4365
run_0080.root	5138	-49.6508	5.69396
run_0080.root	5734	-61.3894	6.09721
run_0080.root	6798	-6.95485	6.07573
run_0080.root	11338	-23.0527	6.89463
run_0080.root	14241	-71.8074	6.03896
run_0080.root	14935	-11.2643	6.96263
run_0080.root	15005	-19.7078	6.20923
run_0080.root	15463	-40.932	6.46116
run_0080.root	15970	-14.3266	6.97364
run_0080.root	16739	-3.61034	6.41433
run_0080.root	16769	-10.15	5.75818
run_0080.root	22590	-12.1707	6.01112
run_0080.root	25998	-11.6693	6.17797
run_0080.root	28543	-44.9546	6.44449
run_0080.root	30437	-5.20282	6.18434
run_0080.root	32605	-64.7982	6.77071
run_0080.root	33139	-24.8248	6.16925
run_0080.root	33884	-65.9714	6.11064
run_0080.root	34433	-10.1659	5.59932
run_0080.root	36909	-11.4881	6.46162
run_0080.root	43743	-44.6302	6.11868
run_0080.root	44259	-66.0268	6.16956
run_0080.root	46117	-82.6043	6.83222
run_0080.root	48625	-42.9501	5.93093
run_0080.root	50494	-18.767	5.9613
run_0080.root	51707	-15.4922	6.33399
run_0080.root	51985	-10.0484	6.86554
run_0080.root	52302	-48.5385	6.04531
run_0080.root	54093	-7.54155	5.87022
run_0080.root	54912	-10.8802	5.60342
run_0080.root	55910	-5.69067	5.39979
run_0080.root	55928	-10.5448	5.87705
run_0080.root	57199	-36.5182	6.74814
run_0080.root	57285	-46.6246	5.55182
run_0080.root	59200	-11.6164	5.68255
run_0081.root	1753	-8.15246	6.02194
run_0081.root	4107	-11.4118	6.31592
run_0081.root	4229	-60.5457	6.98771
run_0081.root	6505	-17.2987	7.01477
run_0081.root	7400	-22.9514	6.03355
run_0081.root	8284	-61.9096	6.9255
run_0081.root	9082	-20.0732	6.28229
run_0081.root	9385	-11.4021	6.42238
run_0081.root	13641	-17.3172	5.5792
run_0081.root	14153	-5.96734	6.80855
run_0081.root	15443	-13.1717	6.34798
run_0081.root	16704	-60.1609	6.50365
run_0081.root	16744	-13.9673	5.42327
run_0081.root	17812	18.704	6.60916
run_0081.root	18583	-32.6728	6.23606
run_0081.root	18726	-6.62202	5.65972
run_0081.root	20244	-12.9951	6.15082
run_0081.root	21533	-7.40781	5.87583
run_0081.root	22813	-46.6735	6.55455
run_0081.root	23684	-17.0915	6.84547
run_0081.root	24467	-27.6216	7.14315
run_0081.root	26278	-13.6255	5.96301
run_0081.root	27897	-10.7283	5.87281
run_0081.root	29945	-11.1481	6.63037
run_0081.root	30833	-11.8798	5.85295
run_0081.root	32514	-64.9286	5.6231
run_0081.root	33115	-17.4797	6.11536
run_0081.root	35546	-9.15084	5.9192
run_0081.root	37307	-11.7532	6.30505
run_0081.root	38108	-58.4364	6.76554
run_0081.root	38236	-11.6998	5.94083
run_0081.root	43143	-44.7607	6.38631
run_0081.root	44209	-48.215	6.74976
run_0081.root	44691	-10.9983	5.54661
run_0081.root	45464	-46.0397	5.66368
run_0081.root	45544	-17.5308	7.11059
run_0081.root	45964	-27.6583	6.80936
run_0081.root	46371	-14.2047	6.05434
run_0081.root	47689	-48.2172	5.3904
run_0081.root	48117	-32.2621	5.57836
run_0081.root	50222	-27.7118	5.8997
run_0081.root	52130	-11.4934	5.82204
run_0081.root	52395	-44.8679	6.38687
run_0081.root	53192	-8.90706	6.9422
run_0081.root	54136	-12.3506	5.86672
run_0081.root	55626	-59.3206	6.95828
run_0081.root	55928	-39.285	5.88837
run_0082.root	75	-5.81442	6.66945
run_0082.root	888	-8.89005	5.99328
run_0082.root	4012	-6.20802	5.9626
run_0082.root	4098	-55.816	6.09458
run_0082.root	4995	-85.6617	6.2295
run_0082.root	5895	-72.3057	6.31761
run_0082.root	6962	-58.7796	6.67458
run_0082.root	7278	-52.8657	6.11347
run_0082.root	8320	-6.05264	5.56495
run_0082.root	9133	-53.7248	6.63549
run_0082.root	10522	-16.112	5.96159
run_0082.root	10813	-52.1495	6.66009
run_0082.root	12676	-50.6682	6.67872
run_0082.root	14283	-4.90241	6.09433
run_0082.root	16157	-16.5384	5.42876
run_0082.root	16767	-60.3995	6.12085
run_0082.root	17483	-52.1172	7.00678
run_0082.root	17890	-15.1571	5.95818
run_0082.root	21329	-7.72924	5.61865
run_0082.root	21815	-54.9879	6.41264
run_0082.root	23181	-7.15926	6.38191
run_0082.root	24478	-13.3657	6.25684
run_0082.root	28253	-29.9225	6.28262
run_0082.root	28703	-52.5359	6.22059
run_0082.root	31260	-39.0563	5.76358
run_0082.root	31685	-71.212	6.64049
run_0082.root	32503	-48.8767	6.58309
run_0082.root	33083	-53.2858	6.39064
run_0082.root	34864	-6.63944	5.63285
run_0082.root	35232	-2.11512	5.77667
run_0082.root	37980	-8.77596	6.57794
run_0082.root	38418	-21.1294	7.02595
run_0082.root	41361	-16.8132	6.06214
run_0082.root	41448	-49.9989	6.59362
run_0082.root	41902	-15.7559	6.95266
run_0082.root	43848	-19.0241	5.3538
run_0082.root	47390	-13.8236	6.46895
run_0082.root	48608	-18.6528	6.80438
run_0082.root	49440	-33.0709	5.69708
run_0082.root	49441	-33.0709	5.69708
run_0082.root	49769	-14.6214	7.05459
run_0082.root	51084	-44.1705	6.12254
run_0082.root	52284	-22.5173	6.4417
run_0082.root	52490	-7.62422	6.3817
run_0082.root	53997	-12.9297	6.20137
run_0082.root	54659	-16.1562	6.96439
run_0082.root	54887	-58.2724	6.46492
run_0082.root	55345	-15.2056	5.69897
run_0082.root	55826	-61.5943	6.36893
run_0082.root	60253	-11.3813	5.51925
run_0083.root	3615	-49.9249	7.13722
run_0083.root	4413	-15.4493	6.68507
run_0083.root	4535	-56.7389	6.28834
run_0083.root	4797	-17.6287	6.13292
run_0083.root	6153	-10.8709	5.35702
run_0083.root	6549	-18.7699	5.66273
run_0083.root	7525	-23.3707	6.9227
run_0083.root	13249	-14.6876	5.8486
run_0083.root	14569	-46.1589	6.93202
run_0083.root	17295	-6.31765	6.71433
run_0083.root	17411	-24.6281	6.94547
run_0083.root	17887	-54.4199	6.57713
run_0083.root	18708	-15.2509	5.96207
run_0083.root	22131	-17.3913	6.84633
run_0083.root	25766	-69.3167	5.51283
run_0083.root	28424	-50.924	6.4754
run_0083.root	29289	-12.079	6.47801
run_0083.root	30104	-9.20051	5.53492
run_0083.root	30229	-5.03839	5.80252
run_0083.root	30987	-60.4025	6.54274
run_0083.root	33769	-59.9705	7.01312
run_0083.root	34910	-7.64996	6.55632
run_0083.root	39279	-14.7139	5.95168
run_0083.root	39413	-47.6644	6.45351
run_0083.root	39994	-84.2854	6.82821
run_0083.root	41043	-43.2354	5.60461
run_0083.root	41290	-11.4474	7.09642
run_0083.root	42033	-55.2595	7.04525
run_0083.root	42732	-59.3706	6.30725
run_0083.root	42873	-17.4575	5.80976
run_0083.root	43719	-75.0996	5.61074
run_0083.root	48210	-61.7657	6.50824
run_0083.root	50348	-53.0169	6.32018
run_0083.root	51027	-20.5389	6.19913
run_0083.root	55355	-75.636	6.46894
run_0083.root	57188	-54.4158	6.55583
run_0083.root	60276	-42.0255	6.74457
run_0083.root	62017	-4.2881	6.6211
run_0083.root	62347	-18.9455	6.83114
run_0084.root	981	-50.1179	6.19439
run_0084.root	1258	-12.1473	6.76431
run_0084.root	2359	-53.271	6.66642
run_0084.root	4284	-11.0409	6.71003
run_0084.root	5230	-57.5983	7.033
run_0084.root	6497	-39.6884	6.78374
run_0084.root	10339	-58.5006	5.9599
run_0084.root	10406	-6.05303	6.13488
run_0084.root	10566	-84.8107	6.51789
run_0084.root	11291	-12.5053	5.6079
run_0084.root	11323	-8.71576	5.93183
run_0084.root	13101	-21.7027	6.91808
run_0084.root	14905	-79.6702	6.77366
run_0084.root	16179	-54.2101	5.54595
run_0084.root	19060	-26.793	6.75317
run_0084.root	19909	-53.2389	6.8367
run_0084.root	20250	-8.18799	5.78845
run_0084.root	22130	10.9587	6.59485
run_0084.root	22533	-12.2496	5.41986
run_0084.root	23921	-12.4669	6.90616
run_0084.root	24029	-11.6525	5.96353
run_0084.root	26070	-5.46444	5.85563
run_0084.root	30763	-16.3034	5.65093
run_0084.root	32353	-79.1473	6.84647
run_0084.root	32721	-13.7223	5.83481
run_0084.root	37278	-78.1128	6.22504
run_0084.root	37721	-9.42631	6.12911
run_0084.root	38934	-9.76574	6.31924
run_0084.root	39795	-58.1859	5.84599
run_0084.root	44218	-25.3473	6.40781
run_0084.root	44316	-17.0233	7.13836
run_0084.root	45563	-67.7969	6.6638
run_0084.root	47595	-25.2929	6.08304
run_0084.root	48705	-14.0372	5.51387
run_0084.root	49401	-8.37527	6.031
run_0084.root	49521	-50.7482	6.24877
run_0084.root	49812	-5.94044	6.89082
run_0084.root	53257	-14.6753	6.42542
run_0084.root	57090	-15.1067	5.93978
run_0084.root	57391	-28.2754	5.81963
run_0084.root	58011	-30.1075	7.02524
run_0084.root	58174	-66.2658	6.86922
run_0084.root	58565	-21.6014	5.38513
run_0084.root	58868	-8.07974	6.1963
run_0084.root	63779	-9.23888	6.45129
run_0084.root	64952	-9.33165	6.41961
run_0084.root	66062	-6.48437	6.01729
run_0084.root	67302	-13.7456	5.66376
run_0085.root	12	-46.8089	6.10137
run_0085.root	1057	-12.2349	6.00682
run_0085.root	1215	-11.6781	5.81509
run_0085.root	1785	-15.8784	6.68841
run_0085.root	9552	-8.79814	6.38718
run_0085.root	11682	-9.50321	6.26128
run_0085.root	11770	-43.969	6.77597
run_0085.root	13938	13.0485	5.4463
run_0085.root	13969	-20.554	5.80578
run_0085.root	19224	-14.3317	5.9284
run_0085.root	19686	-16.6952	6.52015
run_0085.root	19774	-51.2098	6.20114
run_0085.root	21750	-77.9672	6.5844
run_0085.root	22624	-62.5388	6.65504
run_0085.root	22805	-47.6054	6.03156
run_0085.root	26140	-29.2791	6.38794
run_0085.root	27165	-18.6932	6.28998
run_0085.root	27320	-16.3621	6.92057
run_0085.root	28760	-36.1324	6.1138
run_0085.root	30922	-14.2368	6.73847
run_0085.root	32401	-55.8818	6.43208
run_0085.root	34309	-25.6794	7.03895
run_0085.root	34459	-46.9389	6.19037
run_0085.root	35346	-28.2702	6.30146
run_0085.root	39041	-15.4579	6.27315
run_0085.root	40554	-9.32404	6.47988
run_0085.root	41262	-50.6716	6.46837
run_0085.root	41365	-24.9902	6.76643
run_0085.root	43165	-63.1873	6.42017
run_0085.root	45219	-82.1851	5.443
run_0085.root	46798	-18.3122	5.75001
run_0085.root	47279	-9.53916	6.45999
run_0085.root	47621	-15.2171	5.90122
run_0085.root	49465	-17.0216	6.10532
run_0085.root	50641	-19.4004	6.21923
run_0085.root	52179	-32.9248	5.99567
run_0085.root	52654	-57.2022	6.55793
run_0085.root	53187	-40.3432	6.19307
run_0085.root	54231	-13.5804	5.55127
run_0085.root	55581	-24.8165	6.25598
run_0085.root	56419	-12.0849	6.65691
run_0085.root	56467	-19.9796	5.93781
run_0085.root	56523	-14.3103	6.38539
run_0085.root	56907	-10.4936	5.3485
run_0085.root	57070	-8.25637	7.0848
run_0085.root	57756	-69.8727	6.26691
run_0085.root	58296	-58.8108	6.63544
run_0085.root	58539	-48.8521	6.5363
run_0085.root	60747	-56.4896	6.38652
run_0085.root	61003	-5.79645	6.44092
run_0085.root	61231	-8.57047	5.57075
run_0085.root	62629	-9.71194	6.49662
run_0085.root	65027	-11.4428	7.08708
run_0086.root	526	-10.0154	6.48776
run_0086.root	1259	-50.6283	6.65425
run_0086.root	1428	-37.1032	6.95971
run_0086.root	4985	-50.7853	6.47452
run_0086.root	5304	-83.5363	6.36417
run_0086.root	6094	-4.88311	6.45906
run_0086.root	7264	-31.8356	5.78698
run_0086.root	7692	-58.657	5.46542
run_0086.root	10624	-68.7117	6.18655
run_0086.root	10776	-7.77259	6.13881
run_0086.root	12476	-16.1213	5.73966
run_0086.root	13250	-12.912	5.73632
run_0086.root	13437	-11.0534	6.63261
run_0086.root	13899	-10.6762	6.10997
run_0086.root	14110	-12.3047	5.58087
run_0086.root	15085	-14.073	6.74079
run_0086.root	15620	-50.0032	6.68751
run_0086.root	15685	-33.6208	6.13364
run_0086.root	15838	-9.91251	5.92255
run_0086.root	18299	-51.1933	6.27748
run_0086.root	18410	-7.87327	6.58628
run_0086.root	18867	-9.94375	5.56428
run_0086.root	19889	-51.9705	5.92074
run_0086.root	20115	-9.00415	6.02765
run_0086.root	20920	-64.6265	6.66953
run_0086.root	21026	-49.2759	6.54707
run_0086.root	21542	-51.4171	6.94725
run_0086.root	23648	7.8244	5.83213
run_0086.root	27983	-10.0532	5.94245
run_0086.root	28165	18.2102	5.8744
run_0086.root	29036	-19.4175	6.47118
run_0086.root	29793	-20.5157	5.73171
run_0086.root	30239	-8.48247	5.79435
run_0086.root	30700	-25.1207	6.48556
run_0086.root	34268	-14.9058	5.8012
run_0086.root	36076	-28.5658	5.87275
run_0086.root	37187	-55.0451	6.03199
run_0086.root	37290	-8.33324	5.85599
run_0086.root	38312	-34.4899	6.38728
run_0086.root	39419	-8.26211	6.39418
run_0086.root	39614	-50.2885	6.71948
run_0086.root	40922	-50.0989	6.28642
run_0086.root	41230	-58.8717	5.9844
run_0086.root	42730	-11.8561	6.18181
run_0086.root	44750	-69.8809	6.78082
run_0086.root	45224	-47.3621	5.55581
run_0086.root	48896	-22.34	6.11314
run_0086.root	48897	-53.0793	6.27514
run_0086.root	49386	-55.8068	5.78877
run_0086.root	53288	-13.3601	6.82516
run_0086.root	54295	-15.5229	6.04151
run_0086.root	56451	-6.13434	7.06684
run_0086.root	56912	-54.8745	6.62103
run_0086.root	57094	-18.8217	6.50934
run_0086.root	59670	-14.6944	6.75446
run_0086.root	60937	-9.0108	5.58475
run_0086.root	61644	-57.8057	6.58932
run_0086.root	63084	-10.6879	6.12886
run_0086.root	65976	-49.4231	5.92618
run_0086.root	66072	-52.7614	6.18948
run_0086.root	66278	-8.58286	5.59802
run_0086.root	71604	-6.3143	5.93374
run_0086.root	73439	-33.5748	6.18125
run_0086.root	74244	-4.88981	6.55926
run_0086.root	76438	-14.4567	5.75762
run_0086.root	81268	-15.5316	6.01255
run_0086.root	81269	-15.5316	6.01255
run_0086.root	81270	-15.5316	6.01255
run_0086.root	81271	-15.5316	6.01255
run_0086.root	81272	-15.5316	6.01255
run_0086.root	81273	-15.5316	6.01255
run_0086.root	81274	-15.5316	6.01255
run_0086.root	81275	-15.5316	6.01255
run_0086.root	81276	-15.5316	6.01255
run_0086.root	81277	-15.5316	6.01255
run_0086.root	81278	-15.5316	6.01255
run_0086.root	81279	-15.5316	6.01255
run_0086.root	81280	-15.5316	6.01255
run_0086.root	82076	-66.9909	6.57218
run_0086.root	82077	-66.9909	6.57218
run_0086.root	82078	-66.9909	6.57218
run_0086.root	82079	-66.9909	6.57218
run_0086.root	82080	-66.9909	6.57218
run_0086.root	82081	-66.9909	6.57218
run_0086.root	82082	-66.9909	6.57218
run_0086.root	82083	-66.9909	6.57218
run_0086.root	82084	-66.9909	6.57218
run_0086.root	82085	-66.9909	6.57218
run_0086.root	82086	-66.9909	6.57218
run_0086.root	82087	-66.9909	6.57218
run_0086.root	82088	-66.9909	6.57218
run_0086.root	82089	-66.9909	6.57218
run_0086.root	82090	-66.9909	6.57218
run_0086.root	82091	-66.9909	6.57218
run_0086.root	84626	-11.1558	6.48316
run_0086.root	86662	-59.9144	6.06888
run_0086.root	86664	-48.7029	5.82622
run_0086.root	88918	-12.3111	5.55846
run_0086.root	92191	-39.5816	6.42815
run_0086.root	93002	-20.4426	6.52888
run_0086.root	93034	-13.8913	5.75077
run_0086.root	94026	-18.6033	5.40433
run_0087.root	1294	-54.0463	6.21708
run_0087.root	1943	-8.55445	5.57841
run_0087.root	2571	-12.3015	5.954
run_0087.root	4438	-17.8402	6.47412
run_0087.root	5023	-15.9721	6.93573
run_0087.root	7511	-12.4948	7.14759
run_0087.root	7577	-20.7719	6.6061
run_0087.root	7984	-14.3766	5.55939
run_0087.root	8188	-24.1923	6.02498
run_0087.root	9209	-10.4949	6.18354
run_0087.root	10357	-7.10153	5.73431
run_0087.root	11727	-11.9156	5.74858
run_0087.root	11728	-11.9156	5.74858
run_0087.root	12542	-28.1381	6.97495
run_0087.root	13087	-44.9945	5.98201
run_0087.root	15859	-19.16	6.68142
run_0087.root	16939	21.1336	5.77913
run_0087.root	20025	-30.8884	6.03739
run_0087.root	20555	-46.1369	6.38937
run_0087.root	21257	-59.8174	6.37199
run_0087.root	24442	-9.73436	5.82247
run_0087.root	24443	-9.73436	5.82247
run_0087.root	25101	-6.94017	6.71331
run_0087.root	26215	-9.86377	6.84071
run_0087.root	26530	-47.2895	6.57544
run_0087.root	27727	-5.82478	6.90396
run_0087.root	28178	-6.16176	6.31737
run_0087.root	29283	-14.9966	6.47851
run_0087.root	29790	-54.2069	6.87034
run_0087.root	32028	-10.0433	6.10397
run_0087.root	32426	-28.3277	6.42611
run_0087.root	33096	-15.627	6.20252
run_0087.root	34471	-51.3529	6.14072
run_0087.root	37895	-6.26603	6.14512
run_0087.root	38742	-44.5963	5.68797
run_0087.root	39137	-16.9563	5.80492
run_0087.root	39678	-43.2864	6.6767
run_0087.root	40929	-17.7134	5.85601
run_0087.root	44413	-45.204	6.38553
run_0087.root	44516	-29.5929	6.11708
run_0087.root	45726	-29.8358	6.18151
run_0087.root	46227	-6.51616	7.0787
run_0087.root	48714	-8.96976	5.65396
run_0087.root	49011	-44.4968	5.59127
run_0087.root	49155	-12.9325	6.70979
run_0087.root	51162	-67.5468	6.13516
run_0087.root	52993	-59.919	6.67559
run_0087.root	53766	-13.8143	6.6921
run_0087.root	54276	-49.6581	5.94455
run_0087.root	54957	-11.8777	6.45756
run_0087.root	55062	-63.4404	5.46309
run_0087.root	56559	-65.6581	6.07485
run_0087.root	57278	-59.9269	6.20319
run_0087.root	57279	-59.9269	6.20319
run_0087.root	57312	-67.3692	5.88104
run_0087.root	58619	-17.957	6.91123
run_0087.root	60362	-10.7256	5.85555
run_0087.root	62115	-69.236	5.64311
run_0089.root	1903	-13.504	5.52605
run_0089.root	2089	-14.9196	6.93128
run_0089.root	2483	-12.9114	6.12005
run_0089.root	3141	-50.5057	6.64122
run_0089.root	8344	-51.3942	6.11231
run_0089.root	8868	-8.96369	6.47014
run_0089.root	9239	-19.5776	6.37075
run_0089.root	10704	-17.6053	6.73599
run_0089.root	11685	-9.6375	6.05007
run_0089.root	12011	-54.7996	6.1356
run_0089.root	17617	-52.8542	6.31569
run_0089.root	20044	-6.71126	6.69696
run_0089.root	20334	-23.0569	6.06401
run_0089.root	24187	-11.6811	6.09955
run_0089.root	24722	-56.6262	6.94084
run_0089.root	31158	-13.2765	5.59917
run_0089.root	32768	-53.4971	5.67421
run_0089.root	33742	-15.7634	6.60906
run_0089.root	34274	-18.4305	6.75868
run_0089.root	36816	-53.8875	5.71105
run_0089.root	38626	-70.4809	5.98907
run_0089.root	39798	-3.94072	6.87805
run_0089.root	40773	-14.41	5.94067
run_0089.root	40968	-11.6739	6.33611
run_0089.root	41035	-71.6281	6.29884
run_0089.root	42232	-51.805	5.55581
run_0089.root	44025	-13.0202	6.00683
run_0089.root	44138	-8.78624	5.57879
run_0089.root	46606	-16.6171	5.95675
run_0089.root	47170	-11.3883	5.64328
run_0089.root	47836	-6.65953	6.48308
run_0089.root	48017	-9.07082	6.23346
run_0089.root	48833	-12.2774	5.38047
run_0089.root	49405	-58.0534	6.71247
run_0089.root	51403	-20.9765	6.74594
run_0089.root	51439	-79.2307	6.27538
run_0089.root	52252	-17.1482	6.0569
run_0089.root	53262	-33.3357	5.70353
run_0089.root	54331	-67.3427	6.10445
run_0089.root	54734	-14.3296	5.66616
run_0089.root	56725	-19.041	6.02191
run_0089.root	56841	-15.5477	5.56802
run_0089.root	57367	-16.9982	6.67119
run_0089.root	57954	-6.42567	6.01701
run_0089.root	58823	-14.829	5.62291
run_0089.root	61842	-58.6695	6.0293
run_0089.root	64513	-13.5088	5.5547
run_0090.root	1814	-53.9482	6.51951
run_0090.root	3556	-38.5962	6.65842
run_0090.root	3696	-49.0722	6.65752
run_0090.root	4981	-13.377	6.89147
run_0090.root	5329	-101.411	6.76059
run_0090.root	6954	-10.7097	6.94972
run_0090.root	12856	-8.31878	6.55284
run_0090.root	13060	-14.6771	5.47296
run_0090.root	18311	-7.92044	5.63909
run_0090.root	18868	-79.1194	6.37324
run_0090.root	19049	-110.783	5.97724
run_0090.root	21422	-6.74265	6.00931
run_0090.root	21911	-11.2431	5.85305
run_0090.root	22004	-9.39518	6.59415
run_0090.root	22492	-29.0423	6.11835
run_0090.root	27389	-41.9052	5.71663
run_0090.root	27522	-31.6249	6.66595
run_0090.root	27565	-13.2915	6.58305
run_0090.root	27604	-53.8048	6.53813
run_0090.root	27889	-12.6577	5.86543
run_0090.root	28430	-85.8895	5.90435
run_0090.root	29301	-15.1561	6.36717
run_0090.root	30398	-62.1372	6.7249
run_0090.root	30415	-12.9798	5.41809
run_0090.root	35147	-13.9898	5.46376
run_0090.root	36037	-11.8718	5.87175
run_0090.root	36174	-6.4507	6.31983
run_0090.root	38646	-7.0535	6.70891
run_0090.root	41519	-80.4311	6.063
run_0090.root	43643	-5.18521	5.83007
run_0090.root	44529	-43.5293	6.00215
run_0090.root	45402	-11.8009	5.72932
run_0090.root	48423	-60.5202	7.10262
run_0090.root	48973	-6.53669	5.83867
run_0090.root	51308	-8.24674	5.43052
run_0090.root	54486	-46.9934	5.71472
run_0090.root	57290	-23.6838	6.08221
run_0090.root	57314	-47.4871	6.36069
run_0090.root	59865	-55.0361	5.84957
run_0090.root	60643	-9.8576	6.29338
run_0090.root	60644	-9.8576	6.29338
run_0090.root	61303	-87.7705	6.5134
run_0090.root	63146	-11.0946	6.42698
run_0090.root	66632	-47.9267	6.07762
run_0090.root	68128	-6.06082	6.55232
run_0091.root	224	-61.78	6.14895
run_0091.root	1819	-58.4017	6.8406
run_0091.root	2071	-9.92175	5.39156
run_0091.root	3279	-91.0109	7.05823
run_0091.root	4216	-7.0555	6.13138
run_0091.root	4333	-4.94856	5.41021
run_0091.root	5550	-54.063	6.50614
run_0091.root	7962	-12.2573	6.2661
run_0091.root	8549	-25.9395	6.57007
run_0091.root	9739	-11.1449	5.52248
run_0091.root	10952	-9.43927	6.94236
run_0091.root	11217	-4.51695	6.70151
run_0091.root	11872	-30.4389	6.25608
run_0091.root	12073	-49.3059	6.01158
run_0091.root	12282	9.85041	5.69531
run_0091.root	14625	-11.667	5.74274
run_0091.root	14913	-8.39908	6.13865
run_0091.root	16243	-11.036	6.16288
run_0091.root	17531	-13.112	5.38777
run_0091.root	18066	-5.3129	5.49011
run_0091.root	19627	-3.28193	5.92452
run_0091.root	20066	-26.1083	6.35072
run_0091.root	20530	-13.4042	5.86619
run_0091.root	23599	-44.7755	5.84814
run_0091.root	23851	-13.4113	6.43795
run_0091.root	29447	-7.92223	6.09267
run_0091.root	29518	-26.732	5.7164
run_0091.root	30091	-13.7785	5.86057
run_0091.root	30706	-7.13561	6.53399
run_0091.root	35344	-10.5262	6.90404
run_0091.root	35894	-50.4377	5.65214
run_0091.root	37236	-22.9571	6.12232
run_0091.root	40312	-8.66505	5.55091
run_0091.root	41945	-19.8188	5.71977
run_0091.root	44881	-27.29	6.40623
run_0091.root	44926	-30.8331	5.48675
run_0091.root	45811	-29.6389	6.56227
run_0091.root	47438	-13.2567	6.80031
run_0091.root	48058	-15.8658	5.98198
run_0091.root	48561	-41.3915	5.45364
run_0091.root	50241	-28.953	5.79667
run_0091.root	55392	-56.254	6.14493
run_0091.root	55488	-10.3462	6.0465
run_0091.root	55495	-13.9111	5.76314
run_0091.root	55953	-13.7675	5.86219
run_0091.root	57030	-9.52813	6.23953
run_0091.root	59201	-54.6909	6.06641
run_0092.root	435	-53.6181	6.67055
run_0092.root	3029	-46.2241	5.66164
run_0092.root	4243	-6.41239	5.76066
run_0092.root	6284	-49.2454	7.01127
run_0092.root	8061	-14.706	6.44903
run_0092.root	9296	-5.23224	6.09801
run_0092.root	11749	-7.89508	6.15265
run_0092.root	12034	-57.869	6.89502
run_0092.root	13531	-16.4616	5.66157
run_0092.root	14323	-14.5536	6.56039
run_0092.root	15595	-3.41834	6.54492
run_0092.root	16543	-9.02913	6.36209
run_0092.root	19546	-16.0283	6.96962
run_0092.root	20173	-10.2813	5.53942
run_0092.root	20736	-17.9384	6.4688
run_0092.root	22716	-50.0693	6.06279
run_0092.root	23071	-8.43948	5.98384
run_0092.root	25839	-8.63827	5.63483
run_0092.root	26546	-5.45055	7.0414
run_0092.root	29269	-14.614	6.04514
run_0092.root	29845	-52.4788	5.99318
run_0092.root	30185	-51.7953	6.22137
run_0092.root	32006	-6.69533	5.5769
run_0092.root	33165	-3.98306	6.93548
run_0092.root	34115	-32.6599	6.74963
run_0092.root	35081	-55.4234	6.40663
run_0092.root	35082	-55.4234	6.40663
run_0092.root	35571	-8.06234	5.48921
run_0092.root	36263	-13.9493	6.2326
run_0092.root	38303	-12.4963	6.31153
run_0092.root	38811	-14.8451	6.21908
run_0092.root	39812	-4.91549	5.76854
run_0092.root	40637	-12.9356	6.34808
run_0092.root	43383	-9.13629	6.56581
run_0092.root	45951	-11.3026	6.54186
run_0092.root	46002	-39.4349	5.50746
run_0092.root	48996	-14.4603	6.29498
run_0092.root	50450	-86.4495	6.40101
run_0092.root	50574	-10.7419	5.34437
run_0092.root	52010	-43.5528	6.37018
run_0092.root	52219	-15.2855	5.92845
run_0092.root	52706	-42.7685	5.64812
run_0092.root	52844	-57.6047	6.24743
run_0092.root	56881	-7.12052	6.6359
run_0092.root	58065	-54.7552	5.74257
run_0092.root	59604	-5.12424	6.93552
run_0092.root	60520	-14.4215	5.82248
run_0092.root	60609	-13.4134	6.38706
run_0092.root	60979	-57.9786	5.98983
run_0092.root	61763	-10.9686	5.61966
run_0092.root	62690	-66.7943	5.50714
run_0093.root	1152	-32.161	5.98283
run_0093.root	1182	-9.71842	5.4327
run_0093.root	5108	-11.9019	6.42669
run_0093.root	5109	-11.9019	6.42669
run_0093.root	6254	-12.6689	6.52298
run_0093.root	7426	-34.1567	6.32551
run_0093.root	8212	-8.09791	5.5316
run_0093.root	9106	-29.3246	6.1941
run_0093.root	9390	-7.61878	5.93637
run_0093.root	9500	-80.8574	6.75425
run_0093.root	10828	-54.7535	6.20551
run_0093.root	11604	-9.00779	7.06079
run_0093.root	14436	-49.067	5.91364
run_0093.root	14525	-25.4953	5.6211
run_0093.root	14873	-5.11915	6.29143
run_0093.root	14874	-5.11915	6.29143
run_0093.root	15959	-10.3437	6.32553
run_0093.root	18134	-46.87	5.66014
run_0093.root	18284	-55.4612	6.409
run_0093.root	19201	-6.11901	6.44899
run_0093.root	20415	-29.7922	5.99025
run_0093.root	20594	-65.2586	6.67615
run_0093.root	21111	-14.861	6.29319
run_0093.root	22447	-18.8363	6.3749
run_0093.root	22895	-44.4407	6.17579
run_0093.root	23128	-8.28261	6.6486
run_0093.root	24398	-10.4746	6.9595
run_0093.root	26937	-54.3113	6.50929
run_0093.root	26950	-9.48394	6.00832
run_0093.root	27355	-14.885	5.82995
run_0093.root	27356	-14.885	5.82995
run_0093.root	27887	-82.6125	6.57774
run_0093.root	31071	-3.50171	5.862
run_0093.root	32356	-29.8365	5.64376
run_0093.root	36110	-11.4499	6.17308
run_0093.root	37843	-52.6657	5.63304
run_0093.root	38469	-18.0425	6.1355
run_0093.root	40100	-50.9982	7.08791
run_0093.root	45402	-6.86149	5.88308
run_0093.root	52096	-52.356	6.94169
run_0093.root	53236	-70.5098	5.76261
run_0093.root	53707	-10.7492	5.70383
run_0093.root	55900	-47.1454	6.64341
run_0093.root	58032	-19.9143	6.57255
run_0093.root	58435	-9.77583	6.48537
run_0093.root	58750	-57.5673	5.6598
run_0093.root	60210	-17.1213	6.76395
run_0093.root	61713	-19.3959	5.77073
run_0093.root	66302	-59.1472	6.47717
run_0093.root	66444	-40.3848	5.51006
run_0094.root	1331	-52.0248	6.57792
run_0094.root	1454	-11.6254	5.68079
run_0094.root	1812	-13.7771	5.80065
run_0094.root	2074	-5.94966	5.82613
run_0094.root	2087	-57.4735	6.63297
run_0094.root	2128	-19.2638	5.6864
run_0094.root	3180	-7.42448	6.40469
run_0094.root	3181	-7.42448	6.40469
run_0094.root	4911	-11.2176	6.62446
run_0094.root	6782	-46.5688	5.82471
run_0094.root	7609	-13.9594	6.57753
run_0094.root	15203	-21.3276	6.14534
run_0094.root	16675	-11.0017	6.08135
run_0094.root	17093	-56.2605	5.72878
run_0094.root	17233	-64.9421	5.61562
run_0094.root	17976	-7.23583	5.51921
run_0094.root	19423	-15.0614	5.90554
run_0094.root	20665	-4.81954	6.45148
run_0094.root	21900	-39.5576	6.03812
run_0094.root	22224	-16.3264	5.59733
run_0094.root	23752	-59.7148	6.44835
run_0094.root	24953	-11.4243	5.35214
run_0094.root	26118	-12.5732	6.68721
run_0094.root	28912	-13.2459	6.32651
run_0094.root	29993	-5.18652	5.71173
run_0094.root	30143	-50.7814	6.75291
run_0094.root	30441	-7.61454	6.73221
run_0094.root	30578	-6.34931	6.16446
run_0094.root	31631	-11.376	5.86947
run_0094.root	33618	-62.0822	6.57831
run_0094.root	35798	-13.4112	5.74846
run_0094.root	37401	-9.86561	6.72118
run_0094.root	37999	-13.8223	5.56667
run_0094.root	38118	-48.2335	6.01461
run_0094.root	39017	-10.2477	6.3756
run_0094.root	39058	-10.1991	5.71287
run_0094.root	42673	-21.8375	6.27325
run_0094.root	43665	-71.15	5.75168
run_0094.root	44558	-24.5112	5.53739
run_0094.root	45674	8.76379	6.42804
run_0094.root	46683	-5.43294	5.53895
run_0094.root	49615	-34.1287	6.01812
run_0094.root	50096	-10.5575	6.25985
run_0094.root	51471	-66.9312	6.42817
run_0094.root	52305	-48.0123	6.72786
run_0094.root	53368	-6.09038	5.65408
run_0094.root	55929	-5.86791	5.72831
run_0094.root	58860	13.8448	5.75165
run_0094.root	62189	-10.4532	6.62892
run_0094.root	62389	-52.0289	5.90907
run_0094.root	63471	-56.1671	6.09389
run_0094.root	64068	-12.9089	6.04441
run_0094.root	65634	-60.8165	6.68363
run_0094.root	65957	-47.8508	6.71694
run_0094.root	67204	-49.674	6.09517
run_0094.root	69932	-45.2109	6.34684
run_0094.root	69943	-45.12	5.56925
run_0094.root	71746	-15.4366	7.1419
run_0094.root	72449	-9.98836	6.59559
run_0094.root	72750	-64.4611	5.81263
run_0094.root	73178	-6.5229	5.92989
run_0094.root	76295	-20.1151	6.88657
run_0094.root	76868	-6.86199	5.54229
run_0094.root	77050	-15.2496	6.95047
run_0094.root	77827	-81.5563	6.65208
run_0094.root	77896	-8.33936	6.52412
run_0094.root	78913	-12.9359	6.58292
run_0094.root	85183	-15.3414	6.04492
run_0094.root	85767	-12.4672	5.69613
run_0095.root	442	-6.65011	5.87916
run_0095.root	1829	-12.8629	6.04884
run_0095.root	3349	-49.6065	5.78154
run_0095.root	3707	-44.046	6.20975
run_0095.root	3959	-48.8538	5.6955
run_0095.root	3960	-48.8538	5.6955
run_0095.root	6412	-15.3839	6.98002
run_0095.root	7339	-47.1236	5.79783
run_0095.root	7340	-17.0247	6.916
run_0095.root	9445	-15.609	6.91591
run_0095.root	10466	-24.8192	5.50069
run_0095.root	15131	-53.1277	6.63001
run_0095.root	15364	-5.43415	6.13728
run_0095.root	15795	-11.8916	6.6328
run_0095.root	17189	-14.4312	5.92196
run_0095.root	17673	-15.5737	5.67054
run_0095.root	17791	-52.7117	5.90512
run_0095.root	18275	-44.6736	5.5916
run_0095.root	19135	-10.8201	6.81808
run_0095.root	19379	-39.7241	6.07399
run_0095.root	21377	-10.0304	5.52011
run_0095.root	30028	-12.6728	5.72391
run_0095.root	35867	-28.6781	7.04259
run_0095.root	37165	-45.8399	6.27135
run_0095.root	37245	-5.5321	6.54127
run_0095.root	38858	-48.515	6.21967
run_0095.root	39423	-47.824	6.4271
run_0095.root	40652	-15.0839	5.55187
run_0095.root	42808	-26.4578	5.90402
run_0095.root	44612	-83.465	6.43969
run_0095.root	44862	-46.8102	5.53968
run_0095.root	45044	-61.5781	6.2636
run_0095.root	45137	-13.2471	6.45181
run_0095.root	45506	-36.3911	5.73524
run_0095.root	48245	-17.9467	6.85442
run_0095.root	49349	-11.4302	6.09803
run_0095.root	54570	-67.6215	5.62737
run_0095.root	55029	-9.45863	5.79425
run_0095.root	56533	-6.82924	5.82811
run_0095.root	57374	-23.504	5.61705
run_0095.root	62349	-71.9126	6.6406
run_0095.root	64287	-26.2991	6.87656
run_0095.root	65032	-17.4067	5.64702
run_0095.root	65262	-17.4891	5.74979
run_0095.root	65691	-7.80601	5.36963
run_0095.root	65885	-30.3343	6.85354
run_0095.root	66916	-8.79323	5.60043
run_0095.root	68521	-61.9628	6.75318
run_0095.root	68582	-12.1774	5.52689
run_0095.root	71119	-5.5023	5.7332
run_0096.root	1026	-15.6071	6.05425
run_0096.root	6367	-6.20413	6.25593
run_0096.root	7861	-18.2241	6.02484
run_0096.root	8226	-56.5027	5.71463
run_0096.root	8713	-37.0023	5.61012
run_0096.root	10526	-46.9962	6.0057
run_0096.root	12012	-24.6667	6.94034
run_0096.root	13123	-12.7707	5.73875
run_0096.root	16049	-39.2919	5.92903
run_0096.root	18893	-20.6963	5.74482
run_0096.root	20417	-55.0978	5.57344
run_0096.root	21607	-17.9221	6.80105
run_0096.root	21929	-65.2115	6.69027
run_0096.root	22777	-17.9798	6.16319
run_0096.root	23385	-7.96114	6.23464
run_0096.root	23897	-13.9419	5.69858
run_0096.root	24621	-109.749	6.64562
run_0096.root	26699	-31.5727	6.30948
run_0096.root	26741	-42.0541	6.68597
run_0096.root	28439	-36.0686	5.69534
run_0096.root	30153	-15.2275	6.3767
run_0096.root	30689	-54.9143	6.12924
run_0096.root	30945	-5.62188	5.95622
run_0096.root	31364	-45.8024	5.99737
run_0096.root	32239	-49.9519	6.3623
run_0096.root	32557	-15.2544	5.94395
run_0096.root	34474	-37.9579	5.94284
run_0096.root	35893	-13.1938	5.40778
run_0096.root	36678	-3.74664	6.03626
run_0096.root	39304	-61.4312	7.01544
run_0096.root	40094	-13.6741	5.5609
run_0096.root	41164	-6.70543	5.79057
run_0096.root	42607	-23.7715	6.97412
run_0096.root	45869	-55.9072	6.19234
run_0096.root	47377	-8.94382	5.63632
run_0096.root	48702	-10.4951	6.0474
run_0096.root	49231	-21.5504	6.27175
run_0096.root	50943	-47.9743	6.47807
run_0096.root	54495	-83.5974	5.90802
run_0096.root	54731	-8.31229	6.00257
run_0096.root	55499	-4.65642	6.23688
run_0096.root	62844	-47.1068	5.60096
run_0096.root	63499	-26.2494	7.04952
run_0096.root	64382	12.2387	6.02558
run_0096.root	64730	-18.1806	5.73255
run_0096.root	67369	-10.0417	5.88203
run_0096.root	68896	-13.0174	5.66399
run_0096.root	69522	-64.2231	6.41065
run_0096.root	69922	-6.77261	5.69886
run_0096.root	70459	-62.8874	5.80087
run_0096.root	71628	-51.1453	6.10829
run_0097.root	721	-13.5703	7.07608
run_0097.root	831	-47.1368	6.24792
run_0097.root	3919	-6.588	5.52283
run_0097.root	5052	-42.8468	6.21434
run_0097.root	7265	-15.6433	6.37234
run_0097.root	8289	-8.21521	6.44872
run_0097.root	8303	-72.2308	5.56314
run_0097.root	9975	-52.3652	5.93717
run_0097.root	10891	-10.6573	5.54961
run_0097.root	11023	-3.38025	6.54285
run_0097.root	13414	-1.84133	5.49281
run_0097.root	14976	-3.87715	5.90791
run_0097.root	15156	-4.24961	6.59162
run_0097.root	16060	-49.5832	5.3762
run_0097.root	19429	-2.30049	6.15099
run_0097.root	19570	-18.3117	6.76781
run_0097.root	21678	-58.8149	6.79631
run_0097.root	21931	-20.7593	6.12512
run_0097.root	25124	-15.5916	5.61122
run_0097.root	26108	-7.05579	5.50847
run_0097.root	27853	-13.2011	7.19657
run_0097.root	28686	-14.8512	5.73076
run_0097.root	33033	-43.0535	5.71518
run_0097.root	34079	-14.2852	5.68954
run_0097.root	36118	10.9644	6.63921
run_0097.root	36183	-21.3578	6.19416
run_0097.root	36833	-15.704	5.82766
run_0097.root	37304	-13.8718	5.34966
run_0097.root	37464	-8.57782	6.40396
run_0097.root	38034	-13.6863	5.52932
run_0097.root	38611	-41.6026	6.05028
run_0097.root	40076	-7.64836	5.87137
run_0097.root	40893	-19.076	6.61603
run_0097.root	42922	-45.5141	5.86943
run_0097.root	43141	-10.791	6.00362
run_0097.root	43883	-4.35833	5.75929
run_0097.root	43900	-50.5789	6.362
run_0097.root	47884	-13.8251	6.60171
run_0097.root	53588	-23.7431	6.78417
run_0097.root	55199	-15.8117	5.73325
run_0097.root	57097	-56.7128	6.31502
run_0097.root	57355	-63.8596	6.5231
run_0097.root	58107	-11.4993	5.79587
run_0097.root	63114	-10.4423	6.48884
run_0097.root	64515	-58.8224	6.3117
run_0097.root	65127	-9.1591	5.48121
run_0097.root	65983	-2.07292	5.95109
run_0097.root	66174	-10.1455	6.45955
run_0097.root	71650	-2.24413	6.4753
run_0097.root	72636	-51.3291	6.2797
run_0097.root	72664	-30.1537	7.08009
run_0097.root	73603	-10.7927	6.18011
run_0097.root	73623	-83.0956	6.58835
run_0097.root	74642	-4.56077	5.70093
run_0097.root	74931	-11.095	6.00239
run_0097.root	76420	-4.43674	6.39903
run_0098.root	1220	-9.55691	6.68104
run_0098.root	2453	-47.9593	5.66553
run_0098.root	2769	15.4569	6.42334
run_0098.root	3435	-19.4102	5.73228
run_0098.root	11091	-9.88729	5.6149
run_0098.root	16110	-40.5627	7.09992
run_0098.root	17672	-11.7828	5.90411
run_0098.root	20989	-10.5875	5.8055
run_0098.root	21748	-35.0575	6.08944
run_0098.root	21749	-35.0575	6.08944
run_0098.root	21750	-35.0575	6.08944
run_0098.root	21751	-35.0575	6.08944
run_0098.root	21752	-35.0575	6.08944
run_0098.root	21753	-35.0575	6.08944
run_0098.root	21754	-35.0575	6.08944
run_0098.root	21755	-35.0575	6.08944
run_0098.root	21756	-35.0575	6.08944
run_0098.root	21757	-35.0575	6.08944
run_0098.root	22879	-30.062	5.99005
run_0098.root	25469	-41.442	5.8957
run_0098.root	25612	-81.6908	6.14649
run_0098.root	26013	-56.9713	6.14062
run_0098.root	28787	-42.3292	6.4809
run_0098.root	28817	-7.37302	6.09829
run_0098.root	29219	-32.2475	6.74597
run_0098.root	33975	-20.5381	6.02552
run_0098.root	34706	-35.342	5.44431
run_0098.root	35687	-8.97634	6.40925
run_0098.root	37373	-54.2847	6.13945
run_0098.root	39852	-47.2054	6.21167
run_0098.root	42239	-7.22182	5.87374
run_0098.root	43353	-13.5425	5.54793
run_0098.root	43557	-6.7921	6.81998
run_0098.root	47308	-62.554	6.17035
run_0098.root	49793	-50.7702	6.36428
run_0098.root	50236	-27.34	5.95421
run_0098.root	51379	-80.7809	6.72974
run_0098.root	53312	-10.799	6.56596
run_0098.root	59515	-35.2385	5.78742
run_0098.root	61507	-8.47902	5.80979
run_0098.root	63375	-6.7223	7.02444
run_0098.root	64262	-50.9497	6.07326
run_0098.root	64578	-9.59958	6.61363
run_0098.root	64992	-23.9913	6.55095
run_0098.root	65823	-53.7693	6.4849
run_0098.root	67520	-10.1356	5.6679
run_0098.root	67886	-8.06849	6.34985
run_0098.root	68451	-45.7474	6.1012
run_0098.root	69535	-58.8736	5.80312
run_0098.root	70575	-18.0978	6.02764
run_0098.root	71090	-25.7226	6.89735
run_0098.root	71373	-7.1576	6.80515
run_0098.root	73468	-8.50992	6.66866
run_0098.root	73490	-80.4948	6.04069
run_0098.root	74414	-11.7829	5.8045
run_0099.root	1551	-5.51523	6.07797
run_0099.root	2287	-28.1679	5.87717
run_0099.root	2407	-21.7824	5.58675
run_0099.root	2430	-6.3536	5.58219
run_0099.root	2472	-16.897	6.54716
run_0099.root	2485	-48.7917	5.9275
run_0099.root	3474	-37.905	5.59532
run_0099.root	5470	-14.1975	6.3761
run_0099.root	6453	9.11402	6.86662
run_0099.root	8491	-10.7898	5.40523
run_0099.root	9176	-15.3092	6.27483
run_0099.root	11941	-32.8766	6.10234
run_0099.root	12033	-12.1807	5.93492
run_0099.root	16170	-7.611	6.63406
run_0099.root	16507	-3.80904	6.29089
run_0099.root	20127	-4.91376	5.82491
run_0099.root	21258	-5.08219	6.28007
run_0099.root	25174	-53.765	6.83969
run_0099.root	25175	-53.765	6.83969
run_0099.root	27017	-5.47965	5.37921
run_0099.root	27018	-5.47965	5.37921
run_0099.root	27019	-5.47965	5.37921
run_0099.root	27020	-5.47965	5.37921
run_0099.root	27021	-5.47965	5.37921
run_0099.root	27022	-5.47965	5.37921
run_0099.root	30334	-52.6795	6.09731
run_0099.root	32641	-58.8742	6.25435
run_0099.root	32642	-58.8742	6.25435
run_0099.root	32643	-58.8742	6.25435
run_0099.root	32644	-58.8742	6.25435
run_0099.root	32645	-58.8742	6.25435
run_0099.root	37143	-13.933	6.80343
run_0099.root	39194	-23.5951	6.00414
run_0099.root	39195	-23.5951	6.00414
run_0099.root	39196	-23.5951	6.00414
run_0099.root	44982	-10.1315	6.02441
run_0099.root	46491	-63.8581	6.39215
run_0099.root	46678	-25.3166	5.5179
run_0099.root	47115	-14.9432	6.68104
run_0099.root	47116	-14.9432	6.68104
run_0099.root	47117	-14.9432	6.68104
run_0099.root	56501	-6.99672	6.22216
run_0099.root	61326	-10.179	5.49292
run_0099.root	63419	-119.603	5.50006
run_0099.root	63566	-55.8007	6.61973
run_0099.root	65237	-52.3627	6.48207
run_0099.root	67140	-3.58423	6.49917
run_0099.root	68158	-51.746	6.55672
run_0099.root	69489	-14.0456	5.68963
run_0099.root	69771	-43.8915	5.61976
run_0099.root	69819	-6.96688	6.78886
run_0099.root	70364	-42.2028	5.47905
run_0099.root	71765	-10.4267	6.22647
run_0099.root	74555	-18.69	5.89772
run_0099.root	74556	-18.69	5.89772
run_0099.root	76994	-22.7384	5.55457
run_0099.root	77218	-41.6215	5.97801
run_0099.root	78832	-8.08763	6.28467
run_0099.root	79032	-50.4151	5.7491
run_0099.root	79033	-50.4151	5.7491
run_0099.root	79927	-59.3504	6.03467
run_0099.root	80071	-14.548	6.02378
run_0099.root	81816	-77.4763	6.15719
run_0099.root	82374	-23.3676	5.41515
run_0099.root	82375	-23.3676	5.41515
run_0099.root	82376	-23.3676	5.41515
run_0099.root	82640	-6.31398	6.06676
run_0100.root	664	-58.8045	6.39378
run_0100.root	10178	-9.47492	5.57284
run_0100.root	10179	-9.47492	5.57284
run_0100.root	11953	-10.9356	5.88683
run_0100.root	12866	-19.8077	6.44365
run_0100.root	15656	-16.8165	5.8103
run_0100.root	18582	-45.8753	5.80303
run_0100.root	22110	-87.8339	5.82921
run_0100.root	23498	-59.4541	5.84186
run_0100.root	27460	-18.5596	5.81958
run_0100.root	30000	-11.8849	6.75441
run_0100.root	30001	-11.8849	6.75441
run_0100.root	32520	-63.3308	6.61635
run_0100.root	35124	-12.4194	6.60187
run_0100.root	35125	-12.4194	6.60187
run_0100.root	35126	-12.4194	6.60187
run_0100.root	35127	-12.4194	6.60187
run_0100.root	35128	-12.4194	6.60187
run_0100.root	35129	-12.4194	6.60187
run_0100.root	35445	-9.10934	6.21372
run_0100.root	35446	-9.10934	6.21372
run_0100.root	35447	-9.10934	6.21372
run_0100.root	35448	-9.10934	6.21372
run_0100.root	35449	-9.10934	6.21372
run_0100.root	35450	-9.10934	6.21372
run_0100.root	35451	-9.10934	6.21372
run_0100.root	41651	-56.2543	6.37838
run_0100.root	41713	-9.69301	6.69177
run_0100.root	41714	-9.69301	6.69177
run_0100.root	41904	-44.7504	5.51815
run_0100.root	42228	-75.1486	5.89429
run_0100.root	44002	-7.84008	5.69164
run_0100.root	45625	-70.846	5.91109
run_0100.root	48940	-9.00888	6.40201
run_0100.root	51007	-7.96208	5.96306
run_0100.root	54814	-48.9544	5.78068
run_0100.root	56392	-39.6401	5.73069
run_0100.root	59401	-55.351	5.72665
run_0100.root	63840	-33.0778	6.72822
run_0100.root	65447	-60.7843	6.17904
run_0100.root	70900	-58.1026	5.77514
run_0100.root	71255	-13.3763	7.0138
run_0100.root	71256	-13.3763	7.0138
run_0100.root	73260	-46.1327	5.8587
run_0100.root	73261	-46.1327	5.8587
run_0100.root	73537	-13.4585	6.75256
run_0100.root	76889	-17.187	6.89225
run_0100.root	83563	-8.10527	6.58855
run_0100.root	85928	-51.8711	6.88105
run_0101.root	520	-18.9442	6.59399
run_0101.root	1191	-12.3283	5.3498
run_0101.root	1951	-95.8058	5.42305
run_0101.root	2962	-52.0169	6.36354
run_0101.root	4508	-10.222	5.64861
run_0101.root	8866	-46.81	6.12522
run_0101.root	11221	-50.1815	6.00706
run_0101.root	11562	-84.0138	5.69849
run_0101.root	11563	-84.0138	5.69849
run_0101.root	11601	-47.6372	6.4502
run_0101.root	12886	-5.10496	5.49996
run_0101.root	15021	-16.2218	6.65152
run_0101.root	15329	-20.0472	6.84533
run_0101.root	16189	-17.8495	7.05076
run_0101.root	16397	-11.5441	5.75269
run_0101.root	17525	-15.9248	6.20308
run_0101.root	17682	-8.90072	5.60196
run_0101.root	18094	-13.6886	5.78931
run_0101.root	19556	-59.1716	6.05047
run_0101.root	24099	-5.49448	6.59003
run_0101.root	24100	-5.49448	6.59003
run_0101.root	26392	-6.33909	6.3188
run_0101.root	26393	-6.33909	6.3188
run_0101.root	28013	-26.728	6.6913
run_0101.root	29816	-50.7102	6.28166
run_0101.root	29869	-9.20044	6.95554
run_0101.root	31201	-15.5089	6.84534
run_0101.root	33825	-8.24133	6.56322
run_0101.root	34979	-11.8263	5.94845
run_0101.root	39041	-6.49627	5.51821
run_0101.root	41226	-12.3489	6.45419
run_0101.root	42151	-33.4169	5.9035
run_0101.root	42367	-9.75661	6.15946
run_0101.root	43481	-27.079	6.7094
run_0101.root	44842	-19.5571	6.41668
run_0101.root	46501	-9.22866	6.4654
run_0101.root	47726	-58.3639	6.58339
run_0101.root	47983	-15.4933	5.73143
run_0101.root	48589	-10.349	6.23561
run_0101.root	49652	-12.0006	5.41009
run_0101.root	50272	-13.5524	6.66248
run_0101.root	50644	-6.70604	6.17935
run_0101.root	53515	-7.41292	5.64187
run_0101.root	54131	-37.7776	6.41028
run_0101.root	55213	-4.79173	6.61181
run_0101.root	59267	-5.77281	6.15744
run_0102.root	45	-10.8932	6.28202
run_0102.root	89	-83.1068	5.57906
run_0102.root	1052	-10.5367	6.60403
run_0102.root	1711	-8.2838	5.67912
run_0102.root	3673	-19.1072	5.91181
run_0102.root	4171	-78.1229	6.33514
run_0102.root	4197	-7.74549	5.95054
run_0102.root	4822	-56.5686	7.18849
run_0102.root	5500	-10.3892	6.02894
run_0102.root	8494	-30.6577	6.60736
run_0102.root	9725	-6.90065	6.48215
run_0102.root	9857	-79.0434	6.89072
run_0102.root	11486	-47.9252	6.79694
run_0102.root	11900	-46.09	5.82326
run_0102.root	13796	-9.37536	6.00578
run_0102.root	14548	-11.1545	5.96451
run_0102.root	17470	-13.7622	6.57551
run_0102.root	28212	-26.5035	6.51024
run_0102.root	28617	-6.55992	6.75932
run_0102.root	30007	-9.50473	6.80409
run_0102.root	30749	-10.0948	5.61428
run_0102.root	31460	-81.8104	6.51882
run_0102.root	31797	-7.37282	5.52989
run_0102.root	31990	-9.26185	6.29968
run_0102.root	34086	-10.7848	6.94613
run_0102.root	34971	-20.0975	6.44082
run_0102.root	35947	21.3053	7.20125
run_0102.root	37704	-7.1581	5.64611
run_0102.root	38100	-13.6206	6.0876
run_0102.root	38207	-59.0966	6.7143
run_0102.root	38482	-53.1055	6.74977
run_0102.root	39240	-54.5442	6.25911
run_0102.root	40375	-51.6198	6.61256
run_0102.root	43224	-9.12682	6.45151
run_0102.root	43819	-5.1123	5.90513
run_0102.root	44880	-20.1479	5.96605
run_0102.root	46097	-6.99805	6.40124
run_0102.root	47784	-16.9256	6.1923
run_0102.root	47785	-16.9256	6.1923
run_0102.root	51125	-15.8786	6.56489
run_0102.root	54106	-43.749	5.97212
run_0102.root	55438	-53.2311	5.86209
run_0102.root	56564	-53.1267	6.65224
run_0102.root	56935	-54.6805	6.54154
run_0102.root	59476	-30.094	5.35065
run_0103.root	60	-53.751	5.81995
run_0103.root	1503	-7.16001	6.63569
run_0103.root	2279	11.6698	5.86428
run_0103.root	2453	-17.4812	5.71911
run_0103.root	2703	-13.3062	6.73187
run_0103.root	3917	-46.8263	6.38898
run_0103.root	6042	-14.708	5.71843
run_0103.root	6483	-7.33945	6.05518
run_0103.root	7236	-49.0413	6.79199
run_0103.root	8234	-58.5306	6.7842
run_0103.root	8336	-13.2617	5.56491
run_0103.root	13030	-4.88426	5.73515
run_0103.root	14607	-11.1727	5.92075
run_0103.root	16081	-107.19	5.90655
run_0103.root	18480	-65.0118	6.31433
run_0103.root	18989	-9.30509	6.79447
run_0103.root	19029	-5.89258	5.84052
run_0103.root	19517	-43.4002	5.62703
run_0103.root	20212	-83.8605	5.76267
run_0103.root	20365	-65.5949	6.28359
run_0103.root	20425	-19.4713	5.49068
run_0103.root	23039	-12.1716	6.37787
run_0103.root	23554	-1.7001	6.41236
run_0103.root	23832	-79.787	6.81881
run_0103.root	25018	-15.6443	7.04056
run_0103.root	25483	-6.42116	5.98115
run_0103.root	25579	-48.521	6.53318
run_0103.root	26908	-6.18759	6.44112
run_0103.root	27923	-16.0773	6.04213
run_0103.root	29529	-15.9637	6.46927
run_0103.root	32250	-71.5331	5.68533
run_0103.root	32377	-5.92875	5.81119
run_0103.root	35284	-28.478	6.97956
run_0103.root	35993	-84.9955	6.60998
run_0103.root	36700	-51.6937	5.92074
run_0103.root	36880	-50.6461	6.84611
run_0103.root	37388	-49.9673	5.5317
run_0103.root	37824	-11.9325	5.74854
run_0103.root	40045	-7.96258	6.31664
run_0103.root	41399	-7.92377	6.28877
run_0103.root	41452	-12.9498	5.42206
run_0103.root	42354	-19.056	5.85426
run_0103.root	42899	-3.77737	5.68163
run_0103.root	48001	-12.9647	6.2863
run_0103.root	49409	-7.38311	6.30965
run_0103.root	49475	-52.2633	5.68067
run_0103.root	50410	-7.24483	6.57142
run_0103.root	53851	-8.58187	6.24276
run_0103.root	54237	-6.62189	6.82885
run_0103.root	55802	-8.60362	6.37128
run_0103.root	57042	-32.9269	6.04474
run_0103.root	57270	-49.507	5.38141
run_0103.root	62395	-33.6342	5.98988
run_0104.root	1831	-48.0433	5.76449
run_0104.root	3138	-73.2323	5.53092
run_0104.root	5336	-16.221	5.58314
run_0104.root	9978	-6.27264	5.58617
run_0104.root	10918	-10.1599	5.9765
run_0104.root	11130	-51.9102	6.23668
run_0104.root	11370	-6.93862	5.45538
run_0104.root	12916	-11.7173	6.34301
run_0104.root	14154	-49.8886	5.99909
run_0104.root	14590	-12.1597	5.71523
run_0104.root	15142	-47.0807	5.58399
run_0104.root	18238	-15.3419	7.06526
run_0104.root	18641	-24.9968	6.65282
run_0104.root	18959	-55.5581	5.61906
run_0104.root	19972	-15.8451	6.15852
run_0104.root	20402	-35.3047	6.77455
run_0104.root	23011	-64.6129	6.25387
run_0104.root	23086	-9.77275	5.69646
run_0104.root	24208	-9.13793	5.47696
run_0104.root	25526	-9.6502	6.61968
run_0104.root	26513	-10.5618	6.1663
run_0104.root	27111	-13.6638	6.97631
run_0104.root	27481	-65.0615	6.59189
run_0104.root	29277	-49.5845	5.68823
run_0104.root	29605	-51.2206	6.44898
run_0104.root	30369	-51.0217	5.72855
run_0104.root	31833	-64.2686	5.6488
run_0104.root	31943	-28.1643	6.33013
run_0104.root	31944	-12.8898	7.15045
run_0104.root	32482	-12.6887	5.80204
run_0104.root	34348	-79.3061	6.63484
run_0104.root	37077	-8.57568	5.86937
run_0104.root	39669	-32.2511	5.98698
run_0104.root	39670	-32.2511	5.98698
run_0104.root	40764	-14.9915	5.89708
run_0104.root	41263	-97.8052	5.51001
run_0104.root	42563	-54.3126	6.27349
run_0104.root	44189	-5.45879	5.54077
run_0104.root	46551	-10.6858	5.73574
run_0104.root	47591	-45.1849	6.05548
run_0104.root	50663	-3.28253	5.68049
run_0104.root	50732	-9.97633	6.1908
run_0104.root	52844	-19.3447	5.56867
run_0104.root	52966	-72.1364	6.83771
run_0104.root	53806	-32.5579	5.78864
run_0105.root	587	-12.3711	6.39099
run_0105.root	1410	-28.0776	5.98088
run_0105.root	2039	-48.0079	5.66879
run_0105.root	2127	-16.7432	6.46803
run_0105.root	3395	-7.00002	5.43907
run_0105.root	3995	-7.58162	7.14085
run_0105.root	4269	-16.1059	6.16765
run_0105.root	7857	9.94886	7.0462
run_0105.root	8013	-10.3878	6.11507
run_0105.root	10018	-31.3477	6.25469
run_0105.root	10329	-55.5101	6.34129
run_0105.root	10743	-13.0531	6.89167
run_0105.root	11256	-87.8885	5.58799
run_0105.root	12371	-5.82133	6.51148
run_0105.root	13209	-13.7051	5.49066
run_0105.root	15376	-24.6737	5.62629
run_0105.root	15933	-29.2867	5.71027
run_0105.root	17532	-47.7118	6.17727
run_0105.root	20704	-46.8139	5.68175
run_0105.root	21687	-48.1491	6.00163
run_0105.root	24915	-60.6536	5.9877
run_0105.root	25758	-53.3085	5.72802
run_0105.root	25927	-20.8392	6.01704
run_0105.root	31843	-80.0537	6.43239
run_0105.root	32558	-7.10183	6.75925
run_0105.root	32666	-7.7182	6.39356
run_0105.root	32822	-40.3595	5.64902
run_0105.root	33941	-11.9329	5.94338
