run_0062.root	2342	-61.7033	3.72132
run_0062.root	9590	-70.0574	4.04546
run_0062.root	15428	-26.979	4.02301
run_0062.root	27497	-77.3783	4.27221
run_0063.root	1369	-10.3788	3.99998
run_0063.root	10993	-65.2396	3.75544
run_0063.root	11390	-68.0508	3.96802
run_0063.root	12410	-7.94928	3.92837
run_0063.root	13125	-86.498	4.27405
run_0063.root	13154	-73.2042	3.92716
run_0063.root	18048	-72.0869	3.75904
run_0063.root	19991	-78.243	4.24758
run_0064.root	5187	-81.4162	4.24522
run_0064.root	18859	-77.4288	4.32341
run_0064.root	24489	-12.504	3.82526
run_0064.root	44957	-76.1145	4.26141
run_0064.root	62031	-76.8615	4.25208
run_0064.root	68882	-68.1475	3.92426
run_0065.root	569	-68.2927	3.82062
run_0065.root	14446	-25.3099	3.91667
run_0065.root	25839	-9.83921	4.38823
run_0065.root	25866	-76.1693	3.94031
run_0065.root	36242	-76.2969	4.16822
run_0065.root	55975	-76.3887	4.2023
run_0066.root	4574	-11.2	4.19172
run_0066.root	9204	-64.4594	3.79676
run_0066.root	13337	-16.1159	4.21328
run_0066.root	18238	-12.7378	4.15427
run_0066.root	33213	-66.5522	3.81878
run_0066.root	45075	-28.258	3.90943
run_0067.root	16341	-4.40857	3.98414
run_0067.root	30341	-66.9392	4.01072
run_0067.root	40959	6.94817	4.25248
run_0067.root	57495	-17.5942	4.22542
run_0067.root	60226	-73.6893	4.03477
run_0067.root	64752	-83.9337	4.25686
run_0070.root	2717	-74.3186	4.02898
run_0070.root	2718	-74.3186	4.02898
run_0070.root	29925	-85.5255	4.24005
run_0070.root	31518	-75.0154	4.08358
run_0070.root	53654	-6.12817	4.1178
run_0070.root	71257	-72.541	3.76147
run_0071.root	2720	-73.6144	4.11599
run_0071.root	7506	-75.2901	4.09029
run_0071.root	35693	-3.5284	3.80729
run_0071.root	38061	-63.9449	3.9551
run_0071.root	46023	-70.4952	3.90579
run_0071.root	62238	-28.7777	4.3634
run_0072.root	13082	-7.95868	4.27922
run_0072.root	18873	-10.8739	4.02774
run_0072.root	19063	-72.0443	3.95605
run_0072.root	21722	-74.8376	4.04468
run_0072.root	27133	-18.2798	4.01617
run_0072.root	27154	-63.3697	3.82913
run_0072.root	42586	-103.572	4.31757
run_0073.root	7152	-78.216	4.20423
run_0073.root	10105	-8.75175	4.21994
run_0073.root	57932	-67.1078	3.77227
run_0074.root	38831	-66.0916	3.84692
run_0074.root	41828	-11.8509	3.91389
run_0074.root	41829	-11.8509	3.91389
run_0074.root	41830	-11.8509	3.91389
run_0074.root	41831	-11.8509	3.91389
run_0074.root	54028	-27.8863	4.21924
run_0074.root	74298	-76.3076	4.32938
run_0074.root	76845	-9.64668	4.1895
run_0075.root	7492	-9.98791	4.15951
run_0075.root	15158	-72.3381	3.89648
run_0075.root	26257	-72.9835	3.99337
run_0075.root	30796	-67.9801	4.08495
run_0075.root	52303	-13.0049	4.1881
run_0075.root	66171	-74.5652	4.12457
run_0075.root	68674	-4.52276	4.30883
run_0076.root	9251	-82.3471	4.04501
run_0076.root	11830	-70.9622	4.00541
run_0076.root	13386	-84.0652	4.32896
run_0076.root	28608	-74.6101	4.06474
run_0076.root	44612	-8.15566	3.78189
run_0076.root	65346	-62.4847	3.77132
run_0076.root	69981	-82.3186	4.34887
run_0076.root	76249	-76.6108	4.27972
run_0077.root	2156	-66.8766	3.82985
run_0077.root	27673	-68.6576	3.9504
run_0077.root	54858	8.01881	4.34177
run_0078.root	5930	-62.3522	4.2176
run_0078.root	10605	-71.4083	3.7806
run_0078.root	35022	-6.84344	4.20484
run_0079.root	7130	-22.3344	4.17067
run_0079.root	53657	-62.5471	3.7187
run_0079.root	63331	-74.6951	4.00004
run_0080.root	7498	-69.2652	4.07571
run_0080.root	22571	-72.8173	4.18716
run_0080.root	46296	-69.5488	3.89287
run_0080.root	46824	-72.4591	3.90955
run_0080.root	51700	-69.2132	3.86308
run_0081.root	33697	-12.7619	3.94188
run_0081.root	53983	-17.7038	4.06353
run_0082.root	2904	-9.25715	3.88629
run_0082.root	13516	-72.2127	4.29078
run_0082.root	17601	-8.39742	4.29393
run_0082.root	27138	-70.4394	3.7803
run_0082.root	30865	-78.2685	4.35776
run_0082.root	47751	-7.96318	3.66551
run_0082.root	62100	-66.6018	3.90756
run_0083.root	575	-16.9989	4.08778
run_0083.root	18340	-24.2595	3.9155
run_0083.root	18545	-76.5525	4.0195
run_0083.root	36239	-83.4529	4.10643
run_0083.root	42923	-78.9874	4.19224
run_0083.root	49920	-7.61326	3.86394
run_0083.root	57129	-10.229	4.042
run_0084.root	6564	-56.9697	3.69383
run_0084.root	37534	-68.15	4.11645
run_0084.root	39651	-85.3185	4.25985
run_0084.root	40124	-59.6815	3.82611
run_0084.root	41249	8.89819	3.94469
run_0084.root	43240	-84.9079	4.33556
run_0084.root	49413	-2.75621	4.29605
run_0084.root	53518	-75.7942	3.89703
run_0085.root	31495	-62.4726	3.71018
run_0085.root	33258	-9.30425	3.8605
run_0085.root	41923	-82.9446	4.35339
run_0086.root	32726	-67.074	4.18
run_0086.root	33019	-81.6232	4.32035
run_0086.root	34911	-72.6165	3.73961
run_0086.root	40274	-5.83537	4.21577
run_0086.root	50523	-74.7326	4.13174
run_0086.root	54250	6.42032	4.05845
run_0086.root	76291	-80.0313	4.22271
run_0086.root	79203	-57.9481	4.07452
run_0087.root	6530	2.50125	3.8907
run_0087.root	6649	-71.2089	4.09182
run_0087.root	22391	-16.5079	3.9907
run_0087.root	46296	-68.0693	4.00069
run_0087.root	50514	-78.947	4.18718
run_0087.root	55682	-78.125	4.24592
run_0089.root	3054	-73.3189	4.10942
run_0089.root	10463	-20.6658	4.01295
run_0089.root	42972	-77.6843	4.26919
run_0090.root	11772	-17.3571	3.9817
run_0090.root	62950	-83.2978	4.05224
run_0090.root	66114	-11.5715	4.35183
run_0090.root	67294	-94.5221	4.25758
run_0091.root	7063	-74.6612	3.95671
run_0091.root	21091	-82.1495	4.41663
run_0091.root	29420	-82.4691	4.19205
run_0091.root	48450	-55.1827	3.87925
run_0092.root	167	-70.2078	3.924
run_0092.root	6501	10.3233	4.19616
run_0092.root	14666	-84.2736	4.16859
run_0092.root	14667	-84.2736	4.16859
run_0092.root	34942	-56.8804	3.73753
run_0092.root	58079	-13.7355	3.99119
run_0093.root	28901	-11.0361	4.07094
run_0093.root	39876	-70.4481	4.19843
run_0093.root	44381	-71.2649	3.97235
run_0093.root	59712	-73.4871	4.04519
run_0093.root	62328	-74.9364	4.21224
run_0093.root	62628	-3.54624	3.89161
run_0094.root	25076	-79.9905	4.11084
run_0094.root	30739	-73.3606	4.17364
run_0094.root	54266	-97.6585	4.17448
run_0095.root	14442	-64.2483	3.9244
run_0095.root	16737	-6.20054	3.90166
run_0095.root	19163	-74.1637	4.09274
run_0095.root	61720	-8.87596	3.97867
run_0096.root	12220	-64.9753	3.7257
run_0096.root	44841	-78.4772	3.97011
run_0096.root	53286	-86.3145	4.32289
run_0096.root	54117	-8.44182	3.90866
run_0096.root	62267	-74.3827	3.97637
run_0096.root	69040	-24.0122	4.32231
run_0097.root	6278	-72.4752	4.07939
run_0097.root	12945	-9.89696	3.93849
run_0097.root	48133	-69.769	3.94068
run_0097.root	50726	-73.4806	4.06457
run_0097.root	61835	-77.5851	4.19824
run_0098.root	46294	-71.7217	4.06755
run_0098.root	68310	-11.9741	4.06765
run_0099.root	28076	-91.0607	4.2558
run_0099.root	64709	-60.7199	3.7405
run_0099.root	86794	-15.0258	3.74731
run_0099.root	87671	-78.3026	4.15603
run_0100.root	35432	-83.3175	4.19949
run_0100.root	54131	-23.5445	4.10436
run_0100.root	55777	-77.4118	4.28571
run_0100.root	61916	-71.3947	4.31373
run_0100.root	66465	-72.3414	3.82942
run_0100.root	82624	-83.1215	4.20277
run_0100.root	82625	-83.1215	4.20277
run_0100.root	82626	-83.1215	4.20277
run_0101.root	6395	4.38758	4.27716
run_0101.root	7716	-72.8203	3.98047
run_0101.root	23648	-73.0188	3.88888
run_0101.root	56132	-85.8305	4.2284
run_0101.root	59132	-82.7358	4.21816
run_0102.root	11572	-74.854	4.41996
run_0102.root	15794	-13.8343	4.11185
run_0102.root	58370	-74.7149	4.15819
run_0103.root	11865	-76.8624	3.90918
run_0103.root	16772	-72.696	4.04221
run_0103.root	30557	-7.47356	4.16992
run_0103.root	30558	-7.47356	4.16992
run_0103.root	41143	-71.8642	3.956
run_0103.root	41948	-72.6893	3.74564
run_0103.root	44967	-61.5883	3.8871
run_0103.root	51564	-5.45863	3.91797
run_0103.root	56113	-70.9242	3.86842
run_0104.root	7720	-78.5156	3.90876
run_0104.root	37884	-91.6679	4.35505
run_0104.root	49745	-76.906	3.98905
run_0104.root	51199	-79.6942	4.34861
run_0105.root	1327	-68.2588	3.84251
run_0105.root	13262	8.96851	4.32362
