0 0.381721 0 0 18.0244
0.1 89.95 1.12038e-05 0.0285459 18.0243
0.2 89.8999 4.48151e-05 0.0570917 18.0243
0.3 89.8499 0.000100834 0.0856374 18.0243
0.4 89.7998 0.00017926 0.114183 18.0242
0.5 89.7498 0.000280093 0.142729 18.0241
0.6 89.6997 0.000403333 0.171274 18.024
0.7 89.6497 0.000548979 0.199819 18.0238
0.8 89.5996 0.000717031 0.228365 18.0236
0.9 89.5496 0.000907489 0.256909 18.0235
1 89.4995 0.00112035 0.285454 18.0232
1.1 89.4495 0.00135562 0.313999 18.023
1.2 89.3994 0.00161329 0.342543 18.0227
1.3 89.3494 0.00189336 0.371086 18.0225
1.4 89.2993 0.00219583 0.39963 18.0222
1.5 89.2493 0.00252071 0.428173 18.0218
1.6 89.1992 0.00286798 0.456716 18.0215
1.7 89.1492 0.00323766 0.485258 18.0211
1.8 89.0991 0.00362973 0.5138 18.0207
1.9 89.0491 0.0040442 0.542341 18.0203
2 88.999 0.00448106 0.570882 18.0199
2.1 88.949 0.00494032 0.599422 18.0194
2.2 88.8989 0.00542197 0.627962 18.0189
2.3 88.8489 0.00592601 0.656501 18.0184
2.4 88.7988 0.00645244 0.685039 18.0179
2.5 88.7488 0.00700126 0.713577 18.0174
2.6 88.6987 0.00757246 0.742114 18.0168
2.7 88.6487 0.00816605 0.770651 18.0162
2.8 88.5986 0.00878202 0.799187 18.0156
2.9 88.5486 0.00942037 0.827722 18.0149
3 88.4985 0.0100811 0.856256 18.0143
3.1 88.4485 0.0107642 0.884789 18.0136
3.2 88.3984 0.0114697 0.913322 18.0129
3.3 88.3484 0.0121975 0.941854 18.0122
3.4 88.2983 0.0129478 0.970385 18.0114
3.5 88.2483 0.0137204 0.998915 18.0106
3.6 88.1982 0.0145153 1.02744 18.0098
3.7 88.1482 0.0153326 1.05597 18.009
3.8 88.0981 0.0161723 1.0845 18.0082
3.9 88.0481 0.0170344 1.11302 18.0073
4 87.998 0.0179188 1.14155 18.0064
4.1 87.948 0.0188255 1.17007 18.0055
4.2 87.8979 0.0197546 1.1986 18.0046
4.3 87.8479 0.0207061 1.22712 18.0037
4.4 87.7978 0.0216799 1.25564 18.0027
4.5 87.7478 0.022676 1.28416 18.0017
4.6 87.6977 0.0236945 1.31268 18.0007
4.7 87.6477 0.0247353 1.34119 17.9996
4.8 87.5976 0.0257984 1.36971 17.9986
4.9 87.5476 0.0268839 1.39822 17.9975
5 87.4975 0.0279917 1.42674 17.9964
5.1 87.4475 0.0291218 1.45525 17.9952
5.2 87.3974 0.0302742 1.48376 17.9941
5.3 87.3474 0.031449 1.51227 17.9929
5.4 87.2973 0.032646 1.54078 17.9917
5.5 87.2473 0.0338654 1.56928 17.9905
5.6 87.1972 0.0351071 1.59779 17.9893
5.7 87.1472 0.0363711 1.62629 17.988
5.8 87.0971 0.0376573 1.65479 17.9867
5.9 87.0471 0.0389659 1.68329 17.9854
6 86.997 0.0402968 1.71179 17.9841
6.1 86.947 0.0416499 1.74029 17.9827
6.2 86.897 0.0430253 1.76879 17.9813
6.3 86.8469 0.044423 1.79728 17.9799
6.4 86.7969 0.045843 1.82577 17.9785
6.5 86.7468 0.0472852 1.85426 17.9771
6.6 86.6968 0.0487497 1.88275 17.9756
6.7 86.6467 0.0502365 1.91124 17.9741
6.8 86.5967 0.0517455 1.93972 17.9726
6.9 86.5466 0.0532767 1.96821 17.9711
7 86.4966 0.0548303 1.99669 17.9695
7.1 86.4465 0.056406 2.02517 17.968
7.2 86.3965 0.058004 2.05364 17.9664
7.3 86.3464 0.0596242 2.08212 17.9647
7.4 86.2964 0.0612666 2.11059 17.9631
7.5 86.2463 0.0629313 2.13907 17.9614
7.6 86.1963 0.0646182 2.16754 17.9597
7.7 86.1462 0.0663273 2.196 17.958
7.79999 86.0962 0.0680586 2.22447 17.9563
7.89999 86.0461 0.0698121 2.25293 17.9545
7.99999 85.9961 0.0715877 2.28139 17.9528
8.09999 85.946 0.0733856 2.30985 17.951
8.2 85.896 0.0752057 2.33831 17.9492
8.3 85.8459 0.0770479 2.36677 17.9473
8.4 85.7959 0.0789124 2.39522 17.9454
8.5 85.7458 0.080799 2.42367 17.9436
8.6 85.6958 0.0827077 2.45212 17.9417
8.7 85.6457 0.0846386 2.48057 17.9397
8.8 85.5957 0.0865917 2.50901 17.9378
8.9 85.5456 0.0885669 2.53745 17.9358
9 85.4956 0.0905642 2.56589 17.9338
9.1 85.4455 0.0925837 2.59433 17.9318
9.2 85.3955 0.0946253 2.62276 17.9297
9.3 85.3454 0.096689 2.65119 17.9277
9.4 85.2954 0.0987748 2.67962 17.9256
9.5 85.2453 0.100883 2.70805 17.9235
9.6 85.1953 0.103013 2.73647 17.9213
9.7 85.1452 0.105165 2.7649 17.9192
9.8 85.0952 0.107339 2.79331 17.917
9.9 85.0451 0.109535 2.82173 17.9148
10 84.9951 0.111754 2.85015 17.9126
10.1 84.945 0.113994 2.87856 17.9104
10.2 84.895 0.116257 2.90696 17.9081
10.3 84.8449 0.118541 2.93537 17.9058
10.4 84.7949 0.120848 2.96377 17.9035
10.5 84.7449 0.123177 2.99217 17.9012
10.6 84.6948 0.125527 3.02057 17.8988
10.7 84.6448 0.1279 3.04897 17.8965
10.8 84.5947 0.130295 3.07736 17.8941
10.9 84.5447 0.132711 3.10575 17.8916
11 84.4946 0.13515 3.13413 17.8892
11.1 84.4446 0.137611 3.16251 17.8868
11.2 84.3945 0.140094 3.19089 17.8843
11.3 84.3445 0.142598 3.21927 17.8818
11.4 84.2944 0.145125 3.24765 17.8792
11.5 84.2444 0.147674 3.27602 17.8767
11.6 84.1943 0.150244 3.30438 17.8741
11.7 84.1443 0.152837 3.33275 17.8715
11.8 84.0942 0.155451 3.36111 17.8689
11.9 84.0442 0.158088 3.38947 17.8663
12 83.9941 0.160746 3.41782 17.8636
12.1 83.9441 0.163426 3.44618 17.8609
12.2 83.894 0.166128 3.47452 17.8582
12.3 83.844 0.168852 3.50287 17.8555
12.4 83.7939 0.171598 3.53121 17.8528
12.5 83.7439 0.174366 3.55955 17.85
12.6 83.6938 0.177156 3.58789 17.8472
12.7 83.6438 0.179968 3.61622 17.8444
12.8 83.5937 0.182801 3.64455 17.8416
12.9 83.5437 0.185656 3.67287 17.8387
13 83.4936 0.188534 3.70119 17.8358
13.1 83.4436 0.191433 3.72951 17.8329
13.2 83.3935 0.194353 3.75783 17.83
13.3 83.3435 0.197296 3.78614 17.8271
13.4 83.2934 0.20026 3.81444 17.8241
13.5 83.2434 0.203247 3.84275 17.8211
13.6 83.1934 0.206255 3.87105 17.8181
13.7 83.1433 0.209284 3.89935 17.8151
13.8 83.0933 0.212336 3.92764 17.812
13.9 83.0432 0.215409 3.95593 17.809
14 82.9932 0.218504 3.98421 17.8059
14.1 82.9431 0.221621 4.01249 17.8027
14.2 82.8931 0.22476 4.04077 17.7996
14.3 82.843 0.22792 4.06905 17.7964
14.4 82.793 0.231102 4.09732 17.7933
14.5 82.7429 0.234306 4.12558 17.7901
14.6 82.6929 0.237531 4.15384 17.7868
14.7 82.6428 0.240778 4.1821 17.7836
14.8 82.5928 0.244047 4.21036 17.7803
14.9 82.5427 0.247337 4.23861 17.777
15 82.4927 0.250649 4.26685 17.7737
15.1 82.4426 0.253983 4.2951 17.7704
15.2 82.3926 0.257339 4.32333 17.767
15.3 82.3425 0.260715 4.35157 17.7636
15.4 82.2925 0.264114 4.3798 17.7602
15.5 82.2424 0.267534 4.40802 17.7568
15.6 82.1924 0.270976 4.43625 17.7534
15.7 82.1423 0.274439 4.46446 17.7499
15.8 82.0923 0.277924 4.49268 17.7464
15.9 82.0422 0.281431 4.52089 17.7429
16 81.9922 0.284959 4.54909 17.7394
16.1 81.9422 0.288508 4.57729 17.7359
16.2 81.8921 0.29208 4.60549 17.7323
16.3 81.8421 0.295672 4.63368 17.7287
16.4 81.792 0.299286 4.66187 17.7251
16.5 81.742 0.302922 4.69005 17.7214
16.6 81.6919 0.306579 4.71823 17.7178
16.7 81.6419 0.310258 4.7464 17.7141
16.8 81.5918 0.313958 4.77457 17.7104
16.9 81.5418 0.317679 4.80273 17.7067
17 81.4917 0.321422 4.83089 17.7029
17.1 81.4417 0.325187 4.85905 17.6992
17.2 81.3916 0.328972 4.8872 17.6954
17.3 81.3416 0.33278 4.91535 17.6916
17.4 81.2915 0.336608 4.94349 17.6878
17.5 81.2415 0.340458 4.97162 17.6839
17.6 81.1914 0.344329 4.99975 17.68
17.7 81.1414 0.348222 5.02788 17.6761
17.8 81.0913 0.352136 5.056 17.6722
17.9 81.0413 0.356072 5.08412 17.6683
18 80.9913 0.360028 5.11223 17.6643
18.1 80.9412 0.364006 5.14034 17.6604
18.2 80.8912 0.368006 5.16844 17.6564
18.3 80.8411 0.372026 5.19654 17.6523
18.4 80.7911 0.376068 5.22463 17.6483
18.5 80.741 0.380131 5.25272 17.6442
18.6 80.691 0.384216 5.28081 17.6401
18.7 80.6409 0.388321 5.30888 17.636
18.8 80.5909 0.392448 5.33696 17.6319
18.9 80.5408 0.396596 5.36502 17.6278
19 80.4908 0.400765 5.39308 17.6236
19.1 80.4407 0.404956 5.42114 17.6194
19.2 80.3907 0.409168 5.44919 17.6152
19.3 80.3406 0.4134 5.47724 17.611
19.4 80.2906 0.417654 5.50528 17.6067
19.5 80.2406 0.421929 5.53332 17.6024
19.6 80.1905 0.426226 5.56135 17.5981
19.7 80.1405 0.430543 5.58937 17.5938
19.8 80.0904 0.434881 5.61739 17.5895
19.9 80.0404 0.439241 5.64541 17.5851
20 79.9903 0.443621 5.67342 17.5807
20.1 79.9403 0.448023 5.70142 17.5763
20.2 79.8902 0.452446 5.72942 17.5719
20.3 79.8402 0.456889 5.75741 17.5675
20.4 79.7901 0.461354 5.7854 17.563
20.5 79.7401 0.46584 5.81338 17.5585
20.6 79.69 0.470346 5.84135 17.554
20.7 79.64 0.474874 5.86932 17.5495
20.8 79.5899 0.479423 5.89729 17.5449
20.9 79.5399 0.483992 5.92525 17.5404
21 79.4899 0.488583 5.9532 17.5358
21.1 79.4398 0.493194 5.98115 17.5312
21.2 79.3898 0.497826 6.00909 17.5265
21.3 79.3397 0.50248 6.03702 17.5219
21.4 79.2897 0.507154 6.06495 17.5172
21.5 79.2396 0.511849 6.09288 17.5125
21.6 79.1896 0.516565 6.1208 17.5078
21.7 79.1395 0.521301 6.14871 17.5031
21.8 79.0895 0.526059 6.17661 17.4983
21.9 79.0394 0.530837 6.20451 17.4935
22 78.9894 0.535636 6.23241 17.4887
22.1 78.9393 0.540456 6.2603 17.4839
22.2 78.8893 0.545296 6.28818 17.4791
22.3 78.8393 0.550158 6.31605 17.4742
22.4 78.7892 0.55504 6.34392 17.4693
22.5 78.7392 0.559943 6.37179 17.4644
22.6 78.6891 0.564866 6.39964 17.4595
22.7001 78.6391 0.56981 6.42749 17.4546
22.8001 78.589 0.574775 6.45534 17.4496
22.9001 78.539 0.579761 6.48318 17.4446
23.0001 78.4889 0.584767 6.51101 17.4396
23.1001 78.4389 0.589794 6.53883 17.4346
23.2001 78.3888 0.594841 6.56665 17.4295
23.3001 78.3388 0.599909 6.59447 17.4245
23.4001 78.2888 0.604998 6.62227 17.4194
23.5001 78.2387 0.610107 6.65007 17.4143
23.6001 78.1887 0.615236 6.67787 17.4091
23.7001 78.1386 0.620387 6.70565 17.404
23.8001 78.0886 0.625557 6.73343 17.3988
23.9001 78.0385 0.630749 6.76121 17.3936
24.0001 77.9885 0.63596 6.78897 17.3884
24.1001 77.9384 0.641192 6.81673 17.3832
24.2001 77.8884 0.646445 6.84449 17.3779
24.3001 77.8383 0.651718 6.87224 17.3726
24.4001 77.7883 0.657012 6.89998 17.3673
24.5001 77.7383 0.662326 6.92771 17.362
24.6001 77.6882 0.66766 6.95544 17.3567
24.7001 77.6382 0.673015 6.98316 17.3513
24.8001 77.5881 0.67839 7.01087 17.346
24.9001 77.5381 0.683785 7.03857 17.3406
25.0001 77.488 0.689201 7.06627 17.3352
25.1001 77.438 0.694637 7.09397 17.3297
25.2001 77.3879 0.700093 7.12165 17.3243
25.3001 77.3379 0.70557 7.14933 17.3188
25.4001 77.2879 0.711066 7.177 17.3133
25.5001 77.2378 0.716584 7.20466 17.3078
25.6001 77.1878 0.722121 7.23232 17.3022
25.7001 77.1377 0.727678 7.25997 17.2967
25.8001 77.0877 0.733256 7.28761 17.2911
25.9001 77.0376 0.738854 7.31525 17.2855
26.0001 76.9876 0.744472 7.34288 17.2799
26.1001 76.9375 0.75011 7.3705 17.2743
26.2001 76.8875 0.755768 7.39811 17.2686
26.3001 76.8375 0.761447 7.42572 17.2629
26.4001 76.7874 0.767145 7.45332 17.2572
26.5001 76.7374 0.772864 7.48091 17.2515
26.6001 76.6873 0.778602 7.50849 17.2458
26.7001 76.6373 0.784361 7.53607 17.24
26.8001 76.5872 0.79014 7.56364 17.2342
26.9001 76.5372 0.795938 7.5912 17.2284
27.0001 76.4871 0.801757 7.61875 17.2226
27.1001 76.4371 0.807596 7.6463 17.2168
27.2001 76.3871 0.813454 7.67384 17.2109
27.3001 76.337 0.819333 7.70137 17.205
27.4001 76.287 0.825231 7.72889 17.1991
27.5001 76.2369 0.83115 7.75641 17.1932
27.6001 76.1869 0.837088 7.78392 17.1873
27.7001 76.1368 0.843046 7.81142 17.1813
27.8001 76.0868 0.849024 7.83891 17.1753
27.9001 76.0367 0.855021 7.86639 17.1693
28.0001 75.9867 0.861039 7.89387 17.1633
28.1001 75.9367 0.867076 7.92134 17.1573
28.2001 75.8866 0.873133 7.9488 17.1512
28.3001 75.8366 0.87921 7.97626 17.1452
28.4001 75.7865 0.885306 8.0037 17.1391
28.5001 75.7365 0.891423 8.03114 17.1329
28.6001 75.6864 0.897559 8.05857 17.1268
28.7001 75.6364 0.903714 8.08599 17.1206
28.8001 75.5864 0.909889 8.1134 17.1145
28.9001 75.5363 0.916084 8.14081 17.1083
29.0001 75.4863 0.922299 8.1682 17.1021
29.1001 75.4362 0.928533 8.19559 17.0958
29.2001 75.3862 0.934787 8.22297 17.0896
29.3001 75.3361 0.94106 8.25034 17.0833
29.4001 75.2861 0.947353 8.27771 17.077
29.5001 75.2361 0.953665 8.30506 17.0707
29.6001 75.186 0.959997 8.33241 17.0644
29.7001 75.136 0.966348 8.35975 17.058
29.8001 75.0859 0.972719 8.38708 17.0516
29.9001 75.0359 0.979109 8.4144 17.0453
30.0001 74.9858 0.985519 8.44171 17.0388
30.1001 74.9358 0.991948 8.46902 17.0324
30.2001 74.8858 0.998396 8.49631 17.026
30.3001 74.8357 1.00486 8.5236 17.0195
30.4001 74.7857 1.01135 8.55088 17.013
30.5001 74.7356 1.01786 8.57815 17.0065
30.6001 74.6856 1.02438 8.60541 17
30.7001 74.6355 1.03093 8.63266 16.9934
30.8001 74.5855 1.03749 8.65991 16.9869
30.9001 74.5355 1.04408 8.68714 16.9803
31.0001 74.4854 1.05068 8.71437 16.9737
31.1001 74.4354 1.0573 8.74159 16.9671
31.2001 74.3853 1.06394 8.76879 16.9604
31.3001 74.3353 1.0706 8.79599 16.9538
31.4001 74.2852 1.07728 8.82318 16.9471
31.5001 74.2352 1.08398 8.85037 16.9404
31.6001 74.1852 1.0907 8.87754 16.9337
31.7001 74.1351 1.09744 8.9047 16.9269
31.8001 74.0851 1.10419 8.93186 16.9202
31.9001 74.035 1.11097 8.959 16.9134
32.0001 73.985 1.11776 8.98614 16.9066
32.1001 73.9349 1.12457 9.01327 16.8998
32.2001 73.8849 1.1314 9.04038 16.893
32.3001 73.8349 1.13826 9.06749 16.8861
32.4001 73.7848 1.14513 9.09459 16.8792
32.5001 73.7348 1.15201 9.12168 16.8723
32.6001 73.6847 1.15892 9.14876 16.8654
32.7001 73.6347 1.16585 9.17583 16.8585
32.8001 73.5847 1.17279 9.20289 16.8516
32.9001 73.5346 1.17976 9.22995 16.8446
33.0001 73.4846 1.18674 9.25699 16.8376
33.1001 73.4345 1.19374 9.28402 16.8306
33.2001 73.3845 1.20076 9.31104 16.8236
33.3001 73.3345 1.2078 9.33806 16.8166
33.4001 73.2844 1.21486 9.36506 16.8095
33.5001 73.2344 1.22194 9.39206 16.8024
33.6001 73.1843 1.22903 9.41904 16.7953
33.7001 73.1343 1.23615 9.44602 16.7882
33.8001 73.0843 1.24328 9.47298 16.7811
33.9001 73.0342 1.25043 9.49994 16.7739
34.0001 72.9842 1.2576 9.52689 16.7668
34.1001 72.9341 1.26479 9.55382 16.7596
34.2001 72.8841 1.27199 9.58075 16.7524
34.3 72.8341 1.27922 9.60766 16.7451
34.4 72.784 1.28646 9.63457 16.7379
34.5 72.734 1.29373 9.66147 16.7306
34.6 72.6839 1.30101 9.68835 16.7234
34.7 72.6339 1.30831 9.71523 16.7161
34.8 72.5839 1.31562 9.7421 16.7087
34.9 72.5338 1.32296 9.76895 16.7014
35 72.4838 1.33032 9.7958 16.694
35.1 72.4337 1.33769 9.82263 16.6867
35.2 72.3837 1.34508 9.84946 16.6793
35.3 72.3337 1.35249 9.87628 16.6719
35.4 72.2836 1.35992 9.90308 16.6644
35.5 72.2336 1.36736 9.92988 16.657
35.6 72.1835 1.37483 9.95666 16.6495
35.7 72.1335 1.38231 9.98343 16.642
35.8 72.0835 1.38981 10.0102 16.6345
35.9 72.0334 1.39733 10.037 16.627
36 71.9834 1.40487 10.0637 16.6195
36.1 71.9333 1.41242 10.0904 16.6119
36.2 71.8833 1.42 10.1171 16.6044
36.3 71.8333 1.42759 10.1439 16.5968
36.4 71.7832 1.4352 10.1706 16.5892
36.5 71.7332 1.44283 10.1972 16.5815
36.6 71.6832 1.45047 10.2239 16.5739
36.7 71.6331 1.45813 10.2506 16.5662
36.8 71.5831 1.46582 10.2773 16.5585
36.9 71.533 1.47352 10.3039 16.5508
37 71.483 1.48123 10.3305 16.5431
37.1 71.433 1.48897 10.3572 16.5354
37.2 71.3829 1.49672 10.3838 16.5276
37.3 71.3329 1.50449 10.4104 16.5199
37.4 71.2828 1.51228 10.437 16.5121
37.5 71.2328 1.52009 10.4635 16.5043
37.6 71.1828 1.52791 10.4901 16.4964
37.7 71.1327 1.53575 10.5167 16.4886
37.8 71.0827 1.54361 10.5432 16.4807
37.9 71.0327 1.55149 10.5698 16.4729
38 70.9826 1.55939 10.5963 16.465
38.1 70.9326 1.5673 10.6228 16.4571
38.2 70.8825 1.57523 10.6493 16.4491
38.3 70.8325 1.58318 10.6758 16.4412
38.4 70.7825 1.59114 10.7023 16.4332
38.5 70.7324 1.59913 10.7287 16.4252
38.6 70.6824 1.60713 10.7552 16.4172
38.7 70.6324 1.61515 10.7816 16.4092
38.8 70.5823 1.62318 10.8081 16.4012
38.9 70.5323 1.63124 10.8345 16.3931
39 70.4822 1.63931 10.8609 16.3851
39.1 70.4322 1.64739 10.8873 16.377
39.2 70.3822 1.6555 10.9137 16.3689
39.3 70.3321 1.66362 10.9401 16.3607
39.4 70.2821 1.67176 10.9664 16.3526
39.5 70.2321 1.67992 10.9928 16.3444
39.6 70.182 1.6881 11.0191 16.3363
39.7 70.132 1.69629 11.0455 16.3281
39.8 70.0819 1.7045 11.0718 16.3199
39.9 70.0319 1.71272 11.0981 16.3116
40 69.9819 1.72097 11.1244 16.3034
40.1 69.9318 1.72923 11.1507 16.2951
40.2 69.8818 1.73751 11.1769 16.2869
40.3 69.8318 1.7458 11.2032 16.2786
40.4 69.7817 1.75411 11.2294 16.2702
40.5 69.7317 1.76244 11.2557 16.2619
40.6 69.6816 1.77079 11.2819 16.2536
40.7 69.6316 1.77915 11.3081 16.2452
40.7999 69.5816 1.78753 11.3343 16.2368
40.8999 69.5315 1.79593 11.3605 16.2284
40.9999 69.4815 1.80435 11.3867 16.22
41.0999 69.4315 1.81278 11.4128 16.2116
41.1999 69.3814 1.82122 11.439 16.2031
41.2999 69.3314 1.82969 11.4651 16.1947
41.3999 69.2814 1.83817 11.4912 16.1862
41.4999 69.2313 1.84667 11.5173 16.1777
41.5999 69.1813 1.85519 11.5434 16.1692
41.6999 69.1312 1.86372 11.5695 16.1606
41.7999 69.0812 1.87227 11.5956 16.1521
41.8999 69.0312 1.88083 11.6216 16.1435
41.9999 68.9811 1.88941 11.6477 16.1349
42.0999 68.9311 1.89801 11.6737 16.1263
42.1999 68.8811 1.90663 11.6997 16.1177
42.2999 68.831 1.91526 11.7257 16.1091
42.3999 68.781 1.92391 11.7517 16.1005
42.4999 68.731 1.93257 11.7777 16.0918
42.5999 68.6809 1.94126 11.8037 16.0831
42.6999 68.6309 1.94995 11.8297 16.0744
42.7999 68.5809 1.95867 11.8556 16.0657
42.8999 68.5308 1.9674 11.8815 16.057
42.9999 68.4808 1.97615 11.9074 16.0482
43.0999 68.4307 1.98491 11.9334 16.0394
43.1999 68.3807 1.99369 11.9592 16.0307
43.2999 68.3307 2.00249 11.9851 16.0219
43.3999 68.2806 2.0113 12.011 16.0131
43.4999 68.2306 2.02013 12.0368 16.0042
43.5999 68.1806 2.02898 12.0627 15.9954
43.6999 68.1305 2.03784 12.0885 15.9865
43.7999 68.0805 2.04672 12.1143 15.9776
43.8999 68.0305 2.05561 12.1401 15.9688
43.9999 67.9804 2.06452 12.1659 15.9598
44.0999 67.9304 2.07345 12.1917 15.9509
44.1999 67.8804 2.08239 12.2174 15.942
44.2999 67.8303 2.09135 12.2432 15.933
44.3999 67.7803 2.10032 12.2689 15.924
44.4999 67.7303 2.10931 12.2946 15.915
44.5999 67.6802 2.11832 12.3203 15.906
44.6999 67.6302 2.12734 12.346 15.897
44.7999 67.5802 2.13638 12.3717 15.888
44.8999 67.5301 2.14543 12.3974 15.8789
44.9999 67.4801 2.1545 12.423 15.8699
45.0999 67.4301 2.16359 12.4486 15.8608
45.1999 67.38 2.17269 12.4743 15.8517
45.2999 67.33 2.18181 12.4999 15.8426
45.3999 67.28 2.19094 12.5255 15.8334
45.4999 67.2299 2.20009 12.551 15.8243
45.5999 67.1799 2.20926 12.5766 15.8151
45.6999 67.1298 2.21844 12.6021 15.8059
45.7999 67.0798 2.22763 12.6277 15.7967
45.8999 67.0298 2.23685 12.6532 15.7875
45.9999 66.9797 2.24607 12.6787 15.7783
46.0999 66.9297 2.25532 12.7042 15.769
46.1999 66.8797 2.26457 12.7297 15.7598
46.2999 66.8296 2.27385 12.7551 15.7505
46.3999 66.7796 2.28314 12.7806 15.7412
46.4999 66.7296 2.29244 12.806 15.7319
46.5999 66.6795 2.30176 12.8315 15.7226
46.6999 66.6295 2.3111 12.8569 15.7133
46.7999 66.5795 2.32045 12.8823 15.7039
46.8999 66.5295 2.32982 12.9076 15.6945
46.9999 66.4794 2.3392 12.933 15.6852
47.0999 66.4294 2.3486 12.9583 15.6758
47.1999 66.3794 2.35801 12.9837 15.6664
47.2999 66.3293 2.36744 13.009 15.6569
47.3998 66.2793 2.37688 13.0343 15.6475
47.4998 66.2293 2.38634 13.0596 15.638
47.5998 66.1792 2.39581 13.0849 15.6286
47.6998 66.1292 2.4053 13.1101 15.6191
47.7998 66.0792 2.4148 13.1354 15.6096
47.8998 66.0291 2.42432 13.1606 15.6
47.9998 65.9791 2.43385 13.1858 15.5905
48.0998 65.9291 2.4434 13.211 15.581
48.1998 65.879 2.45296 13.2362 15.5714
48.2998 65.829 2.46254 13.2613 15.5618
48.3998 65.779 2.47213 13.2865 15.5522
48.4998 65.7289 2.48174 13.3116 15.5426
48.5998 65.6789 2.49136 13.3368 15.533
48.6998 65.6289 2.501 13.3619 15.5234
48.7998 65.5788 2.51065 13.387 15.5137
48.8998 65.5288 2.52032 13.412 15.504
48.9998 65.4788 2.53 13.4371 15.4944
49.0998 65.4287 2.5397 13.4621 15.4847
49.1998 65.3787 2.54941 13.4872 15.4749
49.2998 65.3287 2.55914 13.5122 15.4652
49.3998 65.2786 2.56888 13.5372 15.4555
49.4998 65.2286 2.57863 13.5622 15.4457
49.5998 65.1786 2.5884 13.5871 15.436
49.6998 65.1286 2.59819 13.6121 15.4262
49.7998 65.0785 2.60799 13.637 15.4164
49.8998 65.0285 2.6178 13.6619 15.4066
49.9998 64.9785 2.62763 13.6868 15.3967
50.0998 64.9284 2.63747 13.7117 15.3869
50.1998 64.8784 2.64732 13.7366 15.377
50.2998 64.8284 2.6572 13.7614 15.3672
50.3998 64.7783 2.66708 13.7863 15.3573
50.4998 64.7283 2.67698 13.8111 15.3474
50.5998 64.6783 2.68689 13.8359 15.3375
50.6998 64.6282 2.69682 13.8607 15.3275
50.7998 64.5782 2.70676 13.8855 15.3176
50.8998 64.5282 2.71672 13.9102 15.3076
50.9998 64.4782 2.72669 13.935 15.2977
51.0998 64.4281 2.73667 13.9597 15.2877
51.1998 64.3781 2.74667 13.9844 15.2777
51.2998 64.3281 2.75668 14.0091 15.2677
51.3998 64.278 2.76671 14.0338 15.2577
51.4998 64.228 2.77675 14.0584 15.2476
51.5998 64.178 2.78681 14.0831 15.2376
51.6998 64.1279 2.79687 14.1077 15.2275
51.7998 64.0779 2.80696 14.1323 15.2174
51.8998 64.0279 2.81705 14.1569 15.2073
51.9998 63.9779 2.82716 14.1815 15.1972
52.0998 63.9278 2.83729 14.206 15.1871
52.1998 63.8778 2.84742 14.2306 15.1769
52.2998 63.8278 2.85757 14.2551 15.1668
52.3998 63.7777 2.86774 14.2796 15.1566
52.4998 63.7277 2.87792 14.3041 15.1464
52.5998 63.6777 2.88811 14.3285 15.1363
52.6998 63.6277 2.89832 14.353 15.126
52.7998 63.5776 2.90853 14.3774 15.1158
52.8998 63.5276 2.91877 14.4019 15.1056
52.9998 63.4776 2.92901 14.4263 15.0953
53.0998 63.4275 2.93927 14.4507 15.0851
53.1998 63.3775 2.94955 14.475 15.0748
53.2998 63.3275 2.95983 14.4994 15.0645
53.3998 63.2774 2.97013 14.5237 15.0542
53.4998 63.2274 2.98045 14.548 15.0439
53.5998 63.1774 2.99077 14.5723 15.0336
53.6998 63.1274 3.00112 14.5966 15.0232
53.7998 63.0773 3.01147 14.6209 15.0129
53.8997 63.0273 3.02184 14.6451 15.0025
53.9997 62.9773 3.03222 14.6693 14.9921
54.0997 62.9273 3.04261 14.6935 14.9818
54.1997 62.8772 3.05301 14.7177 14.9713
54.2997 62.8272 3.06343 14.7419 14.9609
54.3997 62.7772 3.07387 14.7661 14.9505
54.4997 62.7271 3.08431 14.7902 14.94
54.5997 62.6771 3.09477 14.8143 14.9296
54.6997 62.6271 3.10524 14.8384 14.9191
54.7997 62.5771 3.11573 14.8625 14.9086
54.8997 62.527 3.12622 14.8866 14.8981
54.9997 62.477 3.13673 14.9106 14.8876
55.0997 62.427 3.14726 14.9346 14.8771
55.1997 62.3769 3.15779 14.9587 14.8666
55.2997 62.3269 3.16834 14.9826 14.856
55.3997 62.2769 3.1789 15.0066 14.8455
55.4997 62.2269 3.18948 15.0306 14.8349
55.5997 62.1768 3.20006 15.0545 14.8243
55.6997 62.1268 3.21066 15.0784 14.8137
55.7997 62.0768 3.22127 15.1023 14.8031
55.8997 62.0268 3.2319 15.1262 14.7925
55.9997 61.9767 3.24254 15.1501 14.7818
56.0997 61.9267 3.25319 15.1739 14.7712
56.1997 61.8767 3.26385 15.1977 14.7605
56.2997 61.8266 3.27452 15.2215 14.7498
56.3997 61.7766 3.28521 15.2453 14.7392
56.4997 61.7266 3.29591 15.2691 14.7285
56.5997 61.6766 3.30662 15.2928 14.7177
56.6997 61.6265 3.31735 15.3166 14.707
56.7997 61.5765 3.32808 15.3403 14.6963
56.8997 61.5265 3.33883 15.364 14.6855
56.9997 61.4765 3.34959 15.3876 14.6748
57.0997 61.4264 3.36036 15.4113 14.664
57.1997 61.3764 3.37115 15.4349 14.6532
57.2997 61.3264 3.38195 15.4585 14.6424
57.3997 61.2764 3.39276 15.4821 14.6316
57.4997 61.2263 3.40358 15.5057 14.6208
57.5997 61.1763 3.41441 15.5293 14.6099
57.6997 61.1263 3.42526 15.5528 14.5991
57.7997 61.0763 3.43612 15.5763 14.5882
57.8997 61.0262 3.44699 15.5998 14.5774
57.9997 60.9762 3.45787 15.6233 14.5665
58.0997 60.9262 3.46876 15.6468 14.5556
58.1997 60.8762 3.47967 15.6702 14.5447
58.2997 60.8261 3.49058 15.6936 14.5338
58.3997 60.7761 3.50151 15.717 14.5228
58.4997 60.7261 3.51245 15.7404 14.5119
58.5997 60.6761 3.52341 15.7637 14.501
58.6997 60.626 3.53437 15.7871 14.49
58.7997 60.576 3.54535 15.8104 14.479
58.8997 60.526 3.55633 15.8337 14.468
58.9997 60.476 3.56733 15.857 14.457
59.0997 60.4259 3.57834 15.8802 14.446
59.1997 60.3759 3.58936 15.9035 14.435
59.2997 60.3259 3.6004 15.9267 14.424
59.3997 60.2759 3.61144 15.9499 14.4129
59.4997 60.2258 3.6225 15.973 14.4019
59.5997 60.1758 3.63357 15.9962 14.3908
59.6997 60.1258 3.64464 16.0193 14.3797
59.7997 60.0758 3.65573 16.0424 14.3686
59.8997 60.0257 3.66684 16.0655 14.3575
59.9997 59.9757 3.67795 16.0886 14.3464
60.0997 59.9257 3.68907 16.1116 14.3353
60.1997 59.8757 3.70021 16.1347 14.3242
60.2997 59.8256 3.71135 16.1577 14.313
60.3997 59.7756 3.72251 16.1807 14.3018
60.4996 59.7256 3.73368 16.2036 14.2907
60.5996 59.6756 3.74486 16.2266 14.2795
60.6996 59.6256 3.75605 16.2495 14.2683
60.7996 59.5755 3.76725 16.2724 14.2571
60.8996 59.5255 3.77846 16.2953 14.2459
60.9996 59.4755 3.78969 16.3181 14.2347
61.0996 59.4255 3.80092 16.341 14.2234
61.1996 59.3754 3.81217 16.3638 14.2122
61.2996 59.3254 3.82342 16.3866 14.2009
61.3996 59.2754 3.83469 16.4094 14.1897
61.4996 59.2254 3.84597 16.4321 14.1784
61.5996 59.1753 3.85725 16.4549 14.1671
61.6996 59.1253 3.86855 16.4776 14.1558
61.7996 59.0753 3.87986 16.5003 14.1445
61.8996 59.0253 3.89118 16.5229 14.1332
61.9996 58.9753 3.90251 16.5456 14.1218
62.0996 58.9252 3.91385 16.5682 14.1105
62.1996 58.8752 3.9252 16.5908 14.0992
62.2996 58.8252 3.93657 16.6134 14.0878
62.3996 58.7752 3.94794 16.6359 14.0764
62.4996 58.7251 3.95932 16.6585 14.065
62.5996 58.6751 3.97071 16.681 14.0536
62.6996 58.6251 3.98212 16.7035 14.0422
62.7996 58.5751 3.99353 16.7259 14.0308
62.8996 58.5251 4.00495 16.7484 14.0194
62.9996 58.475 4.01639 16.7708 14.008
63.0996 58.425 4.02783 16.7932 13.9965
63.1996 58.375 4.03929 16.8156 13.9851
63.2996 58.325 4.05075 16.8379 13.9736
63.3996 58.2749 4.06222 16.8602 13.9621
63.4996 58.2249 4.07371 16.8826 13.9507
63.5996 58.1749 4.0852 16.9048 13.9392
63.6996 58.1249 4.09671 16.9271 13.9277
63.7996 58.0749 4.10822 16.9493 13.9161
63.8996 58.0248 4.11975 16.9716 13.9046
63.9996 57.9748 4.13128 16.9938 13.8931
64.0996 57.9248 4.14282 17.0159 13.8815
64.1996 57.8748 4.15438 17.0381 13.87
64.2996 57.8248 4.16594 17.0602 13.8584
64.3996 57.7747 4.17752 17.0823 13.8468
64.4996 57.7247 4.1891 17.1044 13.8353
64.5996 57.6747 4.20069 17.1264 13.8237
64.6996 57.6247 4.21229 17.1485 13.8121
64.7996 57.5747 4.2239 17.1705 13.8005
64.8996 57.5246 4.23553 17.1925 13.7888
64.9996 57.4746 4.24716 17.2144 13.7772
65.0996 57.4246 4.2588 17.2364 13.7656
65.1996 57.3746 4.27045 17.2583 13.7539
65.2996 57.3246 4.28211 17.2802 13.7423
65.3996 57.2745 4.29377 17.302 13.7306
65.4996 57.2245 4.30545 17.3239 13.7189
65.5996 57.1745 4.31714 17.3457 13.7072
65.6996 57.1245 4.32884 17.3675 13.6955
65.7996 57.0745 4.34054 17.3893 13.6838
65.8996 57.0244 4.35226 17.411 13.6721
65.9996 56.9744 4.36398 17.4327 13.6604
66.0996 56.9244 4.37571 17.4544 13.6486
66.1996 56.8744 4.38745 17.4761 13.6369
66.2996 56.8244 4.39921 17.4977 13.6252
66.3996 56.7743 4.41097 17.5194 13.6134
66.4996 56.7243 4.42273 17.541 13.6016
66.5996 56.6743 4.43451 17.5625 13.5898
66.6996 56.6243 4.4463 17.5841 13.5781
66.7996 56.5743 4.4581 17.6056 13.5663
66.8996 56.5243 4.4699 17.6271 13.5545
66.9995 56.4742 4.48171 17.6486 13.5426
67.0995 56.4242 4.49354 17.67 13.5308
67.1995 56.3742 4.50537 17.6915 13.519
67.2995 56.3242 4.51721 17.7129 13.5072
67.3995 56.2742 4.52905 17.7343 13.4953
67.4995 56.2241 4.54091 17.7556 13.4835
67.5995 56.1741 4.55278 17.7769 13.4716
67.6995 56.1241 4.56465 17.7982 13.4597
67.7995 56.0741 4.57653 17.8195 13.4478
67.8995 56.0241 4.58842 17.8408 13.4359
67.9995 55.9741 4.60032 17.862 13.424
68.0995 55.924 4.61223 17.8832 13.4121
68.1995 55.874 4.62415 17.9044 13.4002
68.2995 55.824 4.63607 17.9255 13.3883
68.3995 55.774 4.648 17.9466 13.3764
68.4995 55.724 4.65994 17.9677 13.3644
68.5995 55.6739 4.67189 17.9888 13.3525
68.6995 55.6239 4.68385 18.0098 13.3405
68.7995 55.5739 4.69582 18.0309 13.3285
68.8995 55.5239 4.70779 18.0519 13.3166
68.9995 55.4739 4.71977 18.0728 13.3046
69.0995 55.4239 4.73176 18.0938 13.2926
69.1995 55.3738 4.74376 18.1147 13.2806
69.2995 55.3238 4.75576 18.1356 13.2686
69.3995 55.2738 4.76778 18.1564 13.2566
69.4995 55.2238 4.7798 18.1773 13.2446
69.5995 55.1738 4.79183 18.1981 13.2325
69.6995 55.1238 4.80387 18.2189 13.2205
69.7995 55.0737 4.81591 18.2396 13.2085
69.8995 55.0237 4.82796 18.2603 13.1964
69.9995 54.9737 4.84002 18.281 13.1843
70.0995 54.9237 4.85209 18.3017 13.1723
70.1995 54.8737 4.86417 18.3224 13.1602
70.2995 54.8237 4.87625 18.343 13.1481
70.3995 54.7736 4.88834 18.3636 13.136
70.4995 54.7236 4.90044 18.3842 13.1239
70.5995 54.6736 4.91254 18.4047 13.1118
70.6995 54.6236 4.92466 18.4252 13.0997
70.7995 54.5736 4.93678 18.4457 13.0876
70.8995 54.5236 4.94891 18.4662 13.0755
70.9995 54.4736 4.96104 18.4866 13.0633
71.0995 54.4235 4.97318 18.507 13.0512
71.1995 54.3735 4.98533 18.5274 13.039
71.2995 54.3235 4.99749 18.5477 13.0269
71.3995 54.2735 5.00966 18.568 13.0147
71.4995 54.2235 5.02183 18.5883 13.0025
71.5995 54.1735 5.034 18.6086 12.9904
71.6995 54.1235 5.04619 18.6288 12.9782
71.7995 54.0734 5.05838 18.6491 12.966
71.8995 54.0234 5.07058 18.6692 12.9538
71.9995 53.9734 5.08279 18.6894 12.9416
72.0995 53.9234 5.095 18.7095 12.9294
72.1995 53.8734 5.10722 18.7296 12.9171
72.2995 53.8234 5.11945 18.7497 12.9049
72.3995 53.7734 5.13168 18.7697 12.8927
72.4995 53.7233 5.14392 18.7897 12.8804
72.5995 53.6733 5.15617 18.8097 12.8682
72.6995 53.6233 5.16843 18.8297 12.8559
72.7995 53.5733 5.18069 18.8496 12.8437
72.8995 53.5233 5.19296 18.8695 12.8314
72.9995 53.4733 5.20523 18.8894 12.8191
73.0995 53.4233 5.21751 18.9092 12.8069
73.1995 53.3732 5.2298 18.929 12.7946
73.2995 53.3232 5.24209 18.9488 12.7823
73.3995 53.2732 5.25439 18.9686 12.77
73.4995 53.2232 5.2667 18.9883 12.7577
73.5994 53.1732 5.27901 19.008 12.7454
73.6994 53.1232 5.29133 19.0277 12.733
73.7994 53.0732 5.30365 19.0473 12.7207
73.8994 53.0231 5.31599 19.0669 12.7084
73.9994 52.9731 5.32832 19.0865 12.696
74.0994 52.9231 5.34067 19.106 12.6837
74.1994 52.8731 5.35302 19.1256 12.6713
74.2994 52.8231 5.36538 19.1451 12.659
74.3994 52.7731 5.37774 19.1645 12.6466
74.4994 52.7231 5.39011 19.1839 12.6343
74.5994 52.6731 5.40248 19.2033 12.6219
74.6994 52.623 5.41486 19.2227 12.6095
74.7994 52.573 5.42725 19.2421 12.5971
74.8994 52.523 5.43964 19.2614 12.5847
74.9994 52.473 5.45204 19.2806 12.5723
75.0994 52.423 5.46444 19.2999 12.5599
75.1994 52.373 5.47685 19.3191 12.5475
75.2994 52.323 5.48927 19.3383 12.5351
75.3994 52.273 5.50169 19.3575 12.5227
75.4994 52.223 5.51411 19.3766 12.5102
75.5994 52.1729 5.52655 19.3957 12.4978
75.6994 52.1229 5.53898 19.4148 12.4854
75.7994 52.0729 5.55143 19.4338 12.4729
75.8994 52.0229 5.56388 19.4528 12.4605
75.9994 51.9729 5.57633 19.4718 12.448
76.0994 51.9229 5.58879 19.4907 12.4356
76.1994 51.8729 5.60125 19.5096 12.4231
76.2994 51.8229 5.61373 19.5285 12.4106
76.3994 51.7729 5.6262 19.5474 12.3982
76.4994 51.7228 5.63868 19.5662 12.3857
76.5994 51.6728 5.65117 19.585 12.3732
76.6994 51.6228 5.66366 19.6037 12.3607
76.7994 51.5728 5.67616 19.6224 12.3482
76.8994 51.5228 5.68866 19.6411 12.3357
76.9994 51.4728 5.70116 19.6598 12.3232
77.0994 51.4228 5.71368 19.6784 12.3107
77.1994 51.3728 5.72619 19.697 12.2982
77.2994 51.3228 5.73872 19.7156 12.2856
77.3994 51.2727 5.75124 19.7341 12.2731
77.4994 51.2227 5.76377 19.7526 12.2606
77.5994 51.1727 5.77631 19.7711 12.2481
77.6994 51.1227 5.78885 19.7895 12.2355
77.7994 51.0727 5.8014 19.8079 12.223
77.8994 51.0227 5.81395 19.8263 12.2104
77.9994 50.9727 5.8265 19.8446 12.1979
78.0994 50.9227 5.83906 19.8629 12.1853
78.1994 50.8727 5.85163 19.8812 12.1727
78.2994 50.8227 5.8642 19.8995 12.1602
78.3994 50.7727 5.87677 19.9177 12.1476
78.4994 50.7226 5.88935 19.9358 12.135
78.5994 50.6726 5.90193 19.954 12.1224
78.6994 50.6226 5.91452 19.9721 12.1098
78.7994 50.5726 5.92711 19.9902 12.0972
78.8994 50.5226 5.93971 20.0082 12.0847
78.9994 50.4726 5.95231 20.0262 12.0721
79.0994 50.4226 5.96491 20.0442 12.0594
79.1994 50.3726 5.97752 20.0621 12.0468
79.2994 50.3226 5.99014 20.08 12.0342
79.3994 50.2726 6.00275 20.0979 12.0216
79.4994 50.2226 6.01537 20.1158 12.009
79.5994 50.1725 6.028 20.1336 11.9964
79.6994 50.1225 6.04063 20.1513 11.9837
79.7994 50.0725 6.05326 20.1691 11.9711
79.8994 50.0225 6.0659 20.1868 11.9585
79.9994 49.9725 6.07854 20.2045 11.9458
80.0993 49.9225 6.09119 20.2221 11.9332
80.1993 49.8725 6.10384 20.2397 11.9205
80.2993 49.8225 6.11649 20.2573 11.9079
80.3993 49.7725 6.12915 20.2748 11.8952
80.4993 49.7225 6.14181 20.2923 11.8826
80.5993 49.6725 6.15447 20.3098 11.8699
80.6993 49.6225 6.16714 20.3272 11.8572
80.7993 49.5725 6.17981 20.3446 11.8446
80.8993 49.5225 6.19248 20.362 11.8319
80.9993 49.4724 6.20516 20.3793 11.8192
81.0993 49.4224 6.21784 20.3966 11.8065
81.1993 49.3724 6.23053 20.4138 11.7938
81.2993 49.3224 6.24322 20.4311 11.7811
81.3993 49.2724 6.25591 20.4482 11.7684
81.4993 49.2224 6.26861 20.4654 11.7558
81.5993 49.1724 6.28131 20.4825 11.7431
81.6993 49.1224 6.29401 20.4996 11.7304
81.7993 49.0724 6.30671 20.5166 11.7176
81.8993 49.0224 6.31942 20.5336 11.7049
81.9993 48.9724 6.33213 20.5506 11.6922
82.0993 48.9224 6.34485 20.5676 11.6795
82.1993 48.8724 6.35757 20.5845 11.6668
82.2993 48.8224 6.37029 20.6013 11.6541
82.3993 48.7724 6.38301 20.6181 11.6413
82.4993 48.7224 6.39574 20.6349 11.6286
82.5993 48.6723 6.40847 20.6517 11.6159
82.6993 48.6223 6.4212 20.6684 11.6032
82.7993 48.5723 6.43394 20.6851 11.5904
82.8993 48.5223 6.44668 20.7017 11.5777
82.9993 48.4723 6.45942 20.7184 11.5649
83.0993 48.4223 6.47216 20.7349 11.5522
83.1993 48.3723 6.48491 20.7515 11.5395
83.2993 48.3223 6.49766 20.768 11.5267
83.3993 48.2723 6.51041 20.7844 11.514
83.4993 48.2223 6.52317 20.8008 11.5012
83.5993 48.1723 6.53592 20.8172 11.4884
83.6993 48.1223 6.54868 20.8336 11.4757
83.7993 48.0723 6.56144 20.8499 11.4629
83.8993 48.0223 6.57421 20.8662 11.4502
83.9993 47.9723 6.58698 20.8824 11.4374
84.0993 47.9223 6.59974 20.8986 11.4246
84.1993 47.8723 6.61252 20.9148 11.4118
84.2993 47.8223 6.62529 20.9309 11.3991
84.3993 47.7723 6.63807 20.947 11.3863
84.4993 47.7223 6.65084 20.963 11.3735
84.5993 47.6723 6.66362 20.979 11.3607
84.6993 47.6222 6.67641 20.995 11.348
84.7993 47.5722 6.68919 21.0109 11.3352
84.8993 47.5222 6.70198 21.0268 11.3224
84.9993 47.4722 6.71477 21.0427 11.3096
85.0993 47.4222 6.72756 21.0585 11.2968
85.1993 47.3722 6.74035 21.0743 11.284
85.2993 47.3222 6.75314 21.09 11.2712
85.3993 47.2722 6.76594 21.1057 11.2584
85.4993 47.2222 6.77874 21.1214 11.2456
85.5993 47.1722 6.79154 21.137 11.2328
85.6993 47.1222 6.80434 21.1526 11.22
85.7993 47.0722 6.81714 21.1682 11.2072
85.8993 47.0222 6.82995 21.1837 11.1944
85.9993 46.9722 6.84275 21.1991 11.1816
86.0993 46.9222 6.85556 21.2146 11.1688
86.1993 46.8722 6.86837 21.2299 11.156
86.2993 46.8222 6.88118 21.2453 11.1432
86.3993 46.7722 6.89399 21.2606 11.1304
86.4993 46.7222 6.90681 21.2759 11.1176
86.5993 46.6722 6.91962 21.2911 11.1047
86.6992 46.6222 6.93244 21.3063 11.0919
86.7992 46.5722 6.94526 21.3214 11.0791
86.8992 46.5222 6.95808 21.3365 11.0663
86.9992 46.4722 6.9709 21.3516 11.0535
87.0992 46.4222 6.98372 21.3666 11.0406
87.1992 46.3722 6.99654 21.3816 11.0278
87.2992 46.3222 7.00936 21.3966 11.015
87.3992 46.2722 7.02219 21.4115 11.0022
87.4992 46.2222 7.03501 21.4263 10.9893
87.5992 46.1722 7.04784 21.4411 10.9765
87.6992 46.1222 7.06067 21.4559 10.9637
87.7992 46.0722 7.0735 21.4707 10.9509
87.8992 46.0222 7.08633 21.4854 10.938
87.9992 45.9722 7.09916 21.5 10.9252
88.0992 45.9222 7.11199 21.5146 10.9124
88.1992 45.8722 7.12482 21.5292 10.8995
88.2992 45.8222 7.13765 21.5437 10.8867
88.3992 45.7722 7.15048 21.5582 10.8739
88.4992 45.7222 7.16332 21.5727 10.861
88.5992 45.6722 7.17615 21.5871 10.8482
88.6992 45.6222 7.18899 21.6015 10.8354
88.7992 45.5722 7.20182 21.6158 10.8225
88.8992 45.5222 7.21466 21.6301 10.8097
88.9992 45.4722 7.22749 21.6443 10.7969
89.0992 45.4222 7.24033 21.6585 10.784
89.1992 45.3722 7.25317 21.6726 10.7712
89.2992 45.3222 7.26601 21.6868 10.7584
89.3992 45.2722 7.27884 21.7008 10.7455
89.4992 45.2222 7.29168 21.7148 10.7327
89.5992 45.1722 7.30452 21.7288 10.7198
89.6992 45.1222 7.31736 21.7428 10.707
89.7992 45.0722 7.33019 21.7567 10.6942
89.8992 45.0222 7.34303 21.7705 10.6813
89.9992 44.9722 7.35587 21.7843 10.6685
90.0992 44.9222 7.36871 21.7981 10.6557
90.1992 44.8722 7.38155 21.8118 10.6428
90.2992 44.8222 7.39439 21.8255 10.63
90.3992 44.7722 7.40722 21.8391 10.6171
90.4992 44.7222 7.42006 21.8527 10.6043
90.5992 44.6722 7.4329 21.8663 10.5915
90.6992 44.6222 7.44574 21.8798 10.5786
90.7992 44.5722 7.45858 21.8932 10.5658
90.8992 44.5222 7.47141 21.9066 10.5529
90.9992 44.4722 7.48425 21.92 10.5401
91.0992 44.4222 7.49709 21.9333 10.5273
91.1992 44.3722 7.50992 21.9466 10.5144
91.2992 44.3222 7.52276 21.9598 10.5016
91.3992 44.2722 7.53559 21.973 10.4888
91.4992 44.2222 7.54843 21.9862 10.4759
91.5992 44.1722 7.56126 21.9993 10.4631
91.6992 44.1222 7.57409 22.0123 10.4503
91.7992 44.0722 7.58692 22.0253 10.4374
91.8992 44.0222 7.59976 22.0383 10.4246
91.9992 43.9722 7.61259 22.0512 10.4118
92.0992 43.9222 7.62542 22.0641 10.3989
92.1992 43.8722 7.63825 22.0769 10.3861
92.2992 43.8222 7.65108 22.0897 10.3733
92.3992 43.7722 7.6639 22.1024 10.3605
92.4992 43.7222 7.67673 22.1151 10.3476
92.5992 43.6722 7.68956 22.1277 10.3348
92.6992 43.6222 7.70238 22.1403 10.322
92.7992 43.5722 7.7152 22.1529 10.3092
92.8992 43.5222 7.72803 22.1654 10.2963
92.9992 43.4722 7.74085 22.1778 10.2835
93.0992 43.4222 7.75367 22.1902 10.2707
93.1992 43.3722 7.76649 22.2026 10.2579
93.2991 43.3222 7.7793 22.2149 10.2451
93.3991 43.2722 7.79212 22.2272 10.2322
93.4991 43.2222 7.80494 22.2394 10.2194
93.5991 43.1723 7.81775 22.2516 10.2066
93.6991 43.1223 7.83056 22.2637 10.1938
93.7991 43.0723 7.84337 22.2758 10.181
93.8991 43.0223 7.85618 22.2878 10.1682
93.9991 42.9723 7.86899 22.2998 10.1554
94.0991 42.9223 7.8818 22.3117 10.1426
94.1991 42.8723 7.8946 22.3236 10.1298
94.2991 42.8223 7.90741 22.3355 10.117
94.3991 42.7723 7.92021 22.3472 10.1042
94.4991 42.7223 7.93301 22.359 10.0914
94.5991 42.6723 7.9458 22.3707 10.0786
94.6991 42.6223 7.9586 22.3823 10.0658
94.7991 42.5723 7.97139 22.3939 10.053
94.8991 42.5223 7.98419 22.4055 10.0402
94.9991 42.4723 7.99698 22.417 10.0274
95.0991 42.4223 8.00977 22.4284 10.0146
95.1991 42.3723 8.02255 22.4398 10.0018
95.2991 42.3223 8.03534 22.4512 9.98902
95.3991 42.2723 8.04812 22.4625 9.97624
95.4991 42.2223 8.0609 22.4737 9.96346
95.5991 42.1723 8.07368 22.4849 9.95068
95.6991 42.1224 8.08645 22.4961 9.93791
95.7991 42.0724 8.09923 22.5072 9.92513
95.8991 42.0224 8.112 22.5182 9.91236
95.9991 41.9724 8.12477 22.5292 9.89959
96.0991 41.9224 8.13754 22.5402 9.88682
96.1991 41.8724 8.1503 22.5511 9.87406
96.2991 41.8224 8.16306 22.5619 9.8613
96.3991 41.7724 8.17582 22.5727 9.84854
96.4991 41.7224 8.18858 22.5835 9.83578
96.5991 41.6724 8.20133 22.5942 9.82303
96.6991 41.6224 8.21409 22.6048 9.81027
96.7991 41.5724 8.22684 22.6154 9.79753
96.8991 41.5224 8.23958 22.6259 9.78478
96.9991 41.4724 8.25233 22.6364 9.77203
97.0991 41.4224 8.26507 22.6469 9.75929
97.1991 41.3724 8.27781 22.6573 9.74655
97.2991 41.3225 8.29054 22.6676 9.73382
97.3991 41.2725 8.30328 22.6779 9.72109
97.4991 41.2225 8.31601 22.6881 9.70836
97.5991 41.1725 8.32873 22.6983 9.69563
97.6991 41.1225 8.34146 22.7084 9.6829
97.7991 41.0725 8.35418 22.7185 9.67018
97.8991 41.0225 8.3669 22.7285 9.65746
97.9991 40.9725 8.37961 22.7385 9.64475
98.0991 40.9225 8.39232 22.7484 9.63204
98.1991 40.8725 8.40503 22.7583 9.61933
98.2991 40.8225 8.41774 22.7681 9.60662
98.3991 40.7725 8.43044 22.7779 9.59392
98.4991 40.7225 8.44314 22.7876 9.58122
98.5991 40.6726 8.45583 22.7972 9.56853
98.6991 40.6226 8.46853 22.8068 9.55583
98.7991 40.5726 8.48122 22.8164 9.54315
98.8991 40.5226 8.4939 22.8259 9.53046
98.9991 40.4726 8.50658 22.8353 9.51778
99.0991 40.4226 8.51926 22.8447 9.5051
99.1991 40.3726 8.53194 22.854 9.49242
99.2991 40.3226 8.54461 22.8633 9.47975
99.3991 40.2726 8.55728 22.8725 9.46708
99.4991 40.2226 8.56994 22.8817 9.45442
99.5991 40.1726 8.5826 22.8908 9.44176
99.6991 40.1226 8.59526 22.8999 9.4291
99.799 40.0727 8.60791 22.9089 9.41645
99.899 40.0227 8.62056 22.9178 9.4038
99.999 39.9727 8.63321 22.9267 9.39116
100.099 39.9227 8.64585 22.9355 9.37851
100.199 39.8727 8.65848 22.9443 9.36588
100.299 39.8227 8.67112 22.953 9.35324
100.399 39.7727 8.68375 22.9617 9.34061
100.499 39.7227 8.69637 22.9703 9.32799
100.599 39.6727 8.70899 22.9789 9.31537
100.699 39.6227 8.72161 22.9874 9.30275
100.799 39.5728 8.73422 22.9958 9.29014
100.899 39.5228 8.74683 23.0042 9.27753
100.999 39.4728 8.75944 23.0125 9.26492
101.099 39.4228 8.77204 23.0208 9.25232
101.199 39.3728 8.78464 23.029 9.23973
101.299 39.3228 8.79723 23.0372 9.22713
101.399 39.2728 8.80981 23.0453 9.21455
101.499 39.2228 8.8224 23.0534 9.20196
101.599 39.1728 8.83498 23.0613 9.18939
101.699 39.1228 8.84755 23.0693 9.17681
101.799 39.0729 8.86012 23.0772 9.16424
101.899 39.0229 8.87268 23.085 9.15168
101.999 38.9729 8.88524 23.0927 9.13912
102.099 38.9229 8.8978 23.1004 9.12656
102.199 38.8729 8.91035 23.1081 9.11401
102.299 38.8229 8.9229 23.1157 9.10146
102.399 38.7729 8.93544 23.1232 9.08892
102.499 38.7229 8.94797 23.1307 9.07639
102.599 38.6729 8.96051 23.1381 9.06385
102.699 38.623 8.97303 23.1454 9.05133
102.799 38.573 8.98555 23.1527 9.03881
102.899 38.523 8.99807 23.1599 9.02629
102.999 38.473 9.01058 23.1671 9.01378
103.099 38.423 9.02309 23.1742 9.00127
103.199 38.373 9.03559 23.1813 8.98877
103.299 38.323 9.04809 23.1883 8.97627
103.399 38.273 9.06058 23.1952 8.96378
103.499 38.2231 9.07307 23.2021 8.95129
103.599 38.1731 9.08555 23.2089 8.93881
103.699 38.1231 9.09802 23.2156 8.92634
103.799 38.0731 9.11049 23.2223 8.91387
103.899 38.0231 9.12296 23.229 8.9014
103.999 37.9731 9.13542 23.2355 8.88894
104.099 37.9231 9.14787 23.2421 8.87649
104.199 37.8731 9.16032 23.2485 8.86404
104.299 37.8232 9.17277 23.2549 8.85159
104.399 37.7732 9.1852 23.2612 8.83916
104.499 37.7232 9.19764 23.2675 8.82672
104.599 37.6732 9.21006 23.2737 8.8143
104.699 37.6232 9.22248 23.2798 8.80188
104.799 37.5732 9.2349 23.2859 8.78946
104.899 37.5232 9.24731 23.2919 8.77705
104.999 37.4732 9.25971 23.2979 8.76465
105.099 37.4233 9.27211 23.3038 8.75225
105.199 37.3733 9.2845 23.3096 8.73986
105.299 37.3233 9.29689 23.3154 8.72747
105.399 37.2733 9.30927 23.3211 8.71509
105.499 37.2233 9.32164 23.3267 8.70272
105.599 37.1733 9.33401 23.3323 8.69035
105.699 37.1233 9.34638 23.3378 8.67798
105.799 37.0734 9.35873 23.3433 8.66563
105.899 37.0234 9.37108 23.3487 8.65328
105.999 36.9734 9.38343 23.354 8.64093
106.099 36.9234 9.39576 23.3593 8.6286
106.199 36.8734 9.4081 23.3645 8.61626
106.299 36.8234 9.42042 23.3696 8.60394
106.399 36.7734 9.43274 23.3747 8.59162
106.499 36.7235 9.44505 23.3797 8.57931
106.599 36.6735 9.45736 23.3846 8.567
106.699 36.6235 9.46966 23.3895 8.5547
106.799 36.5735 9.48196 23.3943 8.54241
106.899 36.5235 9.49424 23.3991 8.53012
106.999 36.4735 9.50652 23.4037 8.51784
107.099 36.4236 9.5188 23.4084 8.50556
107.199 36.3736 9.53106 23.4129 8.4933
107.299 36.3236 9.54333 23.4174 8.48103
107.399 36.2736 9.55558 23.4218 8.46878
107.499 36.2236 9.56783 23.4262 8.45653
107.599 36.1736 9.58007 23.4304 8.44429
107.699 36.1236 9.5923 23.4347 8.43206
107.799 36.0737 9.60453 23.4388 8.41983
107.899 36.0237 9.61675 23.4429 8.40761
107.999 35.9737 9.62896 23.4469 8.3954
108.099 35.9237 9.64117 23.4509 8.38319
108.199 35.8737 9.65337 23.4548 8.37099
108.299 35.8237 9.66556 23.4586 8.3588
108.399 35.7738 9.67775 23.4623 8.34661
108.499 35.7238 9.68993 23.466 8.33443
108.599 35.6738 9.7021 23.4696 8.32226
108.699 35.6238 9.71426 23.4732 8.3101
108.799 35.5738 9.72642 23.4767 8.29794
108.899 35.5238 9.73857 23.4801 8.28579
108.999 35.4739 9.75071 23.4834 8.27365
109.099 35.4239 9.76285 23.4867 8.26151
109.199 35.3739 9.77498 23.4899 8.24938
109.299 35.3239 9.7871 23.4931 8.23726
109.399 35.2739 9.79921 23.4961 8.22515
109.499 35.2239 9.81132 23.4991 8.21304
109.599 35.174 9.82341 23.5021 8.20095
109.699 35.124 9.83551 23.5049 8.18886
109.799 35.074 9.84759 23.5077 8.17677
109.899 35.024 9.85966 23.5104 8.1647
109.999 34.974 9.87173 23.5131 8.15263
110.099 34.924 9.88379 23.5157 8.14057
110.199 34.8741 9.89585 23.5182 8.12852
110.299 34.8241 9.90789 23.5206 8.11647
110.399 34.7741 9.91993 23.523 8.10443
110.499 34.7241 9.93196 23.5253 8.0924
110.599 34.6741 9.94398 23.5275 8.08038
110.699 34.6242 9.95599 23.5297 8.06837
110.799 34.5742 9.968 23.5318 8.05636
110.899 34.5242 9.98 23.5338 8.04437
110.999 34.4742 9.99199 23.5357 8.03238
111.099 34.4242 10.004 23.5376 8.02039
111.199 34.3742 10.0159 23.5394 8.00842
111.299 34.3243 10.0279 23.5411 7.99645
111.399 34.2743 10.0399 23.5428 7.9845
111.499 34.2243 10.0518 23.5444 7.97255
111.599 34.1743 10.0638 23.5459 7.96061
111.699 34.1243 10.0757 23.5473 7.94867
111.799 34.0744 10.0876 23.5487 7.93675
111.899 34.0244 10.0995 23.55 7.92483
111.999 33.9744 10.1114 23.5512 7.91293
112.099 33.9244 10.1233 23.5524 7.90103
112.199 33.8744 10.1352 23.5534 7.88913
112.299 33.8245 10.1471 23.5544 7.87725
112.399 33.7745 10.159 23.5554 7.86538
112.499 33.7245 10.1708 23.5562 7.85351
112.599 33.6745 10.1827 23.557 7.84166
112.699 33.6245 10.1946 23.5577 7.82981
112.799 33.5746 10.2064 23.5583 7.81797
112.899 33.5246 10.2182 23.5589 7.80614
112.999 33.4746 10.23 23.5593 7.79431
113.099 33.4246 10.2419 23.5598 7.7825
113.199 33.3746 10.2537 23.5601 7.7707
113.299 33.3247 10.2655 23.5603 7.7589
113.399 33.2747 10.2772 23.5605 7.74711
113.499 33.2247 10.289 23.5606 7.73533
113.599 33.1747 10.3008 23.5606 7.72357
113.699 33.1247 10.3126 23.5606 7.71181
113.799 33.0748 10.3243 23.5605 7.70005
113.899 33.0248 10.336 23.5603 7.68831
113.999 32.9748 10.3478 23.56 7.67658
114.099 32.9248 10.3595 23.5596 7.66485
114.199 32.8748 10.3712 23.5592 7.65314
114.299 32.8249 10.3829 23.5587 7.64143
114.399 32.7749 10.3946 23.5581 7.62974
114.499 32.7249 10.4063 23.5574 7.61805
114.599 32.6749 10.418 23.5567 7.60637
114.699 32.6249 10.4297 23.5558 7.5947
114.799 32.575 10.4413 23.5549 7.58304
114.899 32.525 10.453 23.554 7.5714
114.999 32.475 10.4646 23.5529 7.55975
115.099 32.425 10.4762 23.5518 7.54812
115.199 32.3751 10.4879 23.5506 7.5365
115.299 32.3251 10.4995 23.5493 7.52489
115.399 32.2751 10.5111 23.5479 7.51329
115.499 32.2251 10.5227 23.5464 7.5017
115.599 32.1751 10.5342 23.5449 7.49011
115.699 32.1252 10.5458 23.5433 7.47854
115.799 32.0752 10.5574 23.5416 7.46698
115.899 32.0252 10.5689 23.5398 7.45542
115.999 31.9752 10.5805 23.538 7.44388
116.099 31.9253 10.592 23.536 7.43234
116.199 31.8753 10.6035 23.534 7.42082
116.299 31.8253 10.6151 23.5319 7.4093
116.399 31.7753 10.6266 23.5298 7.3978
116.499 31.7253 10.6381 23.5275 7.38631
116.599 31.6754 10.6495 23.5252 7.37482
116.699 31.6254 10.661 23.5227 7.36335
116.799 31.5754 10.6725 23.5202 7.35188
116.899 31.5254 10.6839 23.5177 7.34043
116.999 31.4755 10.6954 23.515 7.32898
117.099 31.4255 10.7068 23.5123 7.31755
117.199 31.3755 10.7182 23.5094 7.30612
117.299 31.3255 10.7297 23.5065 7.29471
117.399 31.2755 10.7411 23.5035 7.28331
117.499 31.2256 10.7524 23.5004 7.27191
117.599 31.1756 10.7638 23.4973 7.26053
117.699 31.1256 10.7752 23.494 7.24916
117.799 31.0756 10.7866 23.4907 7.2378
117.899 31.0257 10.7979 23.4873 7.22645
117.999 30.9757 10.8093 23.4838 7.2151
118.099 30.9257 10.8206 23.4802 7.20377
118.199 30.8757 10.8319 23.4766 7.19245
118.299 30.8258 10.8432 23.4728 7.18114
118.399 30.7758 10.8545 23.469 7.16985
118.499 30.7258 10.8658 23.4651 7.15856
118.599 30.6758 10.8771 23.4611 7.14728
118.699 30.6259 10.8883 23.457 7.13601
118.799 30.5759 10.8996 23.4528 7.12476
118.899 30.5259 10.9108 23.4485 7.11351
118.999 30.4759 10.9221 23.4442 7.10228
119.099 30.426 10.9333 23.4398 7.09106
119.199 30.376 10.9445 23.4353 7.07984
119.299 30.326 10.9557 23.4307 7.06864
119.399 30.276 10.9669 23.426 7.05745
119.499 30.2261 10.9781 23.4212 7.04627
119.599 30.1761 10.9893 23.4163 7.0351
119.699 30.1261 11.0004 23.4114 7.02394
119.799 30.0761 11.0116 23.4063 7.0128
119.899 30.0262 11.0227 23.4012 7.00166
119.999 29.9762 11.0338 23.396 6.99054
120.099 29.9262 11.0449 23.3907 6.97943
120.199 29.8762 11.056 23.3853 6.96832
120.299 29.8263 11.0671 23.3798 6.95723
120.399 29.7763 11.0782 23.3743 6.94615
120.499 29.7263 11.0893 23.3686 6.93509
120.599 29.6763 11.1003 23.3629 6.92403
120.699 29.6264 11.1114 23.357 6.91299
120.799 29.5764 11.1224 23.3511 6.90195
120.899 29.5264 11.1334 23.3451 6.89093
120.999 29.4764 11.1444 23.339 6.87992
121.099 29.4265 11.1554 23.3328 6.86892
121.199 29.3765 11.1664 23.3265 6.85793
121.299 29.3265 11.1774 23.3202 6.84696
121.399 29.2765 11.1884 23.3137 6.83599
121.499 29.2266 11.1993 23.3072 6.82504
121.599 29.1766 11.2103 23.3005 6.8141
121.699 29.1266 11.2212 23.2938 6.80317
121.799 29.0767 11.2321 23.287 6.79225
121.899 29.0267 11.243 23.28 6.78135
121.999 28.9767 11.2539 23.273 6.77045
122.099 28.9267 11.2648 23.2659 6.75957
122.199 28.8768 11.2757 23.2587 6.7487
122.299 28.8268 11.2865 23.2515 6.73784
122.399 28.7768 11.2974 23.2441 6.727
122.499 28.7268 11.3082 23.2366 6.71616
122.599 28.6769 11.319 23.2291 6.70534
122.699 28.6269 11.3298 23.2214 6.69453
122.799 28.5769 11.3406 23.2137 6.68373
122.899 28.527 11.3514 23.2058 6.67295
122.999 28.477 11.3622 23.1979 6.66218
123.099 28.427 11.3729 23.1899 6.65141
123.199 28.377 11.3837 23.1817 6.64067
123.299 28.3271 11.3944 23.1735 6.62993
123.399 28.2771 11.4052 23.1652 6.6192
123.499 28.2271 11.4159 23.1568 6.60849
123.599 28.1771 11.4266 23.1483 6.59779
123.699 28.1272 11.4373 23.1397 6.58711
123.799 28.0772 11.4479 23.131 6.57643
123.899 28.0272 11.4586 23.1223 6.56577
123.999 27.9773 11.4692 23.1134 6.55512
124.099 27.9273 11.4799 23.1044 6.54448
124.199 27.8773 11.4905 23.0953 6.53386
124.299 27.8273 11.5011 23.0862 6.52324
124.399 27.7774 11.5117 23.0769 6.51264
124.499 27.7274 11.5223 23.0675 6.50206
124.599 27.6774 11.5329 23.0581 6.49148
124.699 27.6275 11.5434 23.0485 6.48092
124.799 27.5775 11.554 23.0389 6.47037
124.899 27.5275 11.5645 23.0291 6.45984
124.999 27.4775 11.575 23.0193 6.44931
125.099 27.4276 11.5856 23.0094 6.4388
125.199 27.3776 11.5961 22.9993 6.42831
125.299 27.3276 11.6065 22.9892 6.41782
125.399 27.2777 11.617 22.9789 6.40735
125.499 27.2277 11.6275 22.9686 6.39689
125.599 27.1777 11.6379 22.9582 6.38644
125.699 27.1278 11.6483 22.9476 6.37601
125.799 27.0778 11.6588 22.937 6.36559
125.899 27.0278 11.6692 22.9263 6.35519
125.999 26.9778 11.6796 22.9155 6.34479
126.099 26.9279 11.6899 22.9045 6.33441
126.199 26.8779 11.7003 22.8935 6.32405
126.299 26.8279 11.7107 22.8824 6.31369
126.399 26.778 11.721 22.8711 6.30335
126.499 26.728 11.7313 22.8598 6.29303
126.599 26.678 11.7416 22.8484 6.28271
126.699 26.6281 11.7519 22.8368 6.27241
126.799 26.5781 11.7622 22.8252 6.26212
126.899 26.5281 11.7725 22.8135 6.25185
126.999 26.4781 11.7828 22.8016 6.24159
127.099 26.4282 11.793 22.7897 6.23134
127.199 26.3782 11.8033 22.7777 6.22111
127.299 26.3282 11.8135 22.7655 6.21089
127.399 26.2783 11.8237 22.7533 6.20069
127.499 26.2283 11.8339 22.7409 6.19049
127.599 26.1783 11.844 22.7285 6.18031
127.699 26.1284 11.8542 22.7159 6.17015
127.799 26.0784 11.8644 22.7033 6.16
127.899 26.0284 11.8745 22.6905 6.14986
127.999 25.9784 11.8846 22.6777 6.13974
128.099 25.9285 11.8947 22.6647 6.12963
128.199 25.8785 11.9048 22.6516 6.11953
128.299 25.8285 11.9149 22.6385 6.10945
128.399 25.7786 11.925 22.6252 6.09938
128.499 25.7286 11.935 22.6118 6.08932
128.599 25.6786 11.9451 22.5983 6.07928
128.699 25.6286 11.9551 22.5847 6.06925
128.799 25.5787 11.9651 22.571 6.05924
128.899 25.5287 11.9751 22.5572 6.04924
128.999 25.4787 11.9851 22.5433 6.03925
129.099 25.4288 11.9951 22.5293 6.02928
129.199 25.3788 12.005 22.5152 6.01933
129.299 25.3288 12.015 22.501 6.00938
129.399 25.2788 12.0249 22.4866 5.99945
129.499 25.2289 12.0348 22.4722 5.98954
129.599 25.1789 12.0447 22.4576 5.97964
129.699 25.1289 12.0546 22.443 5.96975
129.799 25.079 12.0645 22.4282 5.95988
129.899 25.029 12.0743 22.4134 5.95002
129.999 24.979 12.0842 22.3984 5.94018
130.099 24.929 12.094 22.3833 5.93035
130.199 24.8791 12.1038 22.3681 5.92054
130.299 24.8291 12.1136 22.3528 5.91074
130.399 24.7791 12.1234 22.3374 5.90095
130.499 24.7292 12.1332 22.3219 5.89118
130.599 24.6792 12.1429 22.3063 5.88143
130.699 24.6292 12.1527 22.2906 5.87169
130.799 24.5792 12.1624 22.2747 5.86196
130.899 24.5293 12.1721 22.2588 5.85225
130.999 24.4793 12.1818 22.2427 5.84255
131.099 24.4293 12.1915 22.2265 5.83287
131.199 24.3794 12.2012 22.2103 5.8232
131.299 24.3294 12.2108 22.1939 5.81355
131.399 24.2794 12.2205 22.1774 5.80391
131.499 24.2294 12.2301 22.1608 5.79428
131.599 24.1795 12.2397 22.144 5.78467
131.699 24.1295 12.2493 22.1272 5.77508
131.799 24.0795 12.2589 22.1103 5.7655
131.899 24.0296 12.2684 22.0932 5.75594
131.999 23.9796 12.278 22.0761 5.74639
132.099 23.9296 12.2875 22.0588 5.73685
132.199 23.8797 12.297 22.0414 5.72733
132.299 23.8297 12.3065 22.0239 5.71783
132.399 23.7797 12.316 22.0063 5.70834
132.499 23.7297 12.3255 21.9886 5.69887
132.599 23.6798 12.335 21.9707 5.68941
132.699 23.6298 12.3444 21.9528 5.67997
132.799 23.5798 12.3538 21.9347 5.67054
132.899 23.5299 12.3632 21.9165 5.66112
132.999 23.4799 12.3726 21.8982 5.65173
133.099 23.4299 12.382 21.8798 5.64234
133.199 23.38 12.3914 21.8613 5.63298
133.299 23.33 12.4007 21.8427 5.62362
133.399 23.28 12.4101 21.824 5.61429
133.499 23.2301 12.4194 21.8051 5.60497
133.599 23.1801 12.4287 21.7861 5.59566
133.699 23.1301 12.438 21.767 5.58637
133.799 23.0801 12.4473 21.7478 5.57709
133.899 23.0302 12.4565 21.7285 5.56784
133.999 22.9802 12.4658 21.7091 5.55859
134.099 22.9302 12.475 21.6895 5.54936
134.199 22.8803 12.4842 21.6699 5.54015
134.299 22.8303 12.4934 21.6501 5.53095
134.399 22.7803 12.5026 21.6302 5.52177
134.499 22.7304 12.5118 21.6102 5.51261
134.599 22.6804 12.5209 21.59 5.50346
134.699 22.6304 12.53 21.5698 5.49432
134.799 22.5805 12.5392 21.5494 5.4852
134.899 22.5305 12.5483 21.529 5.4761
134.999 22.4805 12.5573 21.5084 5.46701
135.099 22.4306 12.5664 21.4876 5.45794
135.199 22.3806 12.5755 21.4668 5.44889
135.299 22.3306 12.5845 21.4459 5.43985
135.399 22.2807 12.5935 21.4248 5.43083
135.499 22.2307 12.6025 21.4036 5.42182
135.599 22.1807 12.6115 21.3823 5.41283
135.699 22.1307 12.6205 21.3609 5.40385
135.799 22.0808 12.6295 21.3393 5.39489
135.899 22.0308 12.6384 21.3177 5.38595
135.999 21.9808 12.6473 21.2959 5.37702
136.099 21.9309 12.6563 21.274 5.36811
136.199 21.8809 12.6651 21.252 5.35922
136.299 21.8309 12.674 21.2299 5.35034
136.399 21.781 12.6829 21.2076 5.34147
136.499 21.731 12.6917 21.1852 5.33263
136.599 21.681 12.7006 21.1627 5.3238
136.699 21.6311 12.7094 21.1401 5.31498
136.799 21.5811 12.7182 21.1174 5.30619
136.899 21.5311 12.727 21.0945 5.29741
136.999 21.4812 12.7357 21.0715 5.28864
137.099 21.4312 12.7445 21.0484 5.27989
137.199 21.3812 12.7532 21.0252 5.27116
137.299 21.3313 12.7619 21.0019 5.26244
137.399 21.2813 12.7706 20.9784 5.25375
137.499 21.2313 12.7793 20.9548 5.24506
137.599 21.1814 12.788 20.9311 5.2364
137.699 21.1314 12.7966 20.9073 5.22775
137.799 21.0814 12.8052 20.8834 5.21911
137.899 21.0315 12.8139 20.8593 5.2105
137.999 20.9815 12.8225 20.8351 5.2019
138.099 20.9315 12.831 20.8108 5.19332
138.199 20.8816 12.8396 20.7863 5.18475
138.299 20.8316 12.8482 20.7618 5.1762
138.399 20.7816 12.8567 20.7371 5.16767
138.499 20.7317 12.8652 20.7123 5.15915
138.599 20.6817 12.8737 20.6873 5.15065
138.699 20.6317 12.8822 20.6623 5.14217
138.799 20.5818 12.8907 20.6371 5.1337
138.899 20.5318 12.8991 20.6118 5.12525
138.999 20.4818 12.9075 20.5864 5.11682
139.099 20.4319 12.916 20.5608 5.10841
139.199 20.3819 12.9244 20.5351 5.10001
139.299 20.3319 12.9327 20.5093 5.09163
139.399 20.282 12.9411 20.4834 5.08326
139.499 20.232 12.9494 20.4574 5.07492
139.599 20.182 12.9578 20.4312 5.06659
139.699 20.1321 12.9661 20.4049 5.05827
139.799 20.0821 12.9744 20.3784 5.04998
139.899 20.0322 12.9827 20.3519 5.0417
139.999 19.9822 12.9909 20.3252 5.03344
140.099 19.9322 12.9992 20.2984 5.02519
140.199 19.8823 13.0074 20.2715 5.01697
140.299 19.8323 13.0156 20.2444 5.00876
140.399 19.7823 13.0238 20.2172 5.00056
140.499 19.7324 13.032 20.1899 4.99239
140.599 19.6824 13.0401 20.1625 4.98423
140.699 19.6324 13.0483 20.1349 4.97609
140.799 19.5825 13.0564 20.1072 4.96796
140.899 19.5325 13.0645 20.0794 4.95986
140.999 19.4825 13.0726 20.0515 4.95177
141.099 19.4326 13.0807 20.0234 4.9437
141.199 19.3826 13.0887 19.9952 4.93564
141.299 19.3326 13.0968 19.9669 4.92761
141.399 19.2827 13.1048 19.9384 4.91959
141.499 19.2327 13.1128 19.9098 4.91159
141.599 19.1827 13.1208 19.8811 4.9036
141.699 19.1328 13.1287 19.8523 4.89564
141.799 19.0828 13.1367 19.8233 4.88769
141.899 19.0329 13.1446 19.7942 4.87976
141.999 18.9829 13.1525 19.765 4.87184
142.099 18.9329 13.1604 19.7357 4.86395
142.199 18.883 13.1683 19.7062 4.85607
142.299 18.833 13.1762 19.6766 4.84821
142.399 18.783 13.184 19.6468 4.84036
142.499 18.7331 13.1918 19.617 4.83254
142.6 18.6831 13.1996 19.587 4.82473
142.7 18.6331 13.2074 19.5568 4.81694
142.8 18.5832 13.2152 19.5266 4.80917
142.9 18.5332 13.2229 19.4962 4.80142
143 18.4833 13.2307 19.4657 4.79368
143.1 18.4333 13.2384 19.435 4.78596
143.2 18.3833 13.2461 19.4043 4.77826
143.3 18.3334 13.2538 19.3734 4.77058
143.4 18.2834 13.2614 19.3423 4.76292
143.5 18.2334 13.2691 19.3112 4.75527
143.6 18.1835 13.2767 19.2799 4.74764
143.7 18.1335 13.2843 19.2484 4.74003
143.8 18.0835 13.2919 19.2169 4.73244
143.9 18.0336 13.2995 19.1852 4.72486
144 17.9836 13.3071 19.1534 4.71731
144.1 17.9337 13.3146 19.1214 4.70977
144.2 17.8837 13.3221 19.0893 4.70225
144.3 17.8337 13.3296 19.0571 4.69475
144.4 17.7838 13.3371 19.0248 4.68727
144.5 17.7338 13.3446 18.9923 4.6798
144.6 17.6838 13.352 18.9597 4.67235
144.7 17.6339 13.3594 18.927 4.66493
144.8 17.5839 13.3668 18.8941 4.65752
144.9 17.534 13.3742 18.8611 4.65012
145 17.484 13.3816 18.828 4.64275
145.1 17.434 13.389 18.7947 4.6354
145.2 17.3841 13.3963 18.7613 4.62806
145.3 17.3341 13.4036 18.7278 4.62074
145.4 17.2841 13.4109 18.6941 4.61344
145.5 17.2342 13.4182 18.6603 4.60616
145.6 17.1842 13.4255 18.6264 4.5989
145.7 17.1343 13.4327 18.5923 4.59165
145.8 17.0843 13.4399 18.5581 4.58442
145.9 17.0343 13.4471 18.5238 4.57722
146 16.9844 13.4543 18.4893 4.57003
146.1 16.9344 13.4615 18.4548 4.56286
146.2 16.8844 13.4687 18.42 4.55571
146.3 16.8345 13.4758 18.3852 4.54857
146.4 16.7845 13.4829 18.3502 4.54146
146.5 16.7346 13.49 18.3151 4.53436
146.6 16.6846 13.4971 18.2798 4.52728
146.7 16.6346 13.5041 18.2444 4.52023
146.8 16.5847 13.5112 18.2089 4.51319
146.9 16.5347 13.5182 18.1732 4.50617
147 16.4847 13.5252 18.1375 4.49916
147.1 16.4348 13.5322 18.1015 4.49218
147.2 16.3848 13.5391 18.0655 4.48521
147.3 16.3349 13.5461 18.0293 4.47827
147.4 16.2849 13.553 17.993 4.47134
147.5 16.2349 13.5599 17.9565 4.46443
147.6 16.185 13.5668 17.9199 4.45754
147.7 16.135 13.5737 17.8832 4.45067
147.8 16.0851 13.5805 17.8463 4.44382
147.9 16.0351 13.5874 17.8093 4.43699
148 15.9851 13.5942 17.7722 4.43018
148.1 15.9352 13.601 17.735 4.42338
148.2 15.8852 13.6078 17.6976 4.41661
148.3 15.8352 13.6145 17.66 4.40985
148.4 15.7853 13.6212 17.6224 4.40311
148.5 15.7353 13.628 17.5846 4.3964
148.6 15.6854 13.6347 17.5467 4.3897
148.7 15.6354 13.6413 17.5086 4.38302
148.8 15.5854 13.648 17.4704 4.37636
148.9 15.5355 13.6546 17.4321 4.36971
149 15.4855 13.6613 17.3936 4.36309
149.1 15.4356 13.6679 17.355 4.35649
149.2 15.3856 13.6745 17.3163 4.34991
149.3 15.3356 13.681 17.2774 4.34334
149.4 15.2857 13.6876 17.2384 4.3368
149.5 15.2357 13.6941 17.1992 4.33027
149.6 15.1858 13.7006 17.16 4.32376
149.7 15.1358 13.7071 17.1206 4.31727
149.8 15.0858 13.7136 17.081 4.31081
149.9 15.0359 13.72 17.0414 4.30436
150 14.9859 13.7264 17.0015 4.29793
150.1 14.936 13.7328 16.9616 4.29152
150.2 14.886 13.7392 16.9215 4.28513
150.3 14.836 13.7456 16.8813 4.27876
150.4 14.7861 13.752 16.841 4.27241
150.5 14.7361 13.7583 16.8005 4.26607
150.6 14.6862 13.7646 16.7599 4.25976
150.7 14.6362 13.7709 16.7191 4.25347
150.8 14.5862 13.7772 16.6782 4.24719
150.9 14.5363 13.7834 16.6372 4.24094
151 14.4863 13.7897 16.5961 4.23471
151.1 14.4364 13.7959 16.5548 4.22849
151.2 14.3864 13.8021 16.5134 4.2223
151.3 14.3364 13.8082 16.4718 4.21612
151.4 14.2865 13.8144 16.4301 4.20996
151.5 14.2365 13.8205 16.3883 4.20383
151.6 14.1866 13.8267 16.3464 4.19771
151.7 14.1366 13.8327 16.3043 4.19161
151.8 14.0866 13.8388 16.262 4.18554
151.9 14.0367 13.8449 16.2197 4.17948
152 13.9867 13.8509 16.1772 4.17344
152.1 13.9368 13.8569 16.1346 4.16742
152.2 13.8868 13.8629 16.0918 4.16143
152.3 13.8368 13.8689 16.0489 4.15545
152.4 13.7869 13.8749 16.0059 4.14949
152.5 13.7369 13.8808 15.9627 4.14355
152.6 13.687 13.8867 15.9195 4.13763
152.7 13.637 13.8926 15.876 4.13173
152.8 13.587 13.8985 15.8325 4.12585
152.9 13.5371 13.9044 15.7888 4.12
153 13.4871 13.9102 15.745 4.11416
153.1 13.4372 13.916 15.701 4.10834
153.2 13.3872 13.9218 15.6569 4.10254
153.3 13.3372 13.9276 15.6127 4.09676
153.4 13.2873 13.9334 15.5683 4.091
153.5 13.2373 13.9391 15.5238 4.08526
153.6 13.1874 13.9448 15.4792 4.07954
153.7 13.1374 13.9505 15.4345 4.07384
153.8 13.0874 13.9562 15.3896 4.06817
153.9 13.0375 13.9619 15.3446 4.06251
154 12.9875 13.9675 15.2994 4.05687
154.1 12.9376 13.9731 15.2541 4.05125
154.2 12.8876 13.9787 15.2087 4.04565
154.3 12.8377 13.9843 15.1632 4.04007
154.4 12.7877 13.9898 15.1175 4.03452
154.5 12.7377 13.9954 15.0717 4.02898
154.6 12.6878 14.0009 15.0257 4.02346
154.7 12.6378 14.0064 14.9797 4.01796
154.8 12.5879 14.0119 14.9335 4.01249
154.9 12.5379 14.0173 14.8871 4.00703
155 12.4879 14.0228 14.8407 4.0016
155.1 12.438 14.0282 14.7941 3.99618
155.2 12.388 14.0336 14.7473 3.99078
155.3 12.3381 14.039 14.7005 3.98541
155.4 12.2881 14.0443 14.6535 3.98005
155.5 12.2382 14.0496 14.6064 3.97472
155.6 12.1882 14.055 14.5591 3.9694
155.7 12.1382 14.0602 14.5117 3.96411
155.8 12.0883 14.0655 14.4642 3.95884
155.9 12.0383 14.0708 14.4166 3.95358
156 11.9884 14.076 14.3688 3.94835
156.1 11.9384 14.0812 14.3209 3.94314
156.2 11.8884 14.0864 14.2729 3.93795
156.3 11.8385 14.0916 14.2247 3.93278
156.4 11.7885 14.0967 14.1765 3.92763
156.5 11.7386 14.1019 14.128 3.9225
156.6 11.6886 14.107 14.0795 3.91739
156.7 11.6387 14.1121 14.0308 3.9123
156.8 11.5887 14.1171 13.982 3.90723
156.9 11.5387 14.1222 13.9331 3.90218
157 11.4888 14.1272 13.884 3.89716
157.1 11.4388 14.1322 13.8349 3.89215
157.2 11.3889 14.1372 13.7855 3.88716
157.3 11.3389 14.1422 13.7361 3.8822
157.4 11.289 14.1471 13.6865 3.87726
157.5 11.239 14.152 13.6369 3.87233
157.6 11.189 14.1569 13.587 3.86743
157.7 11.1391 14.1618 13.5371 3.86255
157.8 11.0891 14.1667 13.487 3.85769
157.9 11.0392 14.1715 13.4368 3.85284
158 10.9892 14.1763 13.3865 3.84802
158.1 10.9393 14.1811 13.3361 3.84322
158.2 10.8893 14.1859 13.2855 3.83845
158.3 10.8393 14.1907 13.2348 3.83369
158.4 10.7894 14.1954 13.184 3.82895
158.5 10.7394 14.2001 13.133 3.82424
158.6 10.6895 14.2048 13.0819 3.81954
158.7 10.6395 14.2095 13.0307 3.81487
158.8 10.5895 14.2141 12.9794 3.81021
158.9 10.5396 14.2188 12.928 3.80558
159.001 10.4896 14.2234 12.8764 3.80097
159.101 10.4397 14.228 12.8247 3.79638
159.201 10.3897 14.2326 12.7729 3.79181
159.301 10.3398 14.2371 12.721 3.78726
159.401 10.2898 14.2416 12.6689 3.78273
159.501 10.2399 14.2461 12.6167 3.77823
159.601 10.1899 14.2506 12.5644 3.77374
159.701 10.1399 14.2551 12.512 3.76927
159.801 10.09 14.2595 12.4595 3.76483
159.901 10.04 14.264 12.4068 3.76041
160.001 9.99007 14.2684 12.354 3.75601
160.101 9.94011 14.2727 12.3011 3.75163
160.201 9.89015 14.2771 12.2481 3.74727
160.301 9.8402 14.2814 12.195 3.74293
160.401 9.79024 14.2858 12.1417 3.73861
160.501 9.74028 14.29 12.0883 3.73431
160.601 9.69033 14.2943 12.0348 3.73004
160.701 9.64037 14.2986 11.9812 3.72578
160.801 9.59041 14.3028 11.9275 3.72155
160.901 9.54046 14.307 11.8736 3.71734
161.001 9.4905 14.3112 11.8196 3.71315
161.101 9.44054 14.3154 11.7655 3.70898
161.201 9.39059 14.3195 11.7113 3.70483
161.301 9.34063 14.3237 11.657 3.70071
161.401 9.29067 14.3278 11.6026 3.6966
161.501 9.24072 14.3318 11.548 3.69251
161.601 9.19076 14.3359 11.4933 3.68845
161.701 9.14081 14.34 11.4386 3.68441
161.801 9.09085 14.344 11.3837 3.68039
161.901 9.04089 14.348 11.3286 3.67639
162.001 8.99094 14.3519 11.2735 3.67241
162.101 8.94098 14.3559 11.2183 3.66845
162.201 8.89102 14.3598 11.1629 3.66452
162.301 8.84107 14.3638 11.1074 3.66061
162.401 8.79111 14.3676 11.0519 3.65671
162.501 8.74116 14.3715 10.9962 3.65284
162.601 8.6912 14.3754 10.9404 3.64899
162.701 8.64124 14.3792 10.8844 3.64516
162.801 8.59129 14.383 10.8284 3.64136
162.901 8.54133 14.3868 10.7723 3.63757
163.001 8.49138 14.3906 10.716 3.6338
163.101 8.44142 14.3943 10.6597 3.63006
163.201 8.39146 14.398 10.6032 3.62634
163.301 8.34151 14.4017 10.5466 3.62264
163.401 8.29155 14.4054 10.4899 3.61896
163.501 8.2416 14.4091 10.4331 3.6153
163.601 8.19164 14.4127 10.3762 3.61167
163.701 8.14169 14.4163 10.3192 3.60805
163.801 8.09173 14.4199 10.2621 3.60446
163.901 8.04177 14.4235 10.2049 3.60089
164.001 7.99182 14.427 10.1476 3.59734
164.101 7.94186 14.4305 10.0901 3.59381
164.201 7.89191 14.4341 10.0326 3.59031
164.301 7.84195 14.4375 9.97496 3.58682
164.401 7.792 14.441 9.91721 3.58336
164.501 7.74204 14.4444 9.85936 3.57992
164.601 7.69208 14.4479 9.8014 3.5765
164.701 7.64213 14.4513 9.74334 3.5731
164.801 7.59217 14.4546 9.68518 3.56972
164.901 7.54222 14.458 9.62692 3.56637
165.001 7.49226 14.4613 9.56855 3.56303
165.101 7.44231 14.4646 9.51009 3.55972
165.201 7.39235 14.4679 9.45152 3.55643
165.301 7.3424 14.4712 9.39285 3.55316
165.401 7.29244 14.4744 9.33409 3.54991
165.501 7.24248 14.4777 9.27522 3.54669
165.601 7.19253 14.4809 9.21626 3.54348
165.701 7.14257 14.4841 9.1572 3.5403
165.801 7.09262 14.4872 9.09804 3.53714
165.901 7.04266 14.4904 9.03878 3.534
166.001 6.99271 14.4935 8.97942 3.53089
166.101 6.94275 14.4966 8.91997 3.52779
166.201 6.8928 14.4996 8.86043 3.52472
166.301 6.84284 14.5027 8.80079 3.52167
166.401 6.79289 14.5057 8.74105 3.51864
166.501 6.74293 14.5087 8.68122 3.51563
166.601 6.69298 14.5117 8.6213 3.51264
166.701 6.64302 14.5147 8.56128 3.50968
166.801 6.59307 14.5176 8.50117 3.50674
166.901 6.54311 14.5205 8.44097 3.50382
167.001 6.49316 14.5234 8.38067 3.50092
167.101 6.4432 14.5263 8.32029 3.49804
167.201 6.39325 14.5292 8.25981 3.49518
167.301 6.34329 14.532 8.19925 3.49235
167.401 6.29334 14.5348 8.13859 3.48954
167.501 6.24338 14.5376 8.07785 3.48675
167.601 6.19343 14.5404 8.01702 3.48398
167.701 6.14347 14.5431 7.9561 3.48124
167.801 6.09352 14.5458 7.89509 3.47851
167.901 6.04356 14.5486 7.834 3.47581
168.001 5.99361 14.5512 7.77282 3.47313
168.101 5.94365 14.5539 7.71156 3.47047
168.201 5.8937 14.5565 7.65021 3.46783
168.301 5.84374 14.5591 7.58877 3.46522
168.401 5.79379 14.5617 7.52726 3.46263
168.501 5.74383 14.5643 7.46566 3.46006
168.601 5.69388 14.5669 7.40397 3.45751
168.701 5.64392 14.5694 7.34221 3.45498
168.801 5.59397 14.5719 7.28036 3.45248
168.901 5.54401 14.5744 7.21843 3.45
169.001 5.49406 14.5768 7.15642 3.44753
169.101 5.4441 14.5793 7.09434 3.4451
169.201 5.39415 14.5817 7.03217 3.44268
169.301 5.3442 14.5841 6.96993 3.44028
169.401 5.29424 14.5864 6.9076 3.43791
169.501 5.24429 14.5888 6.8452 3.43556
169.601 5.19433 14.5911 6.78273 3.43323
169.701 5.14438 14.5934 6.72017 3.43093
169.801 5.09442 14.5957 6.65755 3.42864
169.901 5.04447 14.598 6.59484 3.42638
170.001 4.99451 14.6002 6.53207 3.42414
170.101 4.94456 14.6024 6.46922 3.42192
170.201 4.8946 14.6046 6.40629 3.41972
170.301 4.84465 14.6068 6.3433 3.41755
170.401 4.79469 14.609 6.28023 3.4154
170.501 4.74474 14.6111 6.2171 3.41327
170.601 4.69479 14.6132 6.15389 3.41116
170.701 4.64483 14.6153 6.09061 3.40908
170.801 4.59488 14.6173 6.02726 3.40701
170.901 4.54492 14.6194 5.96385 3.40497
171.001 4.49497 14.6214 5.90037 3.40295
171.101 4.44501 14.6234 5.83682 3.40095
171.201 4.39506 14.6254 5.7732 3.39898
171.301 4.34511 14.6273 5.70952 3.39703
171.401 4.29515 14.6293 5.64577 3.3951
171.501 4.2452 14.6312 5.58196 3.39319
171.601 4.19524 14.6331 5.51809 3.3913
171.701 4.14529 14.6349 5.45415 3.38944
171.801 4.09533 14.6368 5.39015 3.38759
171.901 4.04538 14.6386 5.32609 3.38577
172.001 3.99542 14.6404 5.26197 3.38398
172.101 3.94547 14.6422 5.19779 3.3822
172.201 3.89552 14.6439 5.13354 3.38045
172.301 3.84556 14.6456 5.06924 3.37872
172.401 3.79561 14.6474 5.00488 3.37701
172.501 3.74565 14.649 4.94047 3.37532
172.601 3.6957 14.6507 4.87599 3.37366
172.701 3.64575 14.6523 4.81146 3.37201
172.801 3.59579 14.654 4.74688 3.37039
172.901 3.54584 14.6556 4.68224 3.3688
173.001 3.49588 14.6571 4.61755 3.36722
173.101 3.44593 14.6587 4.5528 3.36567
173.201 3.39597 14.6602 4.488 3.36414
173.301 3.34602 14.6617 4.42315 3.36263
173.401 3.29607 14.6632 4.35824 3.36114
173.501 3.24611 14.6647 4.29329 3.35968
173.601 3.19616 14.6661 4.22829 3.35823
173.701 3.1462 14.6675 4.16324 3.35682
173.801 3.09625 14.6689 4.09814 3.35542
173.901 3.0463 14.6703 4.03299 3.35404
174.001 2.99634 14.6717 3.96779 3.35269
174.101 2.94639 14.673 3.90255 3.35136
174.201 2.89643 14.6743 3.83727 3.35005
174.301 2.84648 14.6756 3.77194 3.34876
174.401 2.79653 14.6769 3.70656 3.3475
174.501 2.74657 14.6781 3.64114 3.34626
174.601 2.69662 14.6793 3.57568 3.34504
174.701 2.64666 14.6805 3.51018 3.34384
174.801 2.59671 14.6817 3.44464 3.34267
174.901 2.54676 14.6828 3.37905 3.34152
175.001 2.4968 14.684 3.31343 3.34039
175.101 2.44685 14.6851 3.24777 3.33928
175.201 2.39689 14.6862 3.18207 3.33819
175.301 2.34694 14.6872 3.11633 3.33713
175.402 2.29699 14.6883 3.05056 3.33609
175.502 2.24703 14.6893 2.98475 3.33507
175.602 2.19708 14.6903 2.91891 3.33408
175.702 2.14712 14.6913 2.85303 3.3331
175.802 2.09717 14.6922 2.78712 3.33215
175.902 2.04722 14.6931 2.72117 3.33122
176.002 1.99726 14.694 2.6552 3.33032
176.102 1.94731 14.6949 2.58919 3.32943
176.202 1.89735 14.6958 2.52315 3.32857
176.302 1.8474 14.6966 2.45708 3.32773
176.402 1.79745 14.6974 2.39099 3.32691
176.502 1.74749 14.6982 2.32486 3.32612
176.602 1.69754 14.699 2.25871 3.32535
176.702 1.64758 14.6998 2.19253 3.3246
176.802 1.59763 14.7005 2.12633 3.32387
176.902 1.54768 14.7012 2.0601 3.32316
177.002 1.49772 14.7019 1.99385 3.32248
177.102 1.44777 14.7025 1.92757 3.32182
177.202 1.39782 14.7032 1.86127 3.32118
177.302 1.34786 14.7038 1.79495 3.32057
177.402 1.29791 14.7044 1.7286 3.31997
177.502 1.24795 14.705 1.66224 3.3194
177.602 1.198 14.7055 1.59586 3.31886
177.702 1.14805 14.706 1.52945 3.31833
177.802 1.09809 14.7065 1.46303 3.31783
177.902 1.04814 14.707 1.3966 3.31734
178.002 0.998184 14.7075 1.33014 3.31689
178.102 0.948231 14.7079 1.26367 3.31645
178.202 0.898277 14.7083 1.19719 3.31603
178.302 0.848323 14.7087 1.13069 3.31564
178.402 0.798369 14.7091 1.06418 3.31527
178.502 0.748415 14.7094 0.997655 3.31493
178.602 0.698462 14.7098 0.931118 3.3146
178.702 0.648508 14.7101 0.864571 3.3143
178.802 0.598554 14.7103 0.798013 3.31402
178.902 0.5486 14.7106 0.731446 3.31376
179.002 0.498646 14.7108 0.664871 3.31353
179.102 0.448693 14.711 0.598287 3.31332
179.202 0.398739 14.7112 0.531696 3.31313
179.302 0.348785 14.7114 0.4651 3.31296
179.402 0.298831 14.7115 0.398497 3.31281
179.502 0.248877 14.7117 0.33189 3.31269
179.602 0.198924 14.7118 0.265279 3.31259
179.702 0.14897 14.7118 0.198665 3.31251
179.802 0.0990159 14.7119 0.132048 3.31246
179.902 0.0490621 14.7119 0.0654298 3.31242
