0 0.527055 0 0 37.0501
0.1 89.9499 2.30343e-05 0.028534 37.0501
0.2 89.8998 9.21372e-05 0.057068 37.05
0.3 89.8497 0.000207308 0.0856019 37.0499
0.4 89.7996 0.000368548 0.114136 37.0497
0.5 89.7495 0.000575854 0.142669 37.0495
0.6 89.6994 0.000829228 0.171203 37.0492
0.7 89.6493 0.00112867 0.199736 37.0489
0.8 89.5992 0.00147417 0.22827 37.0486
0.9 89.5491 0.00186574 0.256803 37.0482
1 89.499 0.00230337 0.285336 37.0478
1.1 89.4489 0.00278707 0.313868 37.0473
1.2 89.3988 0.00331682 0.3424 37.0468
1.3 89.3487 0.00389263 0.370932 37.0462
1.4 89.2986 0.0045145 0.399464 37.0456
1.5 89.2485 0.00518243 0.427995 37.0449
1.6 89.1984 0.0058964 0.456526 37.0442
1.7 89.1483 0.00665643 0.485056 37.0434
1.8 89.0982 0.00746251 0.513586 37.0426
1.9 89.0481 0.00831463 0.542116 37.0418
2 88.998 0.0092128 0.570645 37.0409
2.1 88.9479 0.010157 0.599173 37.0399
2.2 88.8978 0.0111472 0.627701 37.0389
2.3 88.8477 0.0121835 0.656228 37.0379
2.4 88.7976 0.0132658 0.684755 37.0368
2.5 88.7475 0.0143942 0.713281 37.0357
2.6 88.6974 0.0155685 0.741806 37.0345
2.7 88.6473 0.0167889 0.770331 37.0333
2.8 88.5972 0.0180553 0.798855 37.032
2.9 88.5471 0.0193677 0.827378 37.0307
3 88.497 0.0207261 0.8559 37.0293
3.1 88.4469 0.0221306 0.884422 37.0279
3.2 88.3968 0.023581 0.912943 37.0265
3.3 88.3467 0.0250774 0.941463 37.025
3.4 88.2966 0.0266198 0.969982 37.0235
3.5 88.2465 0.0282083 0.9985 37.0219
3.6 88.1964 0.0298426 1.02702 37.0202
3.7 88.1463 0.031523 1.05553 37.0186
3.8 88.0962 0.0332493 1.08405 37.0168
3.9 88.0461 0.0350216 1.11256 37.0151
4 87.996 0.0368399 1.14108 37.0132
4.1 87.9459 0.0387041 1.16959 37.0114
4.2 87.8957 0.0406143 1.1981 37.0095
4.3 87.8456 0.0425704 1.22661 37.0075
4.4 87.7955 0.0445725 1.25512 37.0055
4.5 87.7454 0.0466205 1.28363 37.0035
4.6 87.6953 0.0487144 1.31213 37.0014
4.7 87.6452 0.0508542 1.34064 36.9992
4.8 87.5951 0.05304 1.36914 36.997
4.9 87.545 0.0552717 1.39764 36.9948
5 87.4949 0.0575492 1.42615 36.9925
5.1 87.4448 0.0598727 1.45465 36.9902
5.2 87.3947 0.062242 1.48315 36.9878
5.3 87.3446 0.0646572 1.51164 36.9854
5.4 87.2945 0.0671183 1.54014 36.983
5.5 87.2444 0.0696253 1.56863 36.9804
5.6 87.1943 0.0721781 1.59713 36.9779
5.7 87.1442 0.0747767 1.62562 36.9753
5.8 87.0941 0.0774212 1.65411 36.9727
5.9 87.044 0.0801116 1.6826 36.97
6 86.9939 0.0828477 1.71108 36.9672
6.1 86.9438 0.0856297 1.73957 36.9644
6.2 86.8937 0.0884575 1.76805 36.9616
6.3 86.8436 0.091331 1.79653 36.9587
6.4 86.7935 0.0942504 1.82501 36.9558
6.5 86.7434 0.0972156 1.85349 36.9529
6.6 86.6933 0.100226 1.88197 36.9498
6.7 86.6432 0.103283 1.91045 36.9468
6.8 86.5931 0.106386 1.93892 36.9437
6.9 86.543 0.109534 1.96739 36.9405
7 86.4929 0.112728 1.99586 36.9373
7.1 86.4428 0.115967 2.02433 36.9341
7.2 86.3927 0.119253 2.05279 36.9308
7.3 86.3426 0.122584 2.08126 36.9275
7.4 86.2925 0.125961 2.10972 36.9241
7.5 86.2424 0.129383 2.13818 36.9207
7.6 86.1923 0.132851 2.16664 36.9172
7.7 86.1422 0.136365 2.1951 36.9137
7.79999 86.0921 0.139924 2.22355 36.9102
7.89999 86.042 0.143529 2.252 36.9065
7.99999 85.9919 0.14718 2.28045 36.9029
8.09999 85.9418 0.150876 2.3089 36.8992
8.2 85.8917 0.154618 2.33735 36.8955
8.3 85.8416 0.158406 2.36579 36.8917
8.4 85.7915 0.162239 2.39423 36.8878
8.5 85.7414 0.166118 2.42267 36.884
8.6 85.6913 0.170042 2.45111 36.88
8.7 85.6412 0.174012 2.47954 36.8761
8.8 85.5911 0.178027 2.50797 36.872
8.9 85.541 0.182088 2.5364 36.868
9 85.4909 0.186195 2.56483 36.8639
9.1 85.4408 0.190347 2.59326 36.8597
9.2 85.3907 0.194544 2.62168 36.8555
9.3 85.3406 0.198787 2.6501 36.8513
9.4 85.2905 0.203075 2.67852 36.847
9.5 85.2404 0.207409 2.70693 36.8427
9.6 85.1903 0.211788 2.73535 36.8383
9.7 85.1402 0.216213 2.76376 36.8339
9.8 85.0901 0.220683 2.79216 36.8294
9.9 85.04 0.225198 2.82057 36.8249
10 84.9899 0.229759 2.84897 36.8203
10.1 84.9398 0.234365 2.87737 36.8157
10.2 84.8897 0.239017 2.90577 36.8111
10.3 84.8396 0.243714 2.93416 36.8064
10.4 84.7895 0.248456 2.96255 36.8016
10.5 84.7394 0.253244 2.99094 36.7968
10.6 84.6893 0.258076 3.01933 36.792
10.7 84.6392 0.262955 3.04771 36.7871
10.8 84.5891 0.267878 3.07609 36.7822
10.9 84.539 0.272847 3.10447 36.7772
11 84.4889 0.277861 3.13284 36.7722
11.1 84.4388 0.28292 3.16121 36.7672
11.2 84.3887 0.288024 3.18958 36.7621
11.3 84.3386 0.293173 3.21795 36.7569
11.4 84.2885 0.298368 3.24631 36.7517
11.5 84.2384 0.303608 3.27467 36.7465
11.6 84.1883 0.308893 3.30303 36.7412
11.7 84.1382 0.314223 3.33138 36.7359
11.8 84.0881 0.319598 3.35973 36.7305
11.9 84.038 0.325019 3.38808 36.7251
12 83.9879 0.330484 3.41642 36.7196
12.1 83.9378 0.335995 3.44476 36.7141
12.2 83.8877 0.34155 3.4731 36.7085
12.3 83.8376 0.347151 3.50143 36.7029
12.4 83.7875 0.352796 3.52976 36.6973
12.5 83.7374 0.358487 3.55809 36.6916
12.6 83.6873 0.364222 3.58641 36.6859
12.7 83.6372 0.370003 3.61473 36.6801
12.8 83.5871 0.375828 3.64305 36.6742
12.9 83.537 0.381698 3.67137 36.6684
13 83.4869 0.387614 3.69968 36.6625
13.1 83.4368 0.393574 3.72798 36.6565
13.2 83.3867 0.399579 3.75629 36.6505
13.3 83.3366 0.405629 3.78459 36.6444
13.4 83.2865 0.411723 3.81288 36.6384
13.5 83.2364 0.417863 3.84118 36.6322
13.6 83.1863 0.424047 3.86946 36.626
13.7 83.1362 0.430276 3.89775 36.6198
13.8 83.0861 0.43655 3.92603 36.6135
13.9 83.036 0.442869 3.95431 36.6072
14 82.9859 0.449232 3.98258 36.6008
14.1 82.9359 0.45564 4.01085 36.5944
14.2 82.8858 0.462093 4.03912 36.588
14.3 82.8357 0.46859 4.06738 36.5815
14.4 82.7856 0.475132 4.09564 36.5749
14.5 82.7355 0.481719 4.1239 36.5684
14.6 82.6854 0.48835 4.15215 36.5617
14.7 82.6353 0.495026 4.1804 36.555
14.8 82.5852 0.501746 4.20864 36.5483
14.9 82.5351 0.508511 4.23688 36.5416
15 82.485 0.51532 4.26511 36.5348
15.1 82.4349 0.522174 4.29334 36.5279
15.2 82.3848 0.529073 4.32157 36.521
15.3 82.3347 0.536015 4.3498 36.5141
15.4 82.2846 0.543003 4.37801 36.5071
15.5 82.2345 0.550034 4.40623 36.5
15.6 82.1844 0.55711 4.43444 36.493
15.7 82.1343 0.564231 4.46265 36.4858
15.8 82.0842 0.571396 4.49085 36.4787
15.9 82.0341 0.578605 4.51905 36.4715
16 81.984 0.585858 4.54724 36.4642
16.1 81.9339 0.593156 4.57543 36.4569
16.2 81.8838 0.600498 4.60361 36.4496
16.3 81.8337 0.607884 4.63179 36.4422
16.4 81.7836 0.615315 4.65997 36.4348
16.5 81.7335 0.622789 4.68814 36.4273
16.6 81.6834 0.630308 4.71631 36.4198
16.7 81.6333 0.637871 4.74447 36.4122
16.8 81.5832 0.645478 4.77263 36.4046
16.9 81.5331 0.653129 4.80078 36.3969
17 81.483 0.660825 4.82893 36.3893
17.1 81.4329 0.668564 4.85708 36.3815
17.2 81.3828 0.676347 4.88522 36.3737
17.3 81.3327 0.684175 4.91335 36.3659
17.4 81.2826 0.692046 4.94148 36.358
17.5 81.2325 0.699961 4.96961 36.3501
17.6 81.1824 0.707921 4.99773 36.3422
17.7 81.1323 0.715924 5.02585 36.3342
17.8 81.0822 0.723971 5.05396 36.3261
17.9 81.0321 0.732062 5.08206 36.318
18 80.982 0.740197 5.11017 36.3099
18.1 80.932 0.748375 5.13826 36.3017
18.2 80.8819 0.756598 5.16635 36.2935
18.3 80.8318 0.764864 5.19444 36.2852
18.4 80.7817 0.773174 5.22252 36.2769
18.5 80.7316 0.781527 5.2506 36.2685
18.6 80.6815 0.789924 5.27867 36.2602
18.7 80.6314 0.798365 5.30674 36.2517
18.8 80.5813 0.80685 5.3348 36.2432
18.9 80.5312 0.815378 5.36286 36.2347
19 80.4811 0.82395 5.39091 36.2261
19.1 80.431 0.832565 5.41896 36.2175
19.2 80.3809 0.841224 5.447 36.2089
19.3 80.3308 0.849926 5.47503 36.2001
19.4 80.2807 0.858672 5.50306 36.1914
19.5 80.2306 0.867462 5.53109 36.1826
19.6 80.1805 0.876294 5.55911 36.1738
19.7 80.1304 0.88517 5.58712 36.1649
19.8 80.0803 0.89409 5.61513 36.156
19.9 80.0302 0.903053 5.64314 36.147
20 79.9801 0.912059 5.67114 36.138
20.1 79.93 0.921108 5.69913 36.129
20.2 79.8799 0.930201 5.72712 36.1199
20.3 79.8298 0.939337 5.7551 36.1107
20.4 79.7797 0.948516 5.78307 36.1016
20.5 79.7297 0.957738 5.81105 36.0923
20.6 79.6796 0.967004 5.83901 36.0831
20.7 79.6295 0.976313 5.86697 36.0738
20.8 79.5794 0.985664 5.89492 36.0644
20.9 79.5293 0.995059 5.92287 36.055
21 79.4792 1.0045 5.95082 36.0456
21.1 79.4291 1.01398 5.97875 36.0361
21.2 79.379 1.0235 6.00668 36.0266
21.3 79.3289 1.03307 6.03461 36.017
21.4 79.2788 1.04268 6.06253 36.0074
21.5 79.2287 1.05233 6.09044 35.9977
21.6 79.1786 1.06203 6.11835 35.988
21.7 79.1285 1.07176 6.14625 35.9783
21.8 79.0784 1.08155 6.17415 35.9685
21.9 79.0283 1.09137 6.20204 35.9587
22 78.9782 1.10124 6.22992 35.9488
22.1 78.9281 1.11114 6.2578 35.9389
22.2 78.878 1.1211 6.28567 35.929
22.3 78.828 1.13109 6.31354 35.919
22.4 78.7779 1.14113 6.34139 35.9089
22.5 78.7278 1.15121 6.36925 35.8989
22.6 78.6777 1.16133 6.39709 35.8887
22.7001 78.6276 1.1715 6.42494 35.8786
22.8001 78.5775 1.1817 6.45277 35.8684
22.9001 78.5274 1.19195 6.4806 35.8581
23.0001 78.4773 1.20225 6.50842 35.8478
23.1001 78.4272 1.21258 6.53624 35.8375
23.2001 78.3771 1.22296 6.56404 35.8271
23.3001 78.327 1.23338 6.59185 35.8167
23.4001 78.2769 1.24384 6.61964 35.8062
23.5001 78.2268 1.25434 6.64743 35.7957
23.6001 78.1767 1.26489 6.67522 35.7852
23.7001 78.1266 1.27548 6.70299 35.7746
23.8001 78.0766 1.28611 6.73076 35.764
23.9001 78.0265 1.29678 6.75853 35.7533
24.0001 77.9764 1.3075 6.78629 35.7426
24.1001 77.9263 1.31825 6.81404 35.7318
24.2001 77.8762 1.32905 6.84178 35.721
24.3001 77.8261 1.33989 6.86952 35.7102
24.4001 77.776 1.35078 6.89725 35.6993
24.5001 77.7259 1.3617 6.92497 35.6884
24.6001 77.6758 1.37267 6.95269 35.6774
24.7001 77.6257 1.38368 6.9804 35.6664
24.8001 77.5756 1.39473 7.0081 35.6553
24.9001 77.5255 1.40582 7.0358 35.6443
25.0001 77.4754 1.41696 7.06349 35.6331
25.1001 77.4254 1.42813 7.09117 35.6219
25.2001 77.3753 1.43935 7.11884 35.6107
25.3001 77.3252 1.45061 7.14651 35.5995
25.4001 77.2751 1.46191 7.17417 35.5882
25.5001 77.225 1.47325 7.20183 35.5768
25.6001 77.1749 1.48464 7.22948 35.5654
25.7001 77.1248 1.49606 7.25712 35.554
25.8001 77.0747 1.50753 7.28475 35.5425
25.9001 77.0246 1.51904 7.31237 35.531
26.0001 76.9745 1.53059 7.33999 35.5195
26.1001 76.9244 1.54218 7.3676 35.5079
26.2001 76.8743 1.55381 7.39521 35.4963
26.3001 76.8243 1.56549 7.42281 35.4846
26.4001 76.7742 1.5772 7.45039 35.4729
26.5001 76.7241 1.58896 7.47798 35.4611
26.6001 76.674 1.60076 7.50555 35.4493
26.7001 76.6239 1.6126 7.53312 35.4375
26.8001 76.5738 1.62448 7.56068 35.4256
26.9001 76.5237 1.6364 7.58823 35.4137
27.0001 76.4736 1.64836 7.61577 35.4017
27.1001 76.4235 1.66037 7.64331 35.3897
27.2001 76.3734 1.67241 7.67084 35.3777
27.3001 76.3233 1.6845 7.69836 35.3656
27.4001 76.2733 1.69663 7.72588 35.3534
27.5001 76.2232 1.70879 7.75338 35.3413
27.6001 76.1731 1.721 7.78088 35.3291
27.7001 76.123 1.73325 7.80837 35.3168
27.8001 76.0729 1.74554 7.83586 35.3045
27.9001 76.0228 1.75787 7.86333 35.2922
28.0001 75.9727 1.77024 7.8908 35.2798
28.1001 75.9226 1.78266 7.91826 35.2674
28.2001 75.8725 1.79511 7.94571 35.255
28.3001 75.8224 1.8076 7.97316 35.2425
28.4001 75.7724 1.82014 8.00059 35.2299
28.5001 75.7223 1.83271 8.02802 35.2174
28.6001 75.6722 1.84533 8.05544 35.2047
28.7001 75.6221 1.85798 8.08285 35.1921
28.8001 75.572 1.87068 8.11026 35.1794
28.9001 75.5219 1.88341 8.13765 35.1667
29.0001 75.4718 1.89619 8.16504 35.1539
29.1001 75.4217 1.90901 8.19242 35.1411
29.2001 75.3716 1.92187 8.21979 35.1282
29.3001 75.3216 1.93476 8.24715 35.1153
29.4001 75.2715 1.9477 8.27451 35.1024
29.5001 75.2214 1.96068 8.30185 35.0894
29.6001 75.1713 1.9737 8.32919 35.0764
29.7001 75.1212 1.98675 8.35652 35.0633
29.8001 75.0711 1.99985 8.38384 35.0502
29.9001 75.021 2.01299 8.41116 35.0371
30.0001 74.9709 2.02617 8.43846 35.0239
30.1001 74.9209 2.03939 8.46576 35.0107
30.2001 74.8708 2.05264 8.49304 34.9974
30.3001 74.8207 2.06594 8.52032 34.9841
30.4001 74.7706 2.07928 8.54759 34.9708
30.5001 74.7205 2.09265 8.57485 34.9574
30.6001 74.6704 2.10607 8.60211 34.944
30.7001 74.6203 2.11953 8.62935 34.9305
30.8001 74.5702 2.13302 8.65659 34.9171
30.9001 74.5202 2.14656 8.68381 34.9035
31.0001 74.4701 2.16013 8.71103 34.8899
31.1001 74.42 2.17375 8.73824 34.8763
31.2001 74.3699 2.1874 8.76544 34.8627
31.3001 74.3198 2.2011 8.79263 34.849
31.4001 74.2697 2.21483 8.81981 34.8352
31.5001 74.2196 2.2286 8.84699 34.8215
31.6001 74.1695 2.24241 8.87415 34.8077
31.7001 74.1195 2.25626 8.9013 34.7938
31.8001 74.0694 2.27015 8.92845 34.7799
31.9001 74.0193 2.28408 8.95559 34.766
32.0001 73.9692 2.29805 8.98272 34.752
32.1001 73.9191 2.31205 9.00983 34.738
32.2001 73.869 2.3261 9.03694 34.724
32.3001 73.8189 2.34019 9.06404 34.7099
32.4001 73.7689 2.35431 9.09113 34.6958
32.5001 73.7188 2.36847 9.11821 34.6816
32.6001 73.6687 2.38267 9.14529 34.6674
32.7001 73.6186 2.39691 9.17235 34.6532
32.8001 73.5685 2.41119 9.1994 34.6389
32.9001 73.5184 2.42551 9.22645 34.6246
33.0001 73.4684 2.43987 9.25348 34.6102
33.1001 73.4183 2.45426 9.28051 34.5958
33.2001 73.3682 2.4687 9.30752 34.5814
33.3001 73.3181 2.48317 9.33453 34.5669
33.4001 73.268 2.49768 9.36152 34.5524
33.5001 73.2179 2.51223 9.38851 34.5378
33.6001 73.1679 2.52681 9.41549 34.5233
33.7001 73.1178 2.54144 9.44245 34.5086
33.8001 73.0677 2.55611 9.46941 34.494
33.9001 73.0176 2.57081 9.49636 34.4793
34.0001 72.9675 2.58555 9.5233 34.4645
34.1001 72.9174 2.60033 9.55023 34.4497
34.2001 72.8674 2.61514 9.57714 34.4349
34.3 72.8173 2.63 9.60405 34.4201
34.4 72.7672 2.64489 9.63095 34.4052
34.5 72.7171 2.65982 9.65784 34.3903
34.6 72.667 2.67479 9.68472 34.3753
34.7 72.6169 2.6898 9.71159 34.3603
34.8 72.5669 2.70485 9.73845 34.3452
34.9 72.5168 2.71993 9.76529 34.3301
35 72.4667 2.73505 9.79213 34.315
35.1 72.4166 2.75021 9.81896 34.2999
35.2 72.3665 2.7654 9.84578 34.2847
35.3 72.3164 2.78064 9.87259 34.2694
35.4 72.2664 2.79591 9.89938 34.2542
35.5 72.2163 2.81122 9.92617 34.2389
35.6 72.1662 2.82656 9.95295 34.2235
35.7 72.1161 2.84195 9.97971 34.2081
35.8 72.066 2.85737 10.0065 34.1927
35.9 72.016 2.87283 10.0332 34.1772
36 71.9659 2.88832 10.06 34.1618
36.1 71.9158 2.90386 10.0867 34.1462
36.2 71.8657 2.91943 10.1134 34.1306
36.3 71.8156 2.93504 10.1401 34.115
36.4 71.7656 2.95068 10.1668 34.0994
36.5 71.7155 2.96636 10.1935 34.0837
36.6 71.6654 2.98208 10.2201 34.068
36.7 71.6153 2.99784 10.2468 34.0522
36.8 71.5652 3.01363 10.2734 34.0364
36.9 71.5152 3.02946 10.3001 34.0206
37 71.4651 3.04533 10.3267 34.0047
37.1 71.415 3.06123 10.3533 33.9888
37.2 71.3649 3.07717 10.3799 33.9729
37.3 71.3148 3.09315 10.4065 33.9569
37.4 71.2648 3.10916 10.4331 33.9409
37.5 71.2147 3.12521 10.4597 33.9249
37.6 71.1646 3.1413 10.4863 33.9088
37.7 71.1145 3.15742 10.5128 33.8927
37.8 71.0644 3.17358 10.5394 33.8765
37.9 71.0144 3.18977 10.5659 33.8603
38 70.9643 3.20601 10.5924 33.8441
38.1 70.9142 3.22227 10.6189 33.8278
38.2 70.8641 3.23858 10.6454 33.8115
38.3 70.814 3.25492 10.6719 33.7952
38.4 70.764 3.2713 10.6984 33.7788
38.5 70.7139 3.28771 10.7248 33.7624
38.6 70.6638 3.30416 10.7513 33.7459
38.7 70.6137 3.32065 10.7777 33.7294
38.8 70.5636 3.33717 10.8041 33.7129
38.9 70.5136 3.35372 10.8306 33.6964
39 70.4635 3.37032 10.857 33.6798
39.1 70.4134 3.38695 10.8833 33.6631
39.2 70.3633 3.40361 10.9097 33.6465
39.3 70.3133 3.42031 10.9361 33.6298
39.4 70.2632 3.43705 10.9625 33.613
39.5 70.2131 3.45382 10.9888 33.5963
39.6 70.163 3.47062 11.0151 33.5795
39.7 70.1129 3.48747 11.0415 33.5626
39.8 70.0629 3.50435 11.0678 33.5457
39.9 70.0128 3.52126 11.0941 33.5288
40 69.9627 3.53821 11.1204 33.5119
40.1 69.9126 3.55519 11.1466 33.4949
40.2 69.8626 3.57221 11.1729 33.4779
40.3 69.8125 3.58926 11.1991 33.4608
40.4 69.7624 3.60635 11.2254 33.4437
40.5 69.7123 3.62348 11.2516 33.4266
40.6 69.6623 3.64064 11.2778 33.4094
40.7 69.6122 3.65783 11.304 33.3922
40.7999 69.5621 3.67506 11.3302 33.375
40.8999 69.512 3.69233 11.3564 33.3577
40.9999 69.462 3.70963 11.3826 33.3404
41.0999 69.4119 3.72696 11.4087 33.3231
41.1999 69.3618 3.74433 11.4349 33.3057
41.2999 69.3117 3.76173 11.461 33.2883
41.3999 69.2617 3.77917 11.4871 33.2709
41.4999 69.2116 3.79664 11.5132 33.2534
41.5999 69.1615 3.81415 11.5393 33.2359
41.6999 69.1114 3.83169 11.5654 33.2184
41.7999 69.0614 3.84927 11.5914 33.2008
41.8999 69.0113 3.86688 11.6175 33.1832
41.9999 68.9612 3.88452 11.6435 33.1656
42.0999 68.9111 3.9022 11.6696 33.1479
42.1999 68.8611 3.91991 11.6956 33.1302
42.2999 68.811 3.93766 11.7216 33.1124
42.3999 68.7609 3.95544 11.7476 33.0946
42.4999 68.7108 3.97326 11.7735 33.0768
42.5999 68.6608 3.99111 11.7995 33.059
42.6999 68.6107 4.00899 11.8255 33.0411
42.7999 68.5606 4.02691 11.8514 33.0232
42.8999 68.5105 4.04486 11.8773 33.0052
42.9999 68.4605 4.06284 11.9032 32.9872
43.0999 68.4104 4.08086 11.9291 32.9692
43.1999 68.3603 4.09891 11.955 32.9512
43.2999 68.3102 4.117 11.9809 32.9331
43.3999 68.2602 4.13512 12.0068 32.915
43.4999 68.2101 4.15327 12.0326 32.8968
43.5999 68.16 4.17145 12.0584 32.8786
43.6999 68.11 4.18967 12.0843 32.8604
43.7999 68.0599 4.20793 12.1101 32.8421
43.8999 68.0098 4.22621 12.1359 32.8239
43.9999 67.9597 4.24453 12.1616 32.8055
44.0999 67.9097 4.26288 12.1874 32.7872
44.1999 67.8596 4.28127 12.2132 32.7688
44.2999 67.8095 4.29969 12.2389 32.7504
44.3999 67.7595 4.31814 12.2646 32.7319
44.4999 67.7094 4.33662 12.2903 32.7135
44.5999 67.6593 4.35514 12.316 32.6949
44.6999 67.6092 4.37369 12.3417 32.6764
44.7999 67.5592 4.39227 12.3674 32.6578
44.8999 67.5091 4.41088 12.393 32.6392
44.9999 67.459 4.42953 12.4187 32.6205
45.0999 67.409 4.44821 12.4443 32.6019
45.1999 67.3589 4.46693 12.4699 32.5831
45.2999 67.3088 4.48567 12.4955 32.5644
45.3999 67.2587 4.50445 12.5211 32.5456
45.4999 67.2087 4.52326 12.5467 32.5268
45.5999 67.1586 4.5421 12.5722 32.508
45.6999 67.1085 4.56098 12.5978 32.4891
45.7999 67.0585 4.57988 12.6233 32.4702
45.8999 67.0084 4.59882 12.6488 32.4513
45.9999 66.9583 4.61779 12.6743 32.4323
46.0999 66.9083 4.6368 12.6998 32.4133
46.1999 66.8582 4.65583 12.7253 32.3942
46.2999 66.8081 4.6749 12.7508 32.3752
46.3999 66.758 4.694 12.7762 32.3561
46.4999 66.708 4.71313 12.8016 32.3369
46.5999 66.6579 4.73229 12.8271 32.3178
46.6999 66.6078 4.75148 12.8525 32.2986
46.7999 66.5578 4.77071 12.8778 32.2794
46.8999 66.5077 4.78996 12.9032 32.2601
46.9999 66.4576 4.80925 12.9286 32.2408
47.0999 66.4076 4.82857 12.9539 32.2215
47.1999 66.3575 4.84792 12.9792 32.2022
47.2999 66.3074 4.8673 13.0046 32.1828
47.3998 66.2574 4.88672 13.0299 32.1634
47.4998 66.2073 4.90616 13.0551 32.1439
47.5998 66.1572 4.92564 13.0804 32.1244
47.6998 66.1072 4.94515 13.1057 32.1049
47.7998 66.0571 4.96468 13.1309 32.0854
47.8998 66.007 4.98425 13.1561 32.0658
47.9998 65.957 5.00385 13.1813 32.0462
48.0998 65.9069 5.02348 13.2065 32.0266
48.1998 65.8568 5.04315 13.2317 32.0069
48.2998 65.8068 5.06284 13.2569 31.9872
48.3998 65.7567 5.08256 13.282 31.9675
48.4998 65.7066 5.10231 13.3072 31.9478
48.5998 65.6566 5.1221 13.3323 31.928
48.6998 65.6065 5.14191 13.3574 31.9082
48.7998 65.5564 5.16176 13.3825 31.8883
48.8998 65.5064 5.18163 13.4075 31.8684
48.9998 65.4563 5.20154 13.4326 31.8485
49.0998 65.4062 5.22147 13.4576 31.8286
49.1998 65.3562 5.24144 13.4827 31.8086
49.2998 65.3061 5.26143 13.5077 31.7886
49.3998 65.256 5.28146 13.5327 31.7686
49.4998 65.206 5.30152 13.5576 31.7486
49.5998 65.1559 5.3216 13.5826 31.7285
49.6998 65.1058 5.34172 13.6075 31.7084
49.7998 65.0558 5.36186 13.6325 31.6882
49.8998 65.0057 5.38204 13.6574 31.668
49.9998 64.9556 5.40224 13.6823 31.6478
50.0998 64.9056 5.42248 13.7072 31.6276
50.1998 64.8555 5.44274 13.732 31.6073
50.2998 64.8055 5.46303 13.7569 31.587
50.3998 64.7554 5.48336 13.7817 31.5667
50.4998 64.7053 5.50371 13.8065 31.5464
50.5998 64.6553 5.52409 13.8313 31.526
50.6998 64.6052 5.5445 13.8561 31.5056
50.7998 64.5551 5.56494 13.8809 31.4851
50.8998 64.5051 5.58541 13.9057 31.4647
50.9998 64.455 5.60591 13.9304 31.4442
51.0998 64.4049 5.62644 13.9551 31.4236
51.1998 64.3549 5.64699 13.9798 31.4031
51.2998 64.3048 5.66758 14.0045 31.3825
51.3998 64.2548 5.68819 14.0292 31.3619
51.4998 64.2047 5.70883 14.0538 31.3412
51.5998 64.1546 5.72951 14.0785 31.3206
51.6998 64.1046 5.75021 14.1031 31.2999
51.7998 64.0545 5.77093 14.1277 31.2791
51.8998 64.0045 5.79169 14.1523 31.2584
51.9998 63.9544 5.81248 14.1769 31.2376
52.0998 63.9043 5.83329 14.2014 31.2168
52.1998 63.8543 5.85413 14.2259 31.1959
52.2998 63.8042 5.875 14.2505 31.1751
52.3998 63.7541 5.8959 14.275 31.1542
52.4998 63.7041 5.91683 14.2995 31.1332
52.5998 63.654 5.93778 14.3239 31.1123
52.6998 63.604 5.95876 14.3484 31.0913
52.7998 63.5539 5.97977 14.3728 31.0703
52.8998 63.5038 6.00081 14.3972 31.0493
52.9998 63.4538 6.02188 14.4216 31.0282
53.0998 63.4037 6.04297 14.446 31.0071
53.1998 63.3537 6.06409 14.4704 30.986
53.2998 63.3036 6.08524 14.4947 30.9648
53.3998 63.2535 6.10642 14.5191 30.9437
53.4998 63.2035 6.12762 14.5434 30.9225
53.5998 63.1534 6.14885 14.5677 30.9012
53.6998 63.1034 6.17011 14.5919 30.88
53.7998 63.0533 6.1914 14.6162 30.8587
53.8997 63.0032 6.21271 14.6404 30.8374
53.9997 62.9532 6.23405 14.6647 30.816
54.0997 62.9031 6.25542 14.6889 30.7947
54.1997 62.8531 6.27681 14.7131 30.7733
54.2997 62.803 6.29824 14.7372 30.7518
54.3997 62.753 6.31968 14.7614 30.7304
54.4997 62.7029 6.34116 14.7855 30.7089
54.5997 62.6528 6.36266 14.8096 30.6874
54.6997 62.6028 6.38419 14.8337 30.6659
54.7997 62.5527 6.40574 14.8578 30.6443
54.8997 62.5027 6.42733 14.8819 30.6227
54.9997 62.4526 6.44893 14.9059 30.6011
55.0997 62.4026 6.47057 14.93 30.5795
55.1997 62.3525 6.49223 14.954 30.5578
55.2997 62.3024 6.51392 14.978 30.5362
55.3997 62.2524 6.53563 15.0019 30.5144
55.4997 62.2023 6.55737 15.0259 30.4927
55.5997 62.1523 6.57914 15.0498 30.4709
55.6997 62.1022 6.60093 15.0737 30.4491
55.7997 62.0522 6.62275 15.0976 30.4273
55.8997 62.0021 6.64459 15.1215 30.4055
55.9997 61.952 6.66646 15.1454 30.3836
56.0997 61.902 6.68835 15.1692 30.3617
56.1997 61.8519 6.71028 15.193 30.3398
56.2997 61.8019 6.73222 15.2168 30.3179
56.3997 61.7518 6.75419 15.2406 30.2959
56.4997 61.7018 6.77619 15.2644 30.2739
56.5997 61.6517 6.79821 15.2881 30.2519
56.6997 61.6017 6.82026 15.3119 30.2298
56.7997 61.5516 6.84234 15.3356 30.2077
56.8997 61.5015 6.86444 15.3593 30.1856
56.9997 61.4515 6.88656 15.3829 30.1635
57.0997 61.4014 6.90871 15.4066 30.1414
57.1997 61.3514 6.93088 15.4302 30.1192
57.2997 61.3013 6.95308 15.4538 30.097
57.3997 61.2513 6.97531 15.4774 30.0748
57.4997 61.2012 6.99756 15.501 30.0525
57.5997 61.1512 7.01983 15.5245 30.0302
57.6997 61.1011 7.04213 15.5481 30.0079
57.7997 61.0511 7.06445 15.5716 29.9856
57.8997 61.001 7.0868 15.5951 29.9633
57.9997 60.951 7.10917 15.6186 29.9409
58.0997 60.9009 7.13157 15.642 29.9185
58.1997 60.8509 7.15399 15.6654 29.8961
58.2997 60.8008 7.17643 15.6889 29.8736
58.3997 60.7507 7.1989 15.7123 29.8512
58.4997 60.7007 7.22139 15.7356 29.8287
58.5997 60.6506 7.24391 15.759 29.8062
58.6997 60.6006 7.26645 15.7823 29.7836
58.7997 60.5505 7.28902 15.8056 29.7611
58.8997 60.5005 7.31161 15.8289 29.7385
58.9997 60.4504 7.33422 15.8522 29.7159
59.0997 60.4004 7.35686 15.8755 29.6932
59.1997 60.3503 7.37952 15.8987 29.6706
59.2997 60.3003 7.4022 15.9219 29.6479
59.3997 60.2502 7.42491 15.9451 29.6252
59.4997 60.2002 7.44764 15.9683 29.6024
59.5997 60.1501 7.47039 15.9914 29.5797
59.6997 60.1001 7.49317 16.0146 29.5569
59.7997 60.05 7.51597 16.0377 29.5341
59.8997 60 7.5388 16.0608 29.5113
59.9997 59.9499 7.56164 16.0838 29.4884
60.0997 59.8999 7.58451 16.1069 29.4656
60.1997 59.8498 7.60741 16.1299 29.4427
60.2997 59.7998 7.63032 16.1529 29.4198
60.3997 59.7497 7.65326 16.1759 29.3968
60.4996 59.6997 7.67622 16.1989 29.3739
60.5996 59.6496 7.69921 16.2218 29.3509
60.6996 59.5996 7.72221 16.2447 29.3279
60.7996 59.5495 7.74524 16.2676 29.3048
60.8996 59.4995 7.7683 16.2905 29.2818
60.9996 59.4494 7.79137 16.3134 29.2587
61.0996 59.3994 7.81447 16.3362 29.2356
61.1996 59.3493 7.83759 16.359 29.2125
61.2996 59.2993 7.86073 16.3818 29.1893
61.3996 59.2492 7.88389 16.4046 29.1662
61.4996 59.1992 7.90707 16.4274 29.143
61.5996 59.1492 7.93028 16.4501 29.1198
61.6996 59.0991 7.95351 16.4728 29.0966
61.7996 59.0491 7.97676 16.4955 29.0733
61.8996 58.999 8.00004 16.5182 29.05
61.9996 58.949 8.02333 16.5408 29.0267
62.0996 58.8989 8.04665 16.5634 29.0034
62.1996 58.8489 8.06998 16.586 28.9801
62.2996 58.7988 8.09334 16.6086 28.9567
62.3996 58.7488 8.11672 16.6312 28.9334
62.4996 58.6987 8.14012 16.6537 28.91
62.5996 58.6487 8.16355 16.6762 28.8865
62.6996 58.5986 8.18699 16.6987 28.8631
62.7996 58.5486 8.21046 16.7212 28.8396
62.8996 58.4986 8.23394 16.7436 28.8161
62.9996 58.4485 8.25745 16.766 28.7926
63.0996 58.3985 8.28098 16.7884 28.7691
63.1996 58.3484 8.30453 16.8108 28.7455
63.2996 58.2984 8.3281 16.8332 28.722
63.3996 58.2483 8.35169 16.8555 28.6984
63.4996 58.1983 8.3753 16.8778 28.6748
63.5996 58.1482 8.39893 16.9001 28.6511
63.6996 58.0982 8.42259 16.9224 28.6275
63.7996 58.0482 8.44626 16.9446 28.6038
63.8996 57.9981 8.46995 16.9668 28.5801
63.9996 57.9481 8.49367 16.989 28.5564
64.0996 57.898 8.5174 17.0112 28.5327
64.1996 57.848 8.54115 17.0333 28.5089
64.2996 57.7979 8.56493 17.0555 28.4851
64.3996 57.7479 8.58872 17.0776 28.4614
64.4996 57.6978 8.61253 17.0996 28.4375
64.5996 57.6478 8.63637 17.1217 28.4137
64.6996 57.5978 8.66022 17.1437 28.3899
64.7996 57.5477 8.68409 17.1657 28.366
64.8996 57.4977 8.70799 17.1877 28.3421
64.9996 57.4476 8.7319 17.2097 28.3182
65.0996 57.3976 8.75583 17.2316 28.2942
65.1996 57.3476 8.77978 17.2535 28.2703
65.2996 57.2975 8.80375 17.2754 28.2463
65.3996 57.2475 8.82774 17.2973 28.2223
65.4996 57.1974 8.85175 17.3191 28.1983
65.5996 57.1474 8.87578 17.341 28.1743
65.6996 57.0973 8.89983 17.3628 28.1502
65.7996 57.0473 8.92389 17.3845 28.1262
65.8996 56.9973 8.94798 17.4063 28.1021
65.9996 56.9472 8.97208 17.428 28.078
66.0996 56.8972 8.9962 17.4497 28.0539
66.1996 56.8471 9.02034 17.4714 28.0297
66.2996 56.7971 9.0445 17.493 28.0056
66.3996 56.7471 9.06868 17.5146 27.9814
66.4996 56.697 9.09288 17.5362 27.9572
66.5996 56.647 9.11709 17.5578 27.933
66.6996 56.5969 9.14133 17.5794 27.9087
66.7996 56.5469 9.16558 17.6009 27.8845
66.8996 56.4969 9.18985 17.6224 27.8602
66.9995 56.4468 9.21413 17.6439 27.8359
67.0995 56.3968 9.23844 17.6653 27.8116
67.1995 56.3468 9.26276 17.6868 27.7873
67.2995 56.2967 9.2871 17.7082 27.763
67.3995 56.2467 9.31146 17.7296 27.7386
67.4995 56.1966 9.33584 17.7509 27.7142
67.5995 56.1466 9.36023 17.7722 27.6898
67.6995 56.0966 9.38465 17.7935 27.6654
67.7995 56.0465 9.40908 17.8148 27.641
67.8995 55.9965 9.43352 17.8361 27.6166
67.9995 55.9465 9.45799 17.8573 27.5921
68.0995 55.8964 9.48247 17.8785 27.5676
68.1995 55.8464 9.50697 17.8997 27.5431
68.2995 55.7963 9.53148 17.9208 27.5186
68.3995 55.7463 9.55602 17.942 27.4941
68.4995 55.6963 9.58057 17.9631 27.4695
68.5995 55.6462 9.60513 17.9841 27.4449
68.6995 55.5962 9.62972 18.0052 27.4204
68.7995 55.5462 9.65432 18.0262 27.3958
68.8995 55.4961 9.67893 18.0472 27.3711
68.9995 55.4461 9.70357 18.0682 27.3465
69.0995 55.3961 9.72822 18.0891 27.3219
69.1995 55.346 9.75288 18.11 27.2972
69.2995 55.296 9.77757 18.1309 27.2725
69.3995 55.2459 9.80227 18.1518 27.2478
69.4995 55.1959 9.82698 18.1726 27.2231
69.5995 55.1459 9.85171 18.1934 27.1984
69.6995 55.0958 9.87646 18.2142 27.1736
69.7995 55.0458 9.90122 18.235 27.1489
69.8995 54.9958 9.926 18.2557 27.1241
69.9995 54.9457 9.9508 18.2764 27.0993
70.0995 54.8957 9.97561 18.2971 27.0745
70.1995 54.8457 10.0004 18.3177 27.0496
70.2995 54.7956 10.0253 18.3384 27.0248
70.3995 54.7456 10.0501 18.359 26.9999
70.4995 54.6956 10.075 18.3795 26.9751
70.5995 54.6455 10.0999 18.4001 26.9502
70.6995 54.5955 10.1248 18.4206 26.9253
70.7995 54.5455 10.1497 18.4411 26.9004
70.8995 54.4954 10.1747 18.4616 26.8754
70.9995 54.4454 10.1996 18.482 26.8505
71.0995 54.3954 10.2246 18.5024 26.8255
71.1995 54.3453 10.2495 18.5228 26.8005
71.2995 54.2953 10.2745 18.5431 26.7755
71.3995 54.2453 10.2996 18.5635 26.7505
71.4995 54.1953 10.3246 18.5838 26.7255
71.5995 54.1452 10.3496 18.604 26.7005
71.6995 54.0952 10.3747 18.6243 26.6754
71.7995 54.0452 10.3997 18.6445 26.6503
71.8995 53.9951 10.4248 18.6647 26.6253
71.9995 53.9451 10.4499 18.6848 26.6002
72.0995 53.8951 10.475 18.705 26.5751
72.1995 53.845 10.5001 18.7251 26.5499
72.2995 53.795 10.5253 18.7451 26.5248
72.3995 53.745 10.5504 18.7652 26.4996
72.4995 53.6949 10.5756 18.7852 26.4745
72.5995 53.6449 10.6008 18.8052 26.4493
72.6995 53.5949 10.626 18.8252 26.4241
72.7995 53.5449 10.6512 18.8451 26.3989
72.8995 53.4948 10.6764 18.865 26.3737
72.9995 53.4448 10.7016 18.8849 26.3484
73.0995 53.3948 10.7269 18.9047 26.3232
73.1995 53.3447 10.7521 18.9245 26.2979
73.2995 53.2947 10.7774 18.9443 26.2727
73.3995 53.2447 10.8027 18.9641 26.2474
73.4995 53.1947 10.828 18.9838 26.2221
73.5994 53.1446 10.8533 19.0035 26.1967
73.6994 53.0946 10.8787 19.0232 26.1714
73.7994 53.0446 10.904 19.0428 26.1461
73.8994 52.9946 10.9293 19.0624 26.1207
73.9994 52.9445 10.9547 19.082 26.0954
74.0994 52.8945 10.9801 19.1016 26.07
74.1994 52.8445 11.0055 19.1211 26.0446
74.2994 52.7944 11.0309 19.1406 26.0192
74.3994 52.7444 11.0563 19.1601 25.9938
74.4994 52.6944 11.0817 19.1795 25.9683
74.5994 52.6444 11.1072 19.1989 25.9429
74.6994 52.5943 11.1326 19.2183 25.9174
74.7994 52.5443 11.1581 19.2376 25.892
74.8994 52.4943 11.1836 19.2569 25.8665
74.9994 52.4443 11.2091 19.2762 25.841
75.0994 52.3942 11.2346 19.2955 25.8155
75.1994 52.3442 11.2601 19.3147 25.79
75.2994 52.2942 11.2856 19.3339 25.7645
75.3994 52.2442 11.3111 19.3531 25.7389
75.4994 52.1941 11.3367 19.3722 25.7134
75.5994 52.1441 11.3622 19.3913 25.6878
75.6994 52.0941 11.3878 19.4104 25.6623
75.7994 52.0441 11.4134 19.4294 25.6367
75.8994 51.994 11.439 19.4484 25.6111
75.9994 51.944 11.4646 19.4674 25.5855
76.0994 51.894 11.4902 19.4863 25.5599
76.1994 51.844 11.5158 19.5053 25.5342
76.2994 51.7939 11.5415 19.5241 25.5086
76.3994 51.7439 11.5671 19.543 25.4829
76.4994 51.6939 11.5928 19.5618 25.4573
76.5994 51.6439 11.6185 19.5806 25.4316
76.6994 51.5939 11.6441 19.5994 25.4059
76.7994 51.5438 11.6698 19.6181 25.3802
76.8994 51.4938 11.6955 19.6368 25.3545
76.9994 51.4438 11.7213 19.6555 25.3288
77.0994 51.3938 11.747 19.6741 25.3031
77.1994 51.3437 11.7727 19.6927 25.2774
77.2994 51.2937 11.7985 19.7113 25.2516
77.3994 51.2437 11.8242 19.7298 25.2259
77.4994 51.1937 11.85 19.7483 25.2001
77.5994 51.1437 11.8757 19.7668 25.1743
77.6994 51.0936 11.9015 19.7852 25.1485
77.7994 51.0436 11.9273 19.8036 25.1227
77.8994 50.9936 11.9531 19.822 25.0969
77.9994 50.9436 11.9789 19.8404 25.0711
78.0994 50.8936 12.0048 19.8587 25.0453
78.1994 50.8435 12.0306 19.877 25.0195
78.2994 50.7935 12.0564 19.8952 24.9936
78.3994 50.7435 12.0823 19.9134 24.9678
78.4994 50.6935 12.1082 19.9316 24.9419
78.5994 50.6435 12.134 19.9497 24.9161
78.6994 50.5934 12.1599 19.9679 24.8902
78.7994 50.5434 12.1858 19.9859 24.8643
78.8994 50.4934 12.2117 20.004 24.8384
78.9994 50.4434 12.2376 20.022 24.8125
79.0994 50.3934 12.2635 20.04 24.7866
79.1994 50.3434 12.2894 20.0579 24.7606
79.2994 50.2933 12.3154 20.0759 24.7347
79.3994 50.2433 12.3413 20.0937 24.7088
79.4994 50.1933 12.3672 20.1116 24.6828
79.5994 50.1433 12.3932 20.1294 24.6569
79.6994 50.0933 12.4192 20.1472 24.6309
79.7994 50.0432 12.4451 20.1649 24.6049
79.8994 49.9932 12.4711 20.1826 24.5789
79.9994 49.9432 12.4971 20.2003 24.553
80.0993 49.8932 12.5231 20.218 24.527
80.1993 49.8432 12.5491 20.2356 24.501
80.2993 49.7932 12.5751 20.2532 24.4749
80.3993 49.7431 12.6012 20.2707 24.4489
80.4993 49.6931 12.6272 20.2882 24.4229
80.5993 49.6431 12.6532 20.3057 24.3969
80.6993 49.5931 12.6793 20.3231 24.3708
80.7993 49.5431 12.7053 20.3405 24.3448
80.8993 49.4931 12.7314 20.3579 24.3187
80.9993 49.4431 12.7574 20.3752 24.2926
81.0993 49.393 12.7835 20.3925 24.2666
81.1993 49.343 12.8096 20.4098 24.2405
81.2993 49.293 12.8357 20.427 24.2144
81.3993 49.243 12.8618 20.4442 24.1883
81.4993 49.193 12.8879 20.4614 24.1622
81.5993 49.143 12.914 20.4785 24.1361
81.6993 49.093 12.9401 20.4956 24.11
81.7993 49.0429 12.9662 20.5126 24.0838
81.8993 48.9929 12.9924 20.5296 24.0577
81.9993 48.9429 13.0185 20.5466 24.0316
82.0993 48.8929 13.0446 20.5636 24.0054
82.1993 48.8429 13.0708 20.5805 23.9793
82.2993 48.7929 13.0969 20.5973 23.9531
82.3993 48.7429 13.1231 20.6142 23.927
82.4993 48.6928 13.1493 20.631 23.9008
82.5993 48.6428 13.1754 20.6477 23.8746
82.6993 48.5928 13.2016 20.6645 23.8485
82.7993 48.5428 13.2278 20.6812 23.8223
82.8993 48.4928 13.254 20.6978 23.7961
82.9993 48.4428 13.2802 20.7144 23.7699
83.0993 48.3928 13.3064 20.731 23.7437
83.1993 48.3428 13.3326 20.7476 23.7175
83.2993 48.2928 13.3588 20.7641 23.6913
83.3993 48.2427 13.385 20.7805 23.6651
83.4993 48.1927 13.4112 20.797 23.6388
83.5993 48.1427 13.4375 20.8134 23.6126
83.6993 48.0927 13.4637 20.8297 23.5864
83.7993 48.0427 13.4899 20.846 23.5601
83.8993 47.9927 13.5162 20.8623 23.5339
83.9993 47.9427 13.5424 20.8786 23.5076
84.0993 47.8927 13.5687 20.8948 23.4814
84.1993 47.8427 13.5949 20.9109 23.4551
84.2993 47.7927 13.6212 20.9271 23.4289
84.3993 47.7426 13.6475 20.9432 23.4026
84.4993 47.6926 13.6737 20.9592 23.3763
84.5993 47.6426 13.7 20.9752 23.3501
84.6993 47.5926 13.7263 20.9912 23.3238
84.7993 47.5426 13.7526 21.0072 23.2975
84.8993 47.4926 13.7789 21.0231 23.2712
84.9993 47.4426 13.8052 21.0389 23.2449
85.0993 47.3926 13.8315 21.0548 23.2186
85.1993 47.3426 13.8578 21.0706 23.1923
85.2993 47.2926 13.8841 21.0863 23.166
85.3993 47.2426 13.9104 21.102 23.1397
85.4993 47.1926 13.9367 21.1177 23.1134
85.5993 47.1425 13.963 21.1333 23.0871
85.6993 47.0925 13.9893 21.1489 23.0608
85.7993 47.0425 14.0156 21.1645 23.0344
85.8993 46.9925 14.042 21.18 23.0081
85.9993 46.9425 14.0683 21.1955 22.9818
86.0993 46.8925 14.0946 21.2109 22.9555
86.1993 46.8425 14.121 21.2263 22.9291
86.2993 46.7925 14.1473 21.2416 22.9028
86.3993 46.7425 14.1736 21.257 22.8764
86.4993 46.6925 14.2 21.2722 22.8501
86.5993 46.6425 14.2263 21.2875 22.8237
86.6992 46.5925 14.2527 21.3027 22.7974
86.7992 46.5425 14.279 21.3178 22.771
86.8992 46.4925 14.3054 21.3329 22.7447
86.9992 46.4425 14.3317 21.348 22.7183
87.0992 46.3925 14.3581 21.3631 22.692
87.1992 46.3425 14.3845 21.3781 22.6656
87.2992 46.2925 14.4108 21.393 22.6392
87.3992 46.2425 14.4372 21.4079 22.6129
87.4992 46.1924 14.4636 21.4228 22.5865
87.5992 46.1424 14.4899 21.4376 22.5601
87.6992 46.0924 14.5163 21.4524 22.5338
87.7992 46.0424 14.5427 21.4672 22.5074
87.8992 45.9924 14.5691 21.4819 22.481
87.9992 45.9424 14.5954 21.4965 22.4546
88.0992 45.8924 14.6218 21.5112 22.4283
88.1992 45.8424 14.6482 21.5258 22.4019
88.2992 45.7924 14.6746 21.5403 22.3755
88.3992 45.7424 14.701 21.5548 22.3491
88.4992 45.6924 14.7274 21.5693 22.3227
88.5992 45.6424 14.7537 21.5837 22.2963
88.6992 45.5924 14.7801 21.598 22.2699
88.7992 45.5424 14.8065 21.6124 22.2436
88.8992 45.4924 14.8329 21.6267 22.2172
88.9992 45.4424 14.8593 21.6409 22.1908
89.0992 45.3924 14.8857 21.6551 22.1644
89.1992 45.3424 14.9121 21.6693 22.138
89.2992 45.2924 14.9385 21.6834 22.1116
89.3992 45.2424 14.9649 21.6975 22.0852
89.4992 45.1924 14.9913 21.7115 22.0588
89.5992 45.1424 15.0177 21.7255 22.0324
89.6992 45.0924 15.044 21.7395 22.006
89.7992 45.0424 15.0704 21.7534 21.9796
89.8992 44.9924 15.0968 21.7672 21.9532
89.9992 44.9424 15.1232 21.781 21.9268
90.0992 44.8924 15.1496 21.7948 21.9004
90.1992 44.8424 15.176 21.8085 21.8741
90.2992 44.7924 15.2024 21.8222 21.8477
90.3992 44.7424 15.2288 21.8359 21.8213
90.4992 44.6924 15.2552 21.8495 21.7949
90.5992 44.6424 15.2816 21.863 21.7685
90.6992 44.5924 15.308 21.8765 21.7421
90.7992 44.5424 15.3344 21.89 21.7157
90.8992 44.4924 15.3608 21.9034 21.6893
90.9992 44.4424 15.3872 21.9168 21.6629
91.0992 44.3924 15.4136 21.9301 21.6365
91.1992 44.3424 15.4399 21.9434 21.6101
91.2992 44.2924 15.4663 21.9567 21.5837
91.3992 44.2424 15.4927 21.9699 21.5574
91.4992 44.1924 15.5191 21.983 21.531
91.5992 44.1425 15.5455 21.9961 21.5046
91.6992 44.0925 15.5719 22.0092 21.4782
91.7992 44.0425 15.5983 22.0222 21.4518
91.8992 43.9925 15.6246 22.0352 21.4254
91.9992 43.9425 15.651 22.0481 21.3991
92.0992 43.8925 15.6774 22.061 21.3727
92.1992 43.8425 15.7038 22.0739 21.3463
92.2992 43.7925 15.7302 22.0866 21.3199
92.3992 43.7425 15.7565 22.0994 21.2935
92.4992 43.6925 15.7829 22.1121 21.2672
92.5992 43.6425 15.8093 22.1247 21.2408
92.6992 43.5925 15.8356 22.1373 21.2144
92.7992 43.5425 15.862 22.1499 21.1881
92.8992 43.4925 15.8884 22.1624 21.1617
92.9992 43.4425 15.9147 22.1749 21.1354
93.0992 43.3925 15.9411 22.1873 21.109
93.1992 43.3425 15.9674 22.1997 21.0826
93.2991 43.2925 15.9938 22.212 21.0563
93.3991 43.2425 16.0201 22.2243 21.0299
93.4991 43.1926 16.0465 22.2365 21.0036
93.5991 43.1426 16.0728 22.2487 20.9772
93.6991 43.0926 16.0992 22.2608 20.9509
93.7991 43.0426 16.1255 22.2729 20.9246
93.8991 42.9926 16.1518 22.285 20.8982
93.9991 42.9426 16.1782 22.297 20.8719
94.0991 42.8926 16.2045 22.3089 20.8456
94.1991 42.8426 16.2308 22.3208 20.8192
94.2991 42.7926 16.2572 22.3327 20.7929
94.3991 42.7426 16.2835 22.3445 20.7666
94.4991 42.6926 16.3098 22.3562 20.7403
94.5991 42.6426 16.3361 22.3679 20.714
94.6991 42.5927 16.3624 22.3796 20.6877
94.7991 42.5427 16.3887 22.3912 20.6614
94.8991 42.4927 16.415 22.4027 20.6351
94.9991 42.4427 16.4413 22.4142 20.6088
95.0991 42.3927 16.4676 22.4257 20.5825
95.1991 42.3427 16.4939 22.4371 20.5562
95.2991 42.2927 16.5202 22.4485 20.5299
95.3991 42.2427 16.5465 22.4598 20.5036
95.4991 42.1927 16.5727 22.471 20.4773
95.5991 42.1427 16.599 22.4823 20.4511
95.6991 42.0928 16.6253 22.4934 20.4248
95.7991 42.0428 16.6515 22.5045 20.3985
95.8991 41.9928 16.6778 22.5156 20.3723
95.9991 41.9428 16.704 22.5266 20.346
96.0991 41.8928 16.7303 22.5376 20.3198
96.1991 41.8428 16.7565 22.5485 20.2935
96.2991 41.7928 16.7828 22.5594 20.2673
96.3991 41.7428 16.809 22.5702 20.2411
96.4991 41.6928 16.8352 22.5809 20.2148
96.5991 41.6429 16.8615 22.5916 20.1886
96.6991 41.5929 16.8877 22.6023 20.1624
96.7991 41.5429 16.9139 22.6129 20.1362
96.8991 41.4929 16.9401 22.6235 20.11
96.9991 41.4429 16.9663 22.634 20.0838
97.0991 41.3929 16.9925 22.6444 20.0576
97.1991 41.3429 17.0187 22.6548 20.0314
97.2991 41.2929 17.0449 22.6652 20.0052
97.3991 41.243 17.071 22.6755 19.979
97.4991 41.193 17.0972 22.6857 19.9529
97.5991 41.143 17.1234 22.6959 19.9267
97.6991 41.093 17.1495 22.7061 19.9005
97.7991 41.043 17.1757 22.7161 19.8744
97.8991 40.993 17.2018 22.7262 19.8482
97.9991 40.943 17.228 22.7362 19.8221
98.0991 40.8931 17.2541 22.7461 19.796
98.1991 40.8431 17.2802 22.756 19.7698
98.2991 40.7931 17.3064 22.7658 19.7437
98.3991 40.7431 17.3325 22.7756 19.7176
98.4991 40.6931 17.3586 22.7853 19.6915
98.5991 40.6431 17.3847 22.795 19.6654
98.6991 40.5932 17.4108 22.8046 19.6393
98.7991 40.5432 17.4369 22.8141 19.6132
98.8991 40.4932 17.463 22.8236 19.5871
98.9991 40.4432 17.489 22.8331 19.561
99.0991 40.3932 17.5151 22.8425 19.535
99.1991 40.3432 17.5412 22.8518 19.5089
99.2991 40.2933 17.5672 22.8611 19.4829
99.3991 40.2433 17.5932 22.8704 19.4568
99.4991 40.1933 17.6193 22.8795 19.4308
99.5991 40.1433 17.6453 22.8887 19.4048
99.6991 40.0933 17.6713 22.8977 19.3787
99.799 40.0433 17.6973 22.9067 19.3527
99.899 39.9934 17.7234 22.9157 19.3267
99.999 39.9434 17.7494 22.9246 19.3007
100.099 39.8934 17.7753 22.9335 19.2747
100.199 39.8434 17.8013 22.9423 19.2487
100.299 39.7934 17.8273 22.951 19.2228
100.399 39.7435 17.8533 22.9597 19.1968
100.499 39.6935 17.8792 22.9683 19.1709
100.599 39.6435 17.9052 22.9769 19.1449
100.699 39.5935 17.9311 22.9854 19.119
100.799 39.5435 17.957 22.9939 19.093
100.899 39.4936 17.983 23.0023 19.0671
100.999 39.4436 18.0089 23.0106 19.0412
101.099 39.3936 18.0348 23.0189 19.0153
101.199 39.3436 18.0607 23.0271 18.9894
101.299 39.2936 18.0866 23.0353 18.9635
101.399 39.2437 18.1125 23.0434 18.9376
101.499 39.1937 18.1383 23.0515 18.9118
101.599 39.1437 18.1642 23.0595 18.8859
101.699 39.0937 18.19 23.0674 18.86
101.799 39.0437 18.2159 23.0753 18.8342
101.899 38.9938 18.2417 23.0832 18.8084
101.999 38.9438 18.2675 23.0909 18.7825
102.099 38.8938 18.2933 23.0986 18.7567
102.199 38.8438 18.3191 23.1063 18.7309
102.299 38.7939 18.3449 23.1139 18.7051
102.399 38.7439 18.3707 23.1214 18.6793
102.499 38.6939 18.3965 23.1289 18.6536
102.599 38.6439 18.4223 23.1363 18.6278
102.699 38.5939 18.448 23.1437 18.6021
102.799 38.544 18.4738 23.151 18.5763
102.899 38.494 18.4995 23.1583 18.5506
102.999 38.444 18.5252 23.1655 18.5249
103.099 38.394 18.5509 23.1726 18.4991
103.199 38.3441 18.5766 23.1796 18.4734
103.299 38.2941 18.6023 23.1867 18.4477
103.399 38.2441 18.628 23.1936 18.4221
103.499 38.1941 18.6537 23.2005 18.3964
103.599 38.1442 18.6793 23.2073 18.3707
103.699 38.0942 18.705 23.2141 18.3451
103.799 38.0442 18.7306 23.2208 18.3194
103.899 37.9942 18.7563 23.2274 18.2938
103.999 37.9443 18.7819 23.234 18.2682
104.099 37.8943 18.8075 23.2406 18.2426
104.199 37.8443 18.8331 23.247 18.217
104.299 37.7943 18.8587 23.2534 18.1914
104.399 37.7444 18.8842 23.2598 18.1658
104.499 37.6944 18.9098 23.266 18.1403
104.599 37.6444 18.9353 23.2723 18.1147
104.699 37.5944 18.9609 23.2784 18.0892
104.799 37.5445 18.9864 23.2845 18.0637
104.899 37.4945 19.0119 23.2906 18.0382
104.999 37.4445 19.0374 23.2965 18.0127
105.099 37.3945 19.0629 23.3024 17.9872
105.199 37.3446 19.0884 23.3083 17.9617
105.299 37.2946 19.1138 23.3141 17.9362
105.399 37.2446 19.1393 23.3198 17.9108
105.499 37.1947 19.1647 23.3254 17.8853
105.599 37.1447 19.1902 23.331 17.8599
105.699 37.0947 19.2156 23.3366 17.8345
105.799 37.0447 19.241 23.342 17.8091
105.899 36.9948 19.2664 23.3474 17.7837
105.999 36.9448 19.2918 23.3528 17.7583
106.099 36.8948 19.3171 23.3581 17.7329
106.199 36.8449 19.3425 23.3633 17.7076
106.299 36.7949 19.3678 23.3684 17.6823
106.399 36.7449 19.3932 23.3735 17.6569
106.499 36.6949 19.4185 23.3785 17.6316
106.599 36.645 19.4438 23.3835 17.6063
106.699 36.595 19.4691 23.3884 17.581
106.799 36.545 19.4943 23.3932 17.5557
106.899 36.4951 19.5196 23.398 17.5305
106.999 36.4451 19.5448 23.4027 17.5052
107.099 36.3951 19.5701 23.4073 17.48
107.199 36.3452 19.5953 23.4119 17.4548
107.299 36.2952 19.6205 23.4164 17.4296
107.399 36.2452 19.6457 23.4208 17.4044
107.499 36.1952 19.6709 23.4252 17.3792
107.599 36.1453 19.696 23.4295 17.354
107.699 36.0953 19.7212 23.4337 17.3289
107.799 36.0453 19.7463 23.4379 17.3037
107.899 35.9954 19.7715 23.442 17.2786
107.999 35.9454 19.7966 23.446 17.2535
108.099 35.8954 19.8217 23.45 17.2284
108.199 35.8455 19.8468 23.4539 17.2033
108.299 35.7955 19.8718 23.4577 17.1783
108.399 35.7455 19.8969 23.4615 17.1532
108.499 35.6956 19.9219 23.4652 17.1282
108.599 35.6456 19.9469 23.4688 17.1031
108.699 35.5956 19.9719 23.4724 17.0781
108.799 35.5457 19.9969 23.4759 17.0531
108.899 35.4957 20.0219 23.4793 17.0282
108.999 35.4457 20.0469 23.4827 17.0032
109.099 35.3958 20.0718 23.486 16.9782
109.199 35.3458 20.0968 23.4892 16.9533
109.299 35.2958 20.1217 23.4924 16.9284
109.399 35.2459 20.1466 23.4954 16.9035
109.499 35.1959 20.1715 23.4985 16.8786
109.599 35.1459 20.1964 23.5014 16.8537
109.699 35.096 20.2212 23.5043 16.8289
109.799 35.046 20.2461 23.5071 16.804
109.899 34.996 20.2709 23.5098 16.7792
109.999 34.9461 20.2957 23.5125 16.7544
110.099 34.8961 20.3205 23.5151 16.7296
110.199 34.8462 20.3453 23.5176 16.7048
110.299 34.7962 20.37 23.5201 16.68
110.399 34.7462 20.3948 23.5225 16.6553
110.499 34.6963 20.4195 23.5248 16.6306
110.599 34.6463 20.4442 23.527 16.6059
110.699 34.5963 20.4689 23.5292 16.5812
110.799 34.5464 20.4936 23.5313 16.5565
110.899 34.4964 20.5183 23.5334 16.5318
110.999 34.4464 20.5429 23.5353 16.5072
111.099 34.3965 20.5676 23.5372 16.4825
111.199 34.3465 20.5922 23.539 16.4579
111.299 34.2966 20.6168 23.5408 16.4333
111.399 34.2466 20.6414 23.5424 16.4087
111.499 34.1966 20.6659 23.544 16.3841
111.599 34.1467 20.6905 23.5456 16.3596
111.699 34.0967 20.715 23.547 16.3351
111.799 34.0467 20.7395 23.5484 16.3105
111.899 33.9968 20.764 23.5497 16.2861
111.999 33.9468 20.7885 23.551 16.2616
112.099 33.8969 20.813 23.5521 16.2371
112.199 33.8469 20.8374 23.5532 16.2127
112.299 33.7969 20.8618 23.5542 16.1882
112.399 33.747 20.8863 23.5552 16.1638
112.499 33.697 20.9107 23.556 16.1394
112.599 33.6471 20.935 23.5568 16.115
112.699 33.5971 20.9594 23.5575 16.0907
112.799 33.5471 20.9837 23.5582 16.0663
112.899 33.4972 21.0081 23.5588 16.042
112.999 33.4472 21.0324 23.5593 16.0177
113.099 33.3973 21.0567 23.5597 15.9934
113.199 33.3473 21.0809 23.56 15.9692
113.299 33.2973 21.1052 23.5603 15.9449
113.399 33.2474 21.1294 23.5605 15.9207
113.499 33.1974 21.1536 23.5606 15.8965
113.599 33.1475 21.1778 23.5606 15.8723
113.699 33.0975 21.202 23.5606 15.8481
113.799 33.0475 21.2262 23.5605 15.8239
113.899 32.9976 21.2503 23.5603 15.7998
113.999 32.9476 21.2744 23.56 15.7757
114.099 32.8977 21.2985 23.5597 15.7516
114.199 32.8477 21.3226 23.5593 15.7275
114.299 32.7978 21.3467 23.5588 15.7034
114.399 32.7478 21.3707 23.5582 15.6794
114.499 32.6978 21.3948 23.5576 15.6553
114.599 32.6479 21.4188 23.5568 15.6313
114.699 32.5979 21.4427 23.556 15.6073
114.799 32.548 21.4667 23.5551 15.5834
114.899 32.498 21.4907 23.5542 15.5594
114.999 32.4481 21.5146 23.5531 15.5355
115.099 32.3981 21.5385 23.552 15.5116
115.199 32.3481 21.5624 23.5508 15.4877
115.299 32.2982 21.5863 23.5495 15.4638
115.399 32.2482 21.6101 23.5482 15.4399
115.499 32.1983 21.634 23.5468 15.4161
115.599 32.1483 21.6578 23.5452 15.3923
115.699 32.0984 21.6816 23.5436 15.3685
115.799 32.0484 21.7054 23.542 15.3447
115.899 31.9985 21.7291 23.5402 15.321
115.999 31.9485 21.7528 23.5384 15.2972
116.099 31.8986 21.7766 23.5365 15.2735
116.199 31.8486 21.8002 23.5345 15.2498
116.299 31.7986 21.8239 23.5324 15.2262
116.399 31.7487 21.8476 23.5302 15.2025
116.499 31.6987 21.8712 23.528 15.1789
116.599 31.6488 21.8948 23.5257 15.1553
116.699 31.5988 21.9184 23.5233 15.1317
116.799 31.5489 21.942 23.5208 15.1081
116.899 31.4989 21.9655 23.5182 15.0845
116.999 31.449 21.9891 23.5156 15.061
117.099 31.399 22.0126 23.5128 15.0375
117.199 31.3491 22.0361 23.51 15.014
117.299 31.2991 22.0595 23.5071 14.9906
117.399 31.2492 22.083 23.5042 14.9671
117.499 31.1992 22.1064 23.5011 14.9437
117.599 31.1492 22.1298 23.498 14.9203
117.699 31.0993 22.1532 23.4947 14.8969
117.799 31.0493 22.1765 23.4914 14.8735
117.899 30.9994 22.1999 23.488 14.8502
117.999 30.9494 22.2232 23.4845 14.8269
118.099 30.8995 22.2465 23.481 14.8036
118.199 30.8495 22.2698 23.4773 14.7803
118.299 30.7996 22.293 23.4736 14.7571
118.399 30.7496 22.3162 23.4698 14.7338
118.499 30.6997 22.3394 23.4659 14.7106
118.599 30.6497 22.3626 23.4619 14.6874
118.699 30.5998 22.3858 23.4578 14.6643
118.799 30.5498 22.4089 23.4537 14.6411
118.899 30.4999 22.432 23.4494 14.618
118.999 30.4499 22.4551 23.4451 14.5949
119.099 30.4 22.4782 23.4407 14.5719
119.199 30.35 22.5013 23.4362 14.5488
119.299 30.3001 22.5243 23.4316 14.5258
119.399 30.2501 22.5473 23.4269 14.5028
119.499 30.2002 22.5703 23.4222 14.4798
119.599 30.1502 22.5933 23.4173 14.4568
119.699 30.1003 22.6162 23.4124 14.4339
119.799 30.0503 22.6391 23.4074 14.411
119.899 30.0004 22.662 23.4023 14.3881
119.999 29.9504 22.6849 23.3971 14.3652
120.099 29.9005 22.7077 23.3918 14.3424
120.199 29.8505 22.7305 23.3864 14.3195
120.299 29.8006 22.7534 23.381 14.2967
120.399 29.7506 22.7761 23.3754 14.2739
120.499 29.7007 22.7989 23.3698 14.2512
120.599 29.6507 22.8216 23.3641 14.2285
120.699 29.6008 22.8443 23.3582 14.2058
120.799 29.5509 22.867 23.3523 14.1831
120.899 29.5009 22.8897 23.3463 14.1604
120.999 29.451 22.9123 23.3403 14.1378
121.099 29.401 22.9349 23.3341 14.1152
121.199 29.3511 22.9575 23.3278 14.0926
121.299 29.3011 22.9801 23.3215 14.07
121.399 29.2512 23.0026 23.315 14.0475
121.499 29.2012 23.0251 23.3085 14.0249
121.599 29.1513 23.0476 23.3019 14.0024
121.699 29.1013 23.0701 23.2952 13.98
121.799 29.0514 23.0925 23.2883 13.9575
121.899 29.0014 23.115 23.2814 13.9351
121.999 28.9515 23.1374 23.2745 13.9127
122.099 28.9016 23.1597 23.2674 13.8903
122.199 28.8516 23.1821 23.2602 13.868
122.299 28.8017 23.2044 23.2529 13.8457
122.399 28.7517 23.2267 23.2456 13.8234
122.499 28.7018 23.249 23.2381 13.8011
122.599 28.6518 23.2712 23.2306 13.7789
122.699 28.6019 23.2934 23.223 13.7566
122.799 28.5519 23.3156 23.2152 13.7344
122.899 28.502 23.3378 23.2074 13.7123
122.999 28.452 23.36 23.1995 13.6901
123.099 28.4021 23.3821 23.1915 13.668
123.199 28.3522 23.4042 23.1834 13.6459
123.299 28.3022 23.4263 23.1752 13.6238
123.399 28.2523 23.4483 23.1669 13.6018
123.499 28.2023 23.4703 23.1585 13.5797
123.599 28.1524 23.4923 23.15 13.5577
123.699 28.1024 23.5143 23.1414 13.5358
123.799 28.0525 23.5363 23.1328 13.5138
123.899 28.0026 23.5582 23.124 13.4919
123.999 27.9526 23.5801 23.1151 13.47
124.099 27.9027 23.6019 23.1062 13.4481
124.199 27.8527 23.6238 23.0971 13.4263
124.299 27.8028 23.6456 23.088 13.4045
124.399 27.7528 23.6674 23.0787 13.3827
124.499 27.7029 23.6892 23.0694 13.3609
124.599 27.653 23.7109 23.06 13.3392
124.699 27.603 23.7326 23.0504 13.3175
124.799 27.5531 23.7543 23.0408 13.2958
124.899 27.5031 23.776 23.0311 13.2741
124.999 27.4532 23.7976 23.0212 13.2525
125.099 27.4033 23.8192 23.0113 13.2309
125.199 27.3533 23.8408 23.0013 13.2093
125.299 27.3034 23.8624 22.9912 13.1877
125.399 27.2534 23.8839 22.9809 13.1662
125.499 27.2035 23.9054 22.9706 13.1447
125.599 27.1536 23.9269 22.9602 13.1232
125.699 27.1036 23.9483 22.9497 13.1018
125.799 27.0537 23.9697 22.9391 13.0803
125.899 27.0037 23.9911 22.9284 13.059
125.999 26.9538 24.0125 22.9176 13.0376
126.099 26.9039 24.0338 22.9066 13.0162
126.199 26.8539 24.0551 22.8956 12.9949
126.299 26.804 24.0764 22.8845 12.9736
126.399 26.754 24.0977 22.8733 12.9524
126.499 26.7041 24.1189 22.862 12.9312
126.599 26.6542 24.1401 22.8506 12.9099
126.699 26.6042 24.1613 22.8391 12.8888
126.799 26.5543 24.1825 22.8274 12.8676
126.899 26.5043 24.2036 22.8157 12.8465
126.999 26.4544 24.2247 22.8039 12.8254
127.099 26.4045 24.2457 22.792 12.8043
127.199 26.3545 24.2668 22.78 12.7833
127.299 26.3046 24.2878 22.7678 12.7623
127.399 26.2546 24.3088 22.7556 12.7413
127.499 26.2047 24.3297 22.7433 12.7204
127.599 26.1548 24.3507 22.7308 12.6994
127.699 26.1048 24.3716 22.7183 12.6785
127.799 26.0549 24.3924 22.7057 12.6577
127.899 26.005 24.4133 22.6929 12.6368
127.999 25.955 24.4341 22.6801 12.616
128.099 25.9051 24.4549 22.6671 12.5952
128.199 25.8551 24.4756 22.6541 12.5745
128.299 25.8052 24.4964 22.6409 12.5537
128.399 25.7553 24.5171 22.6277 12.533
128.499 25.7053 24.5377 22.6143 12.5123
128.599 25.6554 24.5584 22.6008 12.4917
128.699 25.6054 24.579 22.5873 12.4711
128.799 25.5555 24.5996 22.5736 12.4505
128.899 25.5056 24.6201 22.5598 12.4299
128.999 25.4556 24.6407 22.5459 12.4094
129.099 25.4057 24.6612 22.5319 12.3889
129.199 25.3558 24.6816 22.5178 12.3684
129.299 25.3058 24.7021 22.5036 12.348
129.399 25.2559 24.7225 22.4893 12.3276
129.499 25.2059 24.7429 22.4749 12.3072
129.599 25.156 24.7632 22.4603 12.2868
129.699 25.1061 24.7836 22.4457 12.2665
129.799 25.0561 24.8038 22.4309 12.2462
129.899 25.0062 24.8241 22.4161 12.226
129.999 24.9562 24.8443 22.4011 12.2057
130.099 24.9063 24.8646 22.3861 12.1855
130.199 24.8564 24.8847 22.3709 12.1653
130.299 24.8064 24.9049 22.3556 12.1452
130.399 24.7565 24.925 22.3402 12.1251
130.499 24.7066 24.9451 22.3247 12.105
130.599 24.6566 24.9651 22.3091 12.0849
130.699 24.6067 24.9852 22.2934 12.0649
130.799 24.5567 25.0052 22.2776 12.0449
130.899 24.5068 25.0251 22.2616 12.0249
130.999 24.4569 25.0451 22.2456 12.005
131.099 24.4069 25.065 22.2295 11.9851
131.199 24.357 25.0849 22.2132 11.9652
131.299 24.3071 25.1047 22.1968 11.9454
131.399 24.2571 25.1245 22.1803 11.9256
131.499 24.2072 25.1443 22.1637 11.9058
131.599 24.1573 25.1641 22.147 11.886
131.699 24.1073 25.1838 22.1302 11.8663
131.799 24.0574 25.2035 22.1133 11.8466
131.899 24.0074 25.2231 22.0963 11.8269
131.999 23.9575 25.2428 22.0791 11.8073
132.099 23.9076 25.2624 22.0618 11.7877
132.199 23.8576 25.2819 22.0445 11.7681
132.299 23.8077 25.3015 22.027 11.7486
132.399 23.7578 25.321 22.0094 11.7291
132.499 23.7078 25.3405 21.9917 11.7096
132.599 23.6579 25.3599 21.9739 11.6902
132.699 23.608 25.3793 21.9559 11.6707
132.799 23.558 25.3987 21.9379 11.6514
132.899 23.5081 25.4181 21.9197 11.632
132.999 23.4582 25.4374 21.9014 11.6127
133.099 23.4082 25.4567 21.8831 11.5934
133.199 23.3583 25.4759 21.8645 11.5741
133.299 23.3084 25.4952 21.8459 11.5549
133.399 23.2584 25.5144 21.8272 11.5357
133.499 23.2085 25.5335 21.8084 11.5165
133.599 23.1586 25.5527 21.7894 11.4974
133.699 23.1086 25.5718 21.7703 11.4783
133.799 23.0587 25.5908 21.7511 11.4592
133.899 23.0088 25.6099 21.7318 11.4402
133.999 22.9588 25.6289 21.7124 11.4212
134.099 22.9089 25.6478 21.6929 11.4022
134.199 22.859 25.6668 21.6732 11.3833
134.299 22.809 25.6857 21.6535 11.3644
134.399 22.7591 25.7046 21.6336 11.3455
134.499 22.7092 25.7234 21.6136 11.3267
134.599 22.6592 25.7422 21.5935 11.3078
134.699 22.6093 25.761 21.5732 11.2891
134.799 22.5594 25.7798 21.5529 11.2703
134.899 22.5094 25.7985 21.5324 11.2516
134.999 22.4595 25.8172 21.5118 11.2329
135.099 22.4096 25.8358 21.4911 11.2143
135.199 22.3596 25.8544 21.4703 11.1957
135.299 22.3097 25.873 21.4494 11.1771
135.399 22.2598 25.8916 21.4283 11.1585
135.499 22.2099 25.9101 21.4072 11.14
135.599 22.1599 25.9286 21.3859 11.1215
135.699 22.11 25.947 21.3645 11.1031
135.799 22.0601 25.9654 21.3429 11.0846
135.899 22.0101 25.9838 21.3213 11.0663
135.999 21.9602 26.0022 21.2995 11.0479
136.099 21.9103 26.0205 21.2776 11.0296
136.199 21.8603 26.0388 21.2556 11.0113
136.299 21.8104 26.057 21.2335 10.993
136.399 21.7605 26.0753 21.2113 10.9748
136.499 21.7105 26.0934 21.1889 10.9566
136.599 21.6606 26.1116 21.1664 10.9385
136.699 21.6107 26.1297 21.1438 10.9204
136.799 21.5608 26.1478 21.1211 10.9023
136.899 21.5108 26.1659 21.0983 10.8842
136.999 21.4609 26.1839 21.0753 10.8662
137.099 21.411 26.2019 21.0522 10.8482
137.199 21.361 26.2198 21.029 10.8303
137.299 21.3111 26.2377 21.0057 10.8123
137.399 21.2612 26.2556 20.9822 10.7945
137.499 21.2113 26.2735 20.9586 10.7766
137.599 21.1613 26.2913 20.9349 10.7588
137.699 21.1114 26.3091 20.9111 10.741
137.799 21.0615 26.3268 20.8872 10.7233
137.899 21.0115 26.3445 20.8631 10.7055
137.999 20.9616 26.3622 20.839 10.6879
138.099 20.9117 26.3799 20.8146 10.6702
138.199 20.8618 26.3975 20.7902 10.6526
138.299 20.8118 26.415 20.7657 10.635
138.399 20.7619 26.4326 20.741 10.6175
138.499 20.712 26.4501 20.7162 10.6
138.599 20.6621 26.4676 20.6913 10.5825
138.699 20.6121 26.485 20.6662 10.5651
138.799 20.5622 26.5024 20.6411 10.5477
138.899 20.5123 26.5198 20.6158 10.5303
138.999 20.4623 26.5371 20.5903 10.5129
139.099 20.4124 26.5544 20.5648 10.4956
139.199 20.3625 26.5717 20.5391 10.4784
139.299 20.3126 26.5889 20.5133 10.4612
139.399 20.2626 26.6061 20.4874 10.444
139.499 20.2127 26.6233 20.4614 10.4268
139.599 20.1628 26.6404 20.4352 10.4097
139.699 20.1129 26.6575 20.4089 10.3926
139.799 20.0629 26.6746 20.3825 10.3755
139.899 20.013 26.6916 20.356 10.3585
139.999 19.9631 26.7086 20.3293 10.3415
140.099 19.9132 26.7255 20.3025 10.3246
140.199 19.8632 26.7424 20.2756 10.3076
140.299 19.8133 26.7593 20.2485 10.2908
140.399 19.7634 26.7762 20.2214 10.2739
140.499 19.7135 26.793 20.1941 10.2571
140.599 19.6635 26.8097 20.1666 10.2403
140.699 19.6136 26.8265 20.1391 10.2236
140.799 19.5637 26.8432 20.1114 10.2069
140.899 19.5138 26.8598 20.0836 10.1902
140.999 19.4638 26.8765 20.0557 10.1736
141.099 19.4139 26.8931 20.0276 10.157
141.199 19.364 26.9096 19.9994 10.1405
141.299 19.3141 26.9261 19.9711 10.1239
141.399 19.2641 26.9426 19.9427 10.1074
141.499 19.2142 26.9591 19.9141 10.091
141.599 19.1643 26.9755 19.8854 10.0746
141.699 19.1144 26.9919 19.8566 10.0582
141.799 19.0644 27.0082 19.8276 10.0419
141.899 19.0145 27.0245 19.7985 10.0256
141.999 18.9646 27.0408 19.7693 10.0093
142.099 18.9147 27.057 19.74 9.99305
142.199 18.8647 27.0732 19.7105 9.97685
142.299 18.8148 27.0894 19.6809 9.96069
142.399 18.7649 27.1055 19.6512 9.94457
142.499 18.715 27.1216 19.6213 9.92848
142.6 18.6651 27.1376 19.5913 9.91243
142.7 18.6151 27.1537 19.5612 9.89641
142.8 18.5652 27.1696 19.531 9.88043
142.9 18.5153 27.1856 19.5006 9.86449
143 18.4654 27.2015 19.4701 9.84859
143.1 18.4154 27.2174 19.4394 9.83272
143.2 18.3655 27.2332 19.4087 9.81689
143.3 18.3156 27.249 19.3778 9.8011
143.4 18.2657 27.2647 19.3467 9.78534
143.5 18.2158 27.2805 19.3156 9.76962
143.6 18.1658 27.2961 19.2843 9.75393
143.7 18.1159 27.3118 19.2529 9.73829
143.8 18.066 27.3274 19.2213 9.72268
143.9 18.0161 27.343 19.1896 9.70711
144 17.9662 27.3585 19.1578 9.69157
144.1 17.9162 27.374 19.1259 9.67608
144.2 17.8663 27.3895 19.0938 9.66062
144.3 17.8164 27.4049 19.0616 9.64519
144.4 17.7665 27.4203 19.0293 9.62981
144.5 17.7165 27.4356 18.9968 9.61446
144.6 17.6666 27.4509 18.9642 9.59915
144.7 17.6167 27.4662 18.9315 9.58388
144.8 17.5668 27.4814 18.8986 9.56864
144.9 17.5169 27.4966 18.8656 9.55345
145 17.4669 27.5118 18.8325 9.53829
145.1 17.417 27.5269 18.7992 9.52316
145.2 17.3671 27.542 18.7658 9.50808
145.3 17.3172 27.557 18.7323 9.49303
145.4 17.2673 27.5721 18.6987 9.47802
145.5 17.2173 27.587 18.6649 9.46305
145.6 17.1674 27.602 18.631 9.44812
145.7 17.1175 27.6168 18.5969 9.43323
145.8 17.0676 27.6317 18.5627 9.41837
145.9 17.0177 27.6465 18.5284 9.40355
146 16.9677 27.6613 18.4939 9.38877
146.1 16.9178 27.676 18.4594 9.37403
146.2 16.8679 27.6907 18.4246 9.35933
146.3 16.818 27.7054 18.3898 9.34466
146.4 16.7681 27.72 18.3548 9.33003
146.5 16.7182 27.7346 18.3197 9.31544
146.6 16.6682 27.7492 18.2844 9.30089
146.7 16.6183 27.7637 18.2491 9.28638
146.8 16.5684 27.7782 18.2135 9.27191
146.9 16.5185 27.7926 18.1779 9.25747
147 16.4686 27.807 18.1421 9.24308
147.1 16.4186 27.8214 18.1062 9.22872
147.2 16.3687 27.8357 18.0701 9.2144
147.3 16.3188 27.85 18.034 9.20012
147.4 16.2689 27.8642 17.9976 9.18588
147.5 16.219 27.8784 17.9612 9.17168
147.6 16.1691 27.8926 17.9246 9.15751
147.7 16.1191 27.9067 17.8879 9.14339
147.8 16.0692 27.9208 17.851 9.1293
147.9 16.0193 27.9348 17.814 9.11526
148 15.9694 27.9488 17.7769 9.10125
148.1 15.9195 27.9628 17.7397 9.08728
148.2 15.8695 27.9767 17.7023 9.07335
148.3 15.8196 27.9906 17.6647 9.05946
148.4 15.7697 28.0045 17.6271 9.04561
148.5 15.7198 28.0183 17.5893 9.0318
148.6 15.6699 28.0321 17.5514 9.01802
148.7 15.62 28.0458 17.5133 9.00429
148.8 15.57 28.0595 17.4751 8.9906
148.9 15.5201 28.0731 17.4368 8.97694
149 15.4702 28.0867 17.3983 8.96333
149.1 15.4203 28.1003 17.3597 8.94975
149.2 15.3704 28.1139 17.321 8.93621
149.3 15.3205 28.1274 17.2821 8.92272
149.4 15.2706 28.1408 17.2431 8.90926
149.5 15.2206 28.1542 17.204 8.89584
149.6 15.1707 28.1676 17.1647 8.88246
149.7 15.1208 28.1809 17.1253 8.86913
149.8 15.0709 28.1942 17.0858 8.85583
149.9 15.021 28.2075 17.0461 8.84257
150 14.9711 28.2207 17.0063 8.82935
150.1 14.9211 28.2339 16.9664 8.81617
150.2 14.8712 28.247 16.9263 8.80303
150.3 14.8213 28.2601 16.8861 8.78994
150.4 14.7714 28.2732 16.8457 8.77688
150.5 14.7215 28.2862 16.8052 8.76386
150.6 14.6716 28.2992 16.7646 8.75088
150.7 14.6217 28.3121 16.7239 8.73794
150.8 14.5717 28.325 16.683 8.72504
150.9 14.5218 28.3379 16.642 8.71219
151 14.4719 28.3507 16.6008 8.69937
151.1 14.422 28.3635 16.5596 8.68659
151.2 14.3721 28.3762 16.5181 8.67385
151.3 14.3222 28.3889 16.4766 8.66116
151.4 14.2722 28.4016 16.4349 8.6485
151.5 14.2223 28.4142 16.3931 8.63589
151.6 14.1724 28.4268 16.3511 8.62331
151.7 14.1225 28.4393 16.309 8.61078
151.8 14.0726 28.4518 16.2668 8.59828
151.9 14.0227 28.4642 16.2245 8.58583
152 13.9728 28.4767 16.182 8.57341
152.1 13.9229 28.489 16.1393 8.56104
152.2 13.8729 28.5014 16.0966 8.54871
152.3 13.823 28.5137 16.0537 8.53642
152.4 13.7731 28.5259 16.0107 8.52417
152.5 13.7232 28.5381 15.9675 8.51196
152.6 13.6733 28.5503 15.9242 8.49979
152.7 13.6234 28.5624 15.8808 8.48767
152.8 13.5735 28.5745 15.8372 8.47558
152.9 13.5235 28.5865 15.7935 8.46353
153 13.4736 28.5985 15.7497 8.45153
153.1 13.4237 28.6105 15.7057 8.43957
153.2 13.3738 28.6224 15.6617 8.42764
153.3 13.3239 28.6343 15.6174 8.41576
153.4 13.274 28.6462 15.5731 8.40392
153.5 13.2241 28.658 15.5286 8.39212
153.6 13.1742 28.6697 15.484 8.38037
153.7 13.1242 28.6814 15.4392 8.36865
153.8 13.0743 28.6931 15.3943 8.35697
153.9 13.0244 28.7047 15.3493 8.34534
154 12.9745 28.7163 15.3041 8.33375
154.1 12.9246 28.7279 15.2589 8.3222
154.2 12.8747 28.7394 15.2134 8.31069
154.3 12.8248 28.7509 15.1679 8.29922
154.4 12.7749 28.7623 15.1222 8.28779
154.5 12.7249 28.7737 15.0764 8.27641
154.6 12.675 28.785 15.0304 8.26507
154.7 12.6251 28.7963 14.9844 8.25376
154.8 12.5752 28.8076 14.9382 8.2425
154.9 12.5253 28.8188 14.8918 8.23129
155 12.4754 28.83 14.8453 8.22011
155.1 12.4255 28.8411 14.7987 8.20897
155.2 12.3756 28.8522 14.752 8.19788
155.3 12.3257 28.8632 14.7051 8.18683
155.4 12.2757 28.8743 14.6582 8.17582
155.5 12.2258 28.8852 14.611 8.16485
155.6 12.1759 28.8961 14.5638 8.15393
155.7 12.126 28.907 14.5164 8.14304
155.8 12.0761 28.9179 14.4689 8.1322
155.9 12.0262 28.9287 14.4212 8.1214
156 11.9763 28.9394 14.3735 8.11064
156.1 11.9264 28.9501 14.3256 8.09993
156.2 11.8765 28.9608 14.2775 8.08926
156.3 11.8265 28.9715 14.2294 8.07862
156.4 11.7766 28.982 14.1811 8.06804
156.5 11.7267 28.9926 14.1326 8.05749
156.6 11.6768 29.0031 14.0841 8.04698
156.7 11.6269 29.0136 14.0354 8.03652
156.8 11.577 29.024 13.9866 8.0261
156.9 11.5271 29.0344 13.9377 8.01572
157 11.4772 29.0447 13.8886 8.00539
157.1 11.4273 29.055 13.8394 7.9951
157.2 11.3774 29.0652 13.7901 7.98485
157.3 11.3274 29.0754 13.7407 7.97464
157.4 11.2775 29.0856 13.6911 7.96447
157.5 11.2276 29.0957 13.6414 7.95435
157.6 11.1777 29.1058 13.5916 7.94427
157.7 11.1278 29.1158 13.5416 7.93423
157.8 11.0779 29.1258 13.4915 7.92424
157.9 11.028 29.1358 13.4413 7.91429
158 10.9781 29.1457 13.391 7.90438
158.1 10.9282 29.1556 13.3405 7.89451
158.2 10.8783 29.1654 13.29 7.88468
158.3 10.8284 29.1752 13.2393 7.8749
158.4 10.7784 29.1849 13.1884 7.86516
158.5 10.7285 29.1946 13.1375 7.85547
158.6 10.6786 29.2043 13.0864 7.84582
158.7 10.6287 29.2139 13.0352 7.83621
158.8 10.5788 29.2234 12.9839 7.82664
158.9 10.5289 29.233 12.9324 7.81711
159.001 10.479 29.2424 12.8808 7.80763
159.101 10.4291 29.2519 12.8291 7.7982
159.201 10.3792 29.2613 12.7773 7.7888
159.301 10.3293 29.2706 12.7254 7.77945
159.401 10.2794 29.2799 12.6733 7.77014
159.501 10.2294 29.2892 12.6211 7.76087
159.601 10.1795 29.2984 12.5688 7.75165
159.701 10.1296 29.3076 12.5164 7.74247
159.801 10.0797 29.3167 12.4638 7.73334
159.901 10.0298 29.3258 12.4111 7.72424
160.001 9.97991 29.3349 12.3583 7.71519
160.101 9.93 29.3439 12.3054 7.70619
160.201 9.88009 29.3529 12.2524 7.69722
160.301 9.83018 29.3618 12.1992 7.6883
160.401 9.78027 29.3706 12.146 7.67943
160.501 9.73037 29.3795 12.0926 7.67059
160.601 9.68046 29.3883 12.039 7.6618
160.701 9.63055 29.397 11.9854 7.65306
160.801 9.58064 29.4057 11.9317 7.64436
160.901 9.53074 29.4144 11.8778 7.6357
161.001 9.48083 29.423 11.8238 7.62708
161.101 9.43092 29.4316 11.7697 7.61851
161.201 9.38101 29.4401 11.7155 7.60998
161.301 9.33111 29.4486 11.6612 7.6015
161.401 9.2812 29.457 11.6067 7.59306
161.501 9.23129 29.4654 11.5521 7.58466
161.601 9.18138 29.4738 11.4975 7.5763
161.701 9.13148 29.4821 11.4427 7.56799
161.801 9.08157 29.4903 11.3877 7.55973
161.901 9.03166 29.4986 11.3327 7.55151
162.001 8.98176 29.5067 11.2776 7.54333
162.101 8.93185 29.5149 11.2223 7.53519
162.201 8.88194 29.523 11.1669 7.5271
162.301 8.83204 29.531 11.1115 7.51905
162.401 8.78213 29.539 11.0559 7.51105
162.501 8.73222 29.547 11.0002 7.50309
162.601 8.68232 29.5549 10.9443 7.49518
162.701 8.63241 29.5628 10.8884 7.4873
162.801 8.5825 29.5706 10.8324 7.47948
162.901 8.5326 29.5784 10.7762 7.47169
163.001 8.48269 29.5861 10.72 7.46395
163.101 8.43278 29.5938 10.6636 7.45626
163.201 8.38288 29.6015 10.6071 7.44861
163.301 8.33297 29.6091 10.5505 7.441
163.401 8.28307 29.6166 10.4938 7.43344
163.501 8.23316 29.6242 10.437 7.42592
163.601 8.18325 29.6316 10.3801 7.41844
163.701 8.13335 29.6391 10.3231 7.41101
163.801 8.08344 29.6464 10.2659 7.40363
163.901 8.03354 29.6538 10.2087 7.39628
164.001 7.98363 29.6611 10.1513 7.38899
164.101 7.93372 29.6683 10.0939 7.38173
164.201 7.88382 29.6756 10.0363 7.37452
164.301 7.83391 29.6827 9.97867 7.36736
164.401 7.78401 29.6898 9.92091 7.36024
164.501 7.7341 29.6969 9.86304 7.35316
164.601 7.6842 29.7039 9.80507 7.34613
164.701 7.63429 29.7109 9.74699 7.33914
164.801 7.58438 29.7179 9.68882 7.3322
164.901 7.53448 29.7248 9.63054 7.3253
165.001 7.48457 29.7316 9.57215 7.31845
165.101 7.43467 29.7384 9.51367 7.31164
165.201 7.38476 29.7452 9.45509 7.30487
165.301 7.33486 29.7519 9.3964 7.29815
165.401 7.28495 29.7586 9.33762 7.29148
165.501 7.23505 29.7652 9.27874 7.28485
165.601 7.18514 29.7718 9.21975 7.27826
165.701 7.13524 29.7784 9.16067 7.27172
165.801 7.08533 29.7849 9.10149 7.26522
165.901 7.03543 29.7913 9.04222 7.25877
166.001 6.98552 29.7977 8.98285 7.25236
166.101 6.93562 29.8041 8.92338 7.246
166.201 6.88571 29.8104 8.86381 7.23968
166.301 6.83581 29.8167 8.80415 7.2334
166.401 6.7859 29.8229 8.7444 7.22718
166.501 6.736 29.8291 8.68455 7.22099
166.601 6.68609 29.8352 8.62461 7.21485
166.701 6.63619 29.8413 8.56457 7.20876
166.801 6.58628 29.8474 8.50444 7.20271
166.901 6.53638 29.8534 8.44422 7.1967
167.001 6.48647 29.8593 8.38391 7.19074
167.101 6.43657 29.8652 8.3235 7.18483
167.201 6.38667 29.8711 8.26301 7.17896
167.301 6.33676 29.8769 8.20242 7.17313
167.401 6.28686 29.8827 8.14175 7.16735
167.501 6.23695 29.8885 8.08098 7.16162
167.601 6.18705 29.8941 8.02013 7.15593
167.701 6.13714 29.8998 7.95919 7.15028
167.801 6.08724 29.9054 7.89817 7.14468
167.901 6.03734 29.911 7.83705 7.13912
168.001 5.98743 29.9165 7.77585 7.13361
168.101 5.93753 29.9219 7.71457 7.12815
168.201 5.88762 29.9273 7.6532 7.12273
168.301 5.83772 29.9327 7.59174 7.11735
168.401 5.78781 29.9381 7.5302 7.11202
168.501 5.73791 29.9433 7.46858 7.10674
168.601 5.68801 29.9486 7.40688 7.1015
168.701 5.6381 29.9538 7.34509 7.09631
168.801 5.5882 29.9589 7.28322 7.09116
168.901 5.5383 29.964 7.22127 7.08605
169.001 5.48839 29.9691 7.15924 7.08099
169.101 5.43849 29.9741 7.09714 7.07598
169.201 5.38858 29.9791 7.03495 7.07101
169.301 5.33868 29.984 6.97268 7.06609
169.401 5.28878 29.9889 6.91034 7.06121
169.501 5.23887 29.9937 6.84791 7.05638
169.601 5.18897 29.9985 6.78541 7.05159
169.701 5.13907 30.0032 6.72284 7.04685
169.801 5.08916 30.0079 6.66019 7.04215
169.901 5.03926 30.0126 6.59746 7.0375
170.001 4.98935 30.0172 6.53467 7.03289
170.101 4.93945 30.0217 6.47179 7.02833
170.201 4.88955 30.0263 6.40885 7.02382
170.301 4.83964 30.0307 6.34583 7.01935
170.401 4.78974 30.0352 6.28274 7.01492
170.501 4.73984 30.0395 6.21958 7.01055
170.601 4.68993 30.0439 6.15635 7.00621
170.701 4.64003 30.0482 6.09305 7.00192
170.801 4.59013 30.0524 6.02968 6.99768
170.901 4.54022 30.0566 5.96624 6.99348
171.001 4.49032 30.0607 5.90273 6.98933
171.101 4.44042 30.0648 5.83916 6.98523
171.201 4.39052 30.0689 5.77552 6.98117
171.301 4.34061 30.0729 5.71182 6.97715
171.401 4.29071 30.0769 5.64805 6.97318
171.501 4.24081 30.0808 5.58421 6.96926
171.601 4.1909 30.0847 5.52031 6.96538
171.701 4.141 30.0885 5.45635 6.96155
171.801 4.0911 30.0923 5.39233 6.95776
171.901 4.04119 30.0961 5.32824 6.95402
172.001 3.99129 30.0998 5.2641 6.95032
172.101 3.94139 30.1034 5.19989 6.94667
172.201 3.89149 30.107 5.13562 6.94307
172.301 3.84158 30.1106 5.0713 6.93951
172.401 3.79168 30.1141 5.00691 6.93599
172.501 3.74178 30.1175 4.94247 6.93253
172.601 3.69187 30.121 4.87797 6.9291
172.701 3.64197 30.1243 4.81342 6.92573
172.801 3.59207 30.1277 4.74881 6.9224
172.901 3.54217 30.131 4.68414 6.91911
173.001 3.49226 30.1342 4.61942 6.91587
173.101 3.44236 30.1374 4.55465 6.91268
173.201 3.39246 30.1405 4.48983 6.90953
173.301 3.34256 30.1436 4.42495 6.90643
173.401 3.29265 30.1467 4.36002 6.90337
173.501 3.24275 30.1497 4.29504 6.90036
173.601 3.19285 30.1527 4.23001 6.8974
173.701 3.14294 30.1556 4.16494 6.89448
173.801 3.09304 30.1585 4.09981 6.89161
173.901 3.04314 30.1613 4.03464 6.88878
174.001 2.99324 30.1641 3.96942 6.886
174.101 2.94333 30.1668 3.90415 6.88326
174.201 2.89343 30.1695 3.83884 6.88057
174.301 2.84353 30.1721 3.77348 6.87793
174.401 2.79363 30.1747 3.70808 6.87533
174.501 2.74372 30.1773 3.64264 6.87278
174.601 2.69382 30.1798 3.57715 6.87027
174.701 2.64392 30.1823 3.51162 6.86781
174.801 2.59402 30.1847 3.44605 6.8654
174.901 2.54412 30.187 3.38044 6.86303
175.001 2.49421 30.1894 3.31479 6.8607
175.101 2.44431 30.1916 3.24911 6.85843
175.201 2.39441 30.1939 3.18338 6.8562
175.301 2.34451 30.1961 3.11762 6.85401
175.402 2.2946 30.1982 3.05182 6.85187
175.502 2.2447 30.2003 2.98598 6.84978
175.602 2.1948 30.2023 2.92011 6.84773
175.702 2.1449 30.2043 2.85421 6.84573
175.802 2.09499 30.2063 2.78827 6.84377
175.902 2.04509 30.2082 2.7223 6.84186
176.002 1.99519 30.2101 2.65629 6.84
176.102 1.94529 30.2119 2.59026 6.83818
176.202 1.89539 30.2137 2.52419 6.83641
176.302 1.84548 30.2154 2.4581 6.83469
176.402 1.79558 30.2171 2.39198 6.83301
176.502 1.74568 30.2187 2.32582 6.83137
176.602 1.69578 30.2203 2.25965 6.82978
176.702 1.64588 30.2218 2.19344 6.82824
176.802 1.59597 30.2233 2.12721 6.82675
176.902 1.54607 30.2248 2.06095 6.8253
177.002 1.49617 30.2262 1.99467 6.82389
177.102 1.44627 30.2275 1.92837 6.82253
177.202 1.39636 30.2289 1.86204 6.82122
177.302 1.34646 30.2301 1.79569 6.81996
177.402 1.29656 30.2313 1.72932 6.81874
177.502 1.24666 30.2325 1.66293 6.81756
177.602 1.19676 30.2336 1.59652 6.81644
177.702 1.14685 30.2347 1.53009 6.81535
177.802 1.09695 30.2358 1.46364 6.81432
177.902 1.04705 30.2367 1.39718 6.81333
178.002 0.997149 30.2377 1.3307 6.81239
178.102 0.947247 30.2386 1.2642 6.81149
178.202 0.897345 30.2394 1.19769 6.81064
178.302 0.847443 30.2402 1.13116 6.80983
178.402 0.797541 30.241 1.06462 6.80907
178.502 0.747639 30.2417 0.998069 6.80836
178.602 0.697737 30.2424 0.931505 6.80769
178.702 0.647835 30.243 0.86493 6.80707
178.802 0.597933 30.2436 0.798345 6.8065
178.902 0.548031 30.2441 0.73175 6.80597
179.002 0.498129 30.2446 0.665147 6.80548
179.102 0.448227 30.245 0.598536 6.80505
179.202 0.398325 30.2454 0.531917 6.80466
179.302 0.348423 30.2458 0.465293 6.80431
179.402 0.298521 30.2461 0.398663 6.80401
179.502 0.248619 30.2463 0.332028 6.80376
179.602 0.198717 30.2465 0.265389 6.80355
179.702 0.148815 30.2467 0.198747 6.80339
179.802 0.0989132 30.2468 0.132103 6.80328
179.902 0.0490112 30.2469 0.065457 6.80321
