0 179.591 0 0 34.046
0.1 89.9499 2.1166e-05 0.0285359 34.046
0.2 89.8998 8.46641e-05 0.0570717 34.0459
0.3 89.8497 0.000190494 0.0856075 34.0458
0.4 89.7996 0.000338655 0.114143 34.0457
0.5 89.7495 0.000529148 0.142679 34.0455
0.6 89.6994 0.000761971 0.171214 34.0453
0.7 89.6493 0.00103712 0.19975 34.045
0.8 89.5993 0.00135461 0.228285 34.0447
0.9 89.5492 0.00171442 0.25682 34.0443
1 89.4991 0.00211655 0.285354 34.0439
1.1 89.449 0.00256101 0.313889 34.0435
1.2 89.3989 0.0030478 0.342423 34.043
1.3 89.3488 0.00357691 0.370957 34.0424
1.4 89.2987 0.00414834 0.39949 34.0419
1.5 89.2486 0.00476209 0.428023 34.0413
1.6 89.1985 0.00541816 0.456556 34.0406
1.7 89.1484 0.00611654 0.485088 34.0399
1.8 89.0983 0.00685724 0.51362 34.0392
1.9 89.0482 0.00764025 0.542151 34.0384
2 88.9981 0.00846556 0.570682 34.0375
2.1 88.948 0.00933318 0.599212 34.0367
2.2 88.898 0.0102431 0.627742 34.0358
2.3 88.8479 0.0111953 0.656271 34.0348
2.4 88.7978 0.0121899 0.6848 34.0338
2.5 88.7477 0.0132267 0.713327 34.0328
2.6 88.6976 0.0143058 0.741855 34.0317
2.7 88.6475 0.0154272 0.770381 34.0306
2.8 88.5974 0.0165909 0.798907 34.0294
2.9 88.5473 0.0177968 0.827432 34.0282
3 88.4972 0.0190451 0.855956 34.027
3.1 88.4471 0.0203356 0.88448 34.0257
3.2 88.397 0.0216684 0.913002 34.0243
3.3 88.3469 0.0230434 0.941524 34.023
3.4 88.2968 0.0244608 0.970045 34.0216
3.5 88.2467 0.0259203 0.998565 34.0201
3.6 88.1967 0.0274222 1.02708 34.0186
3.7 88.1466 0.0289662 1.0556 34.017
3.8 88.0965 0.0305525 1.08412 34.0155
3.9 88.0464 0.0321811 1.11264 34.0138
4 87.9963 0.0338519 1.14115 34.0122
4.1 87.9462 0.0355649 1.16967 34.0104
4.2 87.8961 0.0373202 1.19818 34.0087
4.3 87.846 0.0391176 1.22669 34.0069
4.4 87.7959 0.0409573 1.2552 34.0051
4.5 87.7458 0.0428392 1.28371 34.0032
4.6 87.6957 0.0447633 1.31222 34.0013
4.7 87.6456 0.0467295 1.34073 33.9993
4.8 87.5955 0.048738 1.36923 33.9973
4.9 87.5454 0.0507887 1.39774 33.9952
5 87.4954 0.0528815 1.42624 33.9931
5.1 87.4453 0.0550165 1.45474 33.991
5.2 87.3952 0.0571937 1.48324 33.9888
5.3 87.3451 0.059413 1.51174 33.9866
5.4 87.295 0.0616745 1.54024 33.9843
5.5 87.2449 0.0639781 1.56874 33.982
5.6 87.1948 0.0663238 1.59723 33.9797
5.7 87.1447 0.0687117 1.62572 33.9773
5.8 87.0946 0.0711417 1.65422 33.9749
5.9 87.0445 0.0736139 1.68271 33.9724
6 86.9944 0.0761281 1.7112 33.9699
6.1 86.9443 0.0786844 1.73968 33.9673
6.2 86.8942 0.0812828 1.76817 33.9647
6.3 86.8441 0.0839233 1.79665 33.9621
6.4 86.7941 0.0866059 1.82513 33.9594
6.5 86.744 0.0893306 1.85361 33.9567
6.6 86.6939 0.0920973 1.88209 33.9539
6.7 86.6438 0.0949061 1.91057 33.9511
6.8 86.5937 0.0977569 1.93905 33.9483
6.9 86.5436 0.10065 1.96752 33.9454
7 86.4935 0.103585 1.99599 33.9424
7.1 86.4434 0.106561 2.02446 33.9395
7.2 86.3933 0.10958 2.05293 33.9364
7.3 86.3432 0.112641 2.08139 33.9334
7.4 86.2931 0.115744 2.10986 33.9303
7.5 86.243 0.118889 2.13832 33.9271
7.6 86.1929 0.122076 2.16678 33.9239
7.7 86.1429 0.125305 2.19524 33.9207
7.79999 86.0928 0.128575 2.22369 33.9174
7.89999 86.0427 0.131888 2.25215 33.9141
7.99999 85.9926 0.135243 2.2806 33.9108
8.09999 85.9425 0.138639 2.30905 33.9074
8.2 85.8924 0.142078 2.3375 33.9039
8.3 85.8423 0.145558 2.36594 33.9005
8.4 85.7922 0.14908 2.39439 33.8969
8.5 85.7421 0.152644 2.42283 33.8934
8.6 85.692 0.15625 2.45127 33.8898
8.7 85.6419 0.159898 2.4797 33.8861
8.8 85.5918 0.163588 2.50814 33.8824
8.9 85.5417 0.167319 2.53657 33.8787
9 85.4917 0.171093 2.565 33.8749
9.1 85.4416 0.174908 2.59343 33.8711
9.2 85.3915 0.178765 2.62185 33.8673
9.3 85.3414 0.182664 2.65027 33.8634
9.4 85.2913 0.186604 2.67869 33.8594
9.5 85.2412 0.190586 2.70711 33.8554
9.6 85.1911 0.19461 2.73552 33.8514
9.7 85.141 0.198676 2.76394 33.8473
9.8 85.0909 0.202784 2.79234 33.8432
9.9 85.0408 0.206933 2.82075 33.8391
10 84.9907 0.211124 2.84916 33.8349
10.1 84.9406 0.215356 2.87756 33.8307
10.2 84.8906 0.219631 2.90596 33.8264
10.3 84.8405 0.223947 2.93435 33.8221
10.4 84.7904 0.228304 2.96275 33.8177
10.5 84.7403 0.232704 2.99114 33.8133
10.6 84.6902 0.237144 3.01952 33.8089
10.7 84.6401 0.241627 3.04791 33.8044
10.8 84.59 0.246151 3.07629 33.7999
10.9 84.5399 0.250717 3.10467 33.7953
11 84.4898 0.255324 3.13305 33.7907
11.1 84.4397 0.259973 3.16142 33.786
11.2 84.3896 0.264663 3.18979 33.7814
11.3 84.3395 0.269395 3.21816 33.7766
11.4 84.2895 0.274168 3.24652 33.7718
11.5 84.2394 0.278983 3.27488 33.767
11.6 84.1893 0.283839 3.30324 33.7622
11.7 84.1392 0.288737 3.3316 33.7573
11.8 84.0891 0.293676 3.35995 33.7523
11.9 84.039 0.298657 3.3883 33.7474
12 83.9889 0.303679 3.41664 33.7423
12.1 83.9388 0.308743 3.44498 33.7373
12.2 83.8887 0.313848 3.47332 33.7322
12.3 83.8386 0.318994 3.50166 33.727
12.4 83.7885 0.324181 3.52999 33.7218
12.5 83.7384 0.32941 3.55832 33.7166
12.6 83.6884 0.334681 3.58665 33.7113
12.7 83.6383 0.339992 3.61497 33.706
12.8 83.5882 0.345345 3.64329 33.7007
12.9 83.5381 0.35074 3.6716 33.6953
13 83.488 0.356175 3.69992 33.6898
13.1 83.4379 0.361652 3.72822 33.6844
13.2 83.3878 0.36717 3.75653 33.6788
13.3 83.3377 0.372729 3.78483 33.6733
13.4 83.2876 0.378329 3.81313 33.6677
13.5 83.2375 0.383971 3.84142 33.662
13.6 83.1875 0.389653 3.86971 33.6564
13.7 83.1374 0.395377 3.898 33.6506
13.8 83.0873 0.401142 3.92628 33.6449
13.9 83.0372 0.406948 3.95456 33.6391
14 82.9871 0.412796 3.98284 33.6332
14.1 82.937 0.418684 4.01111 33.6273
14.2 82.8869 0.424613 4.03938 33.6214
14.3 82.8368 0.430584 4.06765 33.6154
14.4 82.7867 0.436595 4.09591 33.6094
14.5 82.7366 0.442647 4.12416 33.6034
14.6 82.6865 0.448741 4.15242 33.5973
14.7 82.6365 0.454875 4.18067 33.5911
14.8 82.5864 0.46105 4.20891 33.585
14.9 82.5363 0.467266 4.23715 33.5787
15 82.4862 0.473524 4.26539 33.5725
15.1 82.4361 0.479822 4.29362 33.5662
15.2 82.386 0.48616 4.32185 33.5599
15.3 82.3359 0.49254 4.35008 33.5535
15.4 82.2858 0.498961 4.3783 33.5471
15.5 82.2357 0.505422 4.40651 33.5406
15.6 82.1856 0.511924 4.43472 33.5341
15.7 82.1356 0.518467 4.46293 33.5275
15.8 82.0855 0.525051 4.49114 33.521
15.9 82.0354 0.531675 4.51934 33.5143
16 81.9853 0.53834 4.54753 33.5077
16.1 81.9352 0.545046 4.57572 33.501
16.2 81.8851 0.551793 4.60391 33.4942
16.3 81.835 0.55858 4.63209 33.4874
16.4 81.7849 0.565408 4.66027 33.4806
16.5 81.7348 0.572276 4.68844 33.4737
16.6 81.6847 0.579185 4.71661 33.4668
16.7 81.6347 0.586135 4.74478 33.4599
16.8 81.5846 0.593125 4.77294 33.4529
16.9 81.5345 0.600155 4.80109 33.4459
17 81.4844 0.607226 4.82924 33.4388
17.1 81.4343 0.614338 4.85739 33.4317
17.2 81.3842 0.62149 4.88553 33.4245
17.3 81.3341 0.628683 4.91367 33.4173
17.4 81.284 0.635916 4.9418 33.4101
17.5 81.2339 0.643189 4.96993 33.4028
17.6 81.1839 0.650503 4.99805 33.3955
17.7 81.1338 0.657857 5.02617 33.3882
17.8 81.0837 0.665251 5.05428 33.3808
17.9 81.0336 0.672686 5.08239 33.3733
18 80.9835 0.680161 5.11049 33.3659
18.1 80.9334 0.687676 5.13859 33.3583
18.2 80.8833 0.695231 5.16668 33.3508
18.3 80.8332 0.702827 5.19477 33.3432
18.4 80.7831 0.710463 5.22286 33.3356
18.5 80.7331 0.718139 5.25094 33.3279
18.6 80.683 0.725855 5.27901 33.3202
18.7 80.6329 0.733611 5.30708 33.3124
18.8 80.5828 0.741408 5.33514 33.3046
18.9 80.5327 0.749244 5.3632 33.2968
19 80.4826 0.757121 5.39125 33.2889
19.1 80.4325 0.765037 5.4193 33.281
19.2 80.3824 0.772994 5.44734 33.273
19.3 80.3324 0.78099 5.47538 33.265
19.4 80.2823 0.789027 5.50341 33.257
19.5 80.2322 0.797103 5.53144 33.2489
19.6 80.1821 0.80522 5.55946 33.2408
19.7 80.132 0.813376 5.58748 33.2326
19.8 80.0819 0.821572 5.61549 33.2244
19.9 80.0318 0.829808 5.6435 33.2162
20 79.9817 0.838083 5.6715 33.2079
20.1 79.9317 0.846399 5.69949 33.1996
20.2 79.8816 0.854754 5.72748 33.1913
20.3 79.8315 0.863149 5.75546 33.1829
20.4 79.7814 0.871584 5.78344 33.1744
20.5 79.7313 0.880058 5.81141 33.166
20.6 79.6812 0.888572 5.83938 33.1574
20.7 79.6311 0.897126 5.86734 33.1489
20.8 79.581 0.905719 5.8953 33.1403
20.9 79.531 0.914352 5.92325 33.1317
21 79.4809 0.923024 5.95119 33.123
21.1 79.4308 0.931736 5.97913 33.1143
21.2 79.3807 0.940487 6.00706 33.1055
21.3 79.3306 0.949278 6.03499 33.0967
21.4 79.2805 0.958108 6.06291 33.0879
21.5 79.2304 0.966978 6.09083 33.079
21.6 79.1803 0.975887 6.11874 33.0701
21.7 79.1303 0.984835 6.14664 33.0612
21.8 79.0802 0.993823 6.17454 33.0522
21.9 79.0301 1.00285 6.20243 33.0432
22 78.98 1.01192 6.23031 33.0341
22.1 78.9299 1.02102 6.25819 33.025
22.2 78.8798 1.03017 6.28607 33.0158
22.3 78.8297 1.03935 6.31393 33.0067
22.4 78.7797 1.04857 6.34179 32.9974
22.5 78.7296 1.05784 6.36965 32.9882
22.6 78.6795 1.06714 6.3975 32.9789
22.7001 78.6294 1.07648 6.42534 32.9695
22.8001 78.5793 1.08586 6.45318 32.9602
22.9001 78.5292 1.09528 6.48101 32.9507
23.0001 78.4791 1.10473 6.50883 32.9413
23.1001 78.429 1.11423 6.53665 32.9318
23.2001 78.379 1.12377 6.56446 32.9222
23.3001 78.3289 1.13334 6.59226 32.9127
23.4001 78.2788 1.14295 6.62006 32.9031
23.5001 78.2287 1.15261 6.64785 32.8934
23.6001 78.1786 1.1623 6.67564 32.8837
23.7001 78.1285 1.17203 6.70341 32.874
23.8001 78.0784 1.18179 6.73119 32.8642
23.9001 78.0284 1.1916 6.75895 32.8544
24.0001 77.9783 1.20145 6.78671 32.8446
24.1001 77.9282 1.21133 6.81446 32.8347
24.2001 77.8781 1.22126 6.84221 32.8248
24.3001 77.828 1.23122 6.86995 32.8148
24.4001 77.7779 1.24122 6.89768 32.8048
24.5001 77.7279 1.25126 6.9254 32.7948
24.6001 77.6778 1.26133 6.95312 32.7847
24.7001 77.6277 1.27145 6.98083 32.7746
24.8001 77.5776 1.2816 7.00854 32.7644
24.9001 77.5275 1.2918 7.03624 32.7542
25.0001 77.4774 1.30203 7.06393 32.744
25.1001 77.4273 1.3123 7.09161 32.7337
25.2001 77.3773 1.32261 7.11929 32.7234
25.3001 77.3272 1.33295 7.14696 32.7131
25.4001 77.2771 1.34334 7.17462 32.7027
25.5001 77.227 1.35376 7.20228 32.6923
25.6001 77.1769 1.36422 7.22992 32.6818
25.7001 77.1268 1.37472 7.25757 32.6713
25.8001 77.0768 1.38526 7.2852 32.6608
25.9001 77.0267 1.39583 7.31283 32.6502
26.0001 76.9766 1.40645 7.34045 32.6396
26.1001 76.9265 1.4171 7.36806 32.6289
26.2001 76.8764 1.42779 7.39567 32.6182
26.3001 76.8263 1.43852 7.42326 32.6075
26.4001 76.7763 1.44928 7.45086 32.5967
26.5001 76.7262 1.46008 7.47844 32.5859
26.6001 76.6761 1.47093 7.50602 32.5751
26.7001 76.626 1.4818 7.53358 32.5642
26.8001 76.5759 1.49272 7.56115 32.5533
26.9001 76.5258 1.50368 7.5887 32.5423
27.0001 76.4758 1.51467 7.61624 32.5313
27.1001 76.4257 1.5257 7.64378 32.5203
27.2001 76.3756 1.53677 7.67131 32.5092
27.3001 76.3255 1.54787 7.69884 32.4981
27.4001 76.2754 1.55902 7.72635 32.487
27.5001 76.2253 1.5702 7.75386 32.4758
27.6001 76.1753 1.58141 7.78136 32.4646
27.7001 76.1252 1.59267 7.80885 32.4533
27.8001 76.0751 1.60396 7.83634 32.4421
27.9001 76.025 1.61529 7.86382 32.4307
28.0001 75.9749 1.62666 7.89129 32.4194
28.1001 75.9248 1.63807 7.91875 32.4079
28.2001 75.8748 1.64951 7.9462 32.3965
28.3001 75.8247 1.66099 7.97365 32.385
28.4001 75.7746 1.67251 8.00108 32.3735
28.5001 75.7245 1.68406 8.02851 32.362
28.6001 75.6744 1.69566 8.05593 32.3504
28.7001 75.6244 1.70728 8.08335 32.3387
28.8001 75.5743 1.71895 8.11075 32.3271
28.9001 75.5242 1.73065 8.13815 32.3154
29.0001 75.4741 1.74239 8.16554 32.3036
29.1001 75.424 1.75417 8.19292 32.2918
29.2001 75.3739 1.76599 8.22029 32.28
29.3001 75.3239 1.77784 8.24766 32.2682
29.4001 75.2738 1.78973 8.27501 32.2563
29.5001 75.2237 1.80165 8.30236 32.2444
29.6001 75.1736 1.81361 8.3297 32.2324
29.7001 75.1235 1.82561 8.35703 32.2204
29.8001 75.0735 1.83765 8.38435 32.2084
29.9001 75.0234 1.84972 8.41167 32.1963
30.0001 74.9733 1.86183 8.43897 32.1842
30.1001 74.9232 1.87397 8.46627 32.172
30.2001 74.8731 1.88616 8.49356 32.1599
30.3001 74.8231 1.89838 8.52084 32.1476
30.4001 74.773 1.91063 8.54811 32.1354
30.5001 74.7229 1.92292 8.57537 32.1231
30.6001 74.6728 1.93525 8.60263 32.1108
30.7001 74.6227 1.94762 8.62987 32.0984
30.8001 74.5727 1.96002 8.65711 32.086
30.9001 74.5226 1.97245 8.68434 32.0736
31.0001 74.4725 1.98493 8.71156 32.0611
31.1001 74.4224 1.99744 8.73877 32.0486
31.2001 74.3723 2.00999 8.76597 32.036
31.3001 74.3223 2.02257 8.79316 32.0234
31.4001 74.2722 2.03519 8.82034 32.0108
31.5001 74.2221 2.04784 8.84752 31.9982
31.6001 74.172 2.06053 8.87468 31.9855
31.7001 74.1219 2.07326 8.90184 31.9728
31.8001 74.0719 2.08602 8.92899 31.96
31.9001 74.0218 2.09882 8.95613 31.9472
32.0001 73.9717 2.11166 8.98326 31.9344
32.1001 73.9216 2.12453 9.01038 31.9215
32.2001 73.8715 2.13743 9.03749 31.9086
32.3001 73.8215 2.15038 9.06459 31.8956
32.4001 73.7714 2.16336 9.09168 31.8827
32.5001 73.7213 2.17637 9.11876 31.8696
32.6001 73.6712 2.18942 9.14584 31.8566
32.7001 73.6212 2.2025 9.1729 31.8435
32.8001 73.5711 2.21562 9.19995 31.8304
32.9001 73.521 2.22878 9.227 31.8172
33.0001 73.4709 2.24197 9.25403 31.804
33.1001 73.4208 2.2552 9.28106 31.7908
33.2001 73.3708 2.26846 9.30808 31.7776
33.3001 73.3207 2.28176 9.33508 31.7643
33.4001 73.2706 2.2951 9.36208 31.7509
33.5001 73.2205 2.30846 9.38907 31.7375
33.6001 73.1705 2.32187 9.41605 31.7241
33.7001 73.1204 2.33531 9.44302 31.7107
33.8001 73.0703 2.34878 9.46998 31.6972
33.9001 73.0202 2.36229 9.49693 31.6837
34.0001 72.9702 2.37584 9.52386 31.6702
34.1001 72.9201 2.38942 9.55079 31.6566
34.2001 72.87 2.40303 9.57771 31.643
34.3 72.8199 2.41669 9.60462 31.6293
34.4 72.7698 2.43037 9.63152 31.6156
34.5 72.7198 2.44409 9.65841 31.6019
34.6 72.6697 2.45785 9.68529 31.5882
34.7 72.6196 2.47164 9.71216 31.5744
34.8 72.5695 2.48546 9.73902 31.5606
34.9 72.5195 2.49932 9.76587 31.5467
35 72.4694 2.51321 9.79271 31.5328
35.1 72.4193 2.52714 9.81954 31.5189
35.2 72.3692 2.54111 9.84636 31.5049
35.3 72.3192 2.55511 9.87317 31.4909
35.4 72.2691 2.56914 9.89997 31.4769
35.5 72.219 2.58321 9.92676 31.4628
35.6 72.1689 2.59731 9.95353 31.4487
35.7 72.1189 2.61144 9.9803 31.4346
35.8 72.0688 2.62561 10.0071 31.4204
35.9 72.0187 2.63982 10.0338 31.4062
36 71.9686 2.65406 10.0605 31.392
36.1 71.9186 2.66833 10.0873 31.3777
36.2 71.8685 2.68264 10.114 31.3634
36.3 71.8184 2.69698 10.1407 31.349
36.4 71.7683 2.71136 10.1674 31.3347
36.5 71.7183 2.72577 10.1941 31.3202
36.6 71.6682 2.74021 10.2207 31.3058
36.7 71.6181 2.75469 10.2474 31.2913
36.8 71.568 2.7692 10.274 31.2768
36.9 71.518 2.78375 10.3007 31.2623
37 71.4679 2.79832 10.3273 31.2477
37.1 71.4178 2.81294 10.3539 31.2331
37.2 71.3678 2.82759 10.3805 31.2184
37.3 71.3177 2.84227 10.4071 31.2037
37.4 71.2676 2.85698 10.4337 31.189
37.5 71.2175 2.87173 10.4603 31.1743
37.6 71.1675 2.88651 10.4869 31.1595
37.7 71.1174 2.90133 10.5134 31.1447
37.8 71.0673 2.91617 10.54 31.1298
37.9 71.0172 2.93106 10.5665 31.115
38 70.9672 2.94597 10.593 31.1
38.1 70.9171 2.96092 10.6195 31.0851
38.2 70.867 2.9759 10.646 31.0701
38.3 70.817 2.99092 10.6725 31.0551
38.4 70.7669 3.00597 10.699 31.04
38.5 70.7168 3.02105 10.7254 31.025
38.6 70.6667 3.03617 10.7519 31.0098
38.7 70.6167 3.05131 10.7783 30.9947
38.8 70.5666 3.06649 10.8048 30.9795
38.9 70.5165 3.08171 10.8312 30.9643
39 70.4665 3.09696 10.8576 30.9491
39.1 70.4164 3.11224 10.884 30.9338
39.2 70.3663 3.12755 10.9104 30.9185
39.3 70.3162 3.14289 10.9367 30.9031
39.4 70.2662 3.15827 10.9631 30.8877
39.5 70.2161 3.17368 10.9894 30.8723
39.6 70.166 3.18913 11.0158 30.8569
39.7 70.116 3.2046 11.0421 30.8414
39.8 70.0659 3.22011 11.0684 30.8259
39.9 70.0158 3.23566 11.0947 30.8104
40 69.9657 3.25123 11.121 30.7948
40.1 69.9157 3.26684 11.1473 30.7792
40.2 69.8656 3.28247 11.1735 30.7635
40.3 69.8155 3.29815 11.1998 30.7479
40.4 69.7655 3.31385 11.226 30.7322
40.5 69.7154 3.32959 11.2523 30.7164
40.6 69.6653 3.34535 11.2785 30.7007
40.7 69.6152 3.36115 11.3047 30.6849
40.7999 69.5652 3.37699 11.3309 30.669
40.8999 69.5151 3.39285 11.357 30.6532
40.9999 69.465 3.40875 11.3832 30.6373
41.0999 69.415 3.42467 11.4094 30.6213
41.1999 69.3649 3.44063 11.4355 30.6054
41.2999 69.3148 3.45663 11.4616 30.5894
41.3999 69.2648 3.47265 11.4878 30.5734
41.4999 69.2147 3.4887 11.5139 30.5573
41.5999 69.1646 3.50479 11.5399 30.5412
41.6999 69.1146 3.52091 11.566 30.5251
41.7999 69.0645 3.53706 11.5921 30.509
41.8999 69.0144 3.55324 11.6181 30.4928
41.9999 68.9644 3.56946 11.6442 30.4766
42.0999 68.9143 3.5857 11.6702 30.4603
42.1999 68.8642 3.60198 11.6962 30.444
42.2999 68.8141 3.61828 11.7222 30.4277
42.3999 68.7641 3.63462 11.7482 30.4114
42.4999 68.714 3.65099 11.7742 30.395
42.5999 68.6639 3.6674 11.8002 30.3786
42.6999 68.6139 3.68383 11.8261 30.3622
42.7999 68.5638 3.70029 11.8521 30.3457
42.8999 68.5137 3.71679 11.878 30.3292
42.9999 68.4637 3.73331 11.9039 30.3127
43.0999 68.4136 3.74987 11.9298 30.2961
43.1999 68.3635 3.76646 11.9557 30.2796
43.2999 68.3135 3.78307 11.9816 30.2629
43.3999 68.2634 3.79972 12.0074 30.2463
43.4999 68.2133 3.8164 12.0333 30.2296
43.5999 68.1633 3.83312 12.0591 30.2129
43.6999 68.1132 3.84986 12.0849 30.1962
43.7999 68.0631 3.86663 12.1107 30.1794
43.8999 68.0131 3.88343 12.1365 30.1626
43.9999 67.963 3.90026 12.1623 30.1458
44.0999 67.9129 3.91713 12.1881 30.1289
44.1999 67.8629 3.93402 12.2138 30.112
44.2999 67.8128 3.95095 12.2396 30.0951
44.3999 67.7627 3.9679 12.2653 30.0781
44.4999 67.7127 3.98489 12.291 30.0611
44.5999 67.6626 4.0019 12.3167 30.0441
44.6999 67.6125 4.01895 12.3424 30.0271
44.7999 67.5625 4.03602 12.3681 30.01
44.8999 67.5124 4.05313 12.3937 29.9929
44.9999 67.4624 4.07026 12.4194 29.9758
45.0999 67.4123 4.08743 12.445 29.9586
45.1999 67.3622 4.10462 12.4706 29.9414
45.2999 67.3122 4.12185 12.4962 29.9242
45.3999 67.2621 4.1391 12.5218 29.9069
45.4999 67.212 4.15639 12.5474 29.8896
45.5999 67.162 4.1737 12.5729 29.8723
45.6999 67.1119 4.19104 12.5985 29.855
45.7999 67.0618 4.20842 12.624 29.8376
45.8999 67.0118 4.22582 12.6495 29.8202
45.9999 66.9617 4.24325 12.675 29.8028
46.0999 66.9116 4.26071 12.7005 29.7853
46.1999 66.8616 4.2782 12.726 29.7678
46.2999 66.8115 4.29572 12.7515 29.7503
46.3999 66.7615 4.31327 12.7769 29.7327
46.4999 66.7114 4.33085 12.8023 29.7152
46.5999 66.6613 4.34846 12.8278 29.6976
46.6999 66.6113 4.3661 12.8532 29.6799
46.7999 66.5612 4.38376 12.8785 29.6623
46.8999 66.5111 4.40146 12.9039 29.6446
46.9999 66.4611 4.41918 12.9293 29.6268
47.0999 66.411 4.43693 12.9546 29.6091
47.1999 66.3609 4.45472 12.9799 29.5913
47.2999 66.3109 4.47253 13.0053 29.5735
47.3998 66.2608 4.49037 13.0306 29.5556
47.4998 66.2108 4.50823 13.0558 29.5378
47.5998 66.1607 4.52613 13.0811 29.5199
47.6998 66.1106 4.54405 13.1064 29.502
47.7998 66.0606 4.56201 13.1316 29.484
47.8998 66.0105 4.57999 13.1568 29.466
47.9998 65.9605 4.598 13.182 29.448
48.0998 65.9104 4.61604 13.2072 29.43
48.1998 65.8603 4.6341 13.2324 29.4119
48.2998 65.8103 4.6522 13.2576 29.3938
48.3998 65.7602 4.67032 13.2827 29.3757
48.4998 65.7101 4.68847 13.3079 29.3575
48.5998 65.6601 4.70665 13.333 29.3394
48.6998 65.61 4.72486 13.3581 29.3212
48.7998 65.56 4.7431 13.3832 29.3029
48.8998 65.5099 4.76136 13.4082 29.2847
48.9998 65.4598 4.77965 13.4333 29.2664
49.0998 65.4098 4.79797 13.4583 29.248
49.1998 65.3597 4.81631 13.4834 29.2297
49.2998 65.3097 4.83469 13.5084 29.2113
49.3998 65.2596 4.85309 13.5334 29.1929
49.4998 65.2095 4.87152 13.5584 29.1745
49.5998 65.1595 4.88998 13.5833 29.156
49.6998 65.1094 4.90846 13.6083 29.1376
49.7998 65.0594 4.92697 13.6332 29.119
49.8998 65.0093 4.94551 13.6581 29.1005
49.9998 64.9592 4.96408 13.683 29.0819
50.0998 64.9092 4.98267 13.7079 29.0633
50.1998 64.8591 5.00129 13.7328 29.0447
50.2998 64.8091 5.01994 13.7576 29.0261
50.3998 64.759 5.03861 13.7824 29.0074
50.4998 64.709 5.05731 13.8073 28.9887
50.5998 64.6589 5.07604 13.8321 28.97
50.6998 64.6088 5.0948 13.8569 28.9512
50.7998 64.5588 5.11358 13.8816 28.9324
50.8998 64.5087 5.13239 13.9064 28.9136
50.9998 64.4587 5.15122 13.9311 28.8948
51.0998 64.4086 5.17009 13.9558 28.8759
51.1998 64.3585 5.18898 13.9805 28.857
51.2998 64.3085 5.20789 14.0052 28.8381
51.3998 64.2584 5.22683 14.0299 28.8192
51.4998 64.2084 5.2458 14.0546 28.8002
51.5998 64.1583 5.2648 14.0792 28.7812
51.6998 64.1083 5.28382 14.1038 28.7622
51.7998 64.0582 5.30286 14.1284 28.7432
51.8998 64.0082 5.32194 14.153 28.7241
51.9998 63.9581 5.34104 14.1776 28.705
52.0998 63.908 5.36016 14.2021 28.6859
52.1998 63.858 5.37931 14.2267 28.6667
52.2998 63.8079 5.39849 14.2512 28.6475
52.3998 63.7579 5.41769 14.2757 28.6283
52.4998 63.7078 5.43692 14.3002 28.6091
52.5998 63.6578 5.45618 14.3247 28.5898
52.6998 63.6077 5.47546 14.3491 28.5706
52.7998 63.5576 5.49477 14.3735 28.5512
52.8998 63.5076 5.5141 14.398 28.5319
52.9998 63.4575 5.53345 14.4224 28.5126
53.0998 63.4075 5.55284 14.4467 28.4932
53.1998 63.3574 5.57225 14.4711 28.4738
53.2998 63.3074 5.59168 14.4955 28.4543
53.3998 63.2573 5.61114 14.5198 28.4349
53.4998 63.2073 5.63062 14.5441 28.4154
53.5998 63.1572 5.65013 14.5684 28.3959
53.6998 63.1072 5.66967 14.5927 28.3763
53.7998 63.0571 5.68923 14.6169 28.3568
53.8997 63.007 5.70881 14.6412 28.3372
53.9997 62.957 5.72842 14.6654 28.3176
54.0997 62.9069 5.74805 14.6896 28.298
54.1997 62.8569 5.76771 14.7138 28.2783
54.2997 62.8068 5.7874 14.738 28.2586
54.3997 62.7568 5.80711 14.7621 28.2389
54.4997 62.7067 5.82684 14.7863 28.2192
54.5997 62.6567 5.8466 14.8104 28.1994
54.6997 62.6066 5.86638 14.8345 28.1796
54.7997 62.5566 5.88619 14.8586 28.1598
54.8997 62.5065 5.90602 14.8826 28.14
54.9997 62.4565 5.92587 14.9067 28.1201
55.0997 62.4064 5.94575 14.9307 28.1003
55.1997 62.3564 5.96566 14.9547 28.0804
55.2997 62.3063 5.98559 14.9787 28.0604
55.3997 62.2562 6.00554 15.0027 28.0405
55.4997 62.2062 6.02551 15.0266 28.0205
55.5997 62.1561 6.04551 15.0506 28.0005
55.6997 62.1061 6.06554 15.0745 27.9805
55.7997 62.056 6.08559 15.0984 27.9604
55.8997 62.006 6.10566 15.1222 27.9404
55.9997 61.9559 6.12575 15.1461 27.9203
56.0997 61.9059 6.14587 15.1699 27.9001
56.1997 61.8558 6.16602 15.1938 27.88
56.2997 61.8058 6.18618 15.2176 27.8598
56.3997 61.7557 6.20637 15.2414 27.8396
56.4997 61.7057 6.22659 15.2651 27.8194
56.5997 61.6556 6.24682 15.2889 27.7992
56.6997 61.6056 6.26708 15.3126 27.7789
56.7997 61.5555 6.28737 15.3363 27.7586
56.8997 61.5055 6.30767 15.36 27.7383
56.9997 61.4554 6.328 15.3837 27.718
57.0997 61.4054 6.34836 15.4073 27.6977
57.1997 61.3553 6.36873 15.431 27.6773
57.2997 61.3053 6.38913 15.4546 27.6569
57.3997 61.2552 6.40955 15.4782 27.6365
57.4997 61.2052 6.43 15.5017 27.616
57.5997 61.1551 6.45046 15.5253 27.5956
57.6997 61.1051 6.47095 15.5488 27.5751
57.7997 61.055 6.49147 15.5723 27.5545
57.8997 61.005 6.512 15.5958 27.534
57.9997 60.9549 6.53256 15.6193 27.5135
58.0997 60.9049 6.55314 15.6428 27.4929
58.1997 60.8548 6.57374 15.6662 27.4723
58.2997 60.8048 6.59436 15.6896 27.4517
58.3997 60.7547 6.61501 15.713 27.431
58.4997 60.7047 6.63568 15.7364 27.4103
58.5997 60.6547 6.65637 15.7597 27.3896
58.6997 60.6046 6.67708 15.7831 27.3689
58.7997 60.5546 6.69782 15.8064 27.3482
58.8997 60.5045 6.71858 15.8297 27.3274
58.9997 60.4545 6.73935 15.853 27.3067
59.0997 60.4044 6.76016 15.8762 27.2859
59.1997 60.3544 6.78098 15.8995 27.265
59.2997 60.3043 6.80182 15.9227 27.2442
59.3997 60.2543 6.82269 15.9459 27.2233
59.4997 60.2042 6.84357 15.969 27.2024
59.5997 60.1542 6.86448 15.9922 27.1815
59.6997 60.1041 6.88541 16.0153 27.1606
59.7997 60.0541 6.90636 16.0384 27.1396
59.8997 60.004 6.92734 16.0615 27.1187
59.9997 59.954 6.94833 16.0846 27.0977
60.0997 59.904 6.96935 16.1076 27.0767
60.1997 59.8539 6.99038 16.1307 27.0556
60.2997 59.8039 7.01144 16.1537 27.0346
60.3997 59.7538 7.03252 16.1767 27.0135
60.4996 59.7038 7.05362 16.1996 26.9924
60.5996 59.6537 7.07474 16.2226 26.9713
60.6996 59.6037 7.09588 16.2455 26.9501
60.7996 59.5536 7.11704 16.2684 26.929
60.8996 59.5036 7.13822 16.2913 26.9078
60.9996 59.4535 7.15943 16.3141 26.8866
61.0996 59.4035 7.18065 16.337 26.8654
61.1996 59.3535 7.20189 16.3598 26.8441
61.2996 59.3034 7.22316 16.3826 26.8229
61.3996 59.2534 7.24444 16.4054 26.8016
61.4996 59.2033 7.26575 16.4281 26.7803
61.5996 59.1533 7.28707 16.4508 26.7589
61.6996 59.1032 7.30842 16.4736 26.7376
61.7996 59.0532 7.32978 16.4962 26.7162
61.8996 59.0032 7.35117 16.5189 26.6948
61.9996 58.9531 7.37257 16.5416 26.6734
62.0996 58.9031 7.394 16.5642 26.652
62.1996 58.853 7.41544 16.5868 26.6306
62.2996 58.803 7.43691 16.6094 26.6091
62.3996 58.7529 7.45839 16.6319 26.5876
62.4996 58.7029 7.47989 16.6544 26.5661
62.5996 58.6529 7.50142 16.677 26.5446
62.6996 58.6028 7.52296 16.6994 26.5231
62.7996 58.5528 7.54452 16.7219 26.5015
62.8996 58.5027 7.5661 16.7444 26.4799
62.9996 58.4527 7.58771 16.7668 26.4583
63.0996 58.4027 7.60933 16.7892 26.4367
63.1996 58.3526 7.63096 16.8116 26.4151
63.2996 58.3026 7.65262 16.8339 26.3934
63.3996 58.2525 7.6743 16.8562 26.3717
63.4996 58.2025 7.696 16.8786 26.35
63.5996 58.1524 7.71771 16.9008 26.3283
63.6996 58.1024 7.73945 16.9231 26.3066
63.7996 58.0524 7.7612 16.9453 26.2848
63.8996 58.0023 7.78297 16.9676 26.263
63.9996 57.9523 7.80476 16.9898 26.2413
64.0996 57.9022 7.82657 17.0119 26.2194
64.1996 57.8522 7.8484 17.0341 26.1976
64.2996 57.8022 7.87024 17.0562 26.1758
64.3996 57.7521 7.89211 17.0783 26.1539
64.4996 57.7021 7.91399 17.1004 26.132
64.5996 57.652 7.93589 17.1224 26.1101
64.6996 57.602 7.95781 17.1445 26.0882
64.7996 57.552 7.97974 17.1665 26.0663
64.8996 57.5019 8.0017 17.1885 26.0443
64.9996 57.4519 8.02367 17.2104 26.0223
65.0996 57.4019 8.04566 17.2324 26.0004
65.1996 57.3518 8.06767 17.2543 25.9783
65.2996 57.3018 8.0897 17.2762 25.9563
65.3996 57.2517 8.11174 17.298 25.9343
65.4996 57.2017 8.1338 17.3199 25.9122
65.5996 57.1517 8.15588 17.3417 25.8901
65.6996 57.1016 8.17798 17.3635 25.868
65.7996 57.0516 8.20009 17.3853 25.8459
65.8996 57.0016 8.22222 17.407 25.8238
65.9996 56.9515 8.24437 17.4287 25.8016
66.0996 56.9015 8.26654 17.4504 25.7795
66.1996 56.8514 8.28872 17.4721 25.7573
66.2996 56.8014 8.31092 17.4938 25.7351
66.3996 56.7514 8.33314 17.5154 25.7129
66.4996 56.7013 8.35537 17.537 25.6906
66.5996 56.6513 8.37762 17.5586 25.6684
66.6996 56.6013 8.39989 17.5801 25.6461
66.7996 56.5512 8.42217 17.6016 25.6238
66.8996 56.5012 8.44447 17.6232 25.6015
66.9995 56.4512 8.46679 17.6446 25.5792
67.0995 56.4011 8.48913 17.6661 25.5569
67.1995 56.3511 8.51148 17.6875 25.5345
67.2995 56.301 8.53384 17.7089 25.5122
67.3995 56.251 8.55623 17.7303 25.4898
67.4995 56.201 8.57863 17.7516 25.4674
67.5995 56.1509 8.60104 17.773 25.445
67.6995 56.1009 8.62348 17.7943 25.4225
67.7995 56.0509 8.64592 17.8156 25.4001
67.8995 56.0008 8.66839 17.8368 25.3776
67.9995 55.9508 8.69087 17.858 25.3551
68.0995 55.9008 8.71336 17.8792 25.3327
68.1995 55.8507 8.73587 17.9004 25.3101
68.2995 55.8007 8.7584 17.9216 25.2876
68.3995 55.7507 8.78095 17.9427 25.2651
68.4995 55.7006 8.8035 17.9638 25.2425
68.5995 55.6506 8.82608 17.9849 25.2199
68.6995 55.6006 8.84867 18.0059 25.1973
68.7995 55.5505 8.87127 18.0269 25.1747
68.8995 55.5005 8.89389 18.0479 25.1521
68.9995 55.4505 8.91653 18.0689 25.1295
69.0995 55.4004 8.93918 18.0898 25.1068
69.1995 55.3504 8.96184 18.1108 25.0842
69.2995 55.3004 8.98453 18.1316 25.0615
69.3995 55.2503 9.00722 18.1525 25.0388
69.4995 55.2003 9.02993 18.1734 25.0161
69.5995 55.1503 9.05266 18.1942 24.9934
69.6995 55.1002 9.0754 18.2149 24.9706
69.7995 55.0502 9.09815 18.2357 24.9479
69.8995 55.0002 9.12092 18.2564 24.9251
69.9995 54.9502 9.14371 18.2771 24.9023
70.0995 54.9001 9.16651 18.2978 24.8795
70.1995 54.8501 9.18932 18.3185 24.8567
70.2995 54.8001 9.21215 18.3391 24.8339
70.3995 54.75 9.23499 18.3597 24.811
70.4995 54.7 9.25784 18.3803 24.7882
70.5995 54.65 9.28071 18.4008 24.7653
70.6995 54.5999 9.3036 18.4213 24.7424
70.7995 54.5499 9.32649 18.4418 24.7195
70.8995 54.4999 9.34941 18.4623 24.6966
70.9995 54.4499 9.37233 18.4827 24.6737
71.0995 54.3998 9.39527 18.5031 24.6507
71.1995 54.3498 9.41823 18.5235 24.6278
71.2995 54.2998 9.44119 18.5439 24.6048
71.3995 54.2497 9.46417 18.5642 24.5818
71.4995 54.1997 9.48717 18.5845 24.5588
71.5995 54.1497 9.51017 18.6048 24.5358
71.6995 54.0997 9.53319 18.625 24.5128
71.7995 54.0496 9.55623 18.6452 24.4898
71.8995 53.9996 9.57928 18.6654 24.4667
71.9995 53.9496 9.60234 18.6856 24.4437
72.0995 53.8995 9.62541 18.7057 24.4206
72.1995 53.8495 9.6485 18.7258 24.3975
72.2995 53.7995 9.6716 18.7459 24.3744
72.3995 53.7495 9.69471 18.7659 24.3513
72.4995 53.6994 9.71783 18.7859 24.3282
72.5995 53.6494 9.74097 18.8059 24.305
72.6995 53.5994 9.76412 18.8259 24.2819
72.7995 53.5493 9.78729 18.8458 24.2587
72.8995 53.4993 9.81046 18.8657 24.2356
72.9995 53.4493 9.83365 18.8856 24.2124
73.0995 53.3993 9.85685 18.9054 24.1892
73.1995 53.3492 9.88006 18.9252 24.166
73.2995 53.2992 9.90329 18.945 24.1427
73.3995 53.2492 9.92652 18.9648 24.1195
73.4995 53.1992 9.94977 18.9845 24.0962
73.5994 53.1491 9.97303 19.0042 24.073
73.6994 53.0991 9.99631 19.0239 24.0497
73.7994 53.0491 10.0196 19.0435 24.0264
73.8994 52.9991 10.0429 19.0631 24.0031
73.9994 52.949 10.0662 19.0827 23.9798
74.0994 52.899 10.0895 19.1023 23.9565
74.1994 52.849 10.1129 19.1218 23.9332
74.2994 52.799 10.1362 19.1413 23.9098
74.3994 52.7489 10.1595 19.1608 23.8865
74.4994 52.6989 10.1829 19.1802 23.8631
74.5994 52.6489 10.2063 19.1996 23.8397
74.6994 52.5989 10.2297 19.219 23.8163
74.7994 52.5488 10.2531 19.2383 23.7929
74.8994 52.4988 10.2765 19.2576 23.7695
74.9994 52.4488 10.2999 19.2769 23.7461
75.0994 52.3988 10.3233 19.2962 23.7227
75.1994 52.3488 10.3468 19.3154 23.6992
75.2994 52.2987 10.3702 19.3346 23.6758
75.3994 52.2487 10.3937 19.3537 23.6523
75.4994 52.1987 10.4172 19.3729 23.6288
75.5994 52.1487 10.4407 19.392 23.6053
75.6994 52.0986 10.4642 19.4111 23.5818
75.7994 52.0486 10.4877 19.4301 23.5583
75.8994 51.9986 10.5112 19.4491 23.5348
75.9994 51.9486 10.5347 19.4681 23.5113
76.0994 51.8986 10.5583 19.487 23.4877
76.1994 51.8485 10.5818 19.5059 23.4642
76.2994 51.7985 10.6054 19.5248 23.4406
76.3994 51.7485 10.6289 19.5437 23.4171
76.4994 51.6985 10.6525 19.5625 23.3935
76.5994 51.6484 10.6761 19.5813 23.3699
76.6994 51.5984 10.6997 19.6001 23.3463
76.7994 51.5484 10.7233 19.6188 23.3227
76.8994 51.4984 10.7469 19.6375 23.2991
76.9994 51.4484 10.7706 19.6561 23.2755
77.0994 51.3983 10.7942 19.6748 23.2518
77.1994 51.3483 10.8178 19.6934 23.2282
77.2994 51.2983 10.8415 19.712 23.2045
77.3994 51.2483 10.8652 19.7305 23.1808
77.4994 51.1983 10.8888 19.749 23.1572
77.5994 51.1482 10.9125 19.7675 23.1335
77.6994 51.0982 10.9362 19.7859 23.1098
77.7994 51.0482 10.9599 19.8043 23.0861
77.8994 50.9982 10.9836 19.8227 23.0624
77.9994 50.9482 11.0074 19.841 23.0387
78.0994 50.8982 11.0311 19.8594 23.0149
78.1994 50.8481 11.0548 19.8776 22.9912
78.2994 50.7981 11.0786 19.8959 22.9675
78.3994 50.7481 11.1023 19.9141 22.9437
78.4994 50.6981 11.1261 19.9323 22.9199
78.5994 50.6481 11.1499 19.9504 22.8962
78.6994 50.598 11.1736 19.9685 22.8724
78.7994 50.548 11.1974 19.9866 22.8486
78.8994 50.498 11.2212 20.0047 22.8248
78.9994 50.448 11.245 20.0227 22.801
79.0994 50.398 11.2688 20.0407 22.7772
79.1994 50.348 11.2927 20.0586 22.7534
79.2994 50.2979 11.3165 20.0765 22.7295
79.3994 50.2479 11.3403 20.0944 22.7057
79.4994 50.1979 11.3642 20.1122 22.6819
79.5994 50.1479 11.388 20.1301 22.658
79.6994 50.0979 11.4119 20.1478 22.6341
79.7994 50.0479 11.4357 20.1656 22.6103
79.8994 49.9979 11.4596 20.1833 22.5864
79.9994 49.9478 11.4835 20.201 22.5625
80.0993 49.8978 11.5074 20.2186 22.5386
80.1993 49.8478 11.5313 20.2362 22.5147
80.2993 49.7978 11.5552 20.2538 22.4908
80.3993 49.7478 11.5791 20.2713 22.4669
80.4993 49.6978 11.603 20.2889 22.443
80.5993 49.6477 11.6269 20.3063 22.4191
80.6993 49.5977 11.6509 20.3238 22.3951
80.7993 49.5477 11.6748 20.3412 22.3712
80.8993 49.4977 11.6988 20.3585 22.3473
80.9993 49.4477 11.7227 20.3759 22.3233
81.0993 49.3977 11.7467 20.3932 22.2993
81.1993 49.3477 11.7706 20.4104 22.2754
81.2993 49.2976 11.7946 20.4277 22.2514
81.3993 49.2476 11.8186 20.4448 22.2274
81.4993 49.1976 11.8426 20.462 22.2034
81.5993 49.1476 11.8666 20.4791 22.1795
81.6993 49.0976 11.8906 20.4962 22.1555
81.7993 49.0476 11.9146 20.5133 22.1315
81.8993 48.9976 11.9386 20.5303 22.1074
81.9993 48.9476 11.9626 20.5472 22.0834
82.0993 48.8975 11.9866 20.5642 22.0594
82.1993 48.8475 12.0106 20.5811 22.0354
82.2993 48.7975 12.0347 20.598 22.0114
82.3993 48.7475 12.0587 20.6148 21.9873
82.4993 48.6975 12.0827 20.6316 21.9633
82.5993 48.6475 12.1068 20.6484 21.9392
82.6993 48.5975 12.1308 20.6651 21.9152
82.7993 48.5475 12.1549 20.6818 21.8911
82.8993 48.4975 12.179 20.6984 21.867
82.9993 48.4474 12.203 20.715 21.843
83.0993 48.3974 12.2271 20.7316 21.8189
83.1993 48.3474 12.2512 20.7482 21.7948
83.2993 48.2974 12.2753 20.7647 21.7707
83.3993 48.2474 12.2994 20.7811 21.7466
83.4993 48.1974 12.3235 20.7976 21.7225
83.5993 48.1474 12.3476 20.814 21.6984
83.6993 48.0974 12.3717 20.8303 21.6743
83.7993 48.0474 12.3958 20.8466 21.6502
83.8993 47.9974 12.4199 20.8629 21.6261
83.9993 47.9474 12.444 20.8792 21.602
84.0993 47.8973 12.4681 20.8954 21.5779
84.1993 47.8473 12.4923 20.9115 21.5537
84.2993 47.7973 12.5164 20.9277 21.5296
84.3993 47.7473 12.5405 20.9438 21.5055
84.4993 47.6973 12.5647 20.9598 21.4813
84.5993 47.6473 12.5888 20.9758 21.4572
84.6993 47.5973 12.613 20.9918 21.433
84.7993 47.5473 12.6371 21.0078 21.4089
84.8993 47.4973 12.6613 21.0237 21.3847
84.9993 47.4473 12.6854 21.0395 21.3606
85.0993 47.3973 12.7096 21.0554 21.3364
85.1993 47.3473 12.7338 21.0711 21.3122
85.2993 47.2972 12.7579 21.0869 21.2881
85.3993 47.2472 12.7821 21.1026 21.2639
85.4993 47.1972 12.8063 21.1183 21.2397
85.5993 47.1472 12.8305 21.1339 21.2155
85.6993 47.0972 12.8547 21.1495 21.1913
85.7993 47.0472 12.8789 21.165 21.1672
85.8993 46.9972 12.903 21.1806 21.143
85.9993 46.9472 12.9272 21.196 21.1188
86.0993 46.8972 12.9514 21.2115 21.0946
86.1993 46.8472 12.9756 21.2269 21.0704
86.2993 46.7972 12.9998 21.2422 21.0462
86.3993 46.7472 13.024 21.2575 21.022
86.4993 46.6972 13.0482 21.2728 20.9978
86.5993 46.6472 13.0725 21.288 20.9736
86.6992 46.5972 13.0967 21.3032 20.9493
86.7992 46.5472 13.1209 21.3184 20.9251
86.8992 46.4972 13.1451 21.3335 20.9009
86.9992 46.4472 13.1693 21.3486 20.8767
87.0992 46.3972 13.1935 21.3636 20.8525
87.1992 46.3472 13.2178 21.3786 20.8282
87.2992 46.2971 13.242 21.3936 20.804
87.3992 46.2471 13.2662 21.4085 20.7798
87.4992 46.1971 13.2905 21.4234 20.7556
87.5992 46.1471 13.3147 21.4382 20.7313
87.6992 46.0971 13.3389 21.453 20.7071
87.7992 46.0471 13.3632 21.4677 20.6829
87.8992 45.9971 13.3874 21.4824 20.6586
87.9992 45.9471 13.4116 21.4971 20.6344
88.0992 45.8971 13.4359 21.5117 20.6101
88.1992 45.8471 13.4601 21.5263 20.5859
88.2992 45.7971 13.4844 21.5408 20.5617
88.3992 45.7471 13.5086 21.5553 20.5374
88.4992 45.6971 13.5328 21.5698 20.5132
88.5992 45.6471 13.5571 21.5842 20.4889
88.6992 45.5971 13.5813 21.5986 20.4647
88.7992 45.5471 13.6056 21.6129 20.4404
88.8992 45.4971 13.6298 21.6272 20.4162
88.9992 45.4471 13.6541 21.6414 20.3919
89.0992 45.3971 13.6783 21.6557 20.3677
89.1992 45.3471 13.7026 21.6698 20.3434
89.2992 45.2971 13.7268 21.6839 20.3192
89.3992 45.2471 13.7511 21.698 20.2949
89.4992 45.1971 13.7753 21.712 20.2707
89.5992 45.1471 13.7996 21.726 20.2464
89.6992 45.0971 13.8239 21.74 20.2222
89.7992 45.0471 13.8481 21.7539 20.1979
89.8992 44.9971 13.8724 21.7677 20.1737
89.9992 44.9471 13.8966 21.7816 20.1494
90.0992 44.8971 13.9209 21.7953 20.1251
90.1992 44.8471 13.9451 21.8091 20.1009
90.2992 44.7971 13.9694 21.8227 20.0766
90.3992 44.7471 13.9936 21.8364 20.0524
90.4992 44.6971 14.0179 21.85 20.0281
90.5992 44.6471 14.0421 21.8635 20.0039
90.6992 44.5971 14.0664 21.8771 19.9796
90.7992 44.5471 14.0906 21.8905 19.9554
90.8992 44.4971 14.1149 21.9039 19.9311
90.9992 44.4471 14.1391 21.9173 19.9069
91.0992 44.3971 14.1634 21.9306 19.8826
91.1992 44.3471 14.1876 21.9439 19.8584
91.2992 44.2971 14.2119 21.9572 19.8341
91.3992 44.2471 14.2361 21.9704 19.8099
91.4992 44.1971 14.2604 21.9835 19.7856
91.5992 44.1471 14.2846 21.9966 19.7614
91.6992 44.0971 14.3089 22.0097 19.7371
91.7992 44.0472 14.3331 22.0227 19.7129
91.8992 43.9972 14.3574 22.0357 19.6887
91.9992 43.9472 14.3816 22.0486 19.6644
92.0992 43.8972 14.4058 22.0615 19.6402
92.1992 43.8472 14.4301 22.0743 19.6159
92.2992 43.7972 14.4543 22.0871 19.5917
92.3992 43.7472 14.4785 22.0999 19.5675
92.4992 43.6972 14.5028 22.1126 19.5432
92.5992 43.6472 14.527 22.1252 19.519
92.6992 43.5972 14.5512 22.1378 19.4948
92.7992 43.5472 14.5755 22.1504 19.4706
92.8992 43.4972 14.5997 22.1629 19.4463
92.9992 43.4472 14.6239 22.1753 19.4221
93.0992 43.3972 14.6481 22.1878 19.3979
93.1992 43.3472 14.6723 22.2001 19.3737
93.2991 43.2972 14.6966 22.2125 19.3495
93.3991 43.2472 14.7208 22.2247 19.3252
93.4991 43.1972 14.745 22.237 19.301
93.5991 43.1472 14.7692 22.2492 19.2768
93.6991 43.0973 14.7934 22.2613 19.2526
93.7991 43.0473 14.8176 22.2734 19.2284
93.8991 42.9973 14.8418 22.2854 19.2042
93.9991 42.9473 14.866 22.2974 19.18
94.0991 42.8973 14.8902 22.3093 19.1558
94.1991 42.8473 14.9144 22.3212 19.1316
94.2991 42.7973 14.9386 22.3331 19.1075
94.3991 42.7473 14.9627 22.3449 19.0833
94.4991 42.6973 14.9869 22.3566 19.0591
94.5991 42.6473 15.0111 22.3683 19.0349
94.6991 42.5973 15.0353 22.38 19.0107
94.7991 42.5473 15.0595 22.3916 18.9866
94.8991 42.4973 15.0836 22.4032 18.9624
94.9991 42.4474 15.1078 22.4147 18.9382
95.0991 42.3974 15.1319 22.4261 18.9141
95.1991 42.3474 15.1561 22.4375 18.8899
95.2991 42.2974 15.1803 22.4489 18.8658
95.3991 42.2474 15.2044 22.4602 18.8416
95.4991 42.1974 15.2285 22.4715 18.8175
95.5991 42.1474 15.2527 22.4827 18.7933
95.6991 42.0974 15.2768 22.4938 18.7692
95.7991 42.0474 15.301 22.505 18.7451
95.8991 41.9974 15.3251 22.516 18.7209
95.9991 41.9475 15.3492 22.527 18.6968
96.0991 41.8975 15.3733 22.538 18.6727
96.1991 41.8475 15.3974 22.5489 18.6486
96.2991 41.7975 15.4215 22.5598 18.6245
96.3991 41.7475 15.4457 22.5706 18.6004
96.4991 41.6975 15.4698 22.5813 18.5763
96.5991 41.6475 15.4939 22.592 18.5522
96.6991 41.5975 15.5179 22.6027 18.5281
96.7991 41.5475 15.542 22.6133 18.504
96.8991 41.4976 15.5661 22.6239 18.4799
96.9991 41.4476 15.5902 22.6344 18.4558
97.0991 41.3976 15.6143 22.6448 18.4318
97.1991 41.3476 15.6383 22.6552 18.4077
97.2991 41.2976 15.6624 22.6656 18.3836
97.3991 41.2476 15.6864 22.6759 18.3596
97.4991 41.1976 15.7105 22.6861 18.3355
97.5991 41.1476 15.7345 22.6963 18.3115
97.6991 41.0977 15.7586 22.7064 18.2874
97.7991 41.0477 15.7826 22.7165 18.2634
97.8991 40.9977 15.8066 22.7266 18.2394
97.9991 40.9477 15.8306 22.7365 18.2154
98.0991 40.8977 15.8547 22.7465 18.1914
98.1991 40.8477 15.8787 22.7563 18.1673
98.2991 40.7977 15.9027 22.7662 18.1433
98.3991 40.7478 15.9267 22.7759 18.1193
98.4991 40.6978 15.9507 22.7857 18.0954
98.5991 40.6478 15.9746 22.7953 18.0714
98.6991 40.5978 15.9986 22.8049 18.0474
98.7991 40.5478 16.0226 22.8145 18.0234
98.8991 40.4978 16.0466 22.824 17.9995
98.9991 40.4478 16.0705 22.8334 17.9755
99.0991 40.3979 16.0945 22.8428 17.9515
99.1991 40.3479 16.1184 22.8522 17.9276
99.2991 40.2979 16.1424 22.8615 17.9037
99.3991 40.2479 16.1663 22.8707 17.8797
99.4991 40.1979 16.1902 22.8799 17.8558
99.5991 40.1479 16.2141 22.889 17.8319
99.6991 40.098 16.238 22.8981 17.808
99.799 40.048 16.2619 22.9071 17.7841
99.899 39.998 16.2858 22.916 17.7602
99.999 39.948 16.3097 22.9249 17.7363
100.099 39.898 16.3336 22.9338 17.7124
100.199 39.848 16.3575 22.9426 17.6885
100.299 39.7981 16.3814 22.9513 17.6647
100.399 39.7481 16.4052 22.96 17.6408
100.499 39.6981 16.4291 22.9686 17.6169
100.599 39.6481 16.4529 22.9772 17.5931
100.699 39.5981 16.4768 22.9857 17.5693
100.799 39.5481 16.5006 22.9942 17.5454
100.899 39.4982 16.5244 23.0026 17.5216
100.999 39.4482 16.5482 23.0109 17.4978
101.099 39.3982 16.572 23.0192 17.474
101.199 39.3482 16.5958 23.0274 17.4502
101.299 39.2982 16.6196 23.0356 17.4264
101.399 39.2483 16.6434 23.0437 17.4026
101.499 39.1983 16.6672 23.0518 17.3789
101.599 39.1483 16.6909 23.0598 17.3551
101.699 39.0983 16.7147 23.0677 17.3313
101.799 39.0483 16.7384 23.0756 17.3076
101.899 38.9984 16.7622 23.0834 17.2839
101.999 38.9484 16.7859 23.0912 17.2601
102.099 38.8984 16.8096 23.0989 17.2364
102.199 38.8484 16.8333 23.1066 17.2127
102.299 38.7984 16.857 23.1142 17.189
102.399 38.7485 16.8807 23.1217 17.1653
102.499 38.6985 16.9044 23.1292 17.1416
102.599 38.6485 16.9281 23.1366 17.1179
102.699 38.5985 16.9517 23.144 17.0943
102.799 38.5485 16.9754 23.1513 17.0706
102.899 38.4986 16.999 23.1585 17.047
102.999 38.4486 17.0227 23.1657 17.0233
103.099 38.3986 17.0463 23.1728 16.9997
103.199 38.3486 17.0699 23.1799 16.9761
103.299 38.2987 17.0935 23.1869 16.9525
103.399 38.2487 17.1171 23.1939 16.9289
103.499 38.1987 17.1407 23.2007 16.9053
103.599 38.1487 17.1643 23.2076 16.8817
103.699 38.0987 17.1879 23.2143 16.8582
103.799 38.0488 17.2114 23.221 16.8346
103.899 37.9988 17.235 23.2277 16.811
103.999 37.9488 17.2585 23.2343 16.7875
104.099 37.8988 17.282 23.2408 16.764
104.199 37.8489 17.3056 23.2473 16.7405
104.299 37.7989 17.3291 23.2537 16.7169
104.399 37.7489 17.3526 23.26 16.6935
104.499 37.6989 17.3761 23.2663 16.67
104.599 37.649 17.3995 23.2725 16.6465
104.699 37.599 17.423 23.2786 16.623
104.799 37.549 17.4464 23.2847 16.5996
104.899 37.499 17.4699 23.2908 16.5761
104.999 37.4491 17.4933 23.2967 16.5527
105.099 37.3991 17.5167 23.3026 16.5293
105.199 37.3491 17.5402 23.3085 16.5059
105.299 37.2991 17.5636 23.3143 16.4825
105.399 37.2492 17.5869 23.32 16.4591
105.499 37.1992 17.6103 23.3257 16.4357
105.599 37.1492 17.6337 23.3312 16.4123
105.699 37.0992 17.657 23.3368 16.389
105.799 37.0493 17.6804 23.3422 16.3656
105.899 36.9993 17.7037 23.3476 16.3423
105.999 36.9493 17.727 23.353 16.319
106.099 36.8993 17.7504 23.3583 16.2957
106.199 36.8494 17.7736 23.3635 16.2724
106.299 36.7994 17.7969 23.3686 16.2491
106.399 36.7494 17.8202 23.3737 16.2258
106.499 36.6994 17.8435 23.3787 16.2025
106.599 36.6495 17.8667 23.3837 16.1793
106.699 36.5995 17.89 23.3886 16.1561
106.799 36.5495 17.9132 23.3934 16.1328
106.899 36.4996 17.9364 23.3981 16.1096
106.999 36.4496 17.9596 23.4028 16.0864
107.099 36.3996 17.9828 23.4075 16.0632
107.199 36.3496 18.006 23.412 16.0401
107.299 36.2997 18.0291 23.4165 16.0169
107.399 36.2497 18.0523 23.421 15.9937
107.499 36.1997 18.0754 23.4253 15.9706
107.599 36.1498 18.0985 23.4296 15.9475
107.699 36.0998 18.1216 23.4339 15.9244
107.799 36.0498 18.1447 23.438 15.9013
107.899 35.9998 18.1678 23.4421 15.8782
107.999 35.9499 18.1909 23.4462 15.8551
108.099 35.8999 18.214 23.4501 15.832
108.199 35.8499 18.237 23.454 15.809
108.299 35.8 18.2601 23.4579 15.786
108.399 35.75 18.2831 23.4616 15.7629
108.499 35.7 18.3061 23.4653 15.7399
108.599 35.6501 18.3291 23.469 15.7169
108.699 35.6001 18.3521 23.4725 15.694
108.799 35.5501 18.375 23.476 15.671
108.899 35.5001 18.398 23.4794 15.648
108.999 35.4502 18.4209 23.4828 15.6251
109.099 35.4002 18.4438 23.4861 15.6022
109.199 35.3502 18.4668 23.4893 15.5793
109.299 35.3003 18.4897 23.4925 15.5564
109.399 35.2503 18.5125 23.4956 15.5335
109.499 35.2003 18.5354 23.4986 15.5106
109.599 35.1504 18.5583 23.5015 15.4878
109.699 35.1004 18.5811 23.5044 15.4649
109.799 35.0504 18.6039 23.5072 15.4421
109.899 35.0005 18.6267 23.5099 15.4193
109.999 34.9505 18.6495 23.5126 15.3965
110.099 34.9005 18.6723 23.5152 15.3737
110.199 34.8506 18.6951 23.5177 15.3509
110.299 34.8006 18.7179 23.5202 15.3282
110.399 34.7506 18.7406 23.5226 15.3054
110.499 34.7007 18.7633 23.5249 15.2827
110.599 34.6507 18.786 23.5271 15.26
110.699 34.6007 18.8087 23.5293 15.2373
110.799 34.5508 18.8314 23.5314 15.2146
110.899 34.5008 18.8541 23.5334 15.1919
110.999 34.4508 18.8767 23.5354 15.1693
111.099 34.4009 18.8994 23.5373 15.1467
111.199 34.3509 18.922 23.5391 15.124
111.299 34.3009 18.9446 23.5408 15.1014
111.399 34.251 18.9672 23.5425 15.0788
111.499 34.201 18.9898 23.5441 15.0563
111.599 34.151 19.0123 23.5456 15.0337
111.699 34.1011 19.0349 23.5471 15.0112
111.799 34.0511 19.0574 23.5485 14.9886
111.899 34.0011 19.0799 23.5498 14.9661
111.999 33.9512 19.1024 23.551 14.9436
112.099 33.9012 19.1249 23.5522 14.9211
112.199 33.8512 19.1473 23.5532 14.8987
112.299 33.8013 19.1698 23.5543 14.8762
112.399 33.7513 19.1922 23.5552 14.8538
112.499 33.7014 19.2146 23.5561 14.8314
112.599 33.6514 19.237 23.5568 14.809
112.699 33.6014 19.2594 23.5576 14.7866
112.799 33.5515 19.2818 23.5582 14.7642
112.899 33.5015 19.3041 23.5588 14.7419
112.999 33.4515 19.3265 23.5593 14.7195
113.099 33.4016 19.3488 23.5597 14.6972
113.199 33.3516 19.3711 23.56 14.6749
113.299 33.3017 19.3934 23.5603 14.6526
113.399 33.2517 19.4156 23.5605 14.6304
113.499 33.2017 19.4379 23.5606 14.6081
113.599 33.1518 19.4601 23.5606 14.5859
113.699 33.1018 19.4823 23.5606 14.5637
113.799 33.0518 19.5045 23.5605 14.5415
113.899 33.0019 19.5267 23.5603 14.5193
113.999 32.9519 19.5489 23.56 14.4971
114.099 32.902 19.571 23.5597 14.475
114.199 32.852 19.5932 23.5593 14.4528
114.299 32.802 19.6153 23.5588 14.4307
114.399 32.7521 19.6374 23.5582 14.4086
114.499 32.7021 19.6595 23.5575 14.3866
114.599 32.6522 19.6815 23.5568 14.3645
114.699 32.6022 19.7036 23.556 14.3424
114.799 32.5522 19.7256 23.5551 14.3204
114.899 32.5023 19.7476 23.5541 14.2984
114.999 32.4523 19.7696 23.5531 14.2764
115.099 32.4024 19.7916 23.552 14.2544
115.199 32.3524 19.8135 23.5508 14.2325
115.299 32.3024 19.8355 23.5495 14.2106
115.399 32.2525 19.8574 23.5481 14.1886
115.499 32.2025 19.8793 23.5467 14.1667
115.599 32.1526 19.9012 23.5452 14.1449
115.699 32.1026 19.923 23.5436 14.123
115.799 32.0526 19.9449 23.5419 14.1011
115.899 32.0027 19.9667 23.5402 14.0793
115.999 31.9527 19.9885 23.5383 14.0575
116.099 31.9028 20.0103 23.5364 14.0357
116.199 31.8528 20.0321 23.5344 14.0139
116.299 31.8028 20.0538 23.5323 13.9922
116.399 31.7529 20.0756 23.5302 13.9705
116.499 31.7029 20.0973 23.5279 13.9487
116.599 31.653 20.119 23.5256 13.927
116.699 31.603 20.1406 23.5232 13.9054
116.799 31.5531 20.1623 23.5207 13.8837
116.899 31.5031 20.1839 23.5181 13.8621
116.999 31.4531 20.2056 23.5155 13.8405
117.099 31.4032 20.2272 23.5128 13.8188
117.199 31.3532 20.2487 23.5099 13.7973
117.299 31.3033 20.2703 23.507 13.7757
117.399 31.2533 20.2919 23.5041 13.7542
117.499 31.2034 20.3134 23.501 13.7326
117.599 31.1534 20.3349 23.4979 13.7111
117.699 31.1034 20.3564 23.4946 13.6896
117.799 31.0535 20.3778 23.4913 13.6682
117.899 31.0035 20.3993 23.4879 13.6467
117.999 30.9536 20.4207 23.4844 13.6253
118.099 30.9036 20.4421 23.4809 13.6039
118.199 30.8537 20.4635 23.4772 13.5825
118.299 30.8037 20.4849 23.4735 13.5612
118.399 30.7538 20.5062 23.4697 13.5398
118.499 30.7038 20.5275 23.4658 13.5185
118.599 30.6539 20.5488 23.4618 13.4972
118.699 30.6039 20.5701 23.4577 13.4759
118.799 30.5539 20.5914 23.4535 13.4546
118.899 30.504 20.6126 23.4493 13.4334
118.999 30.454 20.6339 23.445 13.4122
119.099 30.4041 20.6551 23.4406 13.391
119.199 30.3541 20.6762 23.4361 13.3698
119.299 30.3042 20.6974 23.4315 13.3486
119.399 30.2542 20.7185 23.4268 13.3275
119.499 30.2043 20.7397 23.422 13.3064
119.599 30.1543 20.7608 23.4172 13.2853
119.699 30.1044 20.7818 23.4122 13.2642
119.799 30.0544 20.8029 23.4072 13.2431
119.899 30.0045 20.8239 23.4021 13.2221
119.999 29.9545 20.8449 23.3969 13.2011
120.099 29.9045 20.8659 23.3916 13.1801
120.199 29.8546 20.8869 23.3862 13.1591
120.299 29.8046 20.9079 23.3808 13.1381
120.399 29.7547 20.9288 23.3752 13.1172
120.499 29.7047 20.9497 23.3696 13.0963
120.599 29.6548 20.9706 23.3639 13.0754
120.699 29.6048 20.9915 23.3581 13.0546
120.799 29.5549 21.0123 23.3521 13.0337
120.899 29.5049 21.0331 23.3461 13.0129
120.999 29.455 21.0539 23.3401 12.9921
121.099 29.405 21.0747 23.3339 12.9713
121.199 29.3551 21.0955 23.3276 12.9506
121.299 29.3051 21.1162 23.3213 12.9298
121.399 29.2552 21.1369 23.3148 12.9091
121.499 29.2052 21.1576 23.3083 12.8884
121.599 29.1553 21.1783 23.3017 12.8677
121.699 29.1053 21.1989 23.2949 12.8471
121.799 29.0554 21.2195 23.2881 12.8265
121.899 29.0054 21.2401 23.2812 12.8059
121.999 28.9555 21.2607 23.2742 12.7853
122.099 28.9055 21.2813 23.2672 12.7647
122.199 28.8556 21.3018 23.26 12.7442
122.299 28.8056 21.3223 23.2527 12.7237
122.399 28.7557 21.3428 23.2453 12.7032
122.499 28.7057 21.3633 23.2379 12.6827
122.599 28.6558 21.3837 23.2303 12.6623
122.699 28.6058 21.4042 23.2227 12.6419
122.799 28.5559 21.4246 23.215 12.6215
122.899 28.5059 21.4449 23.2072 12.6011
122.999 28.456 21.4653 23.1992 12.5807
123.099 28.406 21.4856 23.1912 12.5604
123.199 28.3561 21.5059 23.1831 12.5401
123.299 28.3061 21.5262 23.1749 12.5198
123.399 28.2562 21.5465 23.1666 12.4995
123.499 28.2062 21.5667 23.1582 12.4793
123.599 28.1563 21.5869 23.1497 12.4591
123.699 28.1063 21.6071 23.1412 12.4389
123.799 28.0564 21.6273 23.1325 12.4187
123.899 28.0065 21.6474 23.1237 12.3986
123.999 27.9565 21.6675 23.1149 12.3785
124.099 27.9066 21.6876 23.1059 12.3584
124.199 27.8566 21.7077 23.0968 12.3383
124.299 27.8067 21.7278 23.0877 12.3183
124.399 27.7567 21.7478 23.0784 12.2982
124.499 27.7068 21.7678 23.0691 12.2782
124.599 27.6568 21.7878 23.0597 12.2583
124.699 27.6069 21.8077 23.0501 12.2383
124.799 27.5569 21.8276 23.0405 12.2184
124.899 27.507 21.8475 23.0308 12.1985
124.999 27.457 21.8674 23.0209 12.1786
125.099 27.4071 21.8873 23.011 12.1587
125.199 27.3571 21.9071 23.001 12.1389
125.299 27.3072 21.9269 22.9908 12.1191
125.399 27.2573 21.9467 22.9806 12.0993
125.499 27.2073 21.9665 22.9703 12.0796
125.599 27.1574 21.9862 22.9599 12.0598
125.699 27.1074 22.0059 22.9494 12.0401
125.799 27.0575 22.0256 22.9388 12.0204
125.899 27.0075 22.0452 22.928 12.0008
125.999 26.9576 22.0649 22.9172 11.9811
126.099 26.9076 22.0845 22.9063 11.9615
126.199 26.8577 22.1041 22.8953 11.9419
126.299 26.8078 22.1236 22.8842 11.9224
126.399 26.7578 22.1432 22.873 11.9028
126.499 26.7079 22.1627 22.8616 11.8833
126.599 26.6579 22.1822 22.8502 11.8638
126.699 26.608 22.2016 22.8387 11.8444
126.799 26.558 22.2211 22.8271 11.825
126.899 26.5081 22.2405 22.8154 11.8055
126.999 26.4581 22.2599 22.8035 11.7862
127.099 26.4082 22.2792 22.7916 11.7668
127.199 26.3583 22.2985 22.7796 11.7475
127.299 26.3083 22.3178 22.7675 11.7282
127.399 26.2584 22.3371 22.7552 11.7089
127.499 26.2084 22.3564 22.7429 11.6896
127.599 26.1585 22.3756 22.7305 11.6704
127.699 26.1085 22.3948 22.7179 11.6512
127.799 26.0586 22.414 22.7053 11.632
127.899 26.0087 22.4331 22.6926 11.6129
127.999 25.9587 22.4523 22.6797 11.5937
128.099 25.9088 22.4714 22.6668 11.5746
128.199 25.8588 22.4904 22.6537 11.5556
128.299 25.8089 22.5095 22.6405 11.5365
128.399 25.7589 22.5285 22.6273 11.5175
128.499 25.709 22.5475 22.6139 11.4985
128.599 25.6591 22.5665 22.6004 11.4795
128.699 25.6091 22.5854 22.5869 11.4606
128.799 25.5592 22.6043 22.5732 11.4417
128.899 25.5092 22.6232 22.5594 11.4228
128.999 25.4593 22.6421 22.5455 11.4039
129.099 25.4093 22.6609 22.5315 11.3851
129.199 25.3594 22.6798 22.5174 11.3663
129.299 25.3094 22.6985 22.5032 11.3475
129.399 25.2595 22.7173 22.4889 11.3287
129.499 25.2096 22.736 22.4744 11.31
129.599 25.1596 22.7547 22.4599 11.2913
129.699 25.1097 22.7734 22.4453 11.2726
129.799 25.0597 22.7921 22.4305 11.254
129.899 25.0098 22.8107 22.4157 11.2353
129.999 24.9598 22.8293 22.4007 11.2167
130.099 24.9099 22.8478 22.3856 11.1982
130.199 24.8599 22.8664 22.3705 11.1796
130.299 24.81 22.8849 22.3552 11.1611
130.399 24.7601 22.9034 22.3398 11.1426
130.499 24.7101 22.9218 22.3243 11.1242
130.599 24.6602 22.9403 22.3087 11.1057
130.699 24.6102 22.9587 22.293 11.0873
130.799 24.5603 22.977 22.2771 11.069
130.899 24.5104 22.9954 22.2612 11.0506
130.999 24.4604 23.0137 22.2451 11.0323
131.099 24.4105 23.032 22.229 11.014
131.199 24.3605 23.0503 22.2127 10.9957
131.299 24.3106 23.0685 22.1964 10.9775
131.399 24.2606 23.0867 22.1799 10.9593
131.499 24.2107 23.1049 22.1633 10.9411
131.599 24.1608 23.1231 22.1466 10.923
131.699 24.1108 23.1412 22.1297 10.9048
131.799 24.0609 23.1593 22.1128 10.8867
131.899 24.0109 23.1773 22.0958 10.8687
131.999 23.961 23.1954 22.0786 10.8506
132.099 23.9111 23.2134 22.0614 10.8326
132.199 23.8611 23.2314 22.044 10.8146
132.299 23.8112 23.2493 22.0265 10.7967
132.399 23.7612 23.2673 22.0089 10.7788
132.499 23.7113 23.2852 21.9912 10.7609
132.599 23.6614 23.303 21.9734 10.743
132.699 23.6114 23.3209 21.9554 10.7251
132.799 23.5615 23.3387 21.9374 10.7073
132.899 23.5115 23.3565 21.9192 10.6896
132.999 23.4616 23.3742 21.9009 10.6718
133.099 23.4117 23.3919 21.8825 10.6541
133.199 23.3617 23.4096 21.864 10.6364
133.299 23.3118 23.4273 21.8454 10.6187
133.399 23.2618 23.4449 21.8267 10.6011
133.499 23.2119 23.4626 21.8078 10.5835
133.599 23.162 23.4801 21.7889 10.5659
133.699 23.112 23.4977 21.7698 10.5483
133.799 23.0621 23.5152 21.7506 10.5308
133.899 23.0121 23.5327 21.7313 10.5133
133.999 22.9622 23.5502 21.7119 10.4959
134.099 22.9123 23.5676 21.6923 10.4784
134.199 22.8623 23.585 21.6727 10.461
134.299 22.8124 23.6024 21.6529 10.4436
134.399 22.7624 23.6197 21.633 10.4263
134.499 22.7125 23.637 21.613 10.409
134.599 22.6626 23.6543 21.5929 10.3917
134.699 22.6126 23.6716 21.5727 10.3744
134.799 22.5627 23.6888 21.5523 10.3572
134.899 22.5128 23.706 21.5319 10.34
134.999 22.4628 23.7232 21.5113 10.3228
135.099 22.4129 23.7403 21.4906 10.3057
135.199 22.3629 23.7574 21.4698 10.2886
135.299 22.313 23.7745 21.4488 10.2715
135.399 22.2631 23.7915 21.4278 10.2545
135.499 22.2131 23.8086 21.4066 10.2375
135.599 22.1632 23.8255 21.3853 10.2205
135.699 22.1133 23.8425 21.3639 10.2035
135.799 22.0633 23.8594 21.3424 10.1866
135.899 22.0134 23.8763 21.3207 10.1697
135.999 21.9635 23.8932 21.299 10.1528
136.099 21.9135 23.91 21.2771 10.136
136.199 21.8636 23.9268 21.2551 10.1192
136.299 21.8136 23.9436 21.2329 10.1024
136.399 21.7637 23.9603 21.2107 10.0857
136.499 21.7138 23.9771 21.1883 10.069
136.599 21.6638 23.9937 21.1658 10.0523
136.699 21.6139 24.0104 21.1432 10.0356
136.799 21.564 24.027 21.1205 10.019
136.899 21.514 24.0436 21.0977 10.0024
136.999 21.4641 24.0602 21.0747 9.98586
137.099 21.4142 24.0767 21.0516 9.96934
137.199 21.3642 24.0932 21.0284 9.95284
137.299 21.3143 24.1096 21.0051 9.93638
137.399 21.2644 24.1261 20.9816 9.91994
137.499 21.2144 24.1425 20.958 9.90354
137.599 21.1645 24.1588 20.9343 9.88717
137.699 21.1146 24.1752 20.9105 9.87083
137.799 21.0646 24.1915 20.8866 9.85452
137.899 21.0147 24.2078 20.8625 9.83824
137.999 20.9648 24.224 20.8383 9.82199
138.099 20.9148 24.2402 20.814 9.80578
138.199 20.8649 24.2564 20.7896 9.78959
138.299 20.815 24.2726 20.765 9.77344
138.399 20.765 24.2887 20.7404 9.75732
138.499 20.7151 24.3048 20.7156 9.74123
138.599 20.6652 24.3208 20.6906 9.72518
138.699 20.6152 24.3369 20.6656 9.70915
138.799 20.5653 24.3529 20.6404 9.69316
138.899 20.5154 24.3688 20.6151 9.6772
138.999 20.4654 24.3847 20.5897 9.66127
139.099 20.4155 24.4006 20.5642 9.64537
139.199 20.3656 24.4165 20.5385 9.6295
139.299 20.3156 24.4323 20.5127 9.61367
139.399 20.2657 24.4481 20.4868 9.59787
139.499 20.2158 24.4639 20.4608 9.5821
139.599 20.1658 24.4797 20.4346 9.56636
139.699 20.1159 24.4954 20.4083 9.55066
139.799 20.066 24.511 20.3819 9.53498
139.899 20.016 24.5267 20.3553 9.51934
139.999 19.9661 24.5423 20.3287 9.50374
140.099 19.9162 24.5579 20.3019 9.48816
140.199 19.8662 24.5734 20.2749 9.47262
140.299 19.8163 24.5889 20.2479 9.45711
140.399 19.7664 24.6044 20.2207 9.44163
140.499 19.7164 24.6198 20.1934 9.42618
140.599 19.6665 24.6352 20.166 9.41077
140.699 19.6166 24.6506 20.1384 9.39539
140.799 19.5666 24.666 20.1108 9.38005
140.899 19.5167 24.6813 20.0829 9.36473
140.999 19.4668 24.6966 20.055 9.34945
141.099 19.4169 24.7118 20.027 9.3342
141.199 19.3669 24.727 19.9988 9.31899
141.299 19.317 24.7422 19.9704 9.3038
141.399 19.2671 24.7574 19.942 9.28865
141.499 19.2171 24.7725 19.9134 9.27354
141.599 19.1672 24.7876 19.8847 9.25845
141.699 19.1173 24.8026 19.8559 9.2434
141.799 19.0673 24.8176 19.8269 9.22839
141.899 19.0174 24.8326 19.7978 9.2134
141.999 18.9675 24.8476 19.7686 9.19845
142.099 18.9176 24.8625 19.7393 9.18354
142.199 18.8676 24.8774 19.7098 9.16865
142.299 18.8177 24.8922 19.6802 9.1538
142.399 18.7678 24.907 19.6505 9.13899
142.499 18.7178 24.9218 19.6206 9.1242
142.6 18.6679 24.9366 19.5906 9.10945
142.7 18.618 24.9513 19.5605 9.09474
142.8 18.568 24.966 19.5303 9.08005
142.9 18.5181 24.9806 19.4999 9.06541
143 18.4682 24.9952 19.4694 9.05079
143.1 18.4183 25.0098 19.4387 9.03621
143.2 18.3683 25.0244 19.408 9.02166
143.3 18.3184 25.0389 19.3771 9.00715
143.4 18.2685 25.0533 19.346 8.99267
143.5 18.2185 25.0678 19.3149 8.97823
143.6 18.1686 25.0822 19.2836 8.96382
143.7 18.1187 25.0966 19.2522 8.94944
143.8 18.0688 25.1109 19.2206 8.9351
143.9 18.0188 25.1252 19.1889 8.92079
144 17.9689 25.1395 19.1571 8.90651
144.1 17.919 25.1537 19.1252 8.89227
144.2 17.8691 25.1679 19.0931 8.87807
144.3 17.8191 25.1821 19.0609 8.86389
144.4 17.7692 25.1963 19.0286 8.84976
144.5 17.7193 25.2104 18.9961 8.83565
144.6 17.6693 25.2244 18.9635 8.82159
144.7 17.6194 25.2385 18.9308 8.80755
144.8 17.5695 25.2525 18.8979 8.79355
144.9 17.5196 25.2664 18.8649 8.77959
145 17.4696 25.2804 18.8318 8.76566
145.1 17.4197 25.2943 18.7985 8.75176
145.2 17.3698 25.3081 18.7651 8.7379
145.3 17.3199 25.3219 18.7316 8.72408
145.4 17.2699 25.3357 18.6979 8.71028
145.5 17.22 25.3495 18.6642 8.69653
145.6 17.1701 25.3632 18.6302 8.68281
145.7 17.1201 25.3769 18.5962 8.66912
145.8 17.0702 25.3905 18.562 8.65547
145.9 17.0203 25.4042 18.5277 8.64185
146 16.9704 25.4177 18.4932 8.62827
146.1 16.9204 25.4313 18.4586 8.61472
146.2 16.8705 25.4448 18.4239 8.60121
146.3 16.8206 25.4583 18.3891 8.58774
146.4 16.7707 25.4717 18.3541 8.5743
146.5 16.7207 25.4851 18.319 8.56089
146.6 16.6708 25.4985 18.2837 8.54752
146.7 16.6209 25.5118 18.2483 8.53419
146.8 16.571 25.5251 18.2128 8.52089
146.9 16.521 25.5384 18.1772 8.50762
147 16.4711 25.5516 18.1414 8.49439
147.1 16.4212 25.5648 18.1055 8.4812
147.2 16.3713 25.578 18.0694 8.46804
147.3 16.3213 25.5911 18.0332 8.45492
147.4 16.2714 25.6042 17.9969 8.44183
147.5 16.2215 25.6172 17.9604 8.42878
147.6 16.1716 25.6302 17.9239 8.41577
147.7 16.1216 25.6432 17.8871 8.40279
147.8 16.0717 25.6562 17.8503 8.38985
147.9 16.0218 25.6691 17.8133 8.37694
148 15.9719 25.6819 17.7762 8.36407
148.1 15.9219 25.6948 17.7389 8.35123
148.2 15.872 25.7076 17.7015 8.33843
148.3 15.8221 25.7203 17.664 8.32567
148.4 15.7722 25.7331 17.6263 8.31294
148.5 15.7222 25.7458 17.5885 8.30025
148.6 15.6723 25.7584 17.5506 8.28759
148.7 15.6224 25.771 17.5126 8.27497
148.8 15.5725 25.7836 17.4744 8.26239
148.9 15.5226 25.7962 17.436 8.24984
149 15.4726 25.8087 17.3976 8.23733
149.1 15.4227 25.8212 17.359 8.22486
149.2 15.3728 25.8336 17.3202 8.21242
149.3 15.3229 25.846 17.2814 8.20002
149.4 15.2729 25.8584 17.2424 8.18765
149.5 15.223 25.8707 17.2032 8.17532
149.6 15.1731 25.883 17.164 8.16303
149.7 15.1232 25.8952 17.1246 8.15077
149.8 15.0732 25.9075 17.085 8.13855
149.9 15.0233 25.9196 17.0454 8.12637
150 14.9734 25.9318 17.0055 8.11422
150.1 14.9235 25.9439 16.9656 8.10211
150.2 14.8736 25.956 16.9255 8.09004
150.3 14.8236 25.968 16.8853 8.07801
150.4 14.7737 25.98 16.845 8.06601
150.5 14.7238 25.992 16.8045 8.05404
150.6 14.6739 26.0039 16.7639 8.04212
150.7 14.6239 26.0158 16.7231 8.03023
150.8 14.574 26.0276 16.6823 8.01838
150.9 14.5241 26.0395 16.6412 8.00656
151 14.4742 26.0512 16.6001 7.99478
151.1 14.4243 26.063 16.5588 7.98304
151.2 14.3743 26.0747 16.5174 7.97134
151.3 14.3244 26.0863 16.4758 7.95967
151.4 14.2745 26.098 16.4341 7.94804
151.5 14.2246 26.1096 16.3923 7.93645
151.6 14.1746 26.1211 16.3504 7.92489
151.7 14.1247 26.1326 16.3083 7.91338
151.8 14.0748 26.1441 16.2661 7.90189
151.9 14.0249 26.1556 16.2237 7.89045
152 13.975 26.167 16.1812 7.87905
152.1 13.925 26.1783 16.1386 7.86768
152.2 13.8751 26.1897 16.0958 7.85635
152.3 13.8252 26.201 16.0529 7.84505
152.4 13.7753 26.2122 16.0099 7.83379
152.5 13.7254 26.2234 15.9668 7.82258
152.6 13.6754 26.2346 15.9235 7.81139
152.7 13.6255 26.2458 15.88 7.80025
152.8 13.5756 26.2569 15.8365 7.78914
152.9 13.5257 26.2679 15.7928 7.77808
153 13.4758 26.279 15.749 7.76705
153.1 13.4258 26.29 15.705 7.75605
153.2 13.3759 26.3009 15.6609 7.7451
153.3 13.326 26.3118 15.6167 7.73418
153.4 13.2761 26.3227 15.5723 7.7233
153.5 13.2262 26.3336 15.5278 7.71246
153.6 13.1762 26.3444 15.4832 7.70165
153.7 13.1263 26.3551 15.4385 7.69089
153.8 13.0764 26.3659 15.3936 7.68016
153.9 13.0265 26.3765 15.3485 7.66947
154 12.9766 26.3872 15.3034 7.65882
154.1 12.9266 26.3978 15.2581 7.6482
154.2 12.8767 26.4084 15.2127 7.63763
154.3 12.8268 26.4189 15.1671 7.62709
154.4 12.7769 26.4294 15.1215 7.61659
154.5 12.727 26.4399 15.0756 7.60613
154.6 12.677 26.4503 15.0297 7.59571
154.7 12.6271 26.4607 14.9836 7.58532
154.8 12.5772 26.471 14.9374 7.57497
154.9 12.5273 26.4813 14.8911 7.56467
155 12.4774 26.4916 14.8446 7.5544
155.1 12.4274 26.5019 14.798 7.54416
155.2 12.3775 26.512 14.7513 7.53397
155.3 12.3276 26.5222 14.7044 7.52382
155.4 12.2777 26.5323 14.6574 7.5137
155.5 12.2278 26.5424 14.6103 7.50362
155.6 12.1779 26.5524 14.563 7.49358
155.7 12.1279 26.5624 14.5157 7.48358
155.8 12.078 26.5724 14.4681 7.47362
155.9 12.0281 26.5823 14.4205 7.46369
156 11.9782 26.5922 14.3727 7.45381
156.1 11.9283 26.6021 14.3248 7.44396
156.2 11.8783 26.6119 14.2768 7.43416
156.3 11.8284 26.6216 14.2286 7.42439
156.4 11.7785 26.6314 14.1803 7.41466
156.5 11.7286 26.641 14.1319 7.40497
156.6 11.6787 26.6507 14.0834 7.39531
156.7 11.6288 26.6603 14.0347 7.3857
156.8 11.5788 26.6699 13.9859 7.37612
156.9 11.5289 26.6794 13.937 7.36659
157 11.479 26.6889 13.8879 7.35709
157.1 11.4291 26.6984 13.8387 7.34763
157.2 11.3792 26.7078 13.7894 7.33821
157.3 11.3293 26.7172 13.7399 7.32883
157.4 11.2793 26.7265 13.6904 7.31949
157.5 11.2294 26.7358 13.6407 7.31019
157.6 11.1795 26.7451 13.5908 7.30093
157.7 11.1296 26.7543 13.5409 7.29171
157.8 11.0797 26.7635 13.4908 7.28252
157.9 11.0298 26.7726 13.4406 7.27338
158 10.9798 26.7817 13.3903 7.26427
158.1 10.9299 26.7908 13.3398 7.2552
158.2 10.88 26.7998 13.2893 7.24618
158.3 10.8301 26.8088 13.2385 7.23719
158.4 10.7802 26.8178 13.1877 7.22824
158.5 10.7302 26.8267 13.1368 7.21933
158.6 10.6803 26.8356 13.0857 7.21046
158.7 10.6304 26.8444 13.0345 7.20163
158.8 10.5805 26.8532 12.9832 7.19284
158.9 10.5306 26.8619 12.9317 7.18409
159.001 10.4807 26.8706 12.8801 7.17538
159.101 10.4308 26.8793 12.8284 7.1667
159.201 10.3808 26.8879 12.7766 7.15807
159.301 10.3309 26.8965 12.7247 7.14948
159.401 10.281 26.9051 12.6726 7.14092
159.501 10.2311 26.9136 12.6204 7.13241
159.601 10.1812 26.9221 12.5681 7.12393
159.701 10.1313 26.9305 12.5157 7.1155
159.801 10.0813 26.9389 12.4631 7.1071
159.901 10.0314 26.9473 12.4105 7.09875
160.001 9.98151 26.9556 12.3577 7.09043
160.101 9.93159 26.9639 12.3047 7.08216
160.201 9.88168 26.9721 12.2517 7.07392
160.301 9.83176 26.9803 12.1986 7.06572
160.401 9.78185 26.9884 12.1453 7.05757
160.501 9.73193 26.9966 12.0919 7.04945
160.601 9.68201 27.0046 12.0384 7.04137
160.701 9.6321 27.0127 11.9848 7.03334
160.801 9.58218 27.0207 11.931 7.02534
160.901 9.53227 27.0286 11.8771 7.01738
161.001 9.48235 27.0365 11.8232 7.00947
161.101 9.43244 27.0444 11.7691 7.00159
161.201 9.38252 27.0523 11.7148 6.99375
161.301 9.33261 27.0601 11.6605 6.98596
161.401 9.28269 27.0678 11.6061 6.9782
161.501 9.23278 27.0755 11.5515 6.97048
161.601 9.18286 27.0832 11.4968 6.96281
161.701 9.13295 27.0908 11.442 6.95517
161.801 9.08303 27.0984 11.3871 6.94758
161.901 9.03312 27.106 11.3321 6.94002
162.001 8.9832 27.1135 11.2769 6.93251
162.101 8.93329 27.121 11.2217 6.92503
162.201 8.88338 27.1284 11.1663 6.9176
162.301 8.83346 27.1358 11.1108 6.9102
162.401 8.78355 27.1432 11.0552 6.90285
162.501 8.73363 27.1505 10.9995 6.89553
162.601 8.68372 27.1578 10.9437 6.88826
162.701 8.6338 27.165 10.8878 6.88103
162.801 8.58389 27.1722 10.8317 6.87383
162.901 8.53397 27.1793 10.7756 6.86668
163.001 8.48406 27.1864 10.7193 6.85957
163.101 8.43415 27.1935 10.663 6.8525
163.201 8.38423 27.2005 10.6065 6.84547
163.301 8.33432 27.2075 10.5499 6.83848
163.401 8.2844 27.2145 10.4932 6.83153
163.501 8.23449 27.2214 10.4364 6.82462
163.601 8.18458 27.2283 10.3795 6.81775
163.701 8.13466 27.2351 10.3225 6.81092
163.801 8.08475 27.2419 10.2653 6.80414
163.901 8.03483 27.2486 10.2081 6.79739
164.001 7.98492 27.2553 10.1507 6.79068
164.101 7.93501 27.262 10.0933 6.78402
164.201 7.88509 27.2686 10.0357 6.77739
164.301 7.83518 27.2752 9.97809 6.77081
164.401 7.78527 27.2817 9.92033 6.76427
164.501 7.73535 27.2882 9.86246 6.75777
164.601 7.68544 27.2947 9.80449 6.7513
164.701 7.63553 27.3011 9.74642 6.74488
164.801 7.58561 27.3075 9.68824 6.7385
164.901 7.5357 27.3139 9.62996 6.73216
165.001 7.48579 27.3201 9.57159 6.72587
165.101 7.43587 27.3264 9.51311 6.71961
165.201 7.38596 27.3326 9.45452 6.71339
165.301 7.33605 27.3388 9.39584 6.70722
165.401 7.28613 27.3449 9.33706 6.70108
165.501 7.23622 27.351 9.27818 6.69499
165.601 7.18631 27.3571 9.2192 6.68894
165.701 7.13639 27.3631 9.16012 6.68293
165.801 7.08648 27.3691 9.10095 6.67696
165.901 7.03657 27.375 9.04168 6.67103
166.001 6.98666 27.3809 8.98231 6.66514
166.101 6.93674 27.3867 8.92284 6.65929
166.201 6.88683 27.3925 8.86328 6.65349
166.301 6.83692 27.3983 8.80362 6.64772
166.401 6.787 27.404 8.74387 6.642
166.501 6.73709 27.4097 8.68402 6.63631
166.601 6.68718 27.4153 8.62408 6.63067
166.701 6.63727 27.4209 8.56405 6.62507
166.801 6.58735 27.4265 8.50392 6.61951
166.901 6.53744 27.432 8.44371 6.614
167.001 6.48753 27.4375 8.3834 6.60852
167.101 6.43762 27.4429 8.32299 6.60308
167.201 6.3877 27.4483 8.2625 6.59769
167.301 6.33779 27.4537 8.20192 6.59234
167.401 6.28788 27.459 8.14125 6.58703
167.501 6.23797 27.4643 8.08049 6.58176
167.601 6.18805 27.4695 8.01964 6.57653
167.701 6.13814 27.4747 7.95871 6.57134
167.801 6.08823 27.4798 7.89768 6.56619
167.901 6.03832 27.4849 7.83657 6.56109
168.001 5.98841 27.49 7.77538 6.55602
168.101 5.93849 27.495 7.71409 6.551
168.201 5.88858 27.5 7.65273 6.54602
168.301 5.83867 27.5049 7.59127 6.54108
168.401 5.78876 27.5098 7.52974 6.53619
168.501 5.73884 27.5147 7.46812 6.53133
168.601 5.68893 27.5195 7.40642 6.52651
168.701 5.63902 27.5243 7.34464 6.52174
168.801 5.58911 27.529 7.28277 6.51701
168.901 5.5392 27.5337 7.22083 6.51232
169.001 5.48929 27.5383 7.1588 6.50767
169.101 5.43937 27.543 7.09669 6.50306
169.201 5.38946 27.5475 7.03451 6.4985
169.301 5.33955 27.552 6.97225 6.49397
169.401 5.28964 27.5565 6.9099 6.48949
169.501 5.23973 27.561 6.84749 6.48505
169.601 5.18981 27.5654 6.78499 6.48065
169.701 5.1399 27.5697 6.72242 6.4763
169.801 5.08999 27.574 6.65977 6.47198
169.901 5.04008 27.5783 6.59705 6.46771
170.001 4.99017 27.5825 6.53426 6.46347
170.101 4.94026 27.5867 6.47139 6.45928
170.201 4.89035 27.5909 6.40844 6.45513
170.301 4.84043 27.595 6.34543 6.45103
170.401 4.79052 27.5991 6.28234 6.44696
170.501 4.74061 27.6031 6.21919 6.44294
170.601 4.6907 27.6071 6.15596 6.43896
170.701 4.64079 27.611 6.09266 6.43501
170.801 4.59088 27.6149 6.0293 6.43112
170.901 4.54097 27.6188 5.96586 6.42726
171.001 4.49105 27.6226 5.90236 6.42344
171.101 4.44114 27.6263 5.83879 6.41967
171.201 4.39123 27.6301 5.77516 6.41594
171.301 4.34132 27.6338 5.71145 6.41225
171.401 4.29141 27.6374 5.64769 6.4086
171.501 4.2415 27.641 5.58386 6.405
171.601 4.19159 27.6446 5.51996 6.40143
171.701 4.14168 27.6481 5.456 6.39791
171.801 4.09177 27.6516 5.39198 6.39443
171.901 4.04185 27.655 5.3279 6.39099
172.001 3.99194 27.6584 5.26376 6.3876
172.101 3.94203 27.6618 5.19956 6.38424
172.201 3.89212 27.6651 5.13529 6.38093
172.301 3.84221 27.6684 5.07097 6.37766
172.401 3.7923 27.6716 5.00659 6.37443
172.501 3.74239 27.6748 4.94215 6.37125
172.601 3.69248 27.6779 4.87766 6.3681
172.701 3.64257 27.681 4.81311 6.365
172.801 3.59266 27.6841 4.7485 6.36194
172.901 3.54274 27.6871 4.68384 6.35892
173.001 3.49283 27.6901 4.61913 6.35594
173.101 3.44292 27.693 4.55436 6.35301
173.201 3.39301 27.6959 4.48954 6.35012
173.301 3.3431 27.6987 4.42467 6.34727
173.401 3.29319 27.7016 4.35974 6.34446
173.501 3.24328 27.7043 4.29477 6.34169
173.601 3.19337 27.707 4.22974 6.33897
173.701 3.14346 27.7097 4.16467 6.33629
173.801 3.09355 27.7124 4.09955 6.33365
173.901 3.04364 27.715 4.03438 6.33105
174.001 2.99373 27.7175 3.96916 6.32849
174.101 2.94382 27.72 3.9039 6.32598
174.201 2.89391 27.7225 3.83859 6.32351
174.301 2.84399 27.7249 3.77324 6.32108
174.401 2.79408 27.7273 3.70784 6.31869
174.501 2.74417 27.7297 3.6424 6.31634
174.601 2.69426 27.732 3.57692 6.31404
174.701 2.64435 27.7342 3.51139 6.31178
174.801 2.59444 27.7365 3.44583 6.30956
174.901 2.54453 27.7386 3.38022 6.30738
175.001 2.49462 27.7408 3.31458 6.30525
175.101 2.44471 27.7429 3.24889 6.30316
175.201 2.3948 27.7449 3.18317 6.30111
175.301 2.34489 27.7469 3.11741 6.2991
175.402 2.29498 27.7489 3.05162 6.29713
175.502 2.24507 27.7508 2.98579 6.29521
175.602 2.19516 27.7527 2.91992 6.29333
175.702 2.14525 27.7545 2.85402 6.29149
175.802 2.09534 27.7563 2.78809 6.28969
175.902 2.04543 27.7581 2.72212 6.28794
176.002 1.99552 27.7598 2.65612 6.28622
176.102 1.94561 27.7615 2.59009 6.28455
176.202 1.8957 27.7631 2.52403 6.28293
176.302 1.84579 27.7647 2.45794 6.28134
176.402 1.79588 27.7662 2.39182 6.2798
176.502 1.74597 27.7677 2.32567 6.2783
176.602 1.69606 27.7692 2.2595 6.27684
176.702 1.64614 27.7706 2.1933 6.27542
176.802 1.59623 27.772 2.12707 6.27405
176.902 1.54632 27.7733 2.06082 6.27271
177.002 1.49641 27.7746 1.99454 6.27142
177.102 1.4465 27.7758 1.92824 6.27018
177.202 1.39659 27.777 1.86192 6.26897
177.302 1.34668 27.7782 1.79557 6.26781
177.402 1.29677 27.7793 1.72921 6.26669
177.502 1.24686 27.7804 1.66282 6.26561
177.602 1.19695 27.7814 1.59641 6.26457
177.702 1.14704 27.7824 1.52999 6.26358
177.802 1.09713 27.7834 1.46355 6.26263
177.902 1.04722 27.7843 1.39709 6.26172
178.002 0.997312 27.7852 1.33061 6.26085
178.102 0.947402 27.786 1.26412 6.26003
178.202 0.897492 27.7868 1.19761 6.25924
178.302 0.847581 27.7875 1.13109 6.2585
178.402 0.797671 27.7882 1.06455 6.25781
178.502 0.747761 27.7889 0.998004 6.25715
178.602 0.697851 27.7895 0.931444 6.25654
178.702 0.647941 27.79 0.864873 6.25597
178.802 0.598031 27.7906 0.798293 6.25544
178.902 0.548121 27.7911 0.731702 6.25495
179.002 0.49821 27.7915 0.665103 6.25451
179.102 0.4483 27.7919 0.598496 6.25411
179.202 0.39839 27.7923 0.531883 6.25375
179.302 0.34848 27.7926 0.465262 6.25343
179.402 0.29857 27.7929 0.398637 6.25316
179.502 0.24866 27.7931 0.332006 6.25292
179.602 0.19875 27.7933 0.265372 6.25273
179.702 0.148839 27.7934 0.198734 6.25259
179.802 0.0989294 27.7935 0.132094 6.25248
179.902 0.0490192 27.7936 0.0654527 6.25242
