0 1.86705e-14 0.381308 0 21.2845
0.1 0.266083 0.381319 0.0225146 21.2845
0.2 0.532146 0.381353 0.0450292 21.2845
0.3 0.798173 0.38141 0.0675437 21.2844
0.4 1.06414 0.381489 0.0900582 21.2843
0.5 1.33004 0.381591 0.112573 21.2842
0.6 1.59584 0.381716 0.135087 21.2841
0.7 1.86153 0.381863 0.157601 21.284
0.8 2.12709 0.382033 0.180115 21.2838
0.9 2.39249 0.382225 0.202628 21.2836
1 2.65773 0.38244 0.225141 21.2834
1.1 2.92279 0.382678 0.247654 21.2832
1.2 3.18764 0.382938 0.270167 21.2829
1.3 3.45226 0.383221 0.292679 21.2826
1.4 3.71665 0.383526 0.315191 21.2823
1.5 3.98077 0.383855 0.337703 21.282
1.6 4.24462 0.384205 0.360214 21.2816
1.7 4.50817 0.384579 0.382725 21.2813
1.8 4.77141 0.384975 0.405235 21.2809
1.9 5.03431 0.385394 0.427745 21.2804
2 5.29687 0.385835 0.450254 21.28
2.1 5.55906 0.386299 0.472762 21.2795
2.2 5.82087 0.386785 0.49527 21.279
2.3 6.08227 0.387295 0.517777 21.2785
2.4 6.34326 0.387826 0.540284 21.278
2.5 6.60381 0.388381 0.56279 21.2775
2.6 6.86391 0.388958 0.585295 21.2769
2.7 7.12354 0.389558 0.607799 21.2763
2.8 7.38269 0.39018 0.630303 21.2757
2.9 7.64133 0.390825 0.652805 21.275
3 7.89946 0.391492 0.675307 21.2743
3.1 8.15705 0.392182 0.697808 21.2737
3.2 8.41409 0.392895 0.720309 21.2729
3.3 8.67057 0.39363 0.742808 21.2722
3.4 8.92646 0.394388 0.765306 21.2714
3.5 9.18176 0.395169 0.787803 21.2707
3.6 9.43645 0.395972 0.810299 21.2699
3.7 9.69052 0.396797 0.832795 21.269
3.8 9.94394 0.397646 0.855289 21.2682
3.9 10.1967 0.398516 0.877782 21.2673
4 10.4488 0.39941 0.900274 21.2664
4.1 10.7002 0.400326 0.922764 21.2655
4.2 10.9509 0.401264 0.945254 21.2646
4.3 11.2009 0.402226 0.967742 21.2636
4.4 11.4502 0.403209 0.990229 21.2626
4.5 11.6988 0.404216 1.01271 21.2616
4.6 11.9466 0.405244 1.0352 21.2606
4.7 12.1936 0.406296 1.05768 21.2595
4.8 12.4398 0.40737 1.08016 21.2585
4.9 12.6853 0.408466 1.10264 21.2574
5 12.93 0.409586 1.12512 21.2562
5.1 13.1738 0.410727 1.1476 21.2551
5.2 13.4168 0.411891 1.17008 21.2539
5.3 13.659 0.413078 1.19255 21.2528
5.4 13.9004 0.414287 1.21502 21.2515
5.5 14.1409 0.415519 1.23749 21.2503
5.6 14.3805 0.416774 1.25996 21.2491
5.7 14.6192 0.41805 1.28243 21.2478
5.8 14.8571 0.41935 1.3049 21.2465
5.9 15.094 0.420672 1.32736 21.2452
6 15.3301 0.422016 1.34983 21.2438
6.1 15.5652 0.423383 1.37229 21.2425
6.2 15.7994 0.424773 1.39475 21.2411
6.3 16.0327 0.426185 1.4172 21.2396
6.4 16.265 0.427619 1.43966 21.2382
6.5 16.4964 0.429076 1.46211 21.2368
6.6 16.7268 0.430555 1.48457 21.2353
6.7 16.9562 0.432057 1.50702 21.2338
6.8 17.1847 0.433582 1.52946 21.2323
6.9 17.4122 0.435129 1.55191 21.2307
7 17.6387 0.436698 1.57435 21.2291
7.1 17.8642 0.43829 1.5968 21.2275
7.2 18.0886 0.439904 1.61924 21.2259
7.3 18.3121 0.441541 1.64167 21.2243
7.4 18.5346 0.4432 1.66411 21.2226
7.5 18.756 0.444882 1.68654 21.221
7.6 18.9764 0.446586 1.70898 21.2192
7.7 19.1957 0.448312 1.7314 21.2175
7.79999 19.414 0.450061 1.75383 21.2158
7.89999 19.6313 0.451833 1.77626 21.214
7.99999 19.8475 0.453627 1.79868 21.2122
8.09999 20.0627 0.455443 1.8211 21.2104
8.2 20.2768 0.457281 1.84352 21.2086
8.3 20.4898 0.459143 1.86593 21.2067
8.4 20.7018 0.461026 1.88834 21.2048
8.5 20.9127 0.462932 1.91075 21.2029
8.6 21.1225 0.46486 1.93316 21.201
8.7 21.3312 0.466811 1.95557 21.199
8.8 21.5388 0.468784 1.97797 21.1971
8.9 21.7454 0.470779 2.00037 21.1951
9 21.9508 0.472797 2.02277 21.193
9.1 22.1552 0.474837 2.04516 21.191
9.2 22.3585 0.476899 2.06756 21.1889
9.3 22.5606 0.478984 2.08995 21.1869
9.4 22.7617 0.481091 2.11233 21.1847
9.5 22.9617 0.483221 2.13472 21.1826
9.6 23.1605 0.485372 2.1571 21.1805
9.7 23.3583 0.487547 2.17948 21.1783
9.8 23.5549 0.489743 2.20185 21.1761
9.9 23.7505 0.491962 2.22423 21.1739
10 23.9449 0.494203 2.2466 21.1716
10.1 24.1382 0.496466 2.26896 21.1694
10.2 24.3304 0.498752 2.29133 21.1671
10.3 24.5215 0.501059 2.31369 21.1648
10.4 24.7115 0.50339 2.33605 21.1624
10.5 24.9003 0.505742 2.3584 21.1601
10.6 25.0881 0.508117 2.38075 21.1577
10.7 25.2747 0.510514 2.4031 21.1553
10.8 25.4602 0.512933 2.42545 21.1529
10.9 25.6446 0.515374 2.44779 21.1505
11 25.8279 0.517838 2.47013 21.148
11.1 26.0101 0.520324 2.49247 21.1455
11.2 26.1912 0.522832 2.5148 21.143
11.3 26.3712 0.525362 2.53713 21.1405
11.4 26.55 0.527914 2.55946 21.1379
11.5 26.7277 0.530489 2.58178 21.1353
11.6 26.9044 0.533086 2.6041 21.1327
11.7 27.0799 0.535705 2.62641 21.1301
11.8 27.2543 0.538346 2.64873 21.1275
11.9 27.4276 0.541009 2.67104 21.1248
12 27.5999 0.543695 2.69334 21.1221
12.1 27.771 0.546402 2.71564 21.1194
12.2 27.941 0.549132 2.73794 21.1167
12.3 28.1099 0.551884 2.76024 21.114
12.4 28.2777 0.554658 2.78253 21.1112
12.5 28.4445 0.557454 2.80482 21.1084
12.6 28.6101 0.560272 2.8271 21.1056
12.7 28.7747 0.563113 2.84938 21.1027
12.8 28.9382 0.565975 2.87166 21.0999
12.9 29.1006 0.56886 2.89393 21.097
13 29.2619 0.571766 2.9162 21.0941
13.1 29.4221 0.574695 2.93847 21.0911
13.2 29.5813 0.577645 2.96073 21.0882
13.3 29.7394 0.580618 2.98298 21.0852
13.4 29.8964 0.583613 3.00524 21.0822
13.5 30.0524 0.586629 3.02749 21.0792
13.6 30.2073 0.589668 3.04973 21.0762
13.7 30.3612 0.592729 3.07198 21.0731
13.8 30.514 0.595811 3.09421 21.07
13.9 30.6657 0.598916 3.11645 21.0669
14 30.8164 0.602043 3.13868 21.0638
14.1 30.9661 0.605191 3.1609 21.0606
14.2 31.1147 0.608362 3.18312 21.0575
14.3 31.2623 0.611555 3.20534 21.0543
14.4 31.4088 0.614769 3.22755 21.0511
14.5 31.5544 0.618005 3.24976 21.0478
14.6 31.6988 0.621264 3.27197 21.0446
14.7 31.8423 0.624544 3.29417 21.0413
14.8 31.9848 0.627846 3.31636 21.038
14.9 32.1262 0.63117 3.33855 21.0347
15 32.2667 0.634516 3.36074 21.0313
15.1 32.4061 0.637884 3.38292 21.028
15.2 32.5445 0.641273 3.4051 21.0246
15.3 32.682 0.644685 3.42727 21.0211
15.4 32.8184 0.648118 3.44944 21.0177
15.5 32.9538 0.651573 3.47161 21.0143
15.6 33.0883 0.65505 3.49377 21.0108
15.7 33.2218 0.658549 3.51592 21.0073
15.8 33.3543 0.662069 3.53807 21.0038
15.9 33.4859 0.665612 3.56022 21.0002
16 33.6164 0.669176 3.58236 20.9967
16.1 33.746 0.672761 3.6045 20.9931
16.2 33.8747 0.676369 3.62663 20.9895
16.3 34.0024 0.679998 3.64876 20.9858
16.4 34.1291 0.683649 3.67088 20.9822
16.5 34.255 0.687322 3.693 20.9785
16.6 34.3798 0.691016 3.71511 20.9748
16.7 34.5037 0.694733 3.73722 20.9711
16.8 34.6268 0.69847 3.75932 20.9674
16.9 34.7488 0.70223 3.78142 20.9636
17 34.87 0.706011 3.80351 20.9598
17.1 34.9902 0.709814 3.8256 20.956
17.2 35.1095 0.713638 3.84768 20.9522
17.3 35.228 0.717484 3.86976 20.9484
17.4 35.3455 0.721352 3.89183 20.9445
17.5 35.4621 0.725241 3.91389 20.9406
17.6 35.5778 0.729152 3.93596 20.9367
17.7 35.6926 0.733085 3.95801 20.9327
17.8 35.8066 0.737039 3.98006 20.9288
17.9 35.9196 0.741014 4.00211 20.9248
18 36.0318 0.745011 4.02415 20.9208
18.1 36.1432 0.74903 4.04619 20.9168
18.2 36.2536 0.75307 4.06822 20.9128
18.3 36.3632 0.757132 4.09024 20.9087
18.4 36.4719 0.761215 4.11226 20.9046
18.5 36.5798 0.765319 4.13428 20.9005
18.6 36.6869 0.769445 4.15628 20.8964
18.7 36.7931 0.773593 4.17829 20.8922
18.8 36.8984 0.777762 4.20028 20.8881
18.9 37.003 0.781952 4.22228 20.8839
19 37.1067 0.786164 4.24426 20.8797
19.1 37.2095 0.790397 4.26624 20.8754
19.2 37.3116 0.794652 4.28822 20.8712
19.3 37.4128 0.798928 4.31019 20.8669
19.4 37.5133 0.803225 4.33215 20.8626
19.5 37.6129 0.807544 4.35411 20.8583
19.6 37.7117 0.811884 4.37606 20.854
19.7 37.8098 0.816246 4.398 20.8496
19.8 37.907 0.820628 4.41994 20.8452
19.9 38.0035 0.825032 4.44188 20.8408
20 38.0991 0.829457 4.46381 20.8364
20.1 38.194 0.833904 4.48573 20.8319
20.2 38.2881 0.838372 4.50764 20.8275
20.3 38.3815 0.842861 4.52955 20.823
20.4 38.4741 0.847371 4.55146 20.8185
20.5 38.5659 0.851903 4.57336 20.8139
20.6 38.657 0.856455 4.59525 20.8094
20.7 38.7473 0.861029 4.61713 20.8048
20.8 38.8369 0.865624 4.63901 20.8002
20.9 38.9258 0.87024 4.66089 20.7956
21 39.0139 0.874878 4.68275 20.791
21.1 39.1012 0.879536 4.70462 20.7863
21.2 39.1879 0.884216 4.72647 20.7816
21.3 39.2738 0.888917 4.74832 20.7769
21.4 39.359 0.893638 4.77016 20.7722
21.5 39.4435 0.898381 4.792 20.7675
21.6 39.5273 0.903145 4.81382 20.7627
21.7 39.6104 0.90793 4.83565 20.7579
21.8 39.6927 0.912736 4.85746 20.7531
21.9 39.7744 0.917563 4.87927 20.7483
22 39.8554 0.922411 4.90108 20.7434
22.1 39.9357 0.92728 4.92287 20.7386
22.2 40.0153 0.93217 4.94466 20.7337
22.3 40.0942 0.937081 4.96645 20.7288
22.4 40.1725 0.942013 4.98822 20.7238
22.5 40.2501 0.946966 5.00999 20.7189
22.6 40.327 0.95194 5.03175 20.7139
22.7001 40.4032 0.956934 5.05351 20.7089
22.8001 40.4788 0.96195 5.07526 20.7039
22.9001 40.5538 0.966986 5.097 20.6988
23.0001 40.6281 0.972044 5.11874 20.6938
23.1001 40.7017 0.977122 5.14047 20.6887
23.2001 40.7747 0.982221 5.16219 20.6836
23.3001 40.8471 0.98734 5.1839 20.6785
23.4001 40.9188 0.992481 5.20561 20.6734
23.5001 40.9899 0.997642 5.22731 20.6682
23.6001 41.0604 1.00282 5.24901 20.663
23.7001 41.1302 1.00803 5.27069 20.6578
23.8001 41.1995 1.01325 5.29237 20.6526
23.9001 41.2681 1.01849 5.31405 20.6473
24.0001 41.3361 1.02376 5.33571 20.6421
24.1001 41.4035 1.02905 5.35737 20.6368
24.2001 41.4703 1.03435 5.37902 20.6315
24.3001 41.5365 1.03968 5.40066 20.6262
24.4001 41.6021 1.04503 5.4223 20.6208
24.5001 41.6671 1.05039 5.44393 20.6154
24.6001 41.7315 1.05578 5.46555 20.6101
24.7001 41.7953 1.06119 5.48716 20.6046
24.8001 41.8586 1.06662 5.50877 20.5992
24.9001 41.9213 1.07207 5.53037 20.5938
25.0001 41.9834 1.07754 5.55196 20.5883
25.1001 42.0449 1.08303 5.57354 20.5828
25.2001 42.1059 1.08855 5.59512 20.5773
25.3001 42.1663 1.09408 5.61669 20.5718
25.4001 42.2262 1.09963 5.63825 20.5662
25.5001 42.2855 1.10521 5.6598 20.5606
25.6001 42.3442 1.1108 5.68135 20.555
25.7001 42.4024 1.11641 5.70289 20.5494
25.8001 42.4601 1.12205 5.72442 20.5438
25.9001 42.5172 1.1277 5.74594 20.5381
26.0001 42.5738 1.13338 5.76745 20.5325
26.1001 42.6298 1.13907 5.78896 20.5268
26.2001 42.6854 1.14479 5.81046 20.521
26.3001 42.7404 1.15053 5.83195 20.5153
26.4001 42.7948 1.15628 5.85343 20.5096
26.5001 42.8488 1.16206 5.87491 20.5038
26.6001 42.9022 1.16786 5.89638 20.498
26.7001 42.9551 1.17368 5.91784 20.4922
26.8001 43.0075 1.17951 5.93929 20.4863
26.9001 43.0594 1.18537 5.96073 20.4805
27.0001 43.1108 1.19125 5.98216 20.4746
27.1001 43.1617 1.19715 6.00359 20.4687
27.2001 43.2121 1.20307 6.02501 20.4628
27.3001 43.262 1.209 6.04642 20.4568
27.4001 43.3115 1.21496 6.06782 20.4509
27.5001 43.3604 1.22094 6.08921 20.4449
27.6001 43.4088 1.22694 6.1106 20.4389
27.7001 43.4568 1.23296 6.13197 20.4329
27.8001 43.5043 1.239 6.15334 20.4268
27.9001 43.5513 1.24506 6.1747 20.4208
28.0001 43.5978 1.25114 6.19605 20.4147
28.1001 43.6439 1.25723 6.21739 20.4086
28.2001 43.6895 1.26335 6.23873 20.4025
28.3001 43.7347 1.26949 6.26005 20.3963
28.4001 43.7793 1.27565 6.28137 20.3902
28.5001 43.8236 1.28183 6.30268 20.384
28.6001 43.8673 1.28803 6.32398 20.3778
28.7001 43.9107 1.29425 6.34527 20.3716
28.8001 43.9535 1.30048 6.36655 20.3653
28.9001 43.996 1.30674 6.38782 20.3591
29.0001 44.0379 1.31302 6.40909 20.3528
29.1001 44.0795 1.31932 6.43034 20.3465
29.2001 44.1206 1.32564 6.45159 20.3402
29.3001 44.1613 1.33197 6.47283 20.3339
29.4001 44.2015 1.33833 6.49406 20.3275
29.5001 44.2413 1.34471 6.51528 20.3211
29.6001 44.2807 1.3511 6.53649 20.3147
29.7001 44.3197 1.35752 6.55769 20.3083
29.8001 44.3582 1.36396 6.57888 20.3019
29.9001 44.3963 1.37041 6.60006 20.2954
30.0001 44.4341 1.37689 6.62124 20.2889
30.1001 44.4714 1.38338 6.6424 20.2825
30.2001 44.5083 1.38989 6.66356 20.2759
30.3001 44.5447 1.39643 6.68471 20.2694
30.4001 44.5808 1.40298 6.70584 20.2629
30.5001 44.6165 1.40955 6.72697 20.2563
30.6001 44.6518 1.41615 6.74809 20.2497
30.7001 44.6867 1.42276 6.7692 20.2431
30.8001 44.7211 1.42939 6.7903 20.2364
30.9001 44.7552 1.43604 6.81139 20.2298
31.0001 44.7889 1.44271 6.83247 20.2231
31.1001 44.8223 1.4494 6.85354 20.2164
31.2001 44.8552 1.45611 6.8746 20.2097
31.3001 44.8877 1.46284 6.89565 20.203
31.4001 44.9199 1.46959 6.9167 20.1962
31.5001 44.9517 1.47635 6.93773 20.1895
31.6001 44.9831 1.48314 6.95875 20.1827
31.7001 45.0142 1.48994 6.97977 20.1759
31.8001 45.0449 1.49677 7.00077 20.1691
31.9001 45.0752 1.50361 7.02176 20.1622
32.0001 45.1051 1.51048 7.04275 20.1554
32.1001 45.1347 1.51736 7.06372 20.1485
32.2001 45.1639 1.52426 7.08468 20.1416
32.3001 45.1928 1.53118 7.10564 20.1347
32.4001 45.2213 1.53812 7.12658 20.1277
32.5001 45.2494 1.54508 7.14752 20.1208
32.6001 45.2772 1.55206 7.16844 20.1138
32.7001 45.3047 1.55906 7.18935 20.1068
32.8001 45.3318 1.56607 7.21026 20.0998
32.9001 45.3586 1.57311 7.23115 20.0927
33.0001 45.385 1.58016 7.25203 20.0857
33.1001 45.411 1.58723 7.27291 20.0786
33.2001 45.4368 1.59433 7.29377 20.0715
33.3001 45.4622 1.60144 7.31462 20.0644
33.4001 45.4872 1.60857 7.33546 20.0573
33.5001 45.512 1.61572 7.3563 20.0501
33.6001 45.5364 1.62288 7.37712 20.043
33.7001 45.5605 1.63007 7.39793 20.0358
33.8001 45.5842 1.63728 7.41873 20.0286
33.9001 45.6076 1.6445 7.43952 20.0213
34.0001 45.6307 1.65174 7.4603 20.0141
34.1001 45.6535 1.65901 7.48107 20.0068
34.2001 45.676 1.66629 7.50183 19.9995
34.3 45.6981 1.67359 7.52257 19.9922
34.4 45.7199 1.6809 7.54331 19.9849
34.5 45.7415 1.68824 7.56404 19.9776
34.6 45.7627 1.69559 7.58475 19.9702
34.7 45.7836 1.70297 7.60546 19.9629
34.8 45.8041 1.71036 7.62615 19.9555
34.9 45.8244 1.71777 7.64684 19.9481
35 45.8444 1.7252 7.66751 19.9406
35.1 45.8641 1.73265 7.68817 19.9332
35.2 45.8835 1.74012 7.70882 19.9257
35.3 45.9026 1.7476 7.72946 19.9182
35.4 45.9214 1.75511 7.75009 19.9107
35.5 45.9398 1.76263 7.7707 19.9032
35.6 45.9581 1.77017 7.79131 19.8957
35.7 45.976 1.77773 7.81191 19.8881
35.8 45.9936 1.78531 7.83249 19.8805
35.9 46.0109 1.7929 7.85306 19.8729
36 46.028 1.80052 7.87362 19.8653
36.1 46.0447 1.80815 7.89418 19.8577
36.2 46.0612 1.8158 7.91471 19.85
36.3 46.0774 1.82347 7.93524 19.8424
36.4 46.0934 1.83115 7.95576 19.8347
36.5 46.109 1.83886 7.97626 19.827
36.6 46.1244 1.84658 7.99676 19.8193
36.7 46.1395 1.85433 8.01724 19.8115
36.8 46.1543 1.86209 8.03771 19.8037
36.9 46.1689 1.86986 8.05817 19.796
37 46.1832 1.87766 8.07861 19.7882
37.1 46.1972 1.88547 8.09905 19.7804
37.2 46.211 1.89331 8.11947 19.7725
37.3 46.2245 1.90116 8.13989 19.7647
37.4 46.2377 1.90902 8.16029 19.7568
37.5 46.2507 1.91691 8.18068 19.7489
37.6 46.2634 1.92482 8.20105 19.741
37.7 46.2759 1.93274 8.22142 19.7331
37.8 46.2881 1.94068 8.24177 19.7252
37.9 46.3 1.94864 8.26211 19.7172
38 46.3117 1.95661 8.28244 19.7092
38.1 46.3231 1.96461 8.30276 19.7012
38.2 46.3343 1.97262 8.32306 19.6932
38.3 46.3453 1.98065 8.34336 19.6852
38.4 46.356 1.98869 8.36364 19.6771
38.5 46.3664 1.99676 8.38391 19.6691
38.6 46.3766 2.00484 8.40416 19.661
38.7 46.3866 2.01294 8.42441 19.6529
38.8 46.3963 2.02106 8.44464 19.6448
38.9 46.4058 2.02919 8.46486 19.6366
39 46.4151 2.03735 8.48507 19.6285
39.1 46.4241 2.04552 8.50526 19.6203
39.2 46.4329 2.05371 8.52545 19.6121
39.3 46.4414 2.06191 8.54562 19.6039
39.4 46.4497 2.07014 8.56577 19.5957
39.5 46.4578 2.07838 8.58592 19.5875
39.6 46.4656 2.08663 8.60605 19.5792
39.7 46.4732 2.09491 8.62617 19.5709
39.8 46.4806 2.1032 8.64628 19.5626
39.9 46.4878 2.11151 8.66638 19.5543
40 46.4947 2.11984 8.68646 19.546
40.1 46.5015 2.12819 8.70653 19.5376
40.2 46.508 2.13655 8.72659 19.5293
40.3 46.5142 2.14493 8.74663 19.5209
40.4 46.5203 2.15333 8.76666 19.5125
40.5 46.5261 2.16174 8.78668 19.5041
40.6 46.5317 2.17017 8.80668 19.4957
40.7 46.5371 2.17862 8.82668 19.4872
40.7999 46.5423 2.18709 8.84666 19.4787
40.8999 46.5473 2.19557 8.86662 19.4703
40.9999 46.552 2.20407 8.88658 19.4618
41.0999 46.5566 2.21259 8.90652 19.4532
41.1999 46.5609 2.22112 8.92644 19.4447
41.2999 46.5651 2.22967 8.94636 19.4362
41.3999 46.569 2.23824 8.96626 19.4276
41.4999 46.5727 2.24683 8.98615 19.419
41.5999 46.5762 2.25543 9.00602 19.4104
41.6999 46.5795 2.26405 9.02588 19.4018
41.7999 46.5826 2.27268 9.04573 19.3931
41.8999 46.5855 2.28134 9.06556 19.3845
41.9999 46.5882 2.29001 9.08538 19.3758
42.0999 46.5907 2.29869 9.10519 19.3671
42.1999 46.593 2.3074 9.12498 19.3584
42.2999 46.5951 2.31612 9.14476 19.3497
42.3999 46.5971 2.32485 9.16453 19.341
42.4999 46.5988 2.33361 9.18428 19.3322
42.5999 46.6003 2.34238 9.20402 19.3235
42.6999 46.6016 2.35117 9.22375 19.3147
42.7999 46.6028 2.35997 9.24346 19.3059
42.8999 46.6037 2.36879 9.26316 19.297
42.9999 46.6045 2.37763 9.28284 19.2882
43.0999 46.605 2.38648 9.30251 19.2794
43.1999 46.6054 2.39535 9.32217 19.2705
43.2999 46.6056 2.40424 9.34181 19.2616
43.3999 46.6056 2.41314 9.36144 19.2527
43.4999 46.6055 2.42206 9.38105 19.2438
43.5999 46.6051 2.43099 9.40065 19.2348
43.6999 46.6046 2.43995 9.42024 19.2259
43.7999 46.6038 2.44891 9.43981 19.2169
43.8999 46.6029 2.4579 9.45937 19.2079
43.9999 46.6018 2.4669 9.47891 19.1989
44.0999 46.6006 2.47592 9.49844 19.1899
44.1999 46.5992 2.48495 9.51795 19.1809
44.2999 46.5975 2.494 9.53745 19.1718
44.3999 46.5957 2.50307 9.55694 19.1628
44.4999 46.5938 2.51215 9.57641 19.1537
44.5999 46.5916 2.52125 9.59587 19.1446
44.6999 46.5893 2.53036 9.61531 19.1355
44.7999 46.5869 2.53949 9.63474 19.1263
44.8999 46.5842 2.54864 9.65415 19.1172
44.9999 46.5814 2.5578 9.67355 19.108
45.0999 46.5784 2.56698 9.69294 19.0989
45.1999 46.5752 2.57618 9.71231 19.0897
45.2999 46.5719 2.58539 9.73166 19.0804
45.3999 46.5684 2.59461 9.751 19.0712
45.4999 46.5648 2.60386 9.77033 19.062
45.5999 46.5609 2.61312 9.78964 19.0527
45.6999 46.5569 2.62239 9.80893 19.0434
45.7999 46.5528 2.63168 9.82821 19.0342
45.8999 46.5485 2.64099 9.84748 19.0248
45.9999 46.544 2.65031 9.86673 19.0155
46.0999 46.5394 2.65964 9.88597 19.0062
46.1999 46.5346 2.669 9.90519 18.9968
46.2999 46.5296 2.67837 9.92439 18.9875
46.3999 46.5245 2.68775 9.94358 18.9781
46.4999 46.5193 2.69715 9.96276 18.9687
46.5999 46.5139 2.70657 9.98192 18.9593
46.6999 46.5083 2.716 10.0011 18.9498
46.7999 46.5026 2.72544 10.0202 18.9404
46.8999 46.4967 2.7349 10.0393 18.9309
46.9999 46.4906 2.74438 10.0584 18.9215
47.0999 46.4845 2.75388 10.0775 18.912
47.1999 46.4781 2.76338 10.0966 18.9025
47.2999 46.4716 2.77291 10.1156 18.8929
47.3998 46.465 2.78245 10.1346 18.8834
47.4998 46.4582 2.792 10.1537 18.8738
47.5998 46.4513 2.80157 10.1727 18.8643
47.6998 46.4442 2.81116 10.1917 18.8547
47.7998 46.437 2.82076 10.2106 18.8451
47.8998 46.4296 2.83037 10.2296 18.8355
47.9998 46.4221 2.84 10.2485 18.8258
48.0998 46.4144 2.84965 10.2675 18.8162
48.1998 46.4066 2.85931 10.2864 18.8065
48.2998 46.3987 2.86898 10.3053 18.7969
48.3998 46.3906 2.87868 10.3241 18.7872
48.4998 46.3824 2.88838 10.343 18.7775
48.5998 46.374 2.8981 10.3618 18.7677
48.6998 46.3655 2.90784 10.3807 18.758
48.7998 46.3569 2.91759 10.3995 18.7482
48.8998 46.3481 2.92735 10.4183 18.7385
48.9998 46.3391 2.93714 10.4371 18.7287
49.0998 46.3301 2.94693 10.4558 18.7189
49.1998 46.3209 2.95674 10.4746 18.7091
49.2998 46.3116 2.96657 10.4933 18.6993
49.3998 46.3021 2.97641 10.512 18.6894
49.4998 46.2925 2.98626 10.5307 18.6796
49.5998 46.2828 2.99613 10.5494 18.6697
49.6998 46.2729 3.00601 10.5681 18.6598
49.7998 46.2629 3.01591 10.5867 18.6499
49.8998 46.2528 3.02583 10.6054 18.64
49.9998 46.2425 3.03575 10.624 18.6301
50.0998 46.2321 3.0457 10.6426 18.6201
50.1998 46.2216 3.05565 10.6612 18.6102
50.2998 46.211 3.06563 10.6797 18.6002
50.3998 46.2002 3.07561 10.6983 18.5902
50.4998 46.1893 3.08561 10.7168 18.5802
50.5998 46.1783 3.09563 10.7353 18.5702
50.6998 46.1671 3.10566 10.7538 18.5602
50.7998 46.1558 3.1157 10.7723 18.5501
50.8998 46.1444 3.12576 10.7908 18.5401
50.9998 46.1329 3.13583 10.8092 18.53
51.0998 46.1212 3.14591 10.8276 18.5199
51.1998 46.1095 3.15601 10.8461 18.5098
51.2998 46.0976 3.16613 10.8645 18.4997
51.3998 46.0856 3.17626 10.8828 18.4896
51.4998 46.0734 3.1864 10.9012 18.4794
51.5998 46.0612 3.19656 10.9195 18.4693
51.6998 46.0488 3.20673 10.9379 18.4591
51.7998 46.0363 3.21691 10.9562 18.4489
51.8998 46.0237 3.22711 10.9745 18.4387
51.9998 46.0109 3.23733 10.9927 18.4285
52.0998 45.9981 3.24755 11.011 18.4183
52.1998 45.9851 3.25779 11.0292 18.408
52.2998 45.972 3.26805 11.0475 18.3978
52.3998 45.9588 3.27832 11.0657 18.3875
52.4998 45.9455 3.2886 11.0838 18.3772
52.5998 45.9321 3.2989 11.102 18.3669
52.6998 45.9185 3.30921 11.1202 18.3566
52.7998 45.9049 3.31953 11.1383 18.3463
52.8998 45.8911 3.32987 11.1564 18.336
52.9998 45.8772 3.34022 11.1745 18.3256
53.0998 45.8632 3.35058 11.1926 18.3153
53.1998 45.8491 3.36096 11.2106 18.3049
53.2998 45.8349 3.37135 11.2287 18.2945
53.3998 45.8205 3.38176 11.2467 18.2841
53.4998 45.8061 3.39218 11.2647 18.2737
53.5998 45.7916 3.40261 11.2827 18.2632
53.6998 45.7769 3.41306 11.3007 18.2528
53.7998 45.7621 3.42351 11.3186 18.2423
53.8997 45.7473 3.43399 11.3366 18.2318
53.9997 45.7323 3.44447 11.3545 18.2214
54.0997 45.7172 3.45497 11.3724 18.2109
54.1997 45.702 3.46548 11.3903 18.2004
54.2997 45.6867 3.47601 11.4081 18.1898
54.3997 45.6713 3.48655 11.426 18.1793
54.4997 45.6558 3.4971 11.4438 18.1687
54.5997 45.6402 3.50767 11.4616 18.1582
54.6997 45.6245 3.51824 11.4794 18.1476
54.7997 45.6087 3.52884 11.4971 18.137
54.8997 45.5927 3.53944 11.5149 18.1264
54.9997 45.5767 3.55006 11.5326 18.1158
55.0997 45.5606 3.56069 11.5503 18.1051
55.1997 45.5444 3.57133 11.568 18.0945
55.2997 45.5281 3.58199 11.5857 18.0838
55.3997 45.5116 3.59266 11.6033 18.0732
55.4997 45.4951 3.60334 11.621 18.0625
55.5997 45.4785 3.61403 11.6386 18.0518
55.6997 45.4618 3.62474 11.6562 18.0411
55.7997 45.4449 3.63546 11.6737 18.0304
55.8997 45.428 3.64619 11.6913 18.0196
55.9997 45.411 3.65694 11.7088 18.0089
56.0997 45.3939 3.6677 11.7264 17.9981
56.1997 45.3767 3.67847 11.7439 17.9874
56.2997 45.3594 3.68925 11.7613 17.9766
56.3997 45.342 3.70005 11.7788 17.9658
56.4997 45.3245 3.71086 11.7962 17.955
56.5997 45.3069 3.72168 11.8136 17.9442
56.6997 45.2892 3.73251 11.8311 17.9333
56.7997 45.2714 3.74336 11.8484 17.9225
56.8997 45.2536 3.75422 11.8658 17.9116
56.9997 45.2356 3.76509 11.8831 17.9007
57.0997 45.2175 3.77597 11.9005 17.8899
57.1997 45.1994 3.78687 11.9178 17.879
57.2997 45.1811 3.79778 11.935 17.8681
57.3997 45.1628 3.8087 11.9523 17.8571
57.4997 45.1444 3.81963 11.9695 17.8462
57.5997 45.1259 3.83057 11.9868 17.8353
57.6997 45.1073 3.84153 12.004 17.8243
57.7997 45.0886 3.8525 12.0211 17.8133
57.8997 45.0698 3.86348 12.0383 17.8024
57.9997 45.0509 3.87447 12.0555 17.7914
58.0997 45.032 3.88547 12.0726 17.7804
58.1997 45.0129 3.89649 12.0897 17.7693
58.2997 44.9938 3.90752 12.1068 17.7583
58.3997 44.9746 3.91856 12.1238 17.7473
58.4997 44.9553 3.92961 12.1409 17.7362
58.5997 44.9359 3.94068 12.1579 17.7252
58.6997 44.9164 3.95175 12.1749 17.7141
58.7997 44.8968 3.96284 12.1918 17.703
58.8997 44.8772 3.97394 12.2088 17.6919
58.9997 44.8575 3.98505 12.2257 17.6808
59.0997 44.8376 3.99617 12.2427 17.6697
59.1997 44.8177 4.00731 12.2596 17.6585
59.2997 44.7978 4.01845 12.2764 17.6474
59.3997 44.7777 4.02961 12.2933 17.6362
59.4997 44.7575 4.04078 12.3101 17.6251
59.5997 44.7373 4.05196 12.3269 17.6139
59.6997 44.717 4.06315 12.3437 17.6027
59.7997 44.6966 4.07436 12.3605 17.5915
59.8997 44.6761 4.08557 12.3772 17.5803
59.9997 44.6555 4.0968 12.394 17.569
60.0997 44.6349 4.10804 12.4107 17.5578
60.1997 44.6142 4.11928 12.4273 17.5466
60.2997 44.5934 4.13054 12.444 17.5353
60.3997 44.5725 4.14182 12.4606 17.524
60.4996 44.5515 4.1531 12.4773 17.5127
60.5996 44.5305 4.16439 12.4939 17.5014
60.6996 44.5094 4.1757 12.5104 17.4901
60.7996 44.4882 4.18701 12.527 17.4788
60.8996 44.4669 4.19834 12.5435 17.4675
60.9996 44.4456 4.20968 12.56 17.4562
61.0996 44.4241 4.22102 12.5765 17.4448
61.1996 44.4026 4.23238 12.593 17.4335
61.2996 44.3811 4.24376 12.6094 17.4221
61.3996 44.3594 4.25514 12.6259 17.4107
61.4996 44.3377 4.26653 12.6423 17.3993
61.5996 44.3159 4.27793 12.6587 17.3879
61.6996 44.294 4.28935 12.675 17.3765
61.7996 44.272 4.30077 12.6914 17.3651
61.8996 44.25 4.31221 12.7077 17.3536
61.9996 44.2279 4.32365 12.724 17.3422
62.0996 44.2057 4.33511 12.7402 17.3307
62.1996 44.1835 4.34658 12.7565 17.3193
62.2996 44.1611 4.35805 12.7727 17.3078
62.3996 44.1387 4.36954 12.7889 17.2963
62.4996 44.1163 4.38104 12.8051 17.2848
62.5996 44.0937 4.39255 12.8212 17.2733
62.6996 44.0711 4.40407 12.8374 17.2618
62.7996 44.0484 4.4156 12.8535 17.2502
62.8996 44.0257 4.42714 12.8696 17.2387
62.9996 44.0028 4.43869 12.8857 17.2271
63.0996 43.9799 4.45025 12.9017 17.2156
63.1996 43.957 4.46182 12.9177 17.204
63.2996 43.9339 4.4734 12.9337 17.1924
63.3996 43.9108 4.485 12.9497 17.1808
63.4996 43.8876 4.4966 12.9656 17.1692
63.5996 43.8644 4.50821 12.9816 17.1576
63.6996 43.8411 4.51983 12.9975 17.146
63.7996 43.8177 4.53146 13.0134 17.1344
63.8996 43.7942 4.5431 13.0292 17.1227
63.9996 43.7707 4.55476 13.0451 17.1111
64.0996 43.7471 4.56642 13.0609 17.0994
64.1996 43.7235 4.57809 13.0767 17.0877
64.2996 43.6997 4.58977 13.0924 17.0761
64.3996 43.6759 4.60146 13.1082 17.0644
64.4996 43.6521 4.61316 13.1239 17.0527
64.5996 43.6282 4.62487 13.1396 17.041
64.6996 43.6042 4.6366 13.1553 17.0292
64.7996 43.5801 4.64833 13.1709 17.0175
64.8996 43.556 4.66007 13.1866 17.0058
64.9996 43.5318 4.67181 13.2022 16.994
65.0996 43.5076 4.68357 13.2177 16.9823
65.1996 43.4832 4.69534 13.2333 16.9705
65.2996 43.4589 4.70712 13.2488 16.9587
65.3996 43.4344 4.71891 13.2643 16.9469
65.4996 43.4099 4.7307 13.2798 16.9351
65.5996 43.3853 4.74251 13.2953 16.9233
65.6996 43.3607 4.75433 13.3107 16.9115
65.7996 43.336 4.76615 13.3261 16.8997
65.8996 43.3113 4.77799 13.3415 16.8878
65.9996 43.2864 4.78983 13.3569 16.876
66.0996 43.2616 4.80168 13.3722 16.8642
66.1996 43.2366 4.81354 13.3875 16.8523
66.2996 43.2116 4.82542 13.4028 16.8404
66.3996 43.1865 4.8373 13.4181 16.8285
66.4996 43.1614 4.84918 13.4333 16.8166
66.5996 43.1362 4.86108 13.4486 16.8048
66.6996 43.111 4.87299 13.4637 16.7928
66.7996 43.0856 4.88491 13.4789 16.7809
66.8996 43.0603 4.89683 13.4941 16.769
66.9995 43.0348 4.90877 13.5092 16.7571
67.0995 43.0093 4.92071 13.5243 16.7451
67.1995 42.9838 4.93266 13.5393 16.7332
67.2995 42.9582 4.94462 13.5544 16.7212
67.3995 42.9325 4.95659 13.5694 16.7092
67.4995 42.9068 4.96857 13.5844 16.6973
67.5995 42.881 4.98055 13.5994 16.6853
67.6995 42.8552 4.99255 13.6143 16.6733
67.7995 42.8293 5.00455 13.6292 16.6613
67.8995 42.8033 5.01656 13.6441 16.6493
67.9995 42.7773 5.02859 13.659 16.6372
68.0995 42.7512 5.04061 13.6738 16.6252
68.1995 42.7251 5.05265 13.6886 16.6132
68.2995 42.6989 5.0647 13.7034 16.6011
68.3995 42.6726 5.07675 13.7182 16.5891
68.4995 42.6463 5.08882 13.7329 16.577
68.5995 42.62 5.10089 13.7477 16.5649
68.6995 42.5936 5.11297 13.7623 16.5529
68.7995 42.5671 5.12505 13.777 16.5408
68.8995 42.5406 5.13715 13.7916 16.5287
68.9995 42.514 5.14925 13.8063 16.5166
69.0995 42.4874 5.16137 13.8208 16.5045
69.1995 42.4607 5.17349 13.8354 16.4923
69.2995 42.4339 5.18561 13.8499 16.4802
69.3995 42.4071 5.19775 13.8644 16.4681
69.4995 42.3803 5.20989 13.8789 16.4559
69.5995 42.3534 5.22205 13.8934 16.4438
69.6995 42.3264 5.23421 13.9078 16.4316
69.7995 42.2994 5.24637 13.9222 16.4195
69.8995 42.2723 5.25855 13.9366 16.4073
69.9995 42.2452 5.27073 13.9509 16.3951
70.0995 42.218 5.28292 13.9653 16.3829
70.1995 42.1908 5.29512 13.9796 16.3707
70.2995 42.1635 5.30733 13.9938 16.3585
70.3995 42.1362 5.31954 14.0081 16.3463
70.4995 42.1088 5.33177 14.0223 16.3341
70.5995 42.0814 5.34399 14.0365 16.3218
70.6995 42.0539 5.35623 14.0506 16.3096
70.7995 42.0264 5.36848 14.0648 16.2974
70.8995 41.9988 5.38073 14.0789 16.2851
70.9995 41.9711 5.39299 14.093 16.2728
71.0995 41.9435 5.40525 14.107 16.2606
71.1995 41.9157 5.41753 14.1211 16.2483
71.2995 41.8879 5.42981 14.1351 16.236
71.3995 41.8601 5.4421 14.149 16.2237
71.4995 41.8322 5.45439 14.163 16.2114
71.5995 41.8043 5.46669 14.1769 16.1991
71.6995 41.7763 5.479 14.1908 16.1868
71.7995 41.7482 5.49132 14.2047 16.1745
71.8995 41.7201 5.50365 14.2185 16.1622
71.9995 41.692 5.51598 14.2323 16.1499
72.0995 41.6638 5.52831 14.2461 16.1375
72.1995 41.6356 5.54066 14.2598 16.1252
72.2995 41.6073 5.55301 14.2736 16.1128
72.3995 41.579 5.56537 14.2873 16.1005
72.4995 41.5506 5.57774 14.3009 16.0881
72.5995 41.5222 5.59011 14.3146 16.0757
72.6995 41.4937 5.60249 14.3282 16.0633
72.7995 41.4652 5.61487 14.3418 16.051
72.8995 41.4366 5.62727 14.3553 16.0386
72.9995 41.408 5.63967 14.3689 16.0262
73.0995 41.3793 5.65207 14.3824 16.0138
73.1995 41.3506 5.66448 14.3958 16.0013
73.2995 41.3219 5.6769 14.4093 15.9889
73.3995 41.2931 5.68933 14.4227 15.9765
73.4995 41.2642 5.70176 14.4361 15.9641
73.5994 41.2353 5.7142 14.4495 15.9516
73.6994 41.2064 5.72665 14.4628 15.9392
73.7994 41.1774 5.7391 14.4761 15.9267
73.8994 41.1484 5.75155 14.4894 15.9143
73.9994 41.1193 5.76402 14.5026 15.9018
74.0994 41.0902 5.77649 14.5158 15.8893
74.1994 41.061 5.78896 14.529 15.8769
74.2994 41.0318 5.80145 14.5422 15.8644
74.3994 41.0025 5.81394 14.5553 15.8519
74.4994 40.9732 5.82643 14.5684 15.8394
74.5994 40.9439 5.83893 14.5815 15.8269
74.6994 40.9145 5.85144 14.5945 15.8144
74.7994 40.885 5.86395 14.6075 15.8019
74.8994 40.8556 5.87647 14.6205 15.7894
74.9994 40.826 5.88899 14.6335 15.7768
75.0994 40.7965 5.90152 14.6464 15.7643
75.1994 40.7669 5.91406 14.6593 15.7518
75.2994 40.7372 5.9266 14.6722 15.7392
75.3994 40.7075 5.93915 14.685 15.7267
75.4994 40.6778 5.9517 14.6978 15.7141
75.5994 40.648 5.96426 14.7106 15.7016
75.6994 40.6182 5.97683 14.7233 15.689
75.7994 40.5883 5.9894 14.7361 15.6764
75.8994 40.5584 6.00197 14.7488 15.6639
75.9994 40.5285 6.01455 14.7614 15.6513
76.0994 40.4985 6.02714 14.774 15.6387
76.1994 40.4684 6.03973 14.7866 15.6261
76.2994 40.4384 6.05233 14.7992 15.6135
76.3994 40.4083 6.06494 14.8118 15.6009
76.4994 40.3781 6.07754 14.8243 15.5883
76.5994 40.3479 6.09016 14.8367 15.5757
76.6994 40.3177 6.10278 14.8492 15.5631
76.7994 40.2874 6.1154 14.8616 15.5504
76.8994 40.2571 6.12803 14.874 15.5378
76.9994 40.2267 6.14066 14.8863 15.5252
77.0994 40.1963 6.1533 14.8987 15.5125
77.1994 40.1659 6.16595 14.911 15.4999
77.2994 40.1354 6.1786 14.9232 15.4872
77.3994 40.1049 6.19125 14.9355 15.4746
77.4994 40.0743 6.20391 14.9477 15.4619
77.5994 40.0437 6.21658 14.9598 15.4493
77.6994 40.0131 6.22925 14.972 15.4366
77.7994 39.9824 6.24192 14.9841 15.4239
77.8994 39.9517 6.2546 14.9962 15.4112
77.9994 39.9209 6.26728 15.0082 15.3986
78.0994 39.8901 6.27997 15.0202 15.3859
78.1994 39.8593 6.29266 15.0322 15.3732
78.2994 39.8284 6.30536 15.0442 15.3605
78.3994 39.7975 6.31806 15.0561 15.3478
78.4994 39.7666 6.33077 15.068 15.3351
78.5994 39.7356 6.34348 15.0798 15.3224
78.6994 39.7045 6.3562 15.0917 15.3096
78.7994 39.6735 6.36892 15.1035 15.2969
78.8994 39.6424 6.38164 15.1152 15.2842
78.9994 39.6112 6.39437 15.127 15.2715
79.0994 39.5801 6.4071 15.1387 15.2587
79.1994 39.5489 6.41984 15.1503 15.246
79.2994 39.5176 6.43258 15.162 15.2333
79.3994 39.4863 6.44533 15.1736 15.2205
79.4994 39.455 6.45808 15.1851 15.2078
79.5994 39.4236 6.47083 15.1967 15.195
79.6994 39.3922 6.48359 15.2082 15.1822
79.7994 39.3608 6.49636 15.2197 15.1695
79.8994 39.3293 6.50912 15.2311 15.1567
79.9994 39.2978 6.52189 15.2425 15.1439
80.0993 39.2663 6.53467 15.2539 15.1312
80.1993 39.2347 6.54744 15.2652 15.1184
80.2993 39.2031 6.56023 15.2766 15.1056
80.3993 39.1714 6.57301 15.2878 15.0928
80.4993 39.1397 6.5858 15.2991 15.08
80.5993 39.108 6.5986 15.3103 15.0672
80.6993 39.0763 6.61139 15.3215 15.0544
80.7993 39.0445 6.62419 15.3326 15.0416
80.8993 39.0126 6.637 15.3437 15.0288
80.9993 38.9808 6.64981 15.3548 15.016
81.0993 38.9489 6.66262 15.3659 15.0032
81.1993 38.917 6.67543 15.3769 14.9904
81.2993 38.885 6.68825 15.3879 14.9776
81.3993 38.853 6.70107 15.3988 14.9648
81.4993 38.821 6.7139 15.4097 14.9519
81.5993 38.7889 6.72673 15.4206 14.9391
81.6993 38.7568 6.73956 15.4315 14.9263
81.7993 38.7246 6.75239 15.4423 14.9134
81.8993 38.6925 6.76523 15.4531 14.9006
81.9993 38.6603 6.77807 15.4638 14.8878
82.0993 38.628 6.79092 15.4745 14.8749
82.1993 38.5958 6.80377 15.4852 14.8621
82.2993 38.5635 6.81662 15.4958 14.8492
82.3993 38.5311 6.82947 15.5065 14.8364
82.4993 38.4987 6.84233 15.517 14.8235
82.5993 38.4663 6.85519 15.5276 14.8106
82.6993 38.4339 6.86805 15.5381 14.7978
82.7993 38.4014 6.88092 15.5486 14.7849
82.8993 38.3689 6.89379 15.559 14.772
82.9993 38.3364 6.90666 15.5694 14.7592
83.0993 38.3038 6.91953 15.5798 14.7463
83.1993 38.2712 6.93241 15.5901 14.7334
83.2993 38.2386 6.94529 15.6004 14.7205
83.3993 38.2059 6.95817 15.6107 14.7077
83.4993 38.1732 6.97105 15.6209 14.6948
83.5993 38.1405 6.98394 15.6311 14.6819
83.6993 38.1077 6.99683 15.6413 14.669
83.7993 38.0749 7.00972 15.6514 14.6561
83.8993 38.0421 7.02262 15.6615 14.6432
83.9993 38.0093 7.03552 15.6716 14.6303
84.0993 37.9764 7.04842 15.6816 14.6174
84.1993 37.9435 7.06132 15.6916 14.6045
84.2993 37.9105 7.07422 15.7015 14.5916
84.3993 37.8775 7.08713 15.7114 14.5787
84.4993 37.8445 7.10004 15.7213 14.5658
84.5993 37.8115 7.11295 15.7312 14.5529
84.6993 37.7784 7.12586 15.741 14.54
84.7993 37.7453 7.13878 15.7508 14.5271
84.8993 37.7122 7.15169 15.7605 14.5141
84.9993 37.679 7.16461 15.7702 14.5012
85.0993 37.6458 7.17753 15.7799 14.4883
85.1993 37.6126 7.19046 15.7895 14.4754
85.2993 37.5793 7.20338 15.7991 14.4625
85.3993 37.5461 7.21631 15.8086 14.4495
85.4993 37.5127 7.22924 15.8182 14.4366
85.5993 37.4794 7.24217 15.8277 14.4237
85.6993 37.446 7.2551 15.8371 14.4107
85.7993 37.4126 7.26803 15.8465 14.3978
85.8993 37.3792 7.28097 15.8559 14.3849
85.9993 37.3457 7.2939 15.8652 14.3719
86.0993 37.3122 7.30684 15.8745 14.359
86.1993 37.2787 7.31978 15.8838 14.3461
86.2993 37.2452 7.33272 15.893 14.3331
86.3993 37.2116 7.34567 15.9022 14.3202
86.4993 37.178 7.35861 15.9114 14.3072
86.5993 37.1443 7.37156 15.9205 14.2943
86.6992 37.1107 7.38451 15.9296 14.2813
86.7992 37.077 7.39745 15.9386 14.2684
86.8992 37.0433 7.4104 15.9477 14.2554
86.9992 37.0095 7.42335 15.9566 14.2425
87.0992 36.9757 7.43631 15.9656 14.2295
87.1992 36.9419 7.44926 15.9745 14.2166
87.2992 36.9081 7.46221 15.9833 14.2036
87.3992 36.8742 7.47517 15.9921 14.1907
87.4992 36.8404 7.48813 16.0009 14.1777
87.5992 36.8064 7.50108 16.0097 14.1647
87.6992 36.7725 7.51404 16.0184 14.1518
87.7992 36.7385 7.527 16.0271 14.1388
87.8992 36.7045 7.53996 16.0357 14.1259
87.9992 36.6705 7.55292 16.0443 14.1129
88.0992 36.6364 7.56589 16.0528 14.0999
88.1992 36.6024 7.57885 16.0614 14.087
88.2992 36.5682 7.59181 16.0698 14.074
88.3992 36.5341 7.60478 16.0783 14.0611
88.4992 36.4999 7.61774 16.0867 14.0481
88.5992 36.4658 7.63071 16.0951 14.0351
88.6992 36.4315 7.64367 16.1034 14.0222
88.7992 36.3973 7.65664 16.1117 14.0092
88.8992 36.363 7.66961 16.1199 13.9962
88.9992 36.3287 7.68257 16.1281 13.9833
89.0992 36.2944 7.69554 16.1363 13.9703
89.1992 36.2601 7.70851 16.1444 13.9573
89.2992 36.2257 7.72148 16.1525 13.9444
89.3992 36.1913 7.73444 16.1606 13.9314
89.4992 36.1569 7.74741 16.1686 13.9184
89.5992 36.1224 7.76038 16.1766 13.9055
89.6992 36.0879 7.77335 16.1845 13.8925
89.7992 36.0534 7.78632 16.1924 13.8795
89.8992 36.0189 7.79929 16.2003 13.8665
89.9992 35.9843 7.81226 16.2081 13.8536
90.0992 35.9497 7.82523 16.2159 13.8406
90.1992 35.9151 7.8382 16.2236 13.8276
90.2992 35.8805 7.85117 16.2313 13.8147
90.3992 35.8458 7.86414 16.239 13.8017
90.4992 35.8112 7.87711 16.2466 13.7887
90.5992 35.7765 7.89008 16.2542 13.7758
90.6992 35.7417 7.90304 16.2618 13.7628
90.7992 35.707 7.91601 16.2693 13.7498
90.8992 35.6722 7.92898 16.2767 13.7369
90.9992 35.6374 7.94195 16.2842 13.7239
91.0992 35.6025 7.95492 16.2915 13.7109
91.1992 35.5677 7.96788 16.2989 13.698
91.2992 35.5328 7.98085 16.3062 13.685
91.3992 35.4979 7.99381 16.3134 13.672
91.4992 35.463 8.00678 16.3207 13.6591
91.5992 35.428 8.01974 16.3279 13.6461
91.6992 35.393 8.03271 16.335 13.6331
91.7992 35.358 8.04567 16.3421 13.6202
91.8992 35.323 8.05863 16.3492 13.6072
91.9992 35.2879 8.0716 16.3562 13.5942
92.0992 35.2529 8.08456 16.3631 13.5813
92.1992 35.2178 8.09752 16.3701 13.5683
92.2992 35.1826 8.11048 16.377 13.5554
92.3992 35.1475 8.12344 16.3838 13.5424
92.4992 35.1123 8.13639 16.3906 13.5294
92.5992 35.0771 8.14935 16.3974 13.5165
92.6992 35.0419 8.16231 16.4041 13.5035
92.7992 35.0067 8.17526 16.4108 13.4906
92.8992 34.9714 8.18821 16.4175 13.4776
92.9992 34.9361 8.20117 16.4241 13.4647
93.0992 34.9008 8.21412 16.4307 13.4517
93.1992 34.8655 8.22707 16.4372 13.4388
93.2991 34.8301 8.24002 16.4437 13.4258
93.3991 34.7948 8.25296 16.4501 13.4129
93.4991 34.7594 8.26591 16.4565 13.3999
93.5991 34.7239 8.27885 16.4628 13.387
93.6991 34.6885 8.2918 16.4692 13.374
93.7991 34.653 8.30474 16.4754 13.3611
93.8991 34.6175 8.31768 16.4816 13.3482
93.9991 34.582 8.33062 16.4878 13.3352
94.0991 34.5465 8.34355 16.494 13.3223
94.1991 34.5109 8.35649 16.5001 13.3093
94.2991 34.4753 8.36942 16.5061 13.2964
94.3991 34.4397 8.38236 16.5121 13.2835
94.4991 34.4041 8.39529 16.5181 13.2705
94.5991 34.3684 8.40821 16.524 13.2576
94.6991 34.3328 8.42114 16.5299 13.2447
94.7991 34.2971 8.43407 16.5358 13.2318
94.8991 34.2614 8.44699 16.5416 13.2188
94.9991 34.2256 8.45991 16.5473 13.2059
95.0991 34.1899 8.47283 16.553 13.193
95.1991 34.1541 8.48575 16.5587 13.1801
95.2991 34.1183 8.49866 16.5643 13.1672
95.3991 34.0825 8.51157 16.5699 13.1543
95.4991 34.0466 8.52448 16.5755 13.1413
95.5991 34.0108 8.53739 16.581 13.1284
95.6991 33.9749 8.5503 16.5864 13.1155
95.7991 33.939 8.5632 16.5918 13.1026
95.8991 33.9031 8.57611 16.5972 13.0897
95.9991 33.8671 8.58901 16.6025 13.0768
96.0991 33.8311 8.6019 16.6078 13.0639
96.1991 33.7951 8.6148 16.613 13.051
96.2991 33.7591 8.62769 16.6182 13.0381
96.3991 33.7231 8.64058 16.6233 13.0253
96.4991 33.687 8.65347 16.6284 13.0124
96.5991 33.651 8.66635 16.6335 12.9995
96.6991 33.6149 8.67923 16.6385 12.9866
96.7991 33.5788 8.69211 16.6435 12.9737
96.8991 33.5426 8.70499 16.6484 12.9608
96.9991 33.5065 8.71787 16.6533 12.948
97.0991 33.4703 8.73074 16.6581 12.9351
97.1991 33.4341 8.74361 16.6629 12.9222
97.2991 33.3979 8.75647 16.6676 12.9094
97.3991 33.3616 8.76933 16.6723 12.8965
97.4991 33.3254 8.78219 16.677 12.8836
97.5991 33.2891 8.79505 16.6816 12.8708
97.6991 33.2528 8.8079 16.6861 12.8579
97.7991 33.2165 8.82076 16.6906 12.8451
97.8991 33.1802 8.8336 16.6951 12.8322
97.9991 33.1438 8.84645 16.6995 12.8194
98.0991 33.1074 8.85929 16.7039 12.8065
98.1991 33.071 8.87213 16.7082 12.7937
98.2991 33.0346 8.88496 16.7125 12.7809
98.3991 32.9982 8.8978 16.7168 12.768
98.4991 32.9617 8.91062 16.721 12.7552
98.5991 32.9253 8.92345 16.7251 12.7424
98.6991 32.8888 8.93627 16.7292 12.7296
98.7991 32.8523 8.94909 16.7333 12.7167
98.8991 32.8157 8.96191 16.7373 12.7039
98.9991 32.7792 8.97472 16.7412 12.6911
99.0991 32.7426 8.98753 16.7452 12.6783
99.1991 32.706 9.00033 16.749 12.6655
99.2991 32.6694 9.01313 16.7529 12.6527
99.3991 32.6328 9.02593 16.7566 12.6399
99.4991 32.5961 9.03872 16.7604 12.6271
99.5991 32.5595 9.05151 16.764 12.6143
99.6991 32.5228 9.0643 16.7677 12.6015
99.799 32.4861 9.07708 16.7713 12.5888
99.899 32.4494 9.08986 16.7748 12.576
99.999 32.4126 9.10263 16.7783 12.5632
100.099 32.3759 9.1154 16.7818 12.5504
100.199 32.3391 9.12817 16.7852 12.5377
100.299 32.3023 9.14093 16.7885 12.5249
100.399 32.2655 9.15369 16.7918 12.5121
100.499 32.2287 9.16644 16.7951 12.4994
100.599 32.1918 9.17919 16.7983 12.4866
100.699 32.1549 9.19194 16.8014 12.4739
100.799 32.1181 9.20468 16.8046 12.4612
100.899 32.0812 9.21742 16.8076 12.4484
100.999 32.0442 9.23015 16.8106 12.4357
101.099 32.0073 9.24288 16.8136 12.423
101.199 31.9703 9.25561 16.8165 12.4102
101.299 31.9334 9.26833 16.8194 12.3975
101.399 31.8964 9.28104 16.8222 12.3848
101.499 31.8594 9.29375 16.825 12.3721
101.599 31.8223 9.30646 16.8277 12.3594
101.699 31.7853 9.31916 16.8304 12.3467
101.799 31.7482 9.33186 16.8331 12.334
101.899 31.7111 9.34455 16.8356 12.3213
101.999 31.674 9.35724 16.8382 12.3086
102.099 31.6369 9.36993 16.8407 12.2959
102.199 31.5998 9.38261 16.8431 12.2832
102.299 31.5626 9.39528 16.8455 12.2706
102.399 31.5255 9.40795 16.8478 12.2579
102.499 31.4883 9.42061 16.8501 12.2452
102.599 31.4511 9.43327 16.8523 12.2326
102.699 31.4139 9.44593 16.8545 12.2199
102.799 31.3766 9.45858 16.8567 12.2073
102.899 31.3394 9.47122 16.8588 12.1946
102.999 31.3021 9.48386 16.8608 12.182
103.099 31.2648 9.4965 16.8628 12.1693
103.199 31.2275 9.50913 16.8647 12.1567
103.299 31.1902 9.52175 16.8666 12.1441
103.399 31.1529 9.53437 16.8685 12.1315
103.499 31.1155 9.54698 16.8703 12.1189
103.599 31.0782 9.55959 16.872 12.1062
103.699 31.0408 9.57219 16.8737 12.0936
103.799 31.0034 9.58479 16.8753 12.081
103.899 30.9659 9.59738 16.8769 12.0685
103.999 30.9285 9.60997 16.8785 12.0559
104.099 30.8911 9.62255 16.88 12.0433
104.199 30.8536 9.63513 16.8814 12.0307
104.299 30.8161 9.6477 16.8828 12.0181
104.399 30.7786 9.66026 16.8841 12.0056
104.499 30.7411 9.67282 16.8854 11.993
104.599 30.7036 9.68538 16.8866 11.9805
104.699 30.666 9.69792 16.8878 11.9679
104.799 30.6284 9.71047 16.889 11.9554
104.899 30.5909 9.723 16.89 11.9428
104.999 30.5533 9.73553 16.8911 11.9303
105.099 30.5157 9.74806 16.8921 11.9178
105.199 30.478 9.76058 16.893 11.9053
105.299 30.4404 9.77309 16.8939 11.8927
105.399 30.4027 9.7856 16.8947 11.8802
105.499 30.365 9.7981 16.8955 11.8677
105.599 30.3274 9.81059 16.8962 11.8552
105.699 30.2896 9.82308 16.8968 11.8428
105.799 30.2519 9.83556 16.8975 11.8303
105.899 30.2142 9.84804 16.898 11.8178
105.999 30.1764 9.86051 16.8985 11.8053
106.099 30.1387 9.87297 16.899 11.7929
106.199 30.1009 9.88543 16.8994 11.7804
106.299 30.0631 9.89788 16.8998 11.768
106.399 30.0253 9.91033 16.9001 11.7555
106.499 29.9874 9.92277 16.9003 11.7431
106.599 29.9496 9.9352 16.9005 11.7306
106.699 29.9117 9.94762 16.9007 11.7182
106.799 29.8739 9.96004 16.9008 11.7058
106.899 29.836 9.97246 16.9008 11.6934
106.999 29.7981 9.98486 16.9008 11.681
107.099 29.7601 9.99726 16.9007 11.6686
107.199 29.7222 10.0097 16.9006 11.6562
107.299 29.6843 10.022 16.9004 11.6438
107.399 29.6463 10.0344 16.9002 11.6314
107.499 29.6083 10.0468 16.8999 11.619
107.599 29.5703 10.0592 16.8996 11.6067
107.699 29.5323 10.0715 16.8992 11.5943
107.799 29.4943 10.0839 16.8987 11.582
107.899 29.4563 10.0962 16.8982 11.5696
107.999 29.4182 10.1086 16.8977 11.5573
108.099 29.3801 10.1209 16.8971 11.5449
108.199 29.3421 10.1332 16.8964 11.5326
108.299 29.304 10.1455 16.8957 11.5203
108.399 29.2659 10.1578 16.895 11.508
108.499 29.2277 10.1701 16.8941 11.4957
108.599 29.1896 10.1824 16.8933 11.4834
108.699 29.1514 10.1947 16.8923 11.4711
108.799 29.1133 10.207 16.8914 11.4588
108.899 29.0751 10.2193 16.8903 11.4466
108.999 29.0369 10.2315 16.8892 11.4343
109.099 28.9987 10.2438 16.8881 11.422
109.199 28.9605 10.2561 16.8869 11.4098
109.299 28.9222 10.2683 16.8856 11.3975
109.399 28.884 10.2805 16.8843 11.3853
109.499 28.8457 10.2928 16.8829 11.3731
109.599 28.8074 10.305 16.8815 11.3608
109.699 28.7691 10.3172 16.88 11.3486
109.799 28.7308 10.3294 16.8785 11.3364
109.899 28.6925 10.3416 16.8769 11.3242
109.999 28.6542 10.3538 16.8753 11.312
110.099 28.6158 10.366 16.8736 11.2999
110.199 28.5775 10.3782 16.8718 11.2877
110.299 28.5391 10.3903 16.87 11.2755
110.399 28.5007 10.4025 16.8681 11.2633
110.499 28.4623 10.4146 16.8662 11.2512
110.599 28.4239 10.4268 16.8642 11.2391
110.699 28.3855 10.4389 16.8622 11.2269
110.799 28.347 10.451 16.8601 11.2148
110.899 28.3086 10.4632 16.858 11.2027
110.999 28.2701 10.4753 16.8558 11.1906
111.099 28.2316 10.4874 16.8535 11.1784
111.199 28.1931 10.4995 16.8512 11.1664
111.299 28.1546 10.5116 16.8488 11.1543
111.399 28.1161 10.5236 16.8464 11.1422
111.499 28.0776 10.5357 16.8439 11.1301
111.599 28.039 10.5478 16.8414 11.1181
111.699 28.0005 10.5598 16.8388 11.106
111.799 27.9619 10.5719 16.8361 11.094
111.899 27.9233 10.5839 16.8334 11.0819
111.999 27.8847 10.5959 16.8306 11.0699
112.099 27.8461 10.608 16.8278 11.0579
112.199 27.8075 10.62 16.8249 11.0459
112.299 27.7689 10.632 16.8219 11.0338
112.399 27.7302 10.644 16.8189 11.0219
112.499 27.6915 10.656 16.8159 11.0099
112.599 27.6529 10.6679 16.8128 10.9979
112.699 27.6142 10.6799 16.8096 10.9859
112.799 27.5755 10.6919 16.8064 10.974
112.899 27.5368 10.7038 16.8031 10.962
112.999 27.498 10.7158 16.7997 10.9501
113.099 27.4593 10.7277 16.7963 10.9381
113.199 27.4206 10.7396 16.7928 10.9262
113.299 27.3818 10.7515 16.7893 10.9143
113.399 27.343 10.7635 16.7857 10.9024
113.499 27.3042 10.7754 16.7821 10.8905
113.599 27.2654 10.7872 16.7784 10.8786
113.699 27.2266 10.7991 16.7746 10.8667
113.799 27.1878 10.811 16.7708 10.8548
113.899 27.149 10.8229 16.7669 10.843
113.999 27.1101 10.8347 16.763 10.8311
114.099 27.0713 10.8466 16.759 10.8193
114.199 27.0324 10.8584 16.7549 10.8074
114.299 26.9935 10.8702 16.7508 10.7956
114.399 26.9546 10.882 16.7467 10.7838
114.499 26.9157 10.8938 16.7424 10.772
114.599 26.8768 10.9056 16.7381 10.7602
114.699 26.8379 10.9174 16.7338 10.7484
114.799 26.7989 10.9292 16.7294 10.7366
114.899 26.76 10.941 16.7249 10.7249
114.999 26.721 10.9527 16.7204 10.7131
115.099 26.682 10.9645 16.7158 10.7014
115.199 26.643 10.9762 16.7111 10.6896
115.299 26.604 10.9879 16.7064 10.6779
115.399 26.565 10.9997 16.7017 10.6662
115.499 26.526 11.0114 16.6968 10.6545
115.599 26.4869 11.0231 16.6919 10.6428
115.699 26.4479 11.0348 16.687 10.6311
115.799 26.4088 11.0465 16.682 10.6194
115.899 26.3698 11.0581 16.6769 10.6077
115.999 26.3307 11.0698 16.6718 10.596
116.099 26.2916 11.0814 16.6666 10.5844
116.199 26.2525 11.0931 16.6613 10.5728
116.299 26.2134 11.1047 16.656 10.5611
116.399 26.1742 11.1163 16.6507 10.5495
116.499 26.1351 11.1279 16.6452 10.5379
116.599 26.096 11.1395 16.6397 10.5263
116.699 26.0568 11.1511 16.6342 10.5147
116.799 26.0176 11.1627 16.6285 10.5031
116.899 25.9784 11.1743 16.6229 10.4915
116.999 25.9392 11.1859 16.6171 10.48
117.099 25.9 11.1974 16.6113 10.4684
117.199 25.8608 11.2089 16.6055 10.4569
117.299 25.8216 11.2205 16.5995 10.4454
117.399 25.7824 11.232 16.5935 10.4338
117.499 25.7431 11.2435 16.5875 10.4223
117.599 25.7038 11.255 16.5814 10.4108
117.699 25.6646 11.2665 16.5752 10.3993
117.799 25.6253 11.278 16.569 10.3879
117.899 25.586 11.2894 16.5627 10.3764
117.999 25.5467 11.3009 16.5563 10.3649
118.099 25.5074 11.3123 16.5499 10.3535
118.199 25.4681 11.3238 16.5434 10.3421
118.299 25.4287 11.3352 16.5369 10.3306
118.399 25.3894 11.3466 16.5302 10.3192
118.499 25.35 11.358 16.5236 10.3078
118.599 25.3106 11.3694 16.5168 10.2964
118.699 25.2713 11.3808 16.51 10.285
118.799 25.2319 11.3922 16.5032 10.2737
118.899 25.1925 11.4035 16.4963 10.2623
118.999 25.1531 11.4149 16.4893 10.251
119.099 25.1136 11.4262 16.4822 10.2396
119.199 25.0742 11.4375 16.4751 10.2283
119.299 25.0348 11.4489 16.4679 10.217
119.399 24.9953 11.4602 16.4607 10.2057
119.499 24.9559 11.4714 16.4534 10.1944
119.599 24.9164 11.4827 16.446 10.1831
119.699 24.8769 11.494 16.4386 10.1718
119.799 24.8374 11.5053 16.4311 10.1606
119.899 24.7979 11.5165 16.4235 10.1493
119.999 24.7584 11.5278 16.4159 10.1381
120.099 24.7189 11.539 16.4082 10.1269
120.199 24.6793 11.5502 16.4005 10.1156
120.299 24.6398 11.5614 16.3927 10.1044
120.399 24.6003 11.5726 16.3848 10.0932
120.499 24.5607 11.5838 16.3769 10.0821
120.599 24.5211 11.5949 16.3689 10.0709
120.699 24.4815 11.6061 16.3608 10.0597
120.799 24.4419 11.6172 16.3527 10.0486
120.899 24.4023 11.6284 16.3445 10.0375
120.999 24.3627 11.6395 16.3362 10.0263
121.099 24.3231 11.6506 16.3279 10.0152
121.199 24.2835 11.6617 16.3195 10.0041
121.299 24.2438 11.6728 16.311 9.99304
121.399 24.2042 11.6839 16.3025 9.98196
121.499 24.1645 11.6949 16.2939 9.9709
121.599 24.1248 11.706 16.2853 9.95984
121.699 24.0852 11.717 16.2765 9.9488
121.799 24.0455 11.7281 16.2678 9.93777
121.899 24.0058 11.7391 16.2589 9.92676
121.999 23.9661 11.7501 16.25 9.91575
122.099 23.9264 11.7611 16.241 9.90476
122.199 23.8866 11.7721 16.232 9.89378
122.299 23.8469 11.783 16.2229 9.88281
122.399 23.8071 11.794 16.2137 9.87185
122.499 23.7674 11.8049 16.2045 9.86091
122.599 23.7276 11.8159 16.1951 9.84998
122.699 23.6878 11.8268 16.1858 9.83906
122.799 23.6481 11.8377 16.1763 9.82815
122.899 23.6083 11.8486 16.1668 9.81725
122.999 23.5685 11.8595 16.1573 9.80637
123.099 23.5286 11.8703 16.1476 9.7955
123.199 23.4888 11.8812 16.1379 9.78464
123.299 23.449 11.892 16.1282 9.77379
123.399 23.4092 11.9029 16.1183 9.76296
123.499 23.3693 11.9137 16.1084 9.75214
123.599 23.3294 11.9245 16.0985 9.74133
123.699 23.2896 11.9353 16.0884 9.73053
123.799 23.2497 11.9461 16.0783 9.71975
123.899 23.2098 11.9569 16.0682 9.70898
123.999 23.1699 11.9676 16.0579 9.69822
124.099 23.13 11.9784 16.0476 9.68747
124.199 23.0901 11.9891 16.0373 9.67674
124.299 23.0502 11.9998 16.0268 9.66602
124.399 23.0103 12.0105 16.0163 9.65531
124.499 22.9703 12.0212 16.0058 9.64462
124.599 22.9304 12.0319 15.9951 9.63393
124.699 22.8904 12.0426 15.9844 9.62326
124.799 22.8504 12.0532 15.9736 9.61261
124.899 22.8105 12.0639 15.9628 9.60196
124.999 22.7705 12.0745 15.9519 9.59133
125.099 22.7305 12.0851 15.9409 9.58072
125.199 22.6905 12.0957 15.9299 9.57011
125.299 22.6505 12.1063 15.9188 9.55952
125.399 22.6105 12.1169 15.9076 9.54894
125.499 22.5704 12.1275 15.8964 9.53838
125.599 22.5304 12.138 15.8851 9.52782
125.699 22.4904 12.1485 15.8737 9.51728
125.799 22.4503 12.1591 15.8622 9.50676
125.899 22.4103 12.1696 15.8507 9.49625
125.999 22.3702 12.1801 15.8391 9.48575
126.099 22.3301 12.1906 15.8275 9.47526
126.199 22.29 12.201 15.8158 9.46479
126.299 22.2499 12.2115 15.804 9.45433
126.399 22.2098 12.222 15.7921 9.44388
126.499 22.1697 12.2324 15.7802 9.43345
126.599 22.1296 12.2428 15.7682 9.42303
126.699 22.0895 12.2532 15.7562 9.41263
126.799 22.0493 12.2636 15.744 9.40223
126.899 22.0092 12.274 15.7318 9.39186
126.999 21.969 12.2843 15.7196 9.38149
127.099 21.9289 12.2947 15.7072 9.37114
127.199 21.8887 12.305 15.6948 9.3608
127.299 21.8485 12.3154 15.6823 9.35048
127.399 21.8083 12.3257 15.6698 9.34017
127.499 21.7681 12.336 15.6572 9.32987
127.599 21.7279 12.3462 15.6445 9.31959
127.699 21.6877 12.3565 15.6318 9.30932
127.799 21.6475 12.3668 15.6189 9.29907
127.899 21.6073 12.377 15.6061 9.28882
127.999 21.5671 12.3872 15.5931 9.2786
128.099 21.5268 12.3975 15.5801 9.26838
128.199 21.4866 12.4077 15.567 9.25818
128.299 21.4463 12.4178 15.5538 9.248
128.399 21.406 12.428 15.5406 9.23783
128.499 21.3658 12.4382 15.5273 9.22767
128.599 21.3255 12.4483 15.5139 9.21752
128.699 21.2852 12.4584 15.5005 9.20739
128.799 21.2449 12.4686 15.4869 9.19728
128.899 21.2046 12.4787 15.4734 9.18718
128.999 21.1643 12.4887 15.4597 9.17709
129.099 21.1239 12.4988 15.446 9.16702
129.199 21.0836 12.5089 15.4322 9.15696
129.299 21.0433 12.5189 15.4183 9.14691
129.399 21.0029 12.529 15.4044 9.13688
129.499 20.9626 12.539 15.3904 9.12687
129.599 20.9222 12.549 15.3763 9.11687
129.699 20.8818 12.559 15.3622 9.10688
129.799 20.8415 12.5689 15.3479 9.09691
129.899 20.8011 12.5789 15.3337 9.08695
129.999 20.7607 12.5888 15.3193 9.07701
130.099 20.7203 12.5988 15.3049 9.06708
130.199 20.6799 12.6087 15.2904 9.05716
130.299 20.6395 12.6186 15.2758 9.04726
130.399 20.5991 12.6285 15.2612 9.03738
130.499 20.5586 12.6383 15.2465 9.02751
130.599 20.5182 12.6482 15.2317 9.01765
130.699 20.4777 12.658 15.2168 9.00781
130.799 20.4373 12.6678 15.2019 8.99799
130.899 20.3968 12.6777 15.1869 8.98817
130.999 20.3564 12.6875 15.1719 8.97838
131.099 20.3159 12.6972 15.1567 8.9686
131.199 20.2754 12.707 15.1415 8.95883
131.299 20.2349 12.7168 15.1262 8.94908
131.399 20.1944 12.7265 15.1109 8.93934
131.499 20.1539 12.7362 15.0955 8.92962
131.599 20.1134 12.7459 15.08 8.91991
131.699 20.0729 12.7556 15.0644 8.91022
131.799 20.0324 12.7653 15.0488 8.90054
131.899 19.9919 12.775 15.0331 8.89088
131.999 19.9513 12.7846 15.0173 8.88123
132.099 19.9108 12.7942 15.0015 8.8716
132.199 19.8702 12.8038 14.9855 8.86199
132.299 19.8297 12.8134 14.9696 8.85238
132.399 19.7891 12.823 14.9535 8.8428
132.499 19.7485 12.8326 14.9374 8.83323
132.599 19.708 12.8422 14.9212 8.82367
132.699 19.6674 12.8517 14.9049 8.81413
132.799 19.6268 12.8612 14.8885 8.80461
132.899 19.5862 12.8707 14.8721 8.7951
132.999 19.5456 12.8802 14.8556 8.78561
133.099 19.505 12.8897 14.8391 8.77613
133.199 19.4643 12.8992 14.8224 8.76666
133.299 19.4237 12.9086 14.8057 8.75722
133.399 19.3831 12.918 14.7889 8.74778
133.499 19.3424 12.9275 14.7721 8.73837
133.599 19.3018 12.9369 14.7552 8.72897
133.699 19.2611 12.9463 14.7382 8.71958
133.799 19.2205 12.9556 14.7211 8.71021
133.899 19.1798 12.965 14.704 8.70086
133.999 19.1391 12.9743 14.6868 8.69152
134.099 19.0985 12.9836 14.6695 8.6822
134.199 19.0578 12.9929 14.6521 8.67289
134.299 19.0171 13.0022 14.6347 8.6636
134.399 18.9764 13.0115 14.6172 8.65433
134.499 18.9357 13.0208 14.5996 8.64507
134.599 18.895 13.03 14.582 8.63582
134.699 18.8542 13.0392 14.5643 8.6266
134.799 18.8135 13.0485 14.5465 8.61738
134.899 18.7728 13.0576 14.5286 8.60819
134.999 18.732 13.0668 14.5107 8.59901
135.099 18.6913 13.076 14.4927 8.58985
135.199 18.6505 13.0851 14.4746 8.5807
135.299 18.6098 13.0943 14.4564 8.57157
135.399 18.569 13.1034 14.4382 8.56245
135.499 18.5283 13.1125 14.4199 8.55335
135.599 18.4875 13.1216 14.4015 8.54427
135.699 18.4467 13.1306 14.3831 8.5352
135.799 18.4059 13.1397 14.3646 8.52615
135.899 18.3651 13.1487 14.346 8.51712
135.999 18.3243 13.1577 14.3273 8.5081
136.099 18.2835 13.1667 14.3086 8.4991
136.199 18.2427 13.1757 14.2898 8.49011
136.299 18.2019 13.1847 14.2709 8.48114
136.399 18.161 13.1936 14.252 8.47219
136.499 18.1202 13.2026 14.2329 8.46325
136.599 18.0794 13.2115 14.2138 8.45433
136.699 18.0385 13.2204 14.1947 8.44543
136.799 17.9977 13.2293 14.1754 8.43654
136.899 17.9568 13.2382 14.1561 8.42767
136.999 17.9159 13.247 14.1367 8.41881
137.099 17.8751 13.2559 14.1173 8.40998
137.199 17.8342 13.2647 14.0977 8.40116
137.299 17.7933 13.2735 14.0781 8.39235
137.399 17.7524 13.2823 14.0584 8.38356
137.499 17.7115 13.291 14.0387 8.37479
137.599 17.6706 13.2998 14.0189 8.36604
137.699 17.6297 13.3085 13.999 8.3573
137.799 17.5888 13.3173 13.979 8.34858
137.899 17.5479 13.326 13.9589 8.33987
137.999 17.507 13.3346 13.9388 8.33119
138.099 17.4661 13.3433 13.9186 8.32252
138.199 17.4251 13.352 13.8984 8.31386
138.299 17.3842 13.3606 13.878 8.30523
138.399 17.3432 13.3692 13.8576 8.29661
138.499 17.3023 13.3778 13.8371 8.288
138.599 17.2613 13.3864 13.8166 8.27942
138.699 17.2204 13.395 13.796 8.27085
138.799 17.1794 13.4035 13.7752 8.2623
138.899 17.1384 13.4121 13.7545 8.25376
138.999 17.0974 13.4206 13.7336 8.24524
139.099 17.0565 13.4291 13.7127 8.23674
139.199 17.0155 13.4376 13.6917 8.22826
139.299 16.9745 13.446 13.6706 8.21979
139.399 16.9335 13.4545 13.6495 8.21134
139.499 16.8925 13.4629 13.6283 8.20291
139.599 16.8514 13.4713 13.607 8.19449
139.699 16.8104 13.4797 13.5856 8.1861
139.799 16.7694 13.4881 13.5642 8.17772
139.899 16.7284 13.4965 13.5427 8.16935
139.999 16.6873 13.5048 13.5211 8.16101
140.099 16.6463 13.5132 13.4994 8.15268
140.199 16.6052 13.5215 13.4777 8.14437
140.299 16.5642 13.5298 13.4559 8.13607
140.399 16.5231 13.538 13.434 8.1278
140.499 16.4821 13.5463 13.4121 8.11954
140.599 16.441 13.5545 13.3901 8.1113
140.699 16.3999 13.5628 13.368 8.10307
140.799 16.3589 13.571 13.3458 8.09486
140.899 16.3178 13.5792 13.3236 8.08668
140.999 16.2767 13.5873 13.3013 8.0785
141.099 16.2356 13.5955 13.2789 8.07035
141.199 16.1945 13.6036 13.2564 8.06221
141.299 16.1534 13.6117 13.2339 8.0541
141.399 16.1123 13.6198 13.2113 8.04599
141.499 16.0712 13.6279 13.1886 8.03791
141.599 16.03 13.636 13.1658 8.02985
141.699 15.9889 13.644 13.143 8.0218
141.799 15.9478 13.6521 13.1201 8.01377
141.899 15.9066 13.6601 13.0972 8.00576
141.999 15.8655 13.6681 13.0741 7.99776
142.099 15.8244 13.676 13.051 7.98978
142.199 15.7832 13.684 13.0278 7.98183
142.299 15.742 13.6919 13.0045 7.97389
142.399 15.7009 13.6999 12.9812 7.96596
142.499 15.6597 13.7078 12.9578 7.95806
142.6 15.6185 13.7157 12.9343 7.95017
142.7 15.5774 13.7235 12.9108 7.9423
142.8 15.5362 13.7314 12.8871 7.93445
142.9 15.495 13.7392 12.8634 7.92662
143 15.4538 13.747 12.8397 7.9188
143.1 15.4126 13.7548 12.8158 7.91101
143.2 15.3714 13.7626 12.7919 7.90323
143.3 15.3302 13.7704 12.7679 7.89547
143.4 15.289 13.7781 12.7439 7.88772
143.5 15.2478 13.7858 12.7197 7.88
143.6 15.2066 13.7935 12.6955 7.87229
143.7 15.1653 13.8012 12.6712 7.86461
143.8 15.1241 13.8089 12.6469 7.85694
143.9 15.0829 13.8166 12.6224 7.84928
144 15.0416 13.8242 12.598 7.84165
144.1 15.0004 13.8318 12.5734 7.83404
144.2 14.9591 13.8394 12.5487 7.82644
144.3 14.9179 13.847 12.524 7.81886
144.4 14.8766 13.8545 12.4992 7.8113
144.5 14.8354 13.8621 12.4744 7.80376
144.6 14.7941 13.8696 12.4494 7.79624
144.7 14.7528 13.8771 12.4244 7.78873
144.8 14.7115 13.8846 12.3994 7.78125
144.9 14.6703 13.8921 12.3742 7.77378
145 14.629 13.8995 12.349 7.76633
145.1 14.5877 13.9069 12.3237 7.7589
145.2 14.5464 13.9143 12.2983 7.75149
145.3 14.5051 13.9217 12.2729 7.7441
145.4 14.4638 13.9291 12.2474 7.73672
145.5 14.4225 13.9365 12.2218 7.72937
145.6 14.3811 13.9438 12.1961 7.72203
145.7 14.3398 13.9511 12.1704 7.71471
145.8 14.2985 13.9584 12.1446 7.70741
145.9 14.2572 13.9657 12.1188 7.70013
146 14.2158 13.973 12.0928 7.69287
146.1 14.1745 13.9802 12.0668 7.68562
146.2 14.1332 13.9874 12.0407 7.6784
146.3 14.0918 13.9946 12.0146 7.67119
146.4 14.0505 14.0018 11.9883 7.66401
146.5 14.0091 14.009 11.962 7.65684
146.6 13.9678 14.0161 11.9357 7.64969
146.7 13.9264 14.0233 11.9092 7.64256
146.8 13.885 14.0304 11.8827 7.63545
146.9 13.8437 14.0375 11.8561 7.62835
147 13.8023 14.0446 11.8295 7.62128
147.1 13.7609 14.0516 11.8028 7.61422
147.2 13.7195 14.0586 11.776 7.60719
147.3 13.6781 14.0657 11.7491 7.60017
147.4 13.6367 14.0727 11.7222 7.59317
147.5 13.5953 14.0796 11.6951 7.5862
147.6 13.5539 14.0866 11.6681 7.57924
147.7 13.5125 14.0935 11.6409 7.5723
147.8 13.4711 14.1005 11.6137 7.56537
147.9 13.4297 14.1074 11.5864 7.55847
148 13.3883 14.1142 11.559 7.55159
148.1 13.3469 14.1211 11.5316 7.54473
148.2 13.3054 14.128 11.5041 7.53788
148.3 13.264 14.1348 11.4765 7.53106
148.4 13.2226 14.1416 11.4489 7.52425
148.5 13.1811 14.1484 11.4212 7.51746
148.6 13.1397 14.1551 11.3934 7.5107
148.7 13.0983 14.1619 11.3655 7.50395
148.8 13.0568 14.1686 11.3376 7.49722
148.9 13.0154 14.1753 11.3096 7.49051
149 12.9739 14.182 11.2815 7.48382
149.1 12.9324 14.1887 11.2534 7.47715
149.2 12.891 14.1953 11.2252 7.4705
149.3 12.8495 14.202 11.1969 7.46387
149.4 12.808 14.2086 11.1686 7.45725
149.5 12.7665 14.2152 11.1402 7.45066
149.6 12.7251 14.2217 11.1117 7.44409
149.7 12.6836 14.2283 11.0832 7.43753
149.8 12.6421 14.2348 11.0545 7.431
149.9 12.6006 14.2413 11.0258 7.42449
150 12.5591 14.2478 10.9971 7.41799
150.1 12.5176 14.2543 10.9683 7.41151
150.2 12.4761 14.2608 10.9394 7.40506
150.3 12.4346 14.2672 10.9104 7.39862
150.4 12.3931 14.2736 10.8814 7.39221
150.5 12.3516 14.28 10.8523 7.38581
150.6 12.31 14.2864 10.8231 7.37943
150.7 12.2685 14.2928 10.7939 7.37308
150.8 12.227 14.2991 10.7646 7.36674
150.9 12.1855 14.3054 10.7352 7.36042
151 12.1439 14.3117 10.7057 7.35412
151.1 12.1024 14.318 10.6762 7.34784
151.2 12.0608 14.3242 10.6467 7.34158
151.3 12.0193 14.3305 10.617 7.33535
151.4 11.9777 14.3367 10.5873 7.32913
151.5 11.9362 14.3429 10.5575 7.32293
151.6 11.8946 14.3491 10.5277 7.31675
151.7 11.8531 14.3552 10.4978 7.31059
151.8 11.8115 14.3614 10.4678 7.30445
151.9 11.77 14.3675 10.4377 7.29833
152 11.7284 14.3736 10.4076 7.29223
152.1 11.6868 14.3797 10.3774 7.28615
152.2 11.6452 14.3857 10.3472 7.28009
152.3 11.6036 14.3918 10.3169 7.27406
152.4 11.5621 14.3978 10.2865 7.26804
152.5 11.5205 14.4038 10.256 7.26204
152.6 11.4789 14.4098 10.2255 7.25606
152.7 11.4373 14.4157 10.1949 7.2501
152.8 11.3957 14.4217 10.1643 7.24416
152.9 11.3541 14.4276 10.1336 7.23824
153 11.3125 14.4335 10.1028 7.23234
153.1 11.2709 14.4394 10.0719 7.22646
153.2 11.2293 14.4452 10.041 7.22061
153.3 11.1877 14.4511 10.01 7.21477
153.4 11.146 14.4569 9.979 7.20895
153.5 11.1044 14.4627 9.94789 7.20315
153.6 11.0628 14.4685 9.91671 7.19738
153.7 11.0212 14.4742 9.88547 7.19162
153.8 10.9795 14.48 9.85417 7.18588
153.9 10.9379 14.4857 9.8228 7.18017
154 10.8963 14.4914 9.79137 7.17447
154.1 10.8546 14.497 9.75987 7.16879
154.2 10.813 14.5027 9.72831 7.16314
154.3 10.7713 14.5083 9.69668 7.1575
154.4 10.7297 14.5139 9.66499 7.15189
154.5 10.688 14.5195 9.63323 7.1463
154.6 10.6464 14.5251 9.60141 7.14072
154.7 10.6047 14.5307 9.56953 7.13517
154.8 10.563 14.5362 9.53758 7.12964
154.9 10.5214 14.5417 9.50557 7.12412
155 10.4797 14.5472 9.4735 7.11863
155.1 10.438 14.5527 9.44136 7.11316
155.2 10.3964 14.5581 9.40916 7.10771
155.3 10.3547 14.5636 9.3769 7.10228
155.4 10.313 14.569 9.34458 7.09687
155.5 10.2713 14.5744 9.31219 7.09148
155.6 10.2296 14.5797 9.27974 7.08611
155.7 10.1879 14.5851 9.24722 7.08077
155.8 10.1462 14.5904 9.21465 7.07544
155.9 10.1045 14.5957 9.18201 7.07013
156 10.0628 14.601 9.14931 7.06485
156.1 10.0211 14.6063 9.11655 7.05958
156.2 9.97943 14.6115 9.08373 7.05434
156.3 9.93772 14.6167 9.05085 7.04911
156.4 9.89601 14.6219 9.0179 7.04391
156.5 9.8543 14.6271 8.98489 7.03873
156.6 9.81258 14.6323 8.95183 7.03357
156.7 9.77086 14.6374 8.9187 7.02843
156.8 9.72914 14.6425 8.88551 7.02331
156.9 9.68741 14.6476 8.85226 7.01821
157 9.64568 14.6527 8.81895 7.01313
157.1 9.60395 14.6578 8.78558 7.00807
157.2 9.56222 14.6628 8.75215 7.00303
157.3 9.52048 14.6678 8.71866 6.99802
157.4 9.47874 14.6728 8.68511 6.99302
157.5 9.437 14.6778 8.6515 6.98805
157.6 9.39525 14.6827 8.61783 6.9831
157.7 9.35351 14.6877 8.5841 6.97816
157.8 9.31175 14.6926 8.55031 6.97325
157.9 9.27 14.6975 8.51647 6.96836
158 9.22825 14.7023 8.48256 6.96349
158.1 9.18649 14.7072 8.4486 6.95865
158.2 9.14473 14.712 8.41458 6.95382
158.3 9.10296 14.7168 8.3805 6.94901
158.4 9.06119 14.7216 8.34636 6.94423
158.5 9.01942 14.7264 8.31216 6.93946
158.6 8.97765 14.7311 8.27791 6.93472
158.7 8.93588 14.7358 8.2436 6.93
158.8 8.8941 14.7405 8.20923 6.9253
158.9 8.85232 14.7452 8.1748 6.92062
159.001 8.81054 14.7499 8.14032 6.91596
159.101 8.76875 14.7545 8.10578 6.91132
159.201 8.72697 14.7591 8.07118 6.9067
159.301 8.68518 14.7637 8.03653 6.90211
159.401 8.64339 14.7683 8.00182 6.89754
159.501 8.60159 14.7729 7.96706 6.89298
159.601 8.55979 14.7774 7.93224 6.88845
159.701 8.51799 14.7819 7.89736 6.88394
159.801 8.47619 14.7864 7.86243 6.87945
159.901 8.43439 14.7909 7.82744 6.87498
160.001 8.39258 14.7953 7.7924 6.87054
160.101 8.35077 14.7997 7.7573 6.86611
160.201 8.30896 14.8041 7.72215 6.86171
160.301 8.26714 14.8085 7.68694 6.85732
160.401 8.22533 14.8129 7.65168 6.85296
160.501 8.18351 14.8172 7.61637 6.84862
160.601 8.14169 14.8215 7.581 6.8443
160.701 8.09986 14.8258 7.54558 6.84001
160.801 8.05804 14.8301 7.5101 6.83573
160.901 8.01621 14.8344 7.47457 6.83148
161.001 7.97438 14.8386 7.43899 6.82724
161.101 7.93254 14.8428 7.40335 6.82303
161.201 7.89071 14.847 7.36766 6.81884
161.301 7.84887 14.8512 7.33192 6.81467
161.401 7.80703 14.8553 7.29613 6.81052
161.501 7.76519 14.8594 7.26028 6.8064
161.601 7.72335 14.8635 7.22438 6.80229
161.701 7.6815 14.8676 7.18844 6.79821
161.801 7.63965 14.8717 7.15243 6.79415
161.901 7.5978 14.8757 7.11638 6.79011
162.001 7.55595 14.8797 7.08028 6.78609
162.101 7.51409 14.8837 7.04413 6.78209
162.201 7.47224 14.8877 7.00792 6.77812
162.301 7.43038 14.8917 6.97167 6.77416
162.401 7.38851 14.8956 6.93536 6.77023
162.501 7.34665 14.8995 6.89901 6.76632
162.601 7.30479 14.9034 6.8626 6.76243
162.701 7.26292 14.9073 6.82615 6.75856
162.801 7.22105 14.9111 6.78964 6.75472
162.901 7.17918 14.9149 6.75309 6.75089
163.001 7.1373 14.9187 6.71649 6.74709
163.101 7.09543 14.9225 6.67984 6.74331
163.201 7.05355 14.9263 6.64314 6.73955
163.301 7.01167 14.93 6.60639 6.73581
163.401 6.96979 14.9337 6.56959 6.73209
163.501 6.9279 14.9374 6.53275 6.7284
163.601 6.88602 14.9411 6.49586 6.72473
163.701 6.84413 14.9448 6.45892 6.72107
163.801 6.80224 14.9484 6.42194 6.71745
163.901 6.76035 14.952 6.3849 6.71384
164.001 6.71845 14.9556 6.34782 6.71025
164.101 6.67656 14.9591 6.3107 6.70669
164.201 6.63466 14.9627 6.27353 6.70315
164.301 6.59276 14.9662 6.23631 6.69963
164.401 6.55086 14.9697 6.19905 6.69613
164.501 6.50896 14.9732 6.16174 6.69265
164.601 6.46705 14.9766 6.12439 6.68919
164.701 6.42515 14.9801 6.08699 6.68576
164.801 6.38324 14.9835 6.04954 6.68235
164.901 6.34133 14.9869 6.01206 6.67896
165.001 6.29941 14.9902 5.97452 6.67559
165.101 6.2575 14.9936 5.93695 6.67225
165.201 6.21558 14.9969 5.89933 6.66892
165.301 6.17367 15.0002 5.86166 6.66562
165.401 6.13175 15.0035 5.82396 6.66234
165.501 6.08983 15.0068 5.78621 6.65908
165.601 6.04791 15.01 5.74841 6.65585
165.701 6.00598 15.0132 5.71058 6.65263
165.801 5.96405 15.0164 5.6727 6.64944
165.901 5.92213 15.0196 5.63478 6.64627
166.001 5.8802 15.0227 5.59682 6.64312
166.101 5.83827 15.0258 5.55882 6.63999
166.201 5.79633 15.0289 5.52077 6.63689
166.301 5.7544 15.032 5.48269 6.63381
166.401 5.71246 15.0351 5.44456 6.63074
166.501 5.67053 15.0381 5.40639 6.62771
166.601 5.62859 15.0411 5.36819 6.62469
166.701 5.58665 15.0441 5.32994 6.62169
166.801 5.5447 15.0471 5.29165 6.61872
166.901 5.50276 15.0501 5.25333 6.61577
167.001 5.46082 15.053 5.21496 6.61284
167.101 5.41887 15.0559 5.17656 6.60994
167.201 5.37692 15.0588 5.13811 6.60705
167.301 5.33497 15.0616 5.09963 6.60419
167.401 5.29302 15.0645 5.06111 6.60135
167.501 5.25107 15.0673 5.02255 6.59853
167.601 5.20911 15.0701 4.98396 6.59574
167.701 5.16716 15.0729 4.94533 6.59296
167.801 5.1252 15.0756 4.90666 6.59021
167.901 5.08324 15.0784 4.86795 6.58748
168.001 5.04128 15.0811 4.8292 6.58477
168.101 4.99932 15.0837 4.79042 6.58209
168.201 4.95736 15.0864 4.75161 6.57942
168.301 4.91539 15.0891 4.71276 6.57678
168.401 4.87343 15.0917 4.67387 6.57416
168.501 4.83146 15.0943 4.63495 6.57157
168.601 4.78949 15.0968 4.59599 6.56899
168.701 4.74752 15.0994 4.557 6.56644
168.801 4.70555 15.1019 4.51797 6.56391
168.901 4.66358 15.1044 4.47891 6.5614
169.001 4.6216 15.1069 4.43981 6.55892
169.101 4.57963 15.1094 4.40068 6.55645
169.201 4.53765 15.1118 4.36152 6.55401
169.301 4.49568 15.1142 4.32233 6.55159
169.401 4.4537 15.1166 4.2831 6.5492
169.501 4.41172 15.119 4.24384 6.54682
169.601 4.36974 15.1214 4.20455 6.54447
169.701 4.32775 15.1237 4.16522 6.54214
169.801 4.28577 15.126 4.12587 6.53983
169.901 4.24378 15.1283 4.08648 6.53755
170.001 4.2018 15.1306 4.04706 6.53528
170.101 4.15981 15.1328 4.00761 6.53304
170.201 4.11782 15.135 3.96813 6.53082
170.301 4.07583 15.1372 3.92862 6.52863
170.401 4.03384 15.1394 3.88908 6.52645
170.501 3.99185 15.1415 3.84951 6.5243
170.601 3.94986 15.1437 3.80991 6.52217
170.701 3.90786 15.1458 3.77028 6.52006
170.801 3.86587 15.1479 3.73062 6.51798
170.901 3.82387 15.1499 3.69094 6.51592
171.001 3.78188 15.152 3.65122 6.51388
171.101 3.73988 15.154 3.61148 6.51186
171.201 3.69788 15.156 3.57171 6.50987
171.301 3.65588 15.1579 3.53192 6.50789
171.401 3.61388 15.1599 3.49209 6.50594
171.501 3.57187 15.1618 3.45224 6.50401
171.601 3.52987 15.1637 3.41236 6.50211
171.701 3.48787 15.1656 3.37246 6.50023
171.801 3.44586 15.1675 3.33253 6.49836
171.901 3.40385 15.1693 3.29258 6.49653
172.001 3.36185 15.1711 3.2526 6.49471
172.101 3.31984 15.1729 3.21259 6.49292
172.201 3.27783 15.1747 3.17256 6.49114
172.301 3.23582 15.1764 3.13251 6.4894
172.401 3.19381 15.1782 3.09243 6.48767
172.501 3.1518 15.1799 3.05233 6.48597
172.601 3.10979 15.1816 3.0122 6.48428
172.701 3.06777 15.1832 2.97205 6.48263
172.801 3.02576 15.1848 2.93188 6.48099
172.901 2.98374 15.1865 2.89168 6.47937
173.001 2.94173 15.1881 2.85147 6.47778
173.101 2.89971 15.1896 2.81123 6.47621
173.201 2.85769 15.1912 2.77097 6.47467
173.301 2.81567 15.1927 2.73068 6.47314
173.401 2.77365 15.1942 2.69038 6.47164
173.501 2.73163 15.1957 2.65006 6.47016
173.601 2.68961 15.1971 2.60971 6.46871
173.701 2.64759 15.1986 2.56935 6.46727
173.801 2.60557 15.2 2.52896 6.46586
173.901 2.56355 15.2014 2.48856 6.46447
174.001 2.52152 15.2027 2.44814 6.4631
174.101 2.4795 15.2041 2.40769 6.46176
174.201 2.43747 15.2054 2.36723 6.46044
174.301 2.39545 15.2067 2.32675 6.45914
174.401 2.35342 15.208 2.28626 6.45786
174.501 2.3114 15.2092 2.24574 6.45661
174.601 2.26937 15.2105 2.20521 6.45538
174.701 2.22734 15.2117 2.16466 6.45417
174.801 2.18531 15.2129 2.12409 6.45298
174.901 2.14328 15.214 2.08351 6.45182
175.001 2.10125 15.2152 2.04291 6.45068
175.101 2.05922 15.2163 2.00229 6.44956
175.201 2.01719 15.2174 1.96166 6.44846
175.301 1.97516 15.2184 1.92102 6.44739
175.402 1.93312 15.2195 1.88036 6.44634
175.502 1.89109 15.2205 1.83968 6.44531
175.602 1.84906 15.2215 1.79899 6.4443
175.702 1.80702 15.2225 1.75829 6.44332
175.802 1.76499 15.2235 1.71757 6.44236
175.902 1.72296 15.2244 1.67684 6.44142
176.002 1.68092 15.2253 1.6361 6.4405
176.102 1.63888 15.2262 1.59534 6.43961
176.202 1.59685 15.2271 1.55457 6.43874
176.302 1.55481 15.2279 1.51379 6.43789
176.402 1.51277 15.2288 1.473 6.43707
176.502 1.47074 15.2296 1.43219 6.43626
176.602 1.4287 15.2304 1.39138 6.43548
176.702 1.38666 15.2311 1.35055 6.43472
176.802 1.34462 15.2318 1.30971 6.43399
176.902 1.30258 15.2326 1.26886 6.43328
177.002 1.26054 15.2332 1.22801 6.43259
177.102 1.2185 15.2339 1.18714 6.43192
177.202 1.17646 15.2346 1.14626 6.43128
177.302 1.13442 15.2352 1.10538 6.43065
177.402 1.09238 15.2358 1.06449 6.43005
177.502 1.05034 15.2364 1.02358 6.42948
177.602 1.0083 15.2369 0.982674 6.42892
177.702 0.966258 15.2374 0.941756 6.42839
177.802 0.924216 15.238 0.900831 6.42788
177.902 0.882174 15.2384 0.859899 6.4274
178.002 0.840131 15.2389 0.818961 6.42693
178.102 0.798089 15.2393 0.778016 6.42649
178.202 0.756046 15.2398 0.737064 6.42607
178.302 0.714003 15.2402 0.696107 6.42568
178.402 0.671959 15.2405 0.655145 6.42531
178.502 0.629916 15.2409 0.614178 6.42496
178.602 0.587872 15.2412 0.573205 6.42463
178.702 0.545828 15.2415 0.532228 6.42432
178.802 0.503784 15.2418 0.491247 6.42404
178.902 0.46174 15.2421 0.450263 6.42378
179.002 0.419696 15.2423 0.409274 6.42354
179.102 0.377652 15.2425 0.368283 6.42333
179.202 0.335607 15.2427 0.327288 6.42314
179.302 0.293563 15.2429 0.286292 6.42297
179.402 0.251518 15.243 0.245292 6.42282
179.502 0.209474 15.2431 0.204291 6.4227
179.602 0.167429 15.2432 0.163288 6.42259
179.702 0.125384 15.2433 0.122284 6.42252
179.802 0.0833392 15.2434 0.0812795 6.42246
179.902 0.0412944 15.2434 0.040274 6.42243
