0 0.0838332 0 0 7.35995
0.1 89.95 4.5744e-06 0.0285525 7.35994
0.2 89.9 1.82976e-05 0.057105 7.35993
0.3 89.8499 4.11695e-05 0.0856574 7.35991
0.4 89.7999 7.31901e-05 0.11421 7.35987
0.5 89.7499 0.000114359 0.142762 7.35983
0.6 89.6999 0.000164677 0.171314 7.35978
0.7 89.6499 0.000224143 0.199866 7.35972
0.8 89.5998 0.000292757 0.228418 7.35965
0.9 89.5498 0.000370519 0.256969 7.35958
1 89.4998 0.000457429 0.285521 7.35949
1.1 89.4498 0.000553486 0.314072 7.35939
1.2 89.3998 0.00065869 0.342623 7.35929
1.3 89.3497 0.000773041 0.371173 7.35917
1.4 89.2997 0.000896538 0.399723 7.35905
1.5 89.2497 0.00102918 0.428273 7.35892
1.6 89.1997 0.00117097 0.456822 7.35878
1.7 89.1497 0.00132191 0.485371 7.35863
1.8 89.0996 0.00148198 0.513919 7.35847
1.9 89.0496 0.00165121 0.542467 7.3583
2 88.9996 0.00182957 0.571015 7.35812
2.1 88.9496 0.00201709 0.599562 7.35793
2.2 88.8996 0.00221374 0.628108 7.35773
2.3 88.8495 0.00241953 0.656654 7.35753
2.4 88.7995 0.00263447 0.685199 7.35731
2.5 88.7495 0.00285855 0.713743 7.35709
2.6 88.6995 0.00309176 0.742287 7.35686
2.7 88.6495 0.00333412 0.77083 7.35661
2.8 88.5994 0.00358561 0.799373 7.35636
2.9 88.5494 0.00384625 0.827914 7.3561
3 88.4994 0.00411602 0.856455 7.35583
3.1 88.4494 0.00439492 0.884995 7.35555
3.2 88.3994 0.00468297 0.913535 7.35526
3.3 88.3493 0.00498014 0.942073 7.35497
3.4 88.2993 0.00528645 0.970611 7.35466
3.5 88.2493 0.00560189 0.999147 7.35435
3.6 88.1993 0.00592647 1.02768 7.35402
3.7 88.1493 0.00626017 1.05622 7.35369
3.8 88.0992 0.00660301 1.08475 7.35334
3.9 88.0492 0.00695497 1.11328 7.35299
4 87.9992 0.00731606 1.14182 7.35263
4.1 87.9492 0.00768628 1.17035 7.35226
4.2 87.8992 0.00806562 1.19888 7.35188
4.3 87.8491 0.00845409 1.2274 7.35149
4.4 87.7991 0.00885168 1.25593 7.3511
4.5 87.7491 0.00925839 1.28446 7.35069
4.6 87.6991 0.00967422 1.31298 7.35027
4.7 87.6491 0.0100992 1.34151 7.34985
4.8 87.599 0.0105332 1.37003 7.34941
4.9 87.549 0.0109764 1.39855 7.34897
5 87.499 0.0114287 1.42707 7.34852
5.1 87.449 0.0118902 1.45559 7.34806
5.2 87.399 0.0123607 1.48411 7.34759
5.3 87.3489 0.0128403 1.51262 7.34711
5.4 87.2989 0.0133291 1.54114 7.34662
5.5 87.2489 0.0138269 1.56965 7.34612
5.6 87.1989 0.0143339 1.59816 7.34561
5.7 87.1489 0.01485 1.62667 7.3451
5.8 87.0988 0.0153751 1.65518 7.34457
5.9 87.0488 0.0159094 1.68369 7.34404
6 86.9988 0.0164528 1.71219 7.34349
6.1 86.9488 0.0170053 1.74069 7.34294
6.2 86.8988 0.0175668 1.7692 7.34238
6.3 86.8487 0.0181375 1.7977 7.34181
6.4 86.7987 0.0187172 1.8262 7.34123
6.5 86.7487 0.0193061 1.85469 7.34064
6.6 86.6987 0.019904 1.88319 7.34004
6.7 86.6487 0.0205111 1.91168 7.33944
6.8 86.5986 0.0211272 1.94017 7.33882
6.9 86.5486 0.0217524 1.96866 7.33819
7 86.4986 0.0223867 1.99715 7.33756
7.1 86.4486 0.02303 2.02564 7.33692
7.2 86.3986 0.0236825 2.05412 7.33626
7.3 86.3485 0.024344 2.0826 7.3356
7.4 86.2985 0.0250146 2.11108 7.33493
7.5 86.2485 0.0256942 2.13956 7.33425
7.6 86.1985 0.026383 2.16804 7.33356
7.7 86.1485 0.0270808 2.19651 7.33287
7.79999 86.0984 0.0277877 2.22499 7.33216
7.89999 86.0484 0.0285036 2.25346 7.33144
7.99999 85.9984 0.0292286 2.28192 7.33072
8.09999 85.9484 0.0299626 2.31039 7.32998
8.2 85.8984 0.0307058 2.33885 7.32924
8.3 85.8483 0.0314579 2.36732 7.32849
8.4 85.7983 0.0322192 2.39578 7.32773
8.5 85.7483 0.0329894 2.42423 7.32696
8.6 85.6983 0.0337688 2.45269 7.32618
8.7 85.6483 0.0345571 2.48114 7.32539
8.8 85.5982 0.0353546 2.50959 7.32459
8.9 85.5482 0.036161 2.53804 7.32379
9 85.4982 0.0369765 2.56648 7.32297
9.1 85.4482 0.037801 2.59493 7.32215
9.2 85.3982 0.0386346 2.62337 7.32131
9.3 85.3481 0.0394772 2.65181 7.32047
9.4 85.2981 0.0403288 2.68024 7.31962
9.5 85.2481 0.0411895 2.70868 7.31876
9.6 85.1981 0.0420591 2.73711 7.31789
9.7 85.1481 0.0429378 2.76554 7.31701
9.8 85.098 0.0438256 2.79396 7.31612
9.9 85.048 0.0447223 2.82238 7.31523
10 84.998 0.045628 2.8508 7.31432
10.1 84.948 0.0465428 2.87922 7.3134
10.2 84.898 0.0474665 2.90764 7.31248
10.3 84.8479 0.0483993 2.93605 7.31155
10.4 84.7979 0.0493411 2.96446 7.31061
10.5 84.7479 0.0502918 2.99287 7.30966
10.6 84.6979 0.0512516 3.02127 7.3087
10.7 84.6479 0.0522203 3.04967 7.30773
10.8 84.5978 0.0531981 3.07807 7.30675
10.9 84.5478 0.0541848 3.10646 7.30576
11 84.4978 0.0551805 3.13486 7.30477
11.1 84.4478 0.0561852 3.16324 7.30376
11.2 84.3978 0.0571989 3.19163 7.30275
11.3 84.3477 0.0582215 3.22001 7.30173
11.4 84.2977 0.0592531 3.24839 7.30069
11.5 84.2477 0.0602937 3.27677 7.29965
11.6 84.1977 0.0613433 3.30515 7.2986
11.7 84.1477 0.0624018 3.33352 7.29755
11.8 84.0976 0.0634692 3.36189 7.29648
11.9 84.0476 0.0645457 3.39025 7.2954
12 83.9976 0.065631 3.41861 7.29432
12.1 83.9476 0.0667254 3.44697 7.29322
12.2 83.8976 0.0678286 3.47532 7.29212
12.3 83.8475 0.0689408 3.50368 7.29101
12.4 83.7975 0.070062 3.53202 7.28989
12.5 83.7475 0.0711921 3.56037 7.28876
12.6 83.6975 0.0723311 3.58871 7.28762
12.7 83.6475 0.0734791 3.61705 7.28647
12.8 83.5974 0.0746359 3.64538 7.28531
12.9 83.5474 0.0758017 3.67372 7.28415
13 83.4974 0.0769764 3.70204 7.28297
13.1 83.4474 0.0781601 3.73037 7.28179
13.2 83.3974 0.0793526 3.75869 7.28059
13.3 83.3473 0.0805541 3.78701 7.27939
13.4 83.2973 0.0817644 3.81532 7.27818
13.5 83.2473 0.0829837 3.84363 7.27696
13.6 83.1973 0.0842118 3.87194 7.27574
13.7 83.1473 0.0854488 3.90024 7.2745
13.8 83.0972 0.0866948 3.92854 7.27325
13.9 83.0472 0.0879496 3.95683 7.272
14 82.9972 0.0892133 3.98513 7.27073
14.1 82.9472 0.0904858 4.01341 7.26946
14.2 82.8972 0.0917673 4.0417 7.26818
14.3 82.8471 0.0930576 4.06998 7.26689
14.4 82.7971 0.0943568 4.09826 7.26559
14.5 82.7471 0.0956648 4.12653 7.26428
14.6 82.6971 0.0969817 4.1548 7.26297
14.7 82.6471 0.0983075 4.18306 7.26164
14.8 82.597 0.099642 4.21132 7.26031
14.9 82.547 0.100985 4.23958 7.25896
15 82.497 0.102338 4.26783 7.25761
15.1 82.447 0.103699 4.29608 7.25625
15.2 82.397 0.105069 4.32432 7.25488
15.3 82.3469 0.106448 4.35256 7.2535
15.4 82.2969 0.107835 4.3808 7.25211
15.5 82.2469 0.109232 4.40903 7.25072
15.6 82.1969 0.110637 4.43726 7.24931
15.7 82.1469 0.112051 4.46548 7.2479
15.8 82.0968 0.113474 4.4937 7.24647
15.9 82.0468 0.114906 4.52192 7.24504
16 81.9968 0.116346 4.55013 7.2436
16.1 81.9468 0.117795 4.57834 7.24215
16.2 81.8968 0.119253 4.60654 7.24069
16.3 81.8467 0.12072 4.63473 7.23923
16.4 81.7967 0.122196 4.66293 7.23775
16.5 81.7467 0.12368 4.69112 7.23627
16.6 81.6967 0.125173 4.7193 7.23477
16.7 81.6467 0.126675 4.74748 7.23327
16.8 81.5967 0.128186 4.77566 7.23176
16.9 81.5466 0.129705 4.80383 7.23024
17 81.4966 0.131234 4.83199 7.22871
17.1 81.4466 0.132771 4.86015 7.22718
17.2 81.3966 0.134316 4.88831 7.22563
17.3 81.3466 0.135871 4.91646 7.22408
17.4 81.2965 0.137434 4.94461 7.22251
17.5 81.2465 0.139006 4.97275 7.22094
17.6 81.1965 0.140586 5.00089 7.21936
17.7 81.1465 0.142176 5.02902 7.21777
17.8 81.0965 0.143774 5.05715 7.21617
17.9 81.0464 0.145381 5.08528 7.21457
18 80.9964 0.146996 5.11339 7.21295
18.1 80.9464 0.14862 5.14151 7.21133
18.2 80.8964 0.150253 5.16962 7.20969
18.3 80.8464 0.151895 5.19772 7.20805
18.4 80.7963 0.153545 5.22582 7.2064
18.5 80.7463 0.155204 5.25391 7.20474
18.6 80.6963 0.156872 5.282 7.20308
18.7 80.6463 0.158548 5.31009 7.2014
18.8 80.5963 0.160233 5.33816 7.19971
18.9 80.5462 0.161926 5.36624 7.19802
19 80.4962 0.163629 5.39431 7.19632
19.1 80.4462 0.16534 5.42237 7.19461
19.2 80.3962 0.167059 5.45043 7.19289
19.3 80.3462 0.168787 5.47848 7.19116
19.4 80.2961 0.170524 5.50653 7.18942
19.5 80.2461 0.17227 5.53457 7.18768
19.6 80.1961 0.174024 5.5626 7.18592
19.7 80.1461 0.175787 5.59064 7.18416
19.8 80.0961 0.177558 5.61866 7.18239
19.9 80.0461 0.179338 5.64668 7.18061
20 79.996 0.181126 5.6747 7.17882
20.1 79.946 0.182923 5.70271 7.17702
20.2 79.896 0.184729 5.73071 7.17522
20.3 79.846 0.186544 5.75871 7.1734
20.4 79.796 0.188366 5.7867 7.17158
20.5 79.7459 0.190198 5.81469 7.16975
20.6 79.6959 0.192038 5.84267 7.16791
20.7 79.6459 0.193887 5.87065 7.16606
20.8 79.5959 0.195744 5.89862 7.1642
20.9 79.5459 0.197609 5.92658 7.16234
21 79.4958 0.199484 5.95454 7.16046
21.1 79.4458 0.201366 5.98249 7.15858
21.2 79.3958 0.203258 6.01044 7.15669
21.3 79.3458 0.205158 6.03838 7.15479
21.4 79.2958 0.207066 6.06632 7.15288
21.5 79.2457 0.208983 6.09425 7.15096
21.6 79.1957 0.210908 6.12217 7.14904
21.7 79.1457 0.212842 6.15009 7.14711
21.8 79.0957 0.214785 6.178 7.14516
21.9 79.0457 0.216736 6.2059 7.14321
22 78.9957 0.218695 6.2338 7.14125
22.1 78.9456 0.220663 6.2617 7.13928
22.2 78.8956 0.222639 6.28958 7.13731
22.3 78.8456 0.224624 6.31747 7.13532
22.4 78.7956 0.226617 6.34534 7.13333
22.5 78.7456 0.228619 6.37321 7.13133
22.6 78.6955 0.230629 6.40107 7.12932
22.7001 78.6455 0.232648 6.42893 7.1273
22.8001 78.5955 0.234675 6.45678 7.12527
22.9001 78.5455 0.236711 6.48462 7.12324
23.0001 78.4955 0.238755 6.51246 7.12119
23.1001 78.4454 0.240807 6.54029 7.11914
23.2001 78.3954 0.242868 6.56812 7.11708
23.3001 78.3454 0.244937 6.59594 7.11501
23.4001 78.2954 0.247015 6.62375 7.11293
23.5001 78.2454 0.249101 6.65155 7.11085
23.6001 78.1954 0.251195 6.67935 7.10875
23.7001 78.1453 0.253298 6.70715 7.10665
23.8001 78.0953 0.255409 6.73493 7.10454
23.9001 78.0453 0.257529 6.76271 7.10242
24.0001 77.9953 0.259657 6.79048 7.10029
24.1001 77.9453 0.261793 6.81825 7.09815
24.2001 77.8952 0.263937 6.84601 7.09601
24.3001 77.8452 0.26609 6.87376 7.09386
24.4001 77.7952 0.268252 6.90151 7.0917
24.5001 77.7452 0.270421 6.92925 7.08953
24.6001 77.6952 0.272599 6.95698 7.08735
24.7001 77.6452 0.274785 6.9847 7.08516
24.8001 77.5951 0.27698 7.01242 7.08297
24.9001 77.5451 0.279183 7.04013 7.08076
25.0001 77.4951 0.281394 7.06784 7.07855
25.1001 77.4451 0.283614 7.09553 7.07633
25.2001 77.3951 0.285841 7.12323 7.07411
25.3001 77.345 0.288077 7.15091 7.07187
25.4001 77.295 0.290322 7.17859 7.06963
25.5001 77.245 0.292574 7.20625 7.06737
25.6001 77.195 0.294835 7.23392 7.06511
25.7001 77.145 0.297104 7.26157 7.06284
25.8001 77.0949 0.299381 7.28922 7.06057
25.9001 77.0449 0.301667 7.31686 7.05828
26.0001 76.9949 0.303961 7.34449 7.05599
26.1001 76.9449 0.306263 7.37212 7.05368
26.2001 76.8949 0.308573 7.39974 7.05137
26.3001 76.8449 0.310891 7.42735 7.04906
26.4001 76.7948 0.313218 7.45496 7.04673
26.5001 76.7448 0.315553 7.48255 7.04439
26.6001 76.6948 0.317896 7.51014 7.04205
26.7001 76.6448 0.320247 7.53772 7.0397
26.8001 76.5948 0.322607 7.5653 7.03734
26.9001 76.5447 0.324974 7.59286 7.03497
27.0001 76.4947 0.32735 7.62042 7.0326
27.1001 76.4447 0.329734 7.64798 7.03021
27.2001 76.3947 0.332126 7.67552 7.02782
27.3001 76.3447 0.334526 7.70306 7.02542
27.4001 76.2947 0.336934 7.73059 7.02301
27.5001 76.2446 0.33935 7.75811 7.0206
27.6001 76.1946 0.341775 7.78562 7.01817
27.7001 76.1446 0.344208 7.81313 7.01574
27.8001 76.0946 0.346648 7.84062 7.0133
27.9001 76.0446 0.349097 7.86811 7.01085
28.0001 75.9945 0.351554 7.89559 7.00839
28.1001 75.9445 0.354019 7.92307 7.00593
28.2001 75.8945 0.356492 7.95054 7.00346
28.3001 75.8445 0.358973 7.97799 7.00097
28.4001 75.7945 0.361462 8.00544 6.99849
28.5001 75.7445 0.363959 8.03289 6.99599
28.6001 75.6944 0.366465 8.06032 6.99348
28.7001 75.6444 0.368978 8.08775 6.99097
28.8001 75.5944 0.371499 8.11516 6.98845
28.9001 75.5444 0.374029 8.14257 6.98592
29.0001 75.4944 0.376566 8.16998 6.98338
29.1001 75.4444 0.379111 8.19737 6.98084
29.2001 75.3943 0.381664 8.22475 6.97828
29.3001 75.3443 0.384226 8.25213 6.97572
29.4001 75.2943 0.386795 8.2795 6.97315
29.5001 75.2443 0.389372 8.30686 6.97058
29.6001 75.1943 0.391958 8.33421 6.96799
29.7001 75.1442 0.394551 8.36156 6.9654
29.8001 75.0942 0.397152 8.38889 6.9628
29.9001 75.0442 0.399761 8.41622 6.96019
30.0001 74.9942 0.402378 8.44354 6.95757
30.1001 74.9442 0.405003 8.47084 6.95494
30.2001 74.8942 0.407636 8.49815 6.95231
30.3001 74.8441 0.410276 8.52544 6.94967
30.4001 74.7941 0.412925 8.55272 6.94702
30.5001 74.7441 0.415582 8.58 6.94437
30.6001 74.6941 0.418246 8.60726 6.9417
30.7001 74.6441 0.420918 8.63452 6.93903
30.8001 74.5941 0.423598 8.66177 6.93635
30.9001 74.544 0.426286 8.68901 6.93366
31.0001 74.494 0.428982 8.71624 6.93097
31.1001 74.444 0.431686 8.74346 6.92826
31.2001 74.394 0.434397 8.77068 6.92555
31.3001 74.344 0.437117 8.79788 6.92283
31.4001 74.2939 0.439844 8.82508 6.9201
31.5001 74.2439 0.442579 8.85226 6.91737
31.6001 74.1939 0.445322 8.87944 6.91463
31.7001 74.1439 0.448072 8.90661 6.91187
31.8001 74.0939 0.450831 8.93377 6.90912
31.9001 74.0439 0.453597 8.96092 6.90635
32.0001 73.9938 0.456371 8.98806 6.90358
32.1001 73.9438 0.459152 9.01519 6.90079
32.2001 73.8938 0.461942 9.04231 6.89801
32.3001 73.8438 0.464739 9.06943 6.89521
32.4001 73.7938 0.467544 9.09653 6.8924
32.5001 73.7438 0.470356 9.12362 6.88959
32.6001 73.6937 0.473177 9.15071 6.88677
32.7001 73.6437 0.476005 9.17778 6.88394
32.8001 73.5937 0.47884 9.20485 6.88111
32.9001 73.5437 0.481684 9.23191 6.87826
33.0001 73.4937 0.484535 9.25896 6.87541
33.1001 73.4437 0.487393 9.28599 6.87255
33.2001 73.3937 0.49026 9.31302 6.86969
33.3001 73.3436 0.493134 9.34004 6.86681
33.4001 73.2936 0.496015 9.36705 6.86393
33.5001 73.2436 0.498905 9.39405 6.86104
33.6001 73.1936 0.501802 9.42104 6.85815
33.7001 73.1436 0.504706 9.44802 6.85524
33.8001 73.0936 0.507619 9.47499 6.85233
33.9001 73.0435 0.510538 9.50195 6.84941
34.0001 72.9935 0.513466 9.5289 6.84648
34.1001 72.9435 0.516401 9.55584 6.84355
34.2001 72.8935 0.519343 9.58277 6.8406
34.3 72.8435 0.522293 9.60969 6.83765
34.4 72.7935 0.525251 9.6366 6.8347
34.5 72.7434 0.528216 9.6635 6.83173
34.6 72.6934 0.531189 9.69039 6.82876
34.7 72.6434 0.534169 9.71727 6.82578
34.8 72.5934 0.537157 9.74414 6.82279
34.9 72.5434 0.540152 9.771 6.81979
35 72.4934 0.543155 9.79786 6.81679
35.1 72.4433 0.546166 9.8247 6.81378
35.2 72.3933 0.549183 9.85153 6.81076
35.3 72.3433 0.552209 9.87835 6.80774
35.4 72.2933 0.555241 9.90515 6.80471
35.5 72.2433 0.558282 9.93195 6.80167
35.6 72.1933 0.561329 9.95874 6.79862
35.7 72.1433 0.564384 9.98552 6.79556
35.8 72.0932 0.567447 10.0123 6.7925
35.9 72.0432 0.570517 10.039 6.78943
36 71.9932 0.573594 10.0658 6.78635
36.1 71.9432 0.576679 10.0925 6.78327
36.2 71.8932 0.579771 10.1193 6.78018
36.3 71.8432 0.582871 10.146 6.77708
36.4 71.7931 0.585977 10.1727 6.77397
36.5 71.7431 0.589092 10.1994 6.77086
36.6 71.6931 0.592213 10.2261 6.76773
36.7 71.6431 0.595342 10.2527 6.76461
36.8 71.5931 0.598479 10.2794 6.76147
36.9 71.5431 0.601622 10.306 6.75833
37 71.4931 0.604773 10.3327 6.75517
37.1 71.443 0.607931 10.3593 6.75202
37.2 71.393 0.611097 10.3859 6.74885
37.3 71.343 0.61427 10.4125 6.74568
37.4 71.293 0.61745 10.4391 6.7425
37.5 71.243 0.620637 10.4657 6.73931
37.6 71.193 0.623832 10.4923 6.73612
37.7 71.1429 0.627034 10.5188 6.73291
37.8 71.0929 0.630243 10.5454 6.7297
37.9 71.0429 0.633459 10.5719 6.72649
38 70.9929 0.636683 10.5985 6.72326
38.1 70.9429 0.639914 10.625 6.72003
38.2 70.8929 0.643152 10.6515 6.7168
38.3 70.8429 0.646397 10.678 6.71355
38.4 70.7928 0.649649 10.7045 6.7103
38.5 70.7428 0.652909 10.7309 6.70704
38.6 70.6928 0.656175 10.7574 6.70377
38.7 70.6428 0.659449 10.7839 6.7005
38.8 70.5928 0.66273 10.8103 6.69722
38.9 70.5428 0.666018 10.8367 6.69393
39 70.4928 0.669313 10.8631 6.69063
39.1 70.4427 0.672616 10.8895 6.68733
39.2 70.3927 0.675925 10.9159 6.68402
39.3 70.3427 0.679242 10.9423 6.68071
39.4 70.2927 0.682565 10.9687 6.67738
39.5 70.2427 0.685896 10.995 6.67405
39.6 70.1927 0.689234 11.0214 6.67071
39.7 70.1426 0.692578 11.0477 6.66737
39.8 70.0926 0.69593 11.074 6.66402
39.9 70.0426 0.699289 11.1003 6.66066
40 69.9926 0.702655 11.1266 6.65729
40.1 69.9426 0.706028 11.1529 6.65392
40.2 69.8926 0.709408 11.1792 6.65054
40.3 69.8426 0.712794 11.2055 6.64715
40.4 69.7925 0.716188 11.2317 6.64376
40.5 69.7425 0.719589 11.2579 6.64036
40.6 69.6925 0.722997 11.2842 6.63695
40.7 69.6425 0.726411 11.3104 6.63354
40.7999 69.5925 0.729833 11.3366 6.63011
40.8999 69.5425 0.733262 11.3628 6.62669
40.9999 69.4925 0.736697 11.3889 6.62325
41.0999 69.4424 0.740139 11.4151 6.61981
41.1999 69.3924 0.743589 11.4413 6.61636
41.2999 69.3424 0.747045 11.4674 6.6129
41.3999 69.2924 0.750508 11.4935 6.60944
41.4999 69.2424 0.753978 11.5196 6.60597
41.5999 69.1924 0.757455 11.5457 6.60249
41.6999 69.1424 0.760938 11.5718 6.59901
41.7999 69.0923 0.764429 11.5979 6.59552
41.8999 69.0423 0.767926 11.624 6.59202
41.9999 68.9923 0.77143 11.65 6.58852
42.0999 68.9423 0.774941 11.6761 6.58501
42.1999 68.8923 0.778458 11.7021 6.58149
42.2999 68.8423 0.781983 11.7281 6.57796
42.3999 68.7923 0.785514 11.7541 6.57443
42.4999 68.7422 0.789052 11.7801 6.5709
42.5999 68.6922 0.792596 11.806 6.56735
42.6999 68.6422 0.796148 11.832 6.5638
42.7999 68.5922 0.799706 11.858 6.56024
42.8999 68.5422 0.803271 11.8839 6.55668
42.9999 68.4922 0.806842 11.9098 6.5531
43.0999 68.4422 0.810421 11.9357 6.54953
43.1999 68.3921 0.814006 11.9616 6.54594
43.2999 68.3421 0.817597 11.9875 6.54235
43.3999 68.2921 0.821195 12.0134 6.53875
43.4999 68.2421 0.8248 12.0392 6.53515
43.5999 68.1921 0.828412 12.0651 6.53154
43.6999 68.1421 0.83203 12.0909 6.52792
43.7999 68.0921 0.835655 12.1167 6.52429
43.8999 68.0421 0.839286 12.1425 6.52066
43.9999 67.992 0.842924 12.1683 6.51702
44.0999 67.942 0.846569 12.1941 6.51338
44.1999 67.892 0.85022 12.2198 6.50973
44.2999 67.842 0.853877 12.2456 6.50607
44.3999 67.792 0.857542 12.2713 6.50241
44.4999 67.742 0.861212 12.297 6.49874
44.5999 67.692 0.86489 12.3227 6.49506
44.6999 67.6419 0.868573 12.3484 6.49137
44.7999 67.5919 0.872264 12.3741 6.48768
44.8999 67.5419 0.87596 12.3998 6.48399
44.9999 67.4919 0.879664 12.4254 6.48028
45.0999 67.4419 0.883373 12.4511 6.47657
45.1999 67.3919 0.88709 12.4767 6.47286
45.2999 67.3419 0.890812 12.5023 6.46914
45.3999 67.2918 0.894541 12.5279 6.46541
45.4999 67.2418 0.898277 12.5535 6.46167
45.5999 67.1918 0.902019 12.579 6.45793
45.6999 67.1418 0.905767 12.6046 6.45418
45.7999 67.0918 0.909522 12.6301 6.45043
45.8999 67.0418 0.913283 12.6557 6.44666
45.9999 66.9918 0.91705 12.6812 6.4429
46.0999 66.9418 0.920824 12.7067 6.43912
46.1999 66.8917 0.924604 12.7321 6.43534
46.2999 66.8417 0.928391 12.7576 6.43156
46.3999 66.7917 0.932183 12.7831 6.42776
46.4999 66.7417 0.935983 12.8085 6.42396
46.5999 66.6917 0.939788 12.8339 6.42016
46.6999 66.6417 0.9436 12.8593 6.41635
46.7999 66.5917 0.947418 12.8847 6.41253
46.8999 66.5416 0.951242 12.9101 6.40871
46.9999 66.4916 0.955072 12.9355 6.40487
47.0999 66.4416 0.958909 12.9608 6.40104
47.1999 66.3916 0.962752 12.9862 6.3972
47.2999 66.3416 0.966601 13.0115 6.39335
47.3998 66.2916 0.970457 13.0368 6.38949
47.4998 66.2416 0.974318 13.0621 6.38563
47.5998 66.1916 0.978186 13.0873 6.38176
47.6998 66.1415 0.98206 13.1126 6.37789
47.7998 66.0915 0.98594 13.1379 6.37401
47.8998 66.0415 0.989826 13.1631 6.37012
47.9998 65.9915 0.993718 13.1883 6.36623
48.0998 65.9415 0.997617 13.2135 6.36233
48.1998 65.8915 1.00152 13.2387 6.35843
48.2998 65.8415 1.00543 13.2639 6.35452
48.3998 65.7915 1.00935 13.289 6.3506
48.4998 65.7414 1.01327 13.3142 6.34668
48.5998 65.6914 1.0172 13.3393 6.34275
48.6998 65.6414 1.02114 13.3644 6.33881
48.7998 65.5914 1.02508 13.3895 6.33487
48.8998 65.5414 1.02902 13.4146 6.33092
48.9998 65.4914 1.03298 13.4396 6.32697
49.0998 65.4414 1.03694 13.4647 6.32301
49.1998 65.3914 1.0409 13.4897 6.31905
49.2998 65.3413 1.04487 13.5147 6.31508
49.3998 65.2913 1.04885 13.5397 6.3111
49.4998 65.2413 1.05283 13.5647 6.30712
49.5998 65.1913 1.05682 13.5897 6.30313
49.6998 65.1413 1.06082 13.6146 6.29913
49.7998 65.0913 1.06482 13.6396 6.29513
49.8998 65.0413 1.06882 13.6645 6.29113
49.9998 64.9913 1.07283 13.6894 6.28711
50.0998 64.9412 1.07685 13.7143 6.28309
50.1998 64.8912 1.08088 13.7391 6.27907
50.2998 64.8412 1.08491 13.764 6.27504
50.3998 64.7912 1.08894 13.7888 6.271
50.4998 64.7412 1.09299 13.8137 6.26696
50.5998 64.6912 1.09703 13.8385 6.26291
50.6998 64.6412 1.10109 13.8633 6.25886
50.7998 64.5912 1.10515 13.888 6.2548
50.8998 64.5412 1.10921 13.9128 6.25074
50.9998 64.4911 1.11328 13.9375 6.24667
51.0998 64.4411 1.11736 13.9623 6.24259
51.1998 64.3911 1.12144 13.987 6.23851
51.2998 64.3411 1.12553 14.0117 6.23442
51.3998 64.2911 1.12962 14.0363 6.23033
51.4998 64.2411 1.13372 14.061 6.22623
51.5998 64.1911 1.13783 14.0856 6.22212
51.6998 64.1411 1.14194 14.1103 6.21801
51.7998 64.091 1.14605 14.1349 6.21389
51.8998 64.041 1.15018 14.1595 6.20977
51.9998 63.991 1.1543 14.184 6.20564
52.0998 63.941 1.15844 14.2086 6.20151
52.1998 63.891 1.16258 14.2331 6.19737
52.2998 63.841 1.16672 14.2577 6.19323
52.3998 63.791 1.17087 14.2822 6.18908
52.4998 63.741 1.17503 14.3067 6.18492
52.5998 63.691 1.17919 14.3311 6.18076
52.6998 63.6409 1.18335 14.3556 6.17659
52.7998 63.5909 1.18753 14.38 6.17242
52.8998 63.5409 1.19171 14.4045 6.16824
52.9998 63.4909 1.19589 14.4289 6.16406
53.0998 63.4409 1.20008 14.4533 6.15987
53.1998 63.3909 1.20427 14.4776 6.15568
53.2998 63.3409 1.20847 14.502 6.15148
53.3998 63.2909 1.21268 14.5263 6.14727
53.4998 63.2408 1.21689 14.5506 6.14306
53.5998 63.1908 1.2211 14.5749 6.13884
53.6998 63.1408 1.22533 14.5992 6.13462
53.7998 63.0908 1.22955 14.6235 6.13039
53.8997 63.0408 1.23379 14.6477 6.12616
53.9997 62.9908 1.23802 14.6719 6.12192
54.0997 62.9408 1.24227 14.6962 6.11768
54.1997 62.8908 1.24652 14.7204 6.11343
54.2997 62.8408 1.25077 14.7445 6.10918
54.3997 62.7907 1.25503 14.7687 6.10492
54.4997 62.7407 1.25929 14.7928 6.10065
54.5997 62.6907 1.26356 14.8169 6.09638
54.6997 62.6407 1.26784 14.841 6.09211
54.7997 62.5907 1.27212 14.8651 6.08783
54.8997 62.5407 1.27641 14.8892 6.08354
54.9997 62.4907 1.2807 14.9132 6.07925
55.0997 62.4407 1.28499 14.9373 6.07495
55.1997 62.3907 1.2893 14.9613 6.07065
55.2997 62.3407 1.2936 14.9853 6.06634
55.3997 62.2906 1.29792 15.0093 6.06203
55.4997 62.2406 1.30223 15.0332 6.05771
55.5997 62.1906 1.30655 15.0572 6.05339
55.6997 62.1406 1.31088 15.0811 6.04906
55.7997 62.0906 1.31522 15.105 6.04473
55.8997 62.0406 1.31955 15.1289 6.04039
55.9997 61.9906 1.3239 15.1527 6.03605
56.0997 61.9406 1.32824 15.1766 6.0317
56.1997 61.8906 1.3326 15.2004 6.02735
56.2997 61.8405 1.33696 15.2242 6.02299
56.3997 61.7905 1.34132 15.248 6.01863
56.4997 61.7405 1.34569 15.2717 6.01426
56.5997 61.6905 1.35006 15.2955 6.00989
56.6997 61.6405 1.35444 15.3192 6.00551
56.7997 61.5905 1.35882 15.3429 6.00112
56.8997 61.5405 1.36321 15.3666 5.99673
56.9997 61.4905 1.36761 15.3903 5.99234
57.0997 61.4405 1.372 15.414 5.98794
57.1997 61.3905 1.37641 15.4376 5.98354
57.2997 61.3404 1.38082 15.4612 5.97913
57.3997 61.2904 1.38523 15.4848 5.97472
57.4997 61.2404 1.38965 15.5084 5.9703
57.5997 61.1904 1.39407 15.5319 5.96588
57.6997 61.1404 1.3985 15.5555 5.96145
57.7997 61.0904 1.40293 15.579 5.95701
57.8997 61.0404 1.40737 15.6025 5.95258
57.9997 60.9904 1.41181 15.626 5.94813
58.0997 60.9404 1.41626 15.6494 5.94369
58.1997 60.8904 1.42071 15.6728 5.93923
58.2997 60.8403 1.42517 15.6963 5.93478
58.3997 60.7903 1.42963 15.7197 5.93031
58.4997 60.7403 1.4341 15.743 5.92585
58.5997 60.6903 1.43857 15.7664 5.92137
58.6997 60.6403 1.44305 15.7897 5.9169
58.7997 60.5903 1.44753 15.8131 5.91242
58.8997 60.5403 1.45202 15.8363 5.90793
58.9997 60.4903 1.45651 15.8596 5.90344
59.0997 60.4403 1.461 15.8829 5.89894
59.1997 60.3903 1.4655 15.9061 5.89444
59.2997 60.3402 1.47001 15.9293 5.88994
59.3997 60.2902 1.47452 15.9525 5.88543
59.4997 60.2402 1.47903 15.9757 5.88092
59.5997 60.1902 1.48355 15.9989 5.8764
59.6997 60.1402 1.48807 16.022 5.87187
59.7997 60.0902 1.4926 16.0451 5.86735
59.8997 60.0402 1.49713 16.0682 5.86281
59.9997 59.9902 1.50167 16.0913 5.85828
60.0997 59.9402 1.50621 16.1143 5.85373
60.1997 59.8902 1.51076 16.1373 5.84919
60.2997 59.8402 1.51531 16.1604 5.84464
60.3997 59.7901 1.51987 16.1833 5.84008
60.4996 59.7401 1.52443 16.2063 5.83552
60.5996 59.6901 1.52899 16.2293 5.83096
60.6996 59.6401 1.53356 16.2522 5.82639
60.7996 59.5901 1.53813 16.2751 5.82181
60.8996 59.5401 1.54271 16.298 5.81724
60.9996 59.4901 1.54729 16.3208 5.81265
61.0996 59.4401 1.55188 16.3437 5.80807
61.1996 59.3901 1.55647 16.3665 5.80348
61.2996 59.3401 1.56107 16.3893 5.79888
61.3996 59.2901 1.56567 16.412 5.79428
61.4996 59.24 1.57027 16.4348 5.78968
61.5996 59.19 1.57488 16.4575 5.78507
61.6996 59.14 1.57949 16.4802 5.78045
61.7996 59.09 1.58411 16.5029 5.77584
61.8996 59.04 1.58873 16.5256 5.77122
61.9996 58.99 1.59336 16.5482 5.76659
62.0996 58.94 1.59799 16.5709 5.76196
62.1996 58.89 1.60262 16.5935 5.75732
62.2996 58.84 1.60726 16.616 5.75269
62.3996 58.79 1.61191 16.6386 5.74804
62.4996 58.74 1.61655 16.6611 5.74339
62.5996 58.69 1.6212 16.6836 5.73874
62.6996 58.6399 1.62586 16.7061 5.73409
62.7996 58.5899 1.63052 16.7286 5.72943
62.8996 58.5399 1.63518 16.751 5.72476
62.9996 58.4899 1.63985 16.7735 5.72009
63.0996 58.4399 1.64453 16.7958 5.71542
63.1996 58.3899 1.6492 16.8182 5.71075
63.2996 58.3399 1.65388 16.8406 5.70606
63.3996 58.2899 1.65857 16.8629 5.70138
63.4996 58.2399 1.66326 16.8852 5.69669
63.5996 58.1899 1.66795 16.9075 5.692
63.6996 58.1399 1.67265 16.9298 5.6873
63.7996 58.0899 1.67735 16.952 5.6826
63.8996 58.0398 1.68205 16.9742 5.67789
63.9996 57.9898 1.68676 16.9964 5.67318
64.0996 57.9398 1.69148 17.0186 5.66847
64.1996 57.8898 1.69619 17.0407 5.66375
64.2996 57.8398 1.70091 17.0629 5.65903
64.3996 57.7898 1.70564 17.085 5.65431
64.4996 57.7398 1.71037 17.107 5.64958
64.5996 57.6898 1.7151 17.1291 5.64485
64.6996 57.6398 1.71984 17.1511 5.64011
64.7996 57.5898 1.72458 17.1731 5.63537
64.8996 57.5398 1.72932 17.1951 5.63062
64.9996 57.4898 1.73407 17.2171 5.62587
65.0996 57.4397 1.73883 17.239 5.62112
65.1996 57.3897 1.74358 17.2609 5.61636
65.2996 57.3397 1.74834 17.2828 5.6116
65.3996 57.2897 1.75311 17.3047 5.60684
65.4996 57.2397 1.75787 17.3265 5.60207
65.5996 57.1897 1.76265 17.3483 5.5973
65.6996 57.1397 1.76742 17.3701 5.59253
65.7996 57.0897 1.7722 17.3919 5.58775
65.8996 57.0397 1.77698 17.4136 5.58296
65.9996 56.9897 1.78177 17.4354 5.57818
66.0996 56.9397 1.78656 17.4571 5.57339
66.1996 56.8897 1.79136 17.4787 5.56859
66.2996 56.8397 1.79615 17.5004 5.56379
66.3996 56.7897 1.80096 17.522 5.55899
66.4996 56.7396 1.80576 17.5436 5.55419
66.5996 56.6896 1.81057 17.5652 5.54938
66.6996 56.6396 1.81538 17.5867 5.54457
66.7996 56.5896 1.8202 17.6083 5.53975
66.8996 56.5396 1.82502 17.6298 5.53493
66.9995 56.4896 1.82984 17.6512 5.53011
67.0995 56.4396 1.83467 17.6727 5.52528
67.1995 56.3896 1.8395 17.6941 5.52045
67.2995 56.3396 1.84433 17.7155 5.51562
67.3995 56.2896 1.84917 17.7369 5.51078
67.4995 56.2396 1.85401 17.7582 5.50594
67.5995 56.1896 1.85886 17.7796 5.50109
67.6995 56.1396 1.8637 17.8009 5.49624
67.7995 56.0896 1.86855 17.8221 5.49139
67.8995 56.0395 1.87341 17.8434 5.48654
67.9995 55.9895 1.87827 17.8646 5.48168
68.0995 55.9395 1.88313 17.8858 5.47682
68.1995 55.8895 1.88799 17.907 5.47195
68.2995 55.8395 1.89286 17.9281 5.46708
68.3995 55.7895 1.89774 17.9492 5.46221
68.4995 55.7395 1.90261 17.9703 5.45734
68.5995 55.6895 1.90749 17.9914 5.45246
68.6995 55.6395 1.91237 18.0125 5.44758
68.7995 55.5895 1.91726 18.0335 5.44269
68.8995 55.5395 1.92215 18.0545 5.4378
68.9995 55.4895 1.92704 18.0754 5.43291
69.0995 55.4395 1.93193 18.0964 5.42801
69.1995 55.3895 1.93683 18.1173 5.42312
69.2995 55.3395 1.94173 18.1382 5.41821
69.3995 55.2894 1.94664 18.159 5.41331
69.4995 55.2394 1.95155 18.1799 5.4084
69.5995 55.1894 1.95646 18.2007 5.40349
69.6995 55.1394 1.96137 18.2215 5.39857
69.7995 55.0894 1.96629 18.2422 5.39366
69.8995 55.0394 1.97121 18.2629 5.38874
69.9995 54.9894 1.97614 18.2836 5.38381
70.0995 54.9394 1.98106 18.3043 5.37888
70.1995 54.8894 1.98599 18.325 5.37395
70.2995 54.8394 1.99093 18.3456 5.36902
70.3995 54.7894 1.99586 18.3662 5.36408
70.4995 54.7394 2.0008 18.3867 5.35914
70.5995 54.6894 2.00575 18.4073 5.3542
70.6995 54.6394 2.01069 18.4278 5.34926
70.7995 54.5894 2.01564 18.4483 5.34431
70.8995 54.5394 2.02059 18.4687 5.33936
70.9995 54.4893 2.02555 18.4892 5.3344
71.0995 54.4393 2.0305 18.5096 5.32944
71.1995 54.3893 2.03546 18.53 5.32448
71.2995 54.3393 2.04043 18.5503 5.31952
71.3995 54.2893 2.04539 18.5706 5.31455
71.4995 54.2393 2.05036 18.5909 5.30958
71.5995 54.1893 2.05534 18.6112 5.30461
71.6995 54.1393 2.06031 18.6314 5.29964
71.7995 54.0893 2.06529 18.6516 5.29466
71.8995 54.0393 2.07027 18.6718 5.28968
71.9995 53.9893 2.07525 18.692 5.28469
72.0995 53.9393 2.08024 18.7121 5.27971
72.1995 53.8893 2.08523 18.7322 5.27472
72.2995 53.8393 2.09022 18.7522 5.26972
72.3995 53.7893 2.09522 18.7723 5.26473
72.4995 53.7393 2.10022 18.7923 5.25973
72.5995 53.6893 2.10522 18.8123 5.25473
72.6995 53.6393 2.11022 18.8322 5.24973
72.7995 53.5893 2.11523 18.8522 5.24472
72.8995 53.5392 2.12023 18.8721 5.23971
72.9995 53.4892 2.12525 18.8919 5.2347
73.0995 53.4392 2.13026 18.9118 5.22969
73.1995 53.3892 2.13528 18.9316 5.22467
73.2995 53.3392 2.1403 18.9514 5.21965
73.3995 53.2892 2.14532 18.9711 5.21463
73.4995 53.2392 2.15034 18.9908 5.20961
73.5994 53.1892 2.15537 19.0105 5.20458
73.6994 53.1392 2.1604 19.0302 5.19955
73.7994 53.0892 2.16543 19.0498 5.19452
73.8994 53.0392 2.17047 19.0694 5.18948
73.9994 52.9892 2.1755 19.089 5.18444
74.0994 52.9392 2.18054 19.1086 5.1794
74.1994 52.8892 2.18559 19.1281 5.17436
74.2994 52.8392 2.19063 19.1476 5.16932
74.3994 52.7892 2.19568 19.167 5.16427
74.4994 52.7392 2.20073 19.1864 5.15922
74.5994 52.6892 2.20578 19.2058 5.15417
74.6994 52.6392 2.21084 19.2252 5.14911
74.7994 52.5892 2.21589 19.2445 5.14405
74.8994 52.5391 2.22095 19.2639 5.13899
74.9994 52.4891 2.22601 19.2831 5.13393
75.0994 52.4391 2.23108 19.3024 5.12887
75.1994 52.3891 2.23615 19.3216 5.1238
75.2994 52.3391 2.24121 19.3408 5.11873
75.3994 52.2891 2.24629 19.3599 5.11366
75.4994 52.2391 2.25136 19.3791 5.10859
75.5994 52.1891 2.25644 19.3982 5.10351
75.6994 52.1391 2.26151 19.4172 5.09843
75.7994 52.0891 2.26659 19.4363 5.09335
75.8994 52.0391 2.27168 19.4553 5.08827
75.9994 51.9891 2.27676 19.4742 5.08319
76.0994 51.9391 2.28185 19.4932 5.0781
76.1994 51.8891 2.28694 19.5121 5.07301
76.2994 51.8391 2.29203 19.531 5.06792
76.3994 51.7891 2.29712 19.5498 5.06282
76.4994 51.7391 2.30222 19.5686 5.05773
76.5994 51.6891 2.30732 19.5874 5.05263
76.6994 51.6391 2.31242 19.6062 5.04753
76.7994 51.5891 2.31752 19.6249 5.04243
76.8994 51.5391 2.32262 19.6436 5.03732
76.9994 51.4891 2.32773 19.6622 5.03222
77.0994 51.4391 2.33284 19.6808 5.02711
77.1994 51.3891 2.33795 19.6994 5.022
77.2994 51.3391 2.34306 19.718 5.01688
77.3994 51.289 2.34818 19.7365 5.01177
77.4994 51.239 2.35329 19.755 5.00665
77.5994 51.189 2.35841 19.7735 5.00154
77.6994 51.139 2.36353 19.7919 4.99641
77.7994 51.089 2.36866 19.8103 4.99129
77.8994 51.039 2.37378 19.8287 4.98617
77.9994 50.989 2.37891 19.847 4.98104
78.0994 50.939 2.38403 19.8653 4.97591
78.1994 50.889 2.38916 19.8836 4.97078
78.2994 50.839 2.3943 19.9018 4.96565
78.3994 50.789 2.39943 19.92 4.96052
78.4994 50.739 2.40457 19.9382 4.95538
78.5994 50.689 2.4097 19.9564 4.95024
78.6994 50.639 2.41484 19.9745 4.94511
78.7994 50.589 2.41998 19.9925 4.93996
78.8994 50.539 2.42513 20.0106 4.93482
78.9994 50.489 2.43027 20.0286 4.92968
79.0994 50.439 2.43542 20.0466 4.92453
79.1994 50.389 2.44057 20.0645 4.91938
79.2994 50.339 2.44572 20.0824 4.91423
79.3994 50.289 2.45087 20.1003 4.90908
79.4994 50.239 2.45602 20.1181 4.90393
79.5994 50.189 2.46117 20.1359 4.89877
79.6994 50.139 2.46633 20.1537 4.89362
79.7994 50.089 2.47149 20.1714 4.88846
79.8994 50.039 2.47665 20.1891 4.8833
79.9994 49.989 2.48181 20.2068 4.87814
80.0993 49.939 2.48697 20.2244 4.87297
80.1993 49.889 2.49214 20.242 4.86781
80.2993 49.839 2.4973 20.2596 4.86264
80.3993 49.789 2.50247 20.2771 4.85748
80.4993 49.739 2.50764 20.2946 4.85231
80.5993 49.6889 2.51281 20.3121 4.84714
80.6993 49.6389 2.51798 20.3295 4.84196
80.7993 49.5889 2.52316 20.3469 4.83679
80.8993 49.5389 2.52833 20.3643 4.83162
80.9993 49.4889 2.53351 20.3816 4.82644
81.0993 49.4389 2.53869 20.3989 4.82126
81.1993 49.3889 2.54387 20.4161 4.81608
81.2993 49.3389 2.54905 20.4333 4.8109
81.3993 49.2889 2.55423 20.4505 4.80572
81.4993 49.2389 2.55941 20.4677 4.80053
81.5993 49.1889 2.5646 20.4848 4.79535
81.6993 49.1389 2.56978 20.5018 4.79016
81.7993 49.0889 2.57497 20.5189 4.78498
81.8993 49.0389 2.58016 20.5359 4.77979
81.9993 48.9889 2.58535 20.5529 4.7746
82.0993 48.9389 2.59054 20.5698 4.76941
82.1993 48.8889 2.59573 20.5867 4.76421
82.2993 48.8389 2.60093 20.6035 4.75902
82.3993 48.7889 2.60612 20.6204 4.75382
82.4993 48.7389 2.61132 20.6372 4.74863
82.5993 48.6889 2.61652 20.6539 4.74343
82.6993 48.6389 2.62172 20.6706 4.73823
82.7993 48.5889 2.62692 20.6873 4.73303
82.8993 48.5389 2.63212 20.7039 4.72783
82.9993 48.4889 2.63732 20.7206 4.72263
83.0993 48.4389 2.64252 20.7371 4.71743
83.1993 48.3889 2.64773 20.7536 4.71222
83.2993 48.3389 2.65293 20.7701 4.70702
83.3993 48.2889 2.65814 20.7866 4.70181
83.4993 48.2389 2.66335 20.803 4.6966
83.5993 48.1889 2.66855 20.8194 4.69139
83.6993 48.1389 2.67376 20.8358 4.68618
83.7993 48.0889 2.67897 20.8521 4.68097
83.8993 48.0389 2.68419 20.8683 4.67576
83.9993 47.9889 2.6894 20.8846 4.67055
84.0993 47.9389 2.69461 20.9008 4.66533
84.1993 47.8889 2.69983 20.9169 4.66012
84.2993 47.8389 2.70504 20.933 4.6549
84.3993 47.7889 2.71026 20.9491 4.64969
84.4993 47.7389 2.71548 20.9652 4.64447
84.5993 47.6889 2.72069 20.9812 4.63925
84.6993 47.6389 2.72591 20.9971 4.63403
84.7993 47.5889 2.73113 21.0131 4.62881
84.8993 47.5389 2.73635 21.029 4.62359
84.9993 47.4889 2.74158 21.0448 4.61837
85.0993 47.4389 2.7468 21.0606 4.61315
85.1993 47.3889 2.75202 21.0764 4.60793
85.2993 47.3389 2.75724 21.0921 4.6027
85.3993 47.2889 2.76247 21.1078 4.59748
85.4993 47.2389 2.76769 21.1235 4.59225
85.5993 47.1889 2.77292 21.1391 4.58703
85.6993 47.1389 2.77815 21.1547 4.5818
85.7993 47.0889 2.78337 21.1702 4.57657
85.8993 47.0389 2.7886 21.1857 4.57135
85.9993 46.9889 2.79383 21.2012 4.56612
86.0993 46.9389 2.79906 21.2166 4.56089
86.1993 46.8889 2.80429 21.232 4.55566
86.2993 46.8389 2.80952 21.2473 4.55043
86.3993 46.7889 2.81475 21.2626 4.5452
86.4993 46.7389 2.81998 21.2779 4.53996
86.5993 46.6889 2.82522 21.2931 4.53473
86.6992 46.6389 2.83045 21.3083 4.5295
86.7992 46.5889 2.83568 21.3234 4.52427
86.8992 46.5389 2.84092 21.3385 4.51903
86.9992 46.4889 2.84615 21.3536 4.5138
87.0992 46.4389 2.85139 21.3686 4.50856
87.1992 46.3889 2.85662 21.3836 4.50333
87.2992 46.3389 2.86186 21.3985 4.49809
87.3992 46.2889 2.86709 21.4134 4.49286
87.4992 46.2389 2.87233 21.4283 4.48762
87.5992 46.1889 2.87757 21.4431 4.48238
87.6992 46.1389 2.8828 21.4579 4.47714
87.7992 46.0889 2.88804 21.4726 4.47191
87.8992 46.0389 2.89328 21.4873 4.46667
87.9992 45.9889 2.89852 21.502 4.46143
88.0992 45.9389 2.90376 21.5166 4.45619
88.1992 45.8889 2.909 21.5312 4.45095
88.2992 45.8389 2.91423 21.5457 4.44571
88.3992 45.7889 2.91947 21.5602 4.44047
88.4992 45.7389 2.92471 21.5746 4.43523
88.5992 45.6889 2.92995 21.589 4.42999
88.6992 45.6389 2.93519 21.6034 4.42475
88.7992 45.5889 2.94044 21.6177 4.41951
88.8992 45.5389 2.94568 21.632 4.41427
88.9992 45.4889 2.95092 21.6462 4.40903
89.0992 45.4389 2.95616 21.6604 4.40379
89.1992 45.3889 2.9614 21.6745 4.39855
89.2992 45.3389 2.96664 21.6886 4.39331
89.3992 45.2889 2.97188 21.7027 4.38807
89.4992 45.2389 2.97712 21.7167 4.38282
89.5992 45.1889 2.98237 21.7307 4.37758
89.6992 45.1389 2.98761 21.7446 4.37234
89.7992 45.0889 2.99285 21.7585 4.3671
89.8992 45.0389 2.99809 21.7724 4.36186
89.9992 44.9889 3.00333 21.7862 4.35662
90.0992 44.9389 3.00857 21.7999 4.35137
90.1992 44.8889 3.01382 21.8136 4.34613
90.2992 44.8389 3.01906 21.8273 4.34089
90.3992 44.7889 3.0243 21.8409 4.33565
90.4992 44.7389 3.02954 21.8545 4.33041
90.5992 44.6889 3.03478 21.8681 4.32516
90.6992 44.6389 3.04002 21.8816 4.31992
90.7992 44.5889 3.04527 21.895 4.31468
90.8992 44.5389 3.05051 21.9084 4.30944
90.9992 44.4889 3.05575 21.9218 4.3042
91.0992 44.4389 3.06099 21.9351 4.29896
91.1992 44.3889 3.06623 21.9484 4.29372
91.2992 44.3389 3.07147 21.9616 4.28848
91.3992 44.2889 3.07671 21.9748 4.28324
91.4992 44.2389 3.08195 21.9879 4.278
91.5992 44.1889 3.08719 22.001 4.27276
91.6992 44.1389 3.09243 22.0141 4.26752
91.7992 44.0889 3.09767 22.0271 4.26228
91.8992 44.0389 3.10291 22.04 4.25704
91.9992 43.9889 3.10815 22.0529 4.2518
92.0992 43.9389 3.11339 22.0658 4.24656
92.1992 43.8889 3.11862 22.0786 4.24132
92.2992 43.8389 3.12386 22.0914 4.23609
92.3992 43.7889 3.1291 22.1041 4.23085
92.4992 43.7389 3.13434 22.1168 4.22561
92.5992 43.6889 3.13957 22.1294 4.22038
92.6992 43.6389 3.14481 22.142 4.21514
92.7992 43.5889 3.15004 22.1546 4.2099
92.8992 43.5389 3.15528 22.167 4.20467
92.9992 43.4889 3.16051 22.1795 4.19943
93.0992 43.4389 3.16575 22.1919 4.1942
93.1992 43.3889 3.17098 22.2043 4.18896
93.2991 43.3389 3.17622 22.2166 4.18373
93.3991 43.2889 3.18145 22.2288 4.1785
93.4991 43.2389 3.18668 22.241 4.17327
93.5991 43.1889 3.19191 22.2532 4.16803
93.6991 43.1389 3.19714 22.2653 4.1628
93.7991 43.0889 3.20237 22.2774 4.15757
93.8991 43.0389 3.2076 22.2894 4.15234
93.9991 42.9889 3.21283 22.3014 4.14711
94.0991 42.9389 3.21806 22.3133 4.14188
94.1991 42.8889 3.22329 22.3252 4.13666
94.2991 42.8389 3.22852 22.337 4.13143
94.3991 42.7889 3.23374 22.3488 4.1262
94.4991 42.7389 3.23897 22.3605 4.12098
94.5991 42.6889 3.2442 22.3722 4.11575
94.6991 42.6389 3.24942 22.3839 4.11053
94.7991 42.5889 3.25464 22.3955 4.1053
94.8991 42.5389 3.25987 22.407 4.10008
94.9991 42.4889 3.26509 22.4185 4.09486
95.0991 42.439 3.27031 22.4299 4.08964
95.1991 42.389 3.27553 22.4413 4.08442
95.2991 42.339 3.28075 22.4527 4.0792
95.3991 42.289 3.28597 22.464 4.07398
95.4991 42.239 3.29119 22.4752 4.06876
95.5991 42.189 3.29641 22.4864 4.06354
95.6991 42.139 3.30162 22.4975 4.05833
95.7991 42.089 3.30684 22.5086 4.05311
95.8991 42.039 3.31205 22.5197 4.0479
95.9991 41.989 3.31727 22.5307 4.04268
96.0991 41.939 3.32248 22.5416 4.03747
96.1991 41.889 3.32769 22.5525 4.03226
96.2991 41.839 3.3329 22.5634 4.02705
96.3991 41.789 3.33811 22.5741 4.02184
96.4991 41.739 3.34332 22.5849 4.01663
96.5991 41.689 3.34853 22.5956 4.01142
96.6991 41.639 3.35373 22.6062 4.00621
96.7991 41.589 3.35894 22.6168 4.00101
96.8991 41.539 3.36414 22.6273 3.9958
96.9991 41.489 3.36935 22.6378 3.9906
97.0991 41.439 3.37455 22.6483 3.9854
97.1991 41.389 3.37975 22.6586 3.9802
97.2991 41.339 3.38495 22.669 3.975
97.3991 41.289 3.39015 22.6793 3.9698
97.4991 41.239 3.39535 22.6895 3.9646
97.5991 41.189 3.40054 22.6997 3.95941
97.6991 41.139 3.40574 22.7098 3.95421
97.7991 41.089 3.41093 22.7198 3.94902
97.8991 41.039 3.41612 22.7299 3.94382
97.9991 40.989 3.42132 22.7398 3.93863
98.0991 40.939 3.42651 22.7497 3.93344
98.1991 40.889 3.43169 22.7596 3.92825
98.2991 40.8391 3.43688 22.7694 3.92307
98.3991 40.7891 3.44207 22.7792 3.91788
98.4991 40.7391 3.44725 22.7889 3.91269
98.5991 40.6891 3.45244 22.7985 3.90751
98.6991 40.6391 3.45762 22.8081 3.90233
98.7991 40.5891 3.4628 22.8176 3.89715
98.8991 40.5391 3.46798 22.8271 3.89197
98.9991 40.4891 3.47316 22.8365 3.88679
99.0991 40.4391 3.47833 22.8459 3.88161
99.1991 40.3891 3.48351 22.8552 3.87644
99.2991 40.3391 3.48868 22.8645 3.87127
99.3991 40.2891 3.49385 22.8737 3.86609
99.4991 40.2391 3.49903 22.8829 3.86092
99.5991 40.1891 3.50419 22.892 3.85575
99.6991 40.1391 3.50936 22.901 3.85059
99.799 40.0891 3.51453 22.91 3.84542
99.899 40.0391 3.51969 22.919 3.84025
99.999 39.9891 3.52486 22.9279 3.83509
100.099 39.9391 3.53002 22.9367 3.82993
100.199 39.8891 3.53518 22.9455 3.82477
100.299 39.8391 3.54033 22.9542 3.81961
100.399 39.7891 3.54549 22.9628 3.81446
100.499 39.7391 3.55065 22.9714 3.8093
100.599 39.6891 3.5558 22.98 3.80415
100.699 39.6391 3.56095 22.9885 3.799
100.799 39.5892 3.5661 22.9969 3.79385
100.899 39.5392 3.57125 23.0053 3.7887
100.999 39.4892 3.5764 23.0136 3.78355
101.099 39.4392 3.58154 23.0219 3.77841
101.199 39.3892 3.58668 23.0301 3.77326
101.299 39.3392 3.59182 23.0383 3.76812
101.399 39.2892 3.59696 23.0464 3.76298
101.499 39.2392 3.6021 23.0544 3.75785
101.599 39.1892 3.60724 23.0624 3.75271
101.699 39.1392 3.61237 23.0703 3.74758
101.799 39.0892 3.6175 23.0782 3.74245
101.899 39.0392 3.62263 23.086 3.73732
101.999 38.9892 3.62776 23.0937 3.73219
102.099 38.9392 3.63289 23.1014 3.72706
102.199 38.8892 3.63801 23.1091 3.72194
102.299 38.8392 3.64313 23.1166 3.71681
102.399 38.7892 3.64825 23.1242 3.71169
102.499 38.7392 3.65337 23.1316 3.70657
102.599 38.6892 3.65849 23.139 3.70146
102.699 38.6392 3.6636 23.1464 3.69634
102.799 38.5893 3.66872 23.1537 3.69123
102.899 38.5393 3.67383 23.1609 3.68612
102.999 38.4893 3.67894 23.168 3.68101
103.099 38.4393 3.68404 23.1751 3.67591
103.199 38.3893 3.68915 23.1822 3.6708
103.299 38.3393 3.69425 23.1892 3.6657
103.399 38.2893 3.69935 23.1961 3.6606
103.499 38.2393 3.70445 23.203 3.6555
103.599 38.1893 3.70954 23.2098 3.6504
103.699 38.1393 3.71464 23.2165 3.64531
103.799 38.0893 3.71973 23.2232 3.64022
103.899 38.0393 3.72482 23.2298 3.63513
103.999 37.9893 3.7299 23.2364 3.63004
104.099 37.9393 3.73499 23.2429 3.62496
104.199 37.8893 3.74007 23.2493 3.61987
104.299 37.8393 3.74515 23.2557 3.61479
104.399 37.7893 3.75023 23.262 3.60972
104.499 37.7393 3.75531 23.2683 3.60464
104.599 37.6894 3.76038 23.2745 3.59957
104.699 37.6394 3.76545 23.2806 3.5945
104.799 37.5894 3.77052 23.2867 3.58943
104.899 37.5394 3.77559 23.2927 3.58436
104.999 37.4894 3.78065 23.2987 3.57929
105.099 37.4394 3.78571 23.3045 3.57423
105.199 37.3894 3.79077 23.3104 3.56917
105.299 37.3394 3.79583 23.3161 3.56412
105.399 37.2894 3.80089 23.3218 3.55906
105.499 37.2394 3.80594 23.3275 3.55401
105.599 37.1894 3.81099 23.333 3.54896
105.699 37.1394 3.81604 23.3385 3.54391
105.799 37.0894 3.82108 23.344 3.53887
105.899 37.0394 3.82612 23.3494 3.53382
105.999 36.9894 3.83116 23.3547 3.52878
106.099 36.9394 3.8362 23.3599 3.52375
106.199 36.8894 3.84124 23.3651 3.51871
106.299 36.8395 3.84627 23.3703 3.51368
106.399 36.7895 3.8513 23.3753 3.50865
106.499 36.7395 3.85633 23.3803 3.50362
106.599 36.6895 3.86135 23.3852 3.4986
106.699 36.6395 3.86637 23.3901 3.49357
106.799 36.5895 3.87139 23.3949 3.48856
106.899 36.5395 3.87641 23.3997 3.48354
106.999 36.4895 3.88142 23.4043 3.47852
107.099 36.4395 3.88643 23.4089 3.47351
107.199 36.3895 3.89144 23.4135 3.4685
107.299 36.3395 3.89645 23.418 3.4635
107.399 36.2895 3.90145 23.4224 3.4585
107.499 36.2395 3.90645 23.4267 3.45349
107.599 36.1895 3.91145 23.431 3.4485
107.699 36.1395 3.91645 23.4352 3.4435
107.799 36.0896 3.92144 23.4393 3.43851
107.899 36.0396 3.92643 23.4434 3.43352
107.999 35.9896 3.93141 23.4474 3.42853
108.099 35.9396 3.9364 23.4514 3.42355
108.199 35.8896 3.94138 23.4553 3.41857
108.299 35.8396 3.94636 23.4591 3.41359
108.399 35.7896 3.95133 23.4628 3.40861
108.499 35.7396 3.9563 23.4665 3.40364
108.599 35.6896 3.96127 23.4701 3.39867
108.699 35.6396 3.96624 23.4736 3.39371
108.799 35.5896 3.9712 23.4771 3.38874
108.899 35.5396 3.97617 23.4805 3.38378
108.999 35.4896 3.98112 23.4839 3.37882
109.099 35.4396 3.98608 23.4871 3.37387
109.199 35.3897 3.99103 23.4903 3.36892
109.299 35.3397 3.99598 23.4935 3.36397
109.399 35.2897 4.00092 23.4965 3.35902
109.499 35.2397 4.00587 23.4995 3.35408
109.599 35.1897 4.01081 23.5024 3.34914
109.699 35.1397 4.01574 23.5053 3.3442
109.799 35.0897 4.02068 23.5081 3.33927
109.899 35.0397 4.02561 23.5108 3.33434
109.999 34.9897 4.03053 23.5134 3.32941
110.099 34.9397 4.03546 23.516 3.32449
110.199 34.8897 4.04038 23.5185 3.31957
110.299 34.8397 4.0453 23.5209 3.31465
110.399 34.7897 4.05021 23.5233 3.30974
110.499 34.7398 4.05512 23.5256 3.30482
110.599 34.6898 4.06003 23.5278 3.29992
110.699 34.6398 4.06494 23.53 3.29501
110.799 34.5898 4.06984 23.532 3.29011
110.899 34.5398 4.07474 23.534 3.28521
110.999 34.4898 4.07963 23.536 3.28031
111.099 34.4398 4.08452 23.5378 3.27542
111.199 34.3898 4.08941 23.5396 3.27053
111.299 34.3398 4.0943 23.5414 3.26565
111.399 34.2898 4.09918 23.543 3.26077
111.499 34.2398 4.10406 23.5446 3.25589
111.599 34.1898 4.10893 23.5461 3.25101
111.699 34.1399 4.11381 23.5475 3.24614
111.799 34.0899 4.11868 23.5489 3.24127
111.899 34.0399 4.12354 23.5502 3.23641
111.999 33.9899 4.1284 23.5514 3.23154
112.099 33.9399 4.13326 23.5525 3.22669
112.199 33.8899 4.13812 23.5536 3.22183
112.299 33.8399 4.14297 23.5546 3.21698
112.399 33.7899 4.14782 23.5555 3.21213
112.499 33.7399 4.15266 23.5563 3.20729
112.599 33.6899 4.1575 23.5571 3.20245
112.699 33.6399 4.16234 23.5578 3.19761
112.799 33.5899 4.16717 23.5584 3.19277
112.899 33.54 4.172 23.5589 3.18794
112.999 33.49 4.17683 23.5594 3.18312
113.099 33.44 4.18165 23.5598 3.17829
113.199 33.39 4.18647 23.5601 3.17347
113.299 33.34 4.19129 23.5604 3.16866
113.399 33.29 4.1961 23.5605 3.16385
113.499 33.24 4.20091 23.5606 3.15904
113.599 33.19 4.20572 23.5606 3.15423
113.699 33.14 4.21052 23.5606 3.14943
113.799 33.09 4.21532 23.5604 3.14463
113.899 33.04 4.22011 23.5602 3.13984
113.999 32.99 4.2249 23.5599 3.13505
114.099 32.9401 4.22969 23.5596 3.13026
114.199 32.8901 4.23447 23.5591 3.12548
114.299 32.8401 4.23925 23.5586 3.1207
114.399 32.7901 4.24403 23.558 3.11592
114.499 32.7401 4.2488 23.5573 3.11115
114.599 32.6901 4.25357 23.5566 3.10638
114.699 32.6401 4.25833 23.5557 3.10162
114.799 32.5901 4.26309 23.5548 3.09686
114.899 32.5401 4.26785 23.5538 3.0921
114.999 32.4901 4.2726 23.5528 3.08735
115.099 32.4401 4.27735 23.5516 3.0826
115.199 32.3902 4.28209 23.5504 3.07785
115.299 32.3402 4.28683 23.5491 3.07311
115.399 32.2902 4.29157 23.5477 3.06838
115.499 32.2402 4.2963 23.5463 3.06364
115.599 32.1902 4.30103 23.5447 3.05891
115.699 32.1402 4.30576 23.5431 3.05419
115.799 32.0902 4.31048 23.5414 3.04947
115.899 32.0402 4.3152 23.5396 3.04475
115.999 31.9902 4.31991 23.5377 3.04004
116.099 31.9402 4.32462 23.5358 3.03533
116.199 31.8903 4.32932 23.5338 3.03062
116.299 31.8403 4.33403 23.5317 3.02592
116.399 31.7903 4.33872 23.5295 3.02122
116.499 31.7403 4.34342 23.5272 3.01653
116.599 31.6903 4.34811 23.5249 3.01184
116.699 31.6403 4.35279 23.5225 3.00716
116.799 31.5903 4.35747 23.5199 3.00248
116.899 31.5403 4.36215 23.5174 2.9978
116.999 31.4903 4.36682 23.5147 2.99313
117.099 31.4403 4.37149 23.5119 2.98846
117.199 31.3904 4.37615 23.5091 2.98379
117.299 31.3404 4.38081 23.5062 2.97913
117.399 31.2904 4.38547 23.5032 2.97448
117.499 31.2404 4.39012 23.5001 2.96983
117.599 31.1904 4.39477 23.4969 2.96518
117.699 31.1404 4.39941 23.4937 2.96054
117.799 31.0904 4.40405 23.4903 2.9559
117.899 31.0404 4.40869 23.4869 2.95126
117.999 30.9904 4.41332 23.4834 2.94663
118.099 30.9404 4.41794 23.4798 2.94201
118.199 30.8905 4.42256 23.4761 2.93738
118.299 30.8405 4.42718 23.4724 2.93277
118.399 30.7905 4.43179 23.4685 2.92815
118.499 30.7405 4.4364 23.4646 2.92354
118.599 30.6905 4.44101 23.4606 2.91894
118.699 30.6405 4.44561 23.4565 2.91434
118.799 30.5905 4.4502 23.4523 2.90974
118.899 30.5405 4.4548 23.448 2.90515
118.999 30.4905 4.45938 23.4437 2.90057
119.099 30.4405 4.46396 23.4392 2.89598
119.199 30.3906 4.46854 23.4347 2.89141
119.299 30.3406 4.47312 23.4301 2.88683
119.399 30.2906 4.47768 23.4254 2.88226
119.499 30.2406 4.48225 23.4206 2.8777
119.599 30.1906 4.48681 23.4158 2.87314
119.699 30.1406 4.49136 23.4108 2.86858
119.799 30.0906 4.49592 23.4057 2.86403
119.899 30.0406 4.50046 23.4006 2.85949
119.999 29.9906 4.505 23.3954 2.85494
120.099 29.9407 4.50954 23.3901 2.85041
120.199 29.8907 4.51407 23.3847 2.84587
120.299 29.8407 4.5186 23.3792 2.84135
120.399 29.7907 4.52313 23.3736 2.83682
120.499 29.7407 4.52764 23.368 2.8323
120.599 29.6907 4.53216 23.3622 2.82779
120.699 29.6407 4.53667 23.3564 2.82328
120.799 29.5907 4.54117 23.3504 2.81877
120.899 29.5407 4.54567 23.3444 2.81427
120.999 29.4908 4.55017 23.3383 2.80978
121.099 29.4408 4.55466 23.3321 2.80529
121.199 29.3908 4.55915 23.3258 2.8008
121.299 29.3408 4.56363 23.3194 2.79632
121.399 29.2908 4.5681 23.313 2.79184
121.499 29.2408 4.57258 23.3064 2.78737
121.599 29.1908 4.57704 23.2998 2.7829
121.699 29.1408 4.5815 23.293 2.77844
121.799 29.0908 4.58596 23.2862 2.77399
121.899 29.0409 4.59041 23.2793 2.76953
121.999 28.9909 4.59486 23.2722 2.76508
122.099 28.9409 4.59931 23.2651 2.76064
122.199 28.8909 4.60374 23.2579 2.7562
122.299 28.8409 4.60818 23.2506 2.75177
122.399 28.7909 4.61261 23.2433 2.74734
122.499 28.7409 4.61703 23.2358 2.74292
122.599 28.6909 4.62145 23.2282 2.7385
122.699 28.6409 4.62586 23.2205 2.73409
122.799 28.591 4.63027 23.2128 2.72968
122.899 28.541 4.63467 23.2049 2.72527
122.999 28.491 4.63907 23.197 2.72088
123.099 28.441 4.64347 23.189 2.71648
123.199 28.391 4.64785 23.1808 2.71209
123.299 28.341 4.65224 23.1726 2.70771
123.399 28.291 4.65662 23.1643 2.70333
123.499 28.241 4.66099 23.1559 2.69896
123.599 28.1911 4.66536 23.1474 2.69459
123.699 28.1411 4.66972 23.1388 2.69023
123.799 28.0911 4.67408 23.1301 2.68587
123.899 28.0411 4.67843 23.1213 2.68151
123.999 27.9911 4.68278 23.1124 2.67716
124.099 27.9411 4.68713 23.1034 2.67282
124.199 27.8911 4.69146 23.0943 2.66848
124.299 27.8411 4.6958 23.0852 2.66415
124.399 27.7911 4.70012 23.0759 2.65982
124.499 27.7412 4.70445 23.0665 2.6555
124.599 27.6912 4.70876 23.057 2.65118
124.699 27.6412 4.71308 23.0475 2.64687
124.799 27.5912 4.71738 23.0378 2.64256
124.899 27.5412 4.72169 23.0281 2.63826
124.999 27.4912 4.72598 23.0182 2.63397
125.099 27.4412 4.73027 23.0083 2.62967
125.199 27.3912 4.73456 22.9982 2.62539
125.299 27.3413 4.73884 22.9881 2.62111
125.399 27.2913 4.74312 22.9778 2.61683
125.499 27.2413 4.74739 22.9675 2.61256
125.599 27.1913 4.75165 22.957 2.6083
125.699 27.1413 4.75591 22.9465 2.60404
125.799 27.0913 4.76016 22.9359 2.59978
125.899 27.0413 4.76441 22.9251 2.59553
125.999 26.9913 4.76866 22.9143 2.59129
126.099 26.9414 4.77289 22.9033 2.58705
126.199 26.8914 4.77713 22.8923 2.58282
126.299 26.8414 4.78135 22.8812 2.57859
126.399 26.7914 4.78558 22.8699 2.57437
126.499 26.7414 4.78979 22.8586 2.57015
126.599 26.6914 4.794 22.8471 2.56594
126.699 26.6414 4.79821 22.8356 2.56174
126.799 26.5914 4.80241 22.824 2.55754
126.899 26.5415 4.8066 22.8122 2.55334
126.999 26.4915 4.81079 22.8004 2.54915
127.099 26.4415 4.81498 22.7884 2.54497
127.199 26.3915 4.81915 22.7764 2.54079
127.299 26.3415 4.82333 22.7642 2.53662
127.399 26.2915 4.82749 22.752 2.53245
127.499 26.2415 4.83166 22.7396 2.52829
127.599 26.1916 4.83581 22.7272 2.52414
127.699 26.1416 4.83996 22.7146 2.51999
127.799 26.0916 4.84411 22.7019 2.51584
127.899 26.0416 4.84825 22.6892 2.5117
127.999 25.9916 4.85238 22.6763 2.50757
128.099 25.9416 4.85651 22.6633 2.50344
128.199 25.8916 4.86063 22.6503 2.49932
128.299 25.8416 4.86475 22.6371 2.4952
128.399 25.7916 4.86886 22.6238 2.49109
128.499 25.7417 4.87296 22.6104 2.48698
128.599 25.6917 4.87706 22.5969 2.48288
128.699 25.6417 4.88116 22.5833 2.47879
128.799 25.5917 4.88525 22.5696 2.4747
128.899 25.5417 4.88933 22.5558 2.47062
128.999 25.4917 4.8934 22.5419 2.46654
129.099 25.4417 4.89748 22.5278 2.46247
129.199 25.3917 4.90154 22.5137 2.45841
129.299 25.3417 4.9056 22.4995 2.45435
129.399 25.2917 4.90965 22.4851 2.45029
129.499 25.2417 4.9137 22.4707 2.44624
129.599 25.1918 4.91774 22.4561 2.4422
129.699 25.1418 4.92178 22.4415 2.43817
129.799 25.0918 4.92581 22.4267 2.43414
129.899 25.0418 4.92984 22.4118 2.43011
129.999 24.9918 4.93386 22.3969 2.42609
130.099 24.9418 4.93787 22.3818 2.42208
130.199 24.8918 4.94187 22.3666 2.41807
130.299 24.8418 4.94588 22.3513 2.41407
130.399 24.7918 4.94987 22.3359 2.41008
130.499 24.7418 4.95386 22.3203 2.40609
130.599 24.6919 4.95784 22.3047 2.4021
130.699 24.6419 4.96182 22.289 2.39813
130.799 24.5919 4.96579 22.2731 2.39415
130.899 24.5419 4.96976 22.2572 2.39019
130.999 24.4919 4.97372 22.2411 2.38623
131.099 24.4419 4.97767 22.2249 2.38228
131.199 24.3919 4.98162 22.2086 2.37833
131.299 24.3419 4.98556 22.1922 2.37439
131.399 24.2919 4.98949 22.1757 2.37045
131.499 24.242 4.99342 22.1591 2.36652
131.599 24.192 4.99735 22.1424 2.3626
131.699 24.142 5.00126 22.1255 2.35868
131.799 24.092 5.00518 22.1086 2.35477
131.899 24.042 5.00908 22.0915 2.35087
131.999 23.992 5.01298 22.0743 2.34697
132.099 23.942 5.01687 22.0571 2.34308
132.199 23.892 5.02076 22.0397 2.33919
132.299 23.842 5.02464 22.0222 2.33531
132.399 23.792 5.02851 22.0045 2.33143
132.499 23.7421 5.03238 21.9868 2.32757
132.599 23.6921 5.03624 21.969 2.3237
132.699 23.6421 5.0401 21.951 2.31985
132.799 23.5921 5.04395 21.9329 2.316
132.899 23.5421 5.04779 21.9147 2.31216
132.999 23.4921 5.05163 21.8965 2.30832
133.099 23.4421 5.05546 21.878 2.30449
133.199 23.3921 5.05928 21.8595 2.30066
133.299 23.3421 5.0631 21.8409 2.29684
133.399 23.2922 5.06691 21.8221 2.29303
133.499 23.2422 5.07072 21.8033 2.28923
133.599 23.1922 5.07452 21.7843 2.28543
133.699 23.1422 5.07831 21.7652 2.28163
133.799 23.0922 5.0821 21.746 2.27785
133.899 23.0422 5.08588 21.7266 2.27407
133.999 22.9922 5.08965 21.7072 2.27029
134.099 22.9422 5.09342 21.6876 2.26652
134.199 22.8922 5.09718 21.668 2.26276
134.299 22.8422 5.10094 21.6482 2.25901
134.399 22.7923 5.10469 21.6283 2.25526
134.499 22.7423 5.10843 21.6083 2.25152
134.599 22.6923 5.11217 21.5881 2.24778
134.699 22.6423 5.1159 21.5679 2.24405
134.799 22.5923 5.11962 21.5475 2.24033
134.899 22.5423 5.12333 21.527 2.23661
134.999 22.4923 5.12704 21.5064 2.2329
135.099 22.4423 5.13075 21.4857 2.2292
135.199 22.3923 5.13445 21.4648 2.2255
135.299 22.3424 5.13814 21.4439 2.22181
135.399 22.2924 5.14182 21.4228 2.21813
135.499 22.2424 5.1455 21.4016 2.21445
135.599 22.1924 5.14917 21.3803 2.21078
135.699 22.1424 5.15283 21.3589 2.20711
135.799 22.0924 5.15649 21.3373 2.20346
135.899 22.0424 5.16014 21.3157 2.1998
135.999 21.9924 5.16379 21.2939 2.19616
136.099 21.9425 5.16743 21.272 2.19252
136.199 21.8925 5.17106 21.25 2.18889
136.299 21.8425 5.17468 21.2278 2.18526
136.399 21.7925 5.1783 21.2055 2.18165
136.499 21.7425 5.18191 21.1832 2.17803
136.599 21.6925 5.18552 21.1607 2.17443
136.699 21.6425 5.18912 21.138 2.17083
136.799 21.5925 5.19271 21.1153 2.16724
136.899 21.5425 5.19629 21.0924 2.16365
136.999 21.4926 5.19987 21.0694 2.16007
137.099 21.4426 5.20344 21.0463 2.1565
137.199 21.3926 5.20701 21.0231 2.15294
137.299 21.3426 5.21057 20.9998 2.14938
137.399 21.2926 5.21412 20.9763 2.14583
137.499 21.2426 5.21767 20.9527 2.14228
137.599 21.1926 5.2212 20.929 2.13874
137.699 21.1426 5.22474 20.9052 2.13521
137.799 21.0926 5.22826 20.8812 2.13169
137.899 21.0427 5.23178 20.8571 2.12817
137.999 20.9927 5.23529 20.8329 2.12466
138.099 20.9427 5.23879 20.8086 2.12115
138.199 20.8927 5.24229 20.7841 2.11766
138.299 20.8427 5.24578 20.7596 2.11417
138.399 20.7927 5.24927 20.7349 2.11068
138.499 20.7427 5.25274 20.7101 2.1072
138.599 20.6927 5.25621 20.6851 2.10373
138.699 20.6428 5.25968 20.6601 2.10027
138.799 20.5928 5.26313 20.6349 2.09681
138.899 20.5428 5.26658 20.6096 2.09337
138.999 20.4928 5.27002 20.5841 2.08992
139.099 20.4428 5.27346 20.5586 2.08649
139.199 20.3928 5.27689 20.5329 2.08306
139.299 20.3428 5.28031 20.5071 2.07964
139.399 20.2928 5.28373 20.4811 2.07622
139.499 20.2429 5.28713 20.4551 2.07281
139.599 20.1929 5.29054 20.4289 2.06941
139.699 20.1429 5.29393 20.4026 2.06602
139.799 20.0929 5.29732 20.3762 2.06263
139.899 20.0429 5.3007 20.3496 2.05925
139.999 19.9929 5.30407 20.3229 2.05588
140.099 19.9429 5.30744 20.2961 2.05251
140.199 19.8929 5.3108 20.2692 2.04915
140.299 19.843 5.31415 20.2421 2.0458
140.399 19.793 5.31749 20.2149 2.04245
140.499 19.743 5.32083 20.1876 2.03912
140.599 19.693 5.32416 20.1602 2.03579
140.699 19.643 5.32749 20.1326 2.03246
140.799 19.593 5.3308 20.1049 2.02914
140.899 19.543 5.33411 20.0771 2.02584
140.999 19.493 5.33741 20.0491 2.02253
141.099 19.4431 5.34071 20.021 2.01924
141.199 19.3931 5.344 19.9928 2.01595
141.299 19.3431 5.34728 19.9645 2.01267
141.399 19.2931 5.35055 19.9361 2.00939
141.499 19.2431 5.35382 19.9075 2.00613
141.599 19.1931 5.35708 19.8788 2.00287
141.699 19.1431 5.36033 19.8499 1.99961
141.799 19.0931 5.36358 19.8209 1.99637
141.899 19.0432 5.36682 19.7918 1.99313
141.999 18.9932 5.37005 19.7626 1.9899
142.099 18.9432 5.37327 19.7333 1.98668
142.199 18.8932 5.37649 19.7038 1.98346
142.299 18.8432 5.3797 19.6742 1.98025
142.399 18.7932 5.3829 19.6444 1.97705
142.499 18.7432 5.3861 19.6145 1.97385
142.6 18.6932 5.38928 19.5845 1.97066
142.7 18.6433 5.39246 19.5544 1.96748
142.8 18.5933 5.39564 19.5241 1.96431
142.9 18.5433 5.3988 19.4938 1.96115
143 18.4933 5.40196 19.4632 1.95799
143.1 18.4433 5.40511 19.4326 1.95484
143.2 18.3933 5.40826 19.4018 1.95169
143.3 18.3433 5.41139 19.3709 1.94856
143.4 18.2933 5.41452 19.3399 1.94543
143.5 18.2434 5.41764 19.3087 1.9423
143.6 18.1934 5.42076 19.2774 1.93919
143.7 18.1434 5.42387 19.2459 1.93608
143.8 18.0934 5.42696 19.2144 1.93298
143.9 18.0434 5.43006 19.1827 1.92989
144 17.9934 5.43314 19.1509 1.92681
144.1 17.9434 5.43622 19.1189 1.92373
144.2 17.8935 5.43929 19.0868 1.92066
144.3 17.8435 5.44235 19.0546 1.91759
144.4 17.7935 5.44541 19.0223 1.91454
144.5 17.7435 5.44846 18.9898 1.91149
144.6 17.6935 5.4515 18.9572 1.90845
144.7 17.6435 5.45453 18.9244 1.90542
144.8 17.5935 5.45756 18.8916 1.90239
144.9 17.5435 5.46057 18.8586 1.89937
145 17.4936 5.46358 18.8254 1.89636
145.1 17.4436 5.46659 18.7921 1.89336
145.2 17.3936 5.46958 18.7587 1.89036
145.3 17.3436 5.47257 18.7252 1.88738
145.4 17.2936 5.47555 18.6915 1.8844
145.5 17.2436 5.47852 18.6577 1.88142
145.6 17.1936 5.48149 18.6238 1.87846
145.7 17.1437 5.48445 18.5898 1.8755
145.8 17.0937 5.4874 18.5556 1.87255
145.9 17.0437 5.49034 18.5212 1.86961
146 16.9937 5.49328 18.4868 1.86667
146.1 16.9437 5.4962 18.4522 1.86374
146.2 16.8937 5.49912 18.4174 1.86082
146.3 16.8437 5.50204 18.3826 1.85791
146.4 16.7938 5.50494 18.3476 1.85501
146.5 16.7438 5.50784 18.3125 1.85211
146.6 16.6938 5.51073 18.2772 1.84922
146.7 16.6438 5.51361 18.2418 1.84634
146.8 16.5938 5.51648 18.2063 1.84346
146.9 16.5438 5.51935 18.1706 1.8406
147 16.4938 5.52221 18.1348 1.83774
147.1 16.4438 5.52506 18.0989 1.83489
147.2 16.3939 5.5279 18.0629 1.83204
147.3 16.3439 5.53074 18.0267 1.82921
147.4 16.2939 5.53357 17.9903 1.82638
147.5 16.2439 5.53639 17.9539 1.82356
147.6 16.1939 5.5392 17.9173 1.82075
147.7 16.1439 5.54201 17.8806 1.81794
147.8 16.0939 5.5448 17.8437 1.81514
147.9 16.044 5.54759 17.8067 1.81235
148 15.994 5.55038 17.7696 1.80957
148.1 15.944 5.55315 17.7323 1.8068
148.2 15.894 5.55592 17.6949 1.80403
148.3 15.844 5.55867 17.6574 1.80127
148.4 15.794 5.56142 17.6197 1.79852
148.5 15.744 5.56417 17.5819 1.79578
148.6 15.6941 5.5669 17.544 1.79304
148.7 15.6441 5.56963 17.5059 1.79032
148.8 15.5941 5.57235 17.4677 1.7876
148.9 15.5441 5.57506 17.4294 1.78489
149 15.4941 5.57777 17.3909 1.78218
149.1 15.4441 5.58046 17.3523 1.77949
149.2 15.3941 5.58315 17.3136 1.7768
149.3 15.3442 5.58583 17.2747 1.77412
149.4 15.2942 5.5885 17.2357 1.77144
149.5 15.2442 5.59117 17.1966 1.76878
149.6 15.1942 5.59382 17.1573 1.76612
149.7 15.1442 5.59647 17.1179 1.76347
149.8 15.0942 5.59911 17.0784 1.76083
149.9 15.0442 5.60175 17.0387 1.7582
150 14.9943 5.60437 16.9989 1.75558
150.1 14.9443 5.60699 16.9589 1.75296
150.2 14.8943 5.6096 16.9189 1.75035
150.3 14.8443 5.6122 16.8787 1.74775
150.4 14.7943 5.61479 16.8383 1.74516
150.5 14.7443 5.61738 16.7978 1.74257
150.6 14.6943 5.61996 16.7572 1.73999
150.7 14.6444 5.62252 16.7165 1.73742
150.8 14.5944 5.62509 16.6756 1.73486
150.9 14.5444 5.62764 16.6346 1.73231
151 14.4944 5.63018 16.5934 1.72976
151.1 14.4444 5.63272 16.5521 1.72723
151.2 14.3944 5.63525 16.5107 1.7247
151.3 14.3444 5.63777 16.4692 1.72217
151.4 14.2945 5.64029 16.4275 1.71966
151.5 14.2445 5.64279 16.3856 1.71716
151.6 14.1945 5.64529 16.3437 1.71466
151.7 14.1445 5.64778 16.3016 1.71217
151.8 14.0945 5.65026 16.2594 1.70969
151.9 14.0445 5.65273 16.217 1.70721
152 13.9945 5.6552 16.1745 1.70475
152.1 13.9446 5.65766 16.1319 1.70229
152.2 13.8946 5.6601 16.0892 1.69984
152.3 13.8446 5.66254 16.0463 1.6974
152.4 13.7946 5.66498 16.0032 1.69497
152.5 13.7446 5.6674 15.9601 1.69255
152.6 13.6946 5.66982 15.9168 1.69013
152.7 13.6447 5.67223 15.8734 1.68772
152.8 13.5947 5.67463 15.8298 1.68532
152.9 13.5447 5.67702 15.7861 1.68293
153 13.4947 5.6794 15.7423 1.68054
153.1 13.4447 5.68178 15.6983 1.67817
153.2 13.3947 5.68415 15.6543 1.6758
153.3 13.3447 5.68651 15.61 1.67344
153.4 13.2948 5.68886 15.5657 1.67109
153.5 13.2448 5.6912 15.5212 1.66875
153.6 13.1948 5.69354 15.4766 1.66641
153.7 13.1448 5.69586 15.4318 1.66408
153.8 13.0948 5.69818 15.3869 1.66177
153.9 13.0448 5.70049 15.3419 1.65946
154 12.9948 5.70279 15.2968 1.65715
154.1 12.9449 5.70509 15.2515 1.65486
154.2 12.8949 5.70737 15.2061 1.65257
154.3 12.8449 5.70965 15.1605 1.6503
154.4 12.7949 5.71192 15.1149 1.64803
154.5 12.7449 5.71418 15.069 1.64577
154.6 12.6949 5.71643 15.0231 1.64351
154.7 12.645 5.71868 14.977 1.64127
154.8 12.595 5.72091 14.9308 1.63903
154.9 12.545 5.72314 14.8845 1.63681
155 12.495 5.72536 14.838 1.63459
155.1 12.445 5.72757 14.7914 1.63237
155.2 12.395 5.72978 14.7447 1.63017
155.3 12.345 5.73197 14.6979 1.62798
155.4 12.2951 5.73416 14.6509 1.62579
155.5 12.2451 5.73633 14.6038 1.62361
155.6 12.1951 5.7385 14.5565 1.62144
155.7 12.1451 5.74067 14.5091 1.61928
155.8 12.0951 5.74282 14.4616 1.61713
155.9 12.0451 5.74496 14.414 1.61498
156 11.9951 5.7471 14.3662 1.61285
156.1 11.9452 5.74923 14.3183 1.61072
156.2 11.8952 5.75135 14.2703 1.6086
156.3 11.8452 5.75346 14.2221 1.60649
156.4 11.7952 5.75556 14.1739 1.60439
156.5 11.7452 5.75766 14.1255 1.60229
156.6 11.6952 5.75974 14.0769 1.60021
156.7 11.6453 5.76182 14.0282 1.59813
156.8 11.5953 5.76389 13.9795 1.59606
156.9 11.5453 5.76595 13.9305 1.594
157 11.4953 5.768 13.8815 1.59194
157.1 11.4453 5.77005 13.8323 1.5899
157.2 11.3953 5.77208 13.783 1.58787
157.3 11.3454 5.77411 13.7336 1.58584
157.4 11.2954 5.77613 13.684 1.58382
157.5 11.2454 5.77814 13.6343 1.58181
157.6 11.1954 5.78014 13.5845 1.57981
157.7 11.1454 5.78213 13.5346 1.57781
157.8 11.0954 5.78412 13.4845 1.57583
157.9 11.0454 5.78609 13.4343 1.57385
158 10.9955 5.78806 13.384 1.57188
158.1 10.9455 5.79002 13.3335 1.56992
158.2 10.8955 5.79197 13.283 1.56797
158.3 10.8455 5.79392 13.2323 1.56603
158.4 10.7955 5.79585 13.1815 1.5641
158.5 10.7455 5.79778 13.1305 1.56217
158.6 10.6956 5.79969 13.0795 1.56025
158.7 10.6456 5.8016 13.0283 1.55835
158.8 10.5956 5.8035 12.9769 1.55645
158.9 10.5456 5.80539 12.9255 1.55456
159.001 10.4956 5.80728 12.8739 1.55267
159.101 10.4456 5.80915 12.8223 1.5508
159.201 10.3956 5.81102 12.7705 1.54893
159.301 10.3457 5.81287 12.7185 1.54708
159.401 10.2957 5.81472 12.6665 1.54523
159.501 10.2457 5.81656 12.6143 1.54339
159.601 10.1957 5.81839 12.562 1.54155
159.701 10.1457 5.82022 12.5096 1.53973
159.801 10.0957 5.82203 12.4571 1.53792
159.901 10.0458 5.82384 12.4044 1.53611
160.001 9.99577 5.82563 12.3516 1.53431
160.101 9.94579 5.82742 12.2987 1.53253
160.201 9.89581 5.8292 12.2457 1.53075
160.301 9.84582 5.83097 12.1926 1.52897
160.401 9.79584 5.83274 12.1393 1.52721
160.501 9.74585 5.83449 12.0859 1.52546
160.601 9.69587 5.83624 12.0324 1.52371
160.701 9.64589 5.83797 11.9788 1.52198
160.801 9.5959 5.8397 11.9251 1.52025
160.901 9.54592 5.84142 11.8712 1.51853
161.001 9.49593 5.84313 11.8173 1.51682
161.101 9.44595 5.84483 11.7632 1.51511
161.201 9.39597 5.84653 11.709 1.51342
161.301 9.34598 5.84821 11.6547 1.51174
161.401 9.296 5.84989 11.6002 1.51006
161.501 9.24601 5.85156 11.5457 1.50839
161.601 9.19603 5.85321 11.491 1.50673
161.701 9.14605 5.85487 11.4363 1.50508
161.801 9.09606 5.85651 11.3814 1.50344
161.901 9.04608 5.85814 11.3264 1.50181
162.001 8.99609 5.85976 11.2712 1.50018
162.101 8.94611 5.86138 11.216 1.49857
162.201 8.89613 5.86299 11.1606 1.49696
162.301 8.84614 5.86458 11.1052 1.49536
162.401 8.79616 5.86617 11.0496 1.49377
162.501 8.74617 5.86775 10.9939 1.49219
162.601 8.69619 5.86933 10.9381 1.49062
162.701 8.64621 5.87089 10.8822 1.48906
162.801 8.59622 5.87244 10.8262 1.4875
162.901 8.54624 5.87399 10.7701 1.48596
163.001 8.49625 5.87553 10.7138 1.48442
163.101 8.44627 5.87705 10.6575 1.48289
163.201 8.39629 5.87857 10.601 1.48137
163.301 8.3463 5.88009 10.5445 1.47986
163.401 8.29632 5.88159 10.4878 1.47836
163.501 8.24634 5.88308 10.431 1.47687
163.601 8.19635 5.88456 10.3741 1.47538
163.701 8.14637 5.88604 10.3171 1.47391
163.801 8.09638 5.88751 10.26 1.47244
163.901 8.0464 5.88897 10.2028 1.47098
164.001 7.99642 5.89041 10.1455 1.46953
164.101 7.94643 5.89185 10.088 1.46809
164.201 7.89645 5.89329 10.0305 1.46666
164.301 7.84647 5.89471 9.97287 1.46524
164.401 7.79648 5.89612 9.91513 1.46382
164.501 7.7465 5.89753 9.85729 1.46242
164.601 7.69652 5.89893 9.79934 1.46102
164.701 7.64653 5.90031 9.74129 1.45963
164.801 7.59655 5.90169 9.68314 1.45826
164.901 7.54656 5.90306 9.62489 1.45689
165.001 7.49658 5.90442 9.56653 1.45552
165.101 7.4466 5.90577 9.50808 1.45417
165.201 7.39661 5.90712 9.44952 1.45283
165.301 7.34663 5.90845 9.39086 1.45149
165.401 7.29665 5.90978 9.33211 1.45017
165.501 7.24666 5.9111 9.27325 1.44885
165.601 7.19668 5.9124 9.2143 1.44754
165.701 7.1467 5.9137 9.15525 1.44624
165.801 7.09671 5.91499 9.0961 1.44495
165.901 7.04673 5.91627 9.03685 1.44367
166.001 6.99675 5.91755 8.97751 1.4424
166.101 6.94676 5.91881 8.91807 1.44114
166.201 6.89678 5.92007 8.85853 1.43988
166.301 6.84679 5.92131 8.7989 1.43864
166.401 6.79681 5.92255 8.73917 1.4374
166.501 6.74683 5.92378 8.67935 1.43617
166.601 6.69684 5.925 8.61944 1.43495
166.701 6.64686 5.92621 8.55943 1.43374
166.801 6.59688 5.92741 8.49933 1.43254
166.901 6.54689 5.9286 8.43914 1.43135
167.001 6.49691 5.92978 8.37886 1.43016
167.101 6.44693 5.93096 8.31849 1.42899
167.201 6.39694 5.93212 8.25802 1.42782
167.301 6.34696 5.93328 8.19747 1.42667
167.401 6.29698 5.93443 8.13683 1.42552
167.501 6.24699 5.93557 8.07609 1.42438
167.601 6.19701 5.9367 8.01527 1.42325
167.701 6.14703 5.93782 7.95437 1.42213
167.801 6.09704 5.93893 7.89337 1.42102
167.901 6.04706 5.94003 7.83229 1.41991
168.001 5.99708 5.94113 7.77112 1.41882
168.101 5.94709 5.94221 7.70987 1.41773
168.201 5.89711 5.94329 7.64853 1.41666
168.301 5.84713 5.94436 7.58711 1.41559
168.401 5.79714 5.94542 7.5256 1.41453
168.501 5.74716 5.94647 7.46401 1.41348
168.601 5.69718 5.94751 7.40234 1.41244
168.701 5.64719 5.94854 7.34059 1.41141
168.801 5.59721 5.94956 7.27876 1.41039
168.901 5.54723 5.95057 7.21684 1.40937
169.001 5.49724 5.95158 7.15484 1.40837
169.101 5.44726 5.95257 7.09277 1.40737
169.201 5.39728 5.95356 7.03061 1.40639
169.301 5.34729 5.95454 6.96838 1.40541
169.401 5.29731 5.95551 6.90607 1.40444
169.501 5.24733 5.95647 6.84368 1.40348
169.601 5.19734 5.95742 6.78122 1.40253
169.701 5.14736 5.95836 6.71868 1.40159
169.801 5.09738 5.95929 6.65606 1.40065
169.901 5.04739 5.96022 6.59338 1.39973
170.001 4.99741 5.96113 6.53061 1.39882
170.101 4.94743 5.96204 6.46777 1.39791
170.201 4.89744 5.96293 6.40486 1.39701
170.301 4.84746 5.96382 6.34188 1.39613
170.401 4.79748 5.9647 6.27883 1.39525
170.501 4.74749 5.96557 6.2157 1.39438
170.601 4.69751 5.96643 6.15251 1.39352
170.701 4.64753 5.96728 6.08924 1.39267
170.801 4.59754 5.96812 6.02591 1.39182
170.901 4.54756 5.96896 5.96251 1.39099
171.001 4.49758 5.96978 5.89904 1.39017
171.101 4.4476 5.9706 5.8355 1.38935
171.201 4.39761 5.9714 5.7719 1.38854
171.301 4.34763 5.9722 5.70823 1.38775
171.401 4.29765 5.97299 5.6445 1.38696
171.501 4.24766 5.97377 5.5807 1.38618
171.601 4.19768 5.97454 5.51684 1.38541
171.701 4.1477 5.9753 5.45292 1.38465
171.801 4.09771 5.97605 5.38893 1.3839
171.901 4.04773 5.9768 5.32489 1.38315
172.001 3.99775 5.97753 5.26078 1.38242
172.101 3.94776 5.97825 5.19661 1.38169
172.201 3.89778 5.97897 5.13238 1.38098
172.301 3.8478 5.97968 5.06809 1.38027
172.401 3.79781 5.98037 5.00375 1.37957
172.501 3.74783 5.98106 4.93934 1.37888
172.601 3.69785 5.98174 4.87488 1.3782
172.701 3.64787 5.98241 4.81037 1.37753
172.801 3.59788 5.98307 4.7458 1.37687
172.901 3.5479 5.98373 4.68117 1.37622
173.001 3.49792 5.98437 4.61649 1.37558
173.101 3.44793 5.985 4.55176 1.37494
173.201 3.39795 5.98563 4.48697 1.37432
173.301 3.34797 5.98625 4.42214 1.3737
173.401 3.29798 5.98685 4.35725 1.37309
173.501 3.248 5.98745 4.29231 1.3725
173.601 3.19802 5.98804 4.22732 1.37191
173.701 3.14803 5.98862 4.16228 1.37133
173.801 3.09805 5.98919 4.0972 1.37076
173.901 3.04807 5.98975 4.03206 1.3702
174.001 2.99809 5.9903 3.96688 1.36964
174.101 2.9481 5.99085 3.90166 1.3691
174.201 2.89812 5.99138 3.83639 1.36857
174.301 2.84814 5.99191 3.77107 1.36804
174.401 2.79815 5.99242 3.70571 1.36753
174.501 2.74817 5.99293 3.64031 1.36702
174.601 2.69819 5.99343 3.57486 1.36652
174.701 2.6482 5.99392 3.50937 1.36603
174.801 2.59822 5.99439 3.44384 1.36555
174.901 2.54824 5.99487 3.37828 1.36508
175.001 2.49826 5.99533 3.31267 1.36462
175.101 2.44827 5.99578 3.24702 1.36417
175.201 2.39829 5.99622 3.18134 1.36373
175.301 2.34831 5.99666 3.11561 1.36329
175.402 2.29832 5.99708 3.04986 1.36287
175.502 2.24834 5.9975 2.98406 1.36245
175.602 2.19836 5.9979 2.91823 1.36204
175.702 2.14837 5.9983 2.85237 1.36165
175.802 2.09839 5.99869 2.78647 1.36126
175.902 2.04841 5.99907 2.72054 1.36088
176.002 1.99843 5.99944 2.65458 1.36051
176.102 1.94844 5.9998 2.58859 1.36015
176.202 1.89846 6.00015 2.52257 1.3598
176.302 1.84848 6.00049 2.45651 1.35945
176.402 1.79849 6.00083 2.39043 1.35912
176.502 1.74851 6.00115 2.32432 1.3588
176.602 1.69853 6.00147 2.25819 1.35848
176.702 1.64854 6.00177 2.19202 1.35817
176.802 1.59856 6.00207 2.12583 1.35788
176.902 1.54858 6.00236 2.05962 1.35759
177.002 1.4986 6.00264 1.99338 1.35731
177.102 1.44861 6.00291 1.92712 1.35704
177.202 1.39863 6.00317 1.86084 1.35678
177.302 1.34865 6.00342 1.79453 1.35653
177.402 1.29866 6.00366 1.7282 1.35629
177.502 1.24868 6.00389 1.66185 1.35605
177.602 1.1987 6.00412 1.59549 1.35583
177.702 1.14872 6.00433 1.5291 1.35562
177.802 1.09873 6.00454 1.46269 1.35541
177.902 1.04875 6.00473 1.39627 1.35521
178.002 0.998766 6.00492 1.32983 1.35503
178.102 0.948783 6.0051 1.26338 1.35485
178.202 0.898801 6.00527 1.19691 1.35468
178.302 0.848818 6.00543 1.13043 1.35452
178.402 0.798835 6.00558 1.06393 1.35437
178.502 0.748852 6.00572 0.997422 1.35423
178.602 0.698869 6.00585 0.930901 1.35409
178.702 0.648886 6.00598 0.86437 1.35397
178.802 0.598903 6.00609 0.797828 1.35386
178.902 0.54892 6.0062 0.731276 1.35375
179.002 0.498937 6.00629 0.664716 1.35365
179.102 0.448954 6.00638 0.598148 1.35357
179.202 0.398971 6.00646 0.531573 1.35349
179.302 0.348988 6.00653 0.464991 1.35342
179.402 0.299005 6.00658 0.398404 1.35336
179.502 0.249022 6.00663 0.331813 1.35331
179.602 0.19904 6.00668 0.265217 1.35327
179.702 0.149057 6.00671 0.198618 1.35324
179.802 0.0990737 6.00673 0.132017 1.35322
179.902 0.0490907 6.00674 0.0654146 1.3532
