0 179.77 0 0 79.9698
0.1 89.9499 3.3889e-05 0.016671 79.9697
0.2 89.8997 0.000135556 0.033342 79.9696
0.3 89.8496 0.000305001 0.0500129 79.9695
0.4 89.7994 0.000542222 0.0666837 79.9692
0.5 89.7493 0.00084722 0.0833545 79.9689
0.6 89.6991 0.00121999 0.100025 79.9685
0.7 89.649 0.00166054 0.116695 79.9681
0.8 89.5988 0.00216886 0.133366 79.9676
0.9 89.5487 0.00274496 0.150036 79.967
1 89.4985 0.00338882 0.166705 79.9664
1.1 89.4484 0.00410045 0.183375 79.9657
1.2 89.3982 0.00487984 0.200044 79.9649
1.3 89.3481 0.005727 0.216713 79.964
1.4 89.2979 0.00664192 0.233381 79.9631
1.5 89.2478 0.0076246 0.250049 79.9621
1.6 89.1976 0.00867503 0.266717 79.9611
1.7 89.1475 0.00979322 0.283384 79.96
1.8 89.0973 0.0109791 0.300051 79.9588
1.9 89.0472 0.0122328 0.316717 79.9575
2 88.997 0.0135542 0.333383 79.9562
2.1 88.9469 0.0149434 0.350048 79.9548
2.2 88.8967 0.0164003 0.366712 79.9534
2.3 88.8466 0.0179249 0.383376 79.9518
2.4 88.7964 0.0195172 0.400039 79.9502
2.5 88.7463 0.0211773 0.416702 79.9486
2.6 88.6961 0.022905 0.433364 79.9469
2.7 88.646 0.0247005 0.450025 79.9451
2.8 88.5958 0.0265637 0.466685 79.9432
2.9 88.5457 0.0284946 0.483345 79.9413
3 88.4955 0.0304931 0.500004 79.9393
3.1 88.4454 0.0325594 0.516662 79.9372
3.2 88.3952 0.0346933 0.533319 79.9351
3.3 88.3451 0.0368949 0.549975 79.9329
3.4 88.2949 0.0391642 0.56663 79.9306
3.5 88.2448 0.0415011 0.583284 79.9283
3.6 88.1946 0.0439057 0.599937 79.9259
3.7 88.1445 0.0463779 0.61659 79.9234
3.8 88.0943 0.0489178 0.633241 79.9208
3.9 88.0442 0.0515253 0.649891 79.9182
4 87.994 0.0542004 0.66654 79.9156
4.1 87.9439 0.0569431 0.683188 79.9128
4.2 87.8937 0.0597534 0.699835 79.91
4.3 87.8436 0.0626314 0.71648 79.9071
4.4 87.7935 0.0655769 0.733125 79.9042
4.5 87.7433 0.06859 0.749768 79.9012
4.6 87.6932 0.0716706 0.76641 79.8981
4.7 87.643 0.0748188 0.78305 79.8949
4.8 87.5929 0.0780346 0.79969 79.8917
4.9 87.5427 0.0813179 0.816327 79.8884
5 87.4926 0.0846688 0.832964 79.8851
5.1 87.4424 0.0880871 0.849599 79.8817
5.2 87.3923 0.091573 0.866233 79.8782
5.3 87.3421 0.0951263 0.882865 79.8746
5.4 87.292 0.0987472 0.899496 79.871
5.5 87.2418 0.102436 0.916125 79.8673
5.6 87.1917 0.106191 0.932753 79.8636
5.7 87.1415 0.110015 0.949379 79.8597
5.8 87.0914 0.113905 0.966003 79.8559
5.9 87.0412 0.117863 0.982626 79.8519
6 86.9911 0.121889 0.999247 79.8479
6.1 86.9409 0.125982 1.01587 79.8438
6.2 86.8908 0.130142 1.03248 79.8396
6.3 86.8406 0.13437 1.0491 79.8354
6.4 86.7905 0.138665 1.06571 79.8311
6.5 86.7403 0.143028 1.08233 79.8267
6.6 86.6902 0.147457 1.09894 79.8223
6.7 86.64 0.151954 1.11555 79.8178
6.8 86.5899 0.156519 1.13215 79.8132
6.9 86.5397 0.161151 1.14876 79.8086
7 86.4896 0.16585 1.16536 79.8039
7.1 86.4395 0.170616 1.18196 79.7991
7.2 86.3893 0.175449 1.19856 79.7943
7.3 86.3392 0.18035 1.21516 79.7894
7.4 86.289 0.185318 1.23175 79.7844
7.5 86.2389 0.190354 1.24835 79.7794
7.6 86.1887 0.195456 1.26494 79.7743
7.7 86.1386 0.200626 1.28153 79.7691
7.79999 86.0884 0.205862 1.29811 79.7639
7.89999 86.0383 0.211166 1.3147 79.7586
7.99999 85.9881 0.216537 1.33128 79.7532
8.09999 85.938 0.221976 1.34786 79.7478
8.2 85.8878 0.227481 1.36444 79.7423
8.3 85.8377 0.233053 1.38101 79.7367
8.4 85.7875 0.238693 1.39758 79.7311
8.5 85.7374 0.244399 1.41415 79.7254
8.6 85.6872 0.250173 1.43072 79.7196
8.7 85.6371 0.256013 1.44729 79.7137
8.8 85.5869 0.261921 1.46385 79.7078
8.9 85.5368 0.267896 1.48041 79.7019
9 85.4866 0.273937 1.49697 79.6958
9.1 85.4365 0.280046 1.51353 79.6897
9.2 85.3864 0.286221 1.53008 79.6835
9.3 85.3362 0.292463 1.54663 79.6773
9.4 85.2861 0.298772 1.56318 79.671
9.5 85.2359 0.305148 1.57972 79.6646
9.6 85.1858 0.311591 1.59627 79.6582
9.7 85.1356 0.318101 1.6128 79.6517
9.8 85.0855 0.324678 1.62934 79.6451
9.9 85.0353 0.331321 1.64588 79.6384
10 84.9852 0.338031 1.66241 79.6317
10.1 84.935 0.344808 1.67894 79.625
10.2 84.8849 0.351651 1.69546 79.6181
10.3 84.8347 0.358562 1.71199 79.6112
10.4 84.7846 0.365539 1.72851 79.6042
10.5 84.7344 0.372582 1.74502 79.5972
10.6 84.6843 0.379693 1.76154 79.5901
10.7 84.6342 0.38687 1.77805 79.5829
10.8 84.584 0.394113 1.79456 79.5756
10.9 84.5339 0.401423 1.81106 79.5683
11 84.4837 0.4088 1.82756 79.561
11.1 84.4336 0.416243 1.84406 79.5535
11.2 84.3834 0.423753 1.86056 79.546
11.3 84.3333 0.431329 1.87705 79.5384
11.4 84.2831 0.438971 1.89354 79.5308
11.5 84.233 0.44668 1.91003 79.5231
11.6 84.1828 0.454456 1.92651 79.5153
11.7 84.1327 0.462298 1.94299 79.5075
11.8 84.0825 0.470206 1.95947 79.4996
11.9 84.0324 0.478181 1.97594 79.4916
12 83.9822 0.486222 1.99241 79.4835
12.1 83.9321 0.494329 2.00888 79.4754
12.2 83.882 0.502502 2.02534 79.4673
12.3 83.8318 0.510742 2.0418 79.459
12.4 83.7817 0.519048 2.05825 79.4507
12.5 83.7315 0.52742 2.07471 79.4423
12.6 83.6814 0.535859 2.09116 79.4339
12.7 83.6312 0.544363 2.1076 79.4254
12.8 83.5811 0.552934 2.12404 79.4168
12.9 83.5309 0.56157 2.14048 79.4082
13 83.4808 0.570273 2.15691 79.3995
13.1 83.4306 0.579042 2.17335 79.3907
13.2 83.3805 0.587877 2.18977 79.3819
13.3 83.3304 0.596777 2.2062 79.373
13.4 83.2802 0.605744 2.22262 79.364
13.5 83.2301 0.614777 2.23903 79.355
13.6 83.1799 0.623876 2.25544 79.3459
13.7 83.1298 0.63304 2.27185 79.3367
13.8 83.0796 0.64227 2.28826 79.3275
13.9 83.0295 0.651566 2.30466 79.3182
14 82.9793 0.660928 2.32105 79.3088
14.1 82.9292 0.670356 2.33745 79.2994
14.2 82.8791 0.67985 2.35383 79.2899
14.3 82.8289 0.689409 2.37022 79.2804
14.4 82.7788 0.699034 2.3866 79.2707
14.5 82.7286 0.708724 2.40298 79.261
14.6 82.6785 0.71848 2.41935 79.2513
14.7 82.6283 0.728302 2.43572 79.2415
14.8 82.5782 0.738189 2.45208 79.2316
14.9 82.528 0.748142 2.46844 79.2216
15 82.4779 0.75816 2.48479 79.2116
15.1 82.4278 0.768244 2.50115 79.2015
15.2 82.3776 0.778393 2.51749 79.1914
15.3 82.3275 0.788608 2.53384 79.1812
15.4 82.2773 0.798888 2.55017 79.1709
15.5 82.2272 0.809233 2.56651 79.1605
15.6 82.177 0.819644 2.58284 79.1501
15.7 82.1269 0.83012 2.59916 79.1396
15.8 82.0767 0.840661 2.61548 79.1291
15.9 82.0266 0.851267 2.6318 79.1185
16 81.9765 0.861939 2.64811 79.1078
16.1 81.9263 0.872675 2.66442 79.0971
16.2 81.8762 0.883477 2.68072 79.0863
16.3 81.826 0.894344 2.69702 79.0754
16.4 81.7759 0.905276 2.71331 79.0645
16.5 81.7257 0.916273 2.7296 79.0535
16.6 81.6756 0.927335 2.74588 79.0424
16.7 81.6255 0.938462 2.76216 79.0313
16.8 81.5753 0.949654 2.77844 79.0201
16.9 81.5252 0.960911 2.79471 79.0088
17 81.475 0.972232 2.81097 78.9975
17.1 81.4249 0.983619 2.82723 78.9861
17.2 81.3747 0.99507 2.84349 78.9747
17.3 81.3246 1.00659 2.85974 78.9632
17.4 81.2745 1.01817 2.87598 78.9516
17.5 81.2243 1.02981 2.89222 78.9399
17.6 81.1742 1.04152 2.90846 78.9282
17.7 81.124 1.0533 2.92469 78.9165
17.8 81.0739 1.06514 2.94092 78.9046
17.9 81.0238 1.07704 2.95714 78.8927
18 80.9736 1.08901 2.97335 78.8808
18.1 80.9235 1.10104 2.98956 78.8687
18.2 80.8733 1.11314 3.00577 78.8566
18.3 80.8232 1.1253 3.02197 78.8445
18.4 80.773 1.13752 3.03816 78.8322
18.5 80.7229 1.14981 3.05435 78.8199
18.6 80.6728 1.16217 3.07054 78.8076
18.7 80.6226 1.17459 3.08671 78.7952
18.8 80.5725 1.18707 3.10289 78.7827
18.9 80.5223 1.19962 3.11906 78.7701
19 80.4722 1.21223 3.13522 78.7575
19.1 80.4221 1.2249 3.15138 78.7449
19.2 80.3719 1.23764 3.16753 78.7321
19.3 80.3218 1.25045 3.18368 78.7193
19.4 80.2716 1.26331 3.19982 78.7064
19.5 80.2215 1.27624 3.21595 78.6935
19.6 80.1714 1.28924 3.23208 78.6805
19.7 80.1212 1.3023 3.24821 78.6675
19.8 80.0711 1.31542 3.26433 78.6543
19.9 80.0209 1.32861 3.28044 78.6412
20 79.9708 1.34186 3.29655 78.6279
20.1 79.9206 1.35517 3.31265 78.6146
20.2 79.8705 1.36855 3.32874 78.6012
20.3 79.8204 1.38199 3.34483 78.5878
20.4 79.7702 1.3955 3.36092 78.5743
20.5 79.7201 1.40906 3.377 78.5607
20.6 79.67 1.4227 3.39307 78.5471
20.7 79.6198 1.43639 3.40914 78.5334
20.8 79.5697 1.45015 3.4252 78.5196
20.9 79.5195 1.46397 3.44125 78.5058
21 79.4694 1.47786 3.4573 78.4919
21.1 79.4193 1.49181 3.47334 78.478
21.2 79.3691 1.50582 3.48938 78.4639
21.3 79.319 1.51989 3.50541 78.4499
21.4 79.2688 1.53403 3.52144 78.4357
21.5 79.2187 1.54823 3.53746 78.4215
21.6 79.1686 1.5625 3.55347 78.4073
21.7 79.1184 1.57682 3.56948 78.3929
21.8 79.0683 1.59121 3.58548 78.3785
21.9 79.0181 1.60567 3.60147 78.3641
22 78.968 1.62018 3.61746 78.3496
22.1 78.9179 1.63476 3.63344 78.335
22.2 78.8677 1.6494 3.64941 78.3204
22.3 78.8176 1.66411 3.66538 78.3057
22.4 78.7675 1.67888 3.68135 78.2909
22.5 78.7173 1.69371 3.6973 78.2761
22.6 78.6672 1.7086 3.71325 78.2612
22.7001 78.617 1.72355 3.72919 78.2462
22.8001 78.5669 1.73857 3.74513 78.2312
22.9001 78.5168 1.75365 3.76106 78.2161
23.0001 78.4666 1.76879 3.77698 78.201
23.1001 78.4165 1.784 3.7929 78.1858
23.2001 78.3664 1.79927 3.80881 78.1705
23.3001 78.3162 1.81459 3.82472 78.1552
23.4001 78.2661 1.82999 3.84061 78.1398
23.5001 78.2159 1.84544 3.8565 78.1243
23.6001 78.1658 1.86096 3.87239 78.1088
23.7001 78.1157 1.87653 3.88826 78.0932
23.8001 78.0655 1.89218 3.90413 78.0776
23.9001 78.0154 1.90788 3.92 78.0619
24.0001 77.9653 1.92364 3.93585 78.0461
24.1001 77.9151 1.93947 3.9517 78.0303
24.2001 77.865 1.95536 3.96755 78.0144
24.3001 77.8149 1.97131 3.98338 77.9985
24.4001 77.7647 1.98732 3.99921 77.9824
24.5001 77.7146 2.00339 4.01503 77.9664
24.6001 77.6644 2.01953 4.03085 77.9502
24.7001 77.6143 2.03572 4.04665 77.934
24.8001 77.5642 2.05198 4.06245 77.9178
24.9001 77.514 2.0683 4.07825 77.9015
25.0001 77.4639 2.08468 4.09403 77.8851
25.1001 77.4138 2.10113 4.10981 77.8686
25.2001 77.3636 2.11763 4.12558 77.8521
25.3001 77.3135 2.1342 4.14135 77.8356
25.4001 77.2634 2.15082 4.15711 77.8189
25.5001 77.2132 2.16751 4.17286 77.8023
25.6001 77.1631 2.18426 4.1886 77.7855
25.7001 77.113 2.20107 4.20433 77.7687
25.8001 77.0628 2.21794 4.22006 77.7518
25.9001 77.0127 2.23487 4.23578 77.7349
26.0001 76.9626 2.25187 4.25149 77.7179
26.1001 76.9124 2.26892 4.2672 77.7008
26.2001 76.8623 2.28604 4.2829 77.6837
26.3001 76.8122 2.30321 4.29859 77.6665
26.4001 76.762 2.32045 4.31427 77.6493
26.5001 76.7119 2.33775 4.32995 77.632
26.6001 76.6618 2.3551 4.34561 77.6147
26.7001 76.6116 2.37252 4.36127 77.5972
26.8001 76.5615 2.39 4.37693 77.5798
26.9001 76.5114 2.40754 4.39257 77.5622
27.0001 76.4612 2.42514 4.40821 77.5446
27.1001 76.4111 2.4428 4.42384 77.527
27.2001 76.361 2.46052 4.43946 77.5092
27.3001 76.3108 2.4783 4.45507 77.4915
27.4001 76.2607 2.49615 4.47068 77.4736
27.5001 76.2106 2.51405 4.48627 77.4557
27.6001 76.1604 2.53201 4.50186 77.4378
27.7001 76.1103 2.55003 4.51745 77.4197
27.8001 76.0602 2.56811 4.53302 77.4016
27.9001 76.01 2.58625 4.54859 77.3835
28.0001 75.9599 2.60446 4.56414 77.3653
28.1001 75.9098 2.62272 4.57969 77.347
28.2001 75.8596 2.64104 4.59523 77.3287
28.3001 75.8095 2.65942 4.61077 77.3103
28.4001 75.7594 2.67786 4.62629 77.2919
28.5001 75.7092 2.69636 4.64181 77.2734
28.6001 75.6591 2.71492 4.65732 77.2548
28.7001 75.609 2.73354 4.67282 77.2362
28.8001 75.5589 2.75222 4.68831 77.2175
28.9001 75.5087 2.77096 4.70379 77.1988
29.0001 75.4586 2.78975 4.71927 77.18
29.1001 75.4085 2.80861 4.73474 77.1611
29.2001 75.3583 2.82753 4.75019 77.1422
29.3001 75.3082 2.8465 4.76564 77.1233
29.4001 75.2581 2.86554 4.78109 77.1042
29.5001 75.2079 2.88463 4.79652 77.0851
29.6001 75.1578 2.90378 4.81194 77.066
29.7001 75.1077 2.92299 4.82736 77.0468
29.8001 75.0576 2.94226 4.84277 77.0275
29.9001 75.0074 2.96159 4.85817 77.0082
30.0001 74.9573 2.98098 4.87356 76.9888
30.1001 74.9072 3.00043 4.88894 76.9693
30.2001 74.857 3.01993 4.90431 76.9498
30.3001 74.8069 3.0395 4.91967 76.9303
30.4001 74.7568 3.05912 4.93503 76.9106
30.5001 74.7066 3.0788 4.95038 76.891
30.6001 74.6565 3.09854 4.96571 76.8712
30.7001 74.6064 3.11833 4.98104 76.8514
30.8001 74.5563 3.13819 4.99636 76.8316
30.9001 74.5061 3.1581 5.01167 76.8117
31.0001 74.456 3.17808 5.02697 76.7917
31.1001 74.4059 3.19811 5.04227 76.7717
31.2001 74.3558 3.21819 5.05755 76.7516
31.3001 74.3056 3.23834 5.07282 76.7314
31.4001 74.2555 3.25854 5.08809 76.7112
31.5001 74.2054 3.27881 5.10335 76.691
31.6001 74.1552 3.29913 5.11859 76.6706
31.7001 74.1051 3.3195 5.13383 76.6503
31.8001 74.055 3.33994 5.14906 76.6298
31.9001 74.0049 3.36043 5.16428 76.6093
32.0001 73.9547 3.38098 5.17949 76.5888
32.1001 73.9046 3.40159 5.19469 76.5682
32.2001 73.8545 3.42225 5.20988 76.5475
32.3001 73.8044 3.44298 5.22506 76.5268
32.4001 73.7542 3.46376 5.24024 76.506
32.5001 73.7041 3.48459 5.2554 76.4852
32.6001 73.654 3.50549 5.27055 76.4643
32.7001 73.6039 3.52644 5.2857 76.4433
32.8001 73.5537 3.54744 5.30083 76.4223
32.9001 73.5036 3.56851 5.31596 76.4013
33.0001 73.4535 3.58963 5.33107 76.3801
33.1001 73.4034 3.61081 5.34618 76.359
33.2001 73.3532 3.63205 5.36127 76.3377
33.3001 73.3031 3.65334 5.37636 76.3164
33.4001 73.253 3.67469 5.39144 76.2951
33.5001 73.2029 3.69609 5.4065 76.2737
33.6001 73.1527 3.71755 5.42156 76.2522
33.7001 73.1026 3.73907 5.43661 76.2307
33.8001 73.0525 3.76065 5.45165 76.2091
33.9001 73.0024 3.78228 5.46667 76.1875
34.0001 72.9523 3.80396 5.48169 76.1658
34.1001 72.9021 3.82571 5.4967 76.1441
34.2001 72.852 3.84751 5.5117 76.1223
34.3 72.8019 3.86936 5.52669 76.1004
34.4 72.7518 3.89127 5.54166 76.0785
34.5 72.7016 3.91324 5.55663 76.0565
34.6 72.6515 3.93527 5.57159 76.0345
34.7 72.6014 3.95734 5.58654 76.0124
34.8 72.5513 3.97948 5.60147 75.9903
34.9 72.5012 4.00167 5.6164 75.9681
35 72.451 4.02392 5.63132 75.9458
35.1 72.4009 4.04622 5.64622 75.9235
35.2 72.3508 4.06858 5.66112 75.9012
35.3 72.3007 4.09099 5.67601 75.8788
35.4 72.2506 4.11346 5.69088 75.8563
35.5 72.2004 4.13598 5.70575 75.8338
35.6 72.1503 4.15856 5.7206 75.8112
35.7 72.1002 4.18119 5.73545 75.7886
35.8 72.0501 4.20388 5.75028 75.7659
35.9 72 4.22662 5.76511 75.7431
36 71.9498 4.24942 5.77992 75.7203
36.1 71.8997 4.27227 5.79472 75.6975
36.2 71.8496 4.29518 5.80951 75.6746
36.3 71.7995 4.31814 5.82429 75.6516
36.4 71.7494 4.34116 5.83906 75.6286
36.5 71.6992 4.36423 5.85382 75.6055
36.6 71.6491 4.38736 5.86857 75.5824
36.7 71.599 4.41054 5.88331 75.5592
36.8 71.5489 4.43377 5.89804 75.536
36.9 71.4988 4.45706 5.91276 75.5127
37 71.4486 4.48041 5.92746 75.4894
37.1 71.3985 4.5038 5.94216 75.466
37.2 71.3484 4.52726 5.95684 75.4425
37.3 71.2983 4.55076 5.97151 75.419
37.4 71.2482 4.57432 5.98618 75.3954
37.5 71.1981 4.59794 6.00083 75.3718
37.6 71.1479 4.6216 6.01547 75.3482
37.7 71.0978 4.64532 6.0301 75.3244
37.8 71.0477 4.6691 6.04471 75.3007
37.9 70.9976 4.69293 6.05932 75.2768
38 70.9475 4.71681 6.07392 75.253
38.1 70.8974 4.74074 6.0885 75.229
38.2 70.8472 4.76473 6.10307 75.205
38.3 70.7971 4.78877 6.11764 75.181
38.4 70.747 4.81287 6.13219 75.1569
38.5 70.6969 4.83701 6.14673 75.1327
38.6 70.6468 4.86121 6.16125 75.1085
38.7 70.5967 4.88547 6.17577 75.0843
38.8 70.5465 4.90978 6.19027 75.06
38.9 70.4964 4.93414 6.20477 75.0356
39 70.4463 4.95855 6.21925 75.0112
39.1 70.3962 4.98301 6.23372 74.9867
39.2 70.3461 5.00753 6.24818 74.9622
39.3 70.296 5.0321 6.26263 74.9377
39.4 70.2459 5.05672 6.27706 74.913
39.5 70.1957 5.0814 6.29149 74.8884
39.6 70.1456 5.10612 6.3059 74.8636
39.7 70.0955 5.1309 6.3203 74.8389
39.8 70.0454 5.15574 6.33469 74.814
39.9 69.9953 5.18062 6.34906 74.7891
40 69.9452 5.20555 6.36343 74.7642
40.1 69.8951 5.23054 6.37778 74.7392
40.2 69.8449 5.25558 6.39212 74.7142
40.3 69.7948 5.28067 6.40645 74.6891
40.4 69.7447 5.30582 6.42077 74.6639
40.5 69.6946 5.33101 6.43508 74.6388
40.6 69.6445 5.35626 6.44937 74.6135
40.7 69.5944 5.38155 6.46365 74.5882
40.7999 69.5443 5.4069 6.47792 74.5629
40.8999 69.4942 5.4323 6.49218 74.5375
40.9999 69.444 5.45775 6.50642 74.512
41.0999 69.3939 5.48326 6.52066 74.4865
41.1999 69.3438 5.50881 6.53488 74.461
41.2999 69.2937 5.53441 6.54909 74.4353
41.3999 69.2436 5.56007 6.56328 74.4097
41.4999 69.1935 5.58578 6.57747 74.384
41.5999 69.1434 5.61153 6.59164 74.3582
41.6999 69.0933 5.63734 6.6058 74.3324
41.7999 69.0432 5.6632 6.61994 74.3066
41.8999 68.9931 5.68911 6.63408 74.2807
41.9999 68.9429 5.71507 6.6482 74.2547
42.0999 68.8928 5.74108 6.66231 74.2287
42.1999 68.8427 5.76714 6.67641 74.2026
42.2999 68.7926 5.79325 6.69049 74.1765
42.3999 68.7425 5.81941 6.70456 74.1504
42.4999 68.6924 5.84562 6.71862 74.1241
42.5999 68.6423 5.87188 6.73267 74.0979
42.6999 68.5922 5.89819 6.7467 74.0716
42.7999 68.5421 5.92455 6.76072 74.0452
42.8999 68.492 5.95096 6.77473 74.0188
42.9999 68.4419 5.97742 6.78872 73.9923
43.0999 68.3917 6.00393 6.80271 73.9658
43.1999 68.3416 6.03049 6.81668 73.9393
43.2999 68.2915 6.05709 6.83063 73.9127
43.3999 68.2414 6.08375 6.84458 73.886
43.4999 68.1913 6.11046 6.85851 73.8593
43.5999 68.1412 6.13721 6.87242 73.8325
43.6999 68.0911 6.16402 6.88633 73.8057
43.7999 68.041 6.19087 6.90022 73.7789
43.8999 67.9909 6.21777 6.9141 73.752
43.9999 67.9408 6.24473 6.92796 73.725
44.0999 67.8907 6.27173 6.94182 73.698
44.1999 67.8406 6.29878 6.95565 73.671
44.2999 67.7905 6.32587 6.96948 73.6439
44.3999 67.7404 6.35302 6.98329 73.6167
44.4999 67.6903 6.38021 6.99709 73.5895
44.5999 67.6401 6.40746 7.01088 73.5623
44.6999 67.59 6.43475 7.02465 73.535
44.7999 67.5399 6.46209 7.03841 73.5077
44.8999 67.4898 6.48947 7.05215 73.4803
44.9999 67.4397 6.51691 7.06589 73.4529
45.0999 67.3896 6.54439 7.0796 73.4254
45.1999 67.3395 6.57192 7.09331 73.3978
45.2999 67.2894 6.5995 7.107 73.3703
45.3999 67.2393 6.62713 7.12068 73.3426
45.4999 67.1892 6.6548 7.13434 73.315
45.5999 67.1391 6.68252 7.14799 73.2872
45.6999 67.089 6.71029 7.16163 73.2595
45.7999 67.0389 6.73811 7.17525 73.2317
45.8999 66.9888 6.76597 7.18886 73.2038
45.9999 66.9387 6.79388 7.20246 73.1759
46.0999 66.8886 6.82184 7.21604 73.1479
46.1999 66.8385 6.84985 7.2296 73.1199
46.2999 66.7884 6.8779 7.24316 73.0919
46.3999 66.7383 6.906 7.2567 73.0638
46.4999 66.6882 6.93414 7.27022 73.0356
46.5999 66.6381 6.96233 7.28373 73.0074
46.6999 66.588 6.99057 7.29723 72.9792
46.7999 66.5379 7.01886 7.31072 72.9509
46.8999 66.4878 7.04719 7.32419 72.9226
46.9999 66.4377 7.07557 7.33764 72.8942
47.0999 66.3876 7.10399 7.35108 72.8658
47.1999 66.3375 7.13246 7.36451 72.8373
47.2999 66.2874 7.16098 7.37792 72.8088
47.3998 66.2373 7.18954 7.39132 72.7802
47.4998 66.1872 7.21815 7.4047 72.7516
47.5998 66.1371 7.2468 7.41807 72.723
47.6998 66.087 7.2755 7.43143 72.6943
47.7998 66.0369 7.30425 7.44477 72.6655
47.8998 65.9868 7.33304 7.45809 72.6367
47.9998 65.9367 7.36187 7.47141 72.6079
48.0998 65.8866 7.39075 7.4847 72.579
48.1998 65.8365 7.41968 7.49799 72.5501
48.2998 65.7864 7.44865 7.51125 72.5211
48.3998 65.7363 7.47767 7.52451 72.4921
48.4998 65.6862 7.50673 7.53774 72.463
48.5998 65.6361 7.53584 7.55097 72.4339
48.6998 65.586 7.56499 7.56418 72.4048
48.7998 65.5359 7.59419 7.57737 72.3756
48.8998 65.4858 7.62343 7.59055 72.3463
48.9998 65.4357 7.65271 7.60372 72.317
49.0998 65.3856 7.68204 7.61687 72.2877
49.1998 65.3355 7.71142 7.63 72.2583
49.2998 65.2854 7.74084 7.64312 72.2289
49.3998 65.2353 7.7703 7.65623 72.1995
49.4998 65.1852 7.79981 7.66932 72.17
49.5998 65.1351 7.82936 7.68239 72.1404
49.6998 65.085 7.85895 7.69545 72.1108
49.7998 65.0349 7.88859 7.7085 72.0812
49.8998 64.9848 7.91827 7.72153 72.0515
49.9998 64.9347 7.948 7.73454 72.0218
50.0998 64.8847 7.97777 7.74754 71.992
50.1998 64.8346 8.00758 7.76052 71.9622
50.2998 64.7845 8.03744 7.77349 71.9323
50.3998 64.7344 8.06734 7.78644 71.9024
50.4998 64.6843 8.09728 7.79938 71.8725
50.5998 64.6342 8.12727 7.8123 71.8425
50.6998 64.5841 8.1573 7.82521 71.8125
50.7998 64.534 8.18737 7.8381 71.7824
50.8998 64.4839 8.21749 7.85098 71.7523
50.9998 64.4338 8.24764 7.86384 71.7221
51.0998 64.3837 8.27784 7.87668 71.6919
51.1998 64.3336 8.30809 7.88951 71.6617
51.2998 64.2835 8.33837 7.90233 71.6314
51.3998 64.2334 8.3687 7.91512 71.6011
51.4998 64.1833 8.39907 7.92791 71.5707
51.5998 64.1333 8.42948 7.94067 71.5403
51.6998 64.0832 8.45994 7.95342 71.5098
51.7998 64.0331 8.49043 7.96616 71.4793
51.8998 63.983 8.52097 7.97888 71.4488
51.9998 63.9329 8.55155 7.99158 71.4182
52.0998 63.8828 8.58217 8.00427 71.3876
52.1998 63.8327 8.61284 8.01694 71.3569
52.2998 63.7826 8.64354 8.02959 71.3262
52.3998 63.7325 8.67429 8.04223 71.2955
52.4998 63.6824 8.70508 8.05486 71.2647
52.5998 63.6323 8.73591 8.06746 71.2339
52.6998 63.5823 8.76678 8.08005 71.203
52.7998 63.5322 8.79769 8.09263 71.1721
52.8998 63.4821 8.82864 8.10519 71.1411
52.9998 63.432 8.85963 8.11773 71.1101
53.0998 63.3819 8.89067 8.13025 71.0791
53.1998 63.3318 8.92174 8.14276 71.048
53.2998 63.2817 8.95286 8.15526 71.0169
53.3998 63.2316 8.98401 8.16773 70.9857
53.4998 63.1816 9.01521 8.18019 70.9546
53.5998 63.1315 9.04645 8.19264 70.9233
53.6998 63.0814 9.07772 8.20506 70.892
53.7998 63.0313 9.10904 8.21748 70.8607
53.8997 62.9812 9.1404 8.22987 70.8294
53.9997 62.9311 9.17179 8.24225 70.798
54.0997 62.881 9.20323 8.25461 70.7665
54.1997 62.8309 9.23471 8.26695 70.7351
54.2997 62.7809 9.26622 8.27928 70.7035
54.3997 62.7308 9.29778 8.29159 70.672
54.4997 62.6807 9.32937 8.30388 70.6404
54.5997 62.6306 9.36101 8.31616 70.6088
54.6997 62.5805 9.39268 8.32842 70.5771
54.7997 62.5304 9.42439 8.34067 70.5454
54.8997 62.4803 9.45615 8.35289 70.5136
54.9997 62.4303 9.48794 8.3651 70.4818
55.0997 62.3802 9.51977 8.37729 70.45
55.1997 62.3301 9.55163 8.38947 70.4181
55.2997 62.28 9.58354 8.40163 70.3862
55.3997 62.2299 9.61549 8.41377 70.3543
55.4997 62.1798 9.64747 8.42589 70.3223
55.5997 62.1298 9.67949 8.438 70.2903
55.6997 62.0797 9.71156 8.45009 70.2582
55.7997 62.0296 9.74365 8.46216 70.2261
55.8997 61.9795 9.77579 8.47422 70.194
55.9997 61.9294 9.80797 8.48625 70.1618
56.0997 61.8793 9.84018 8.49827 70.1296
56.1997 61.8293 9.87243 8.51028 70.0973
56.2997 61.7792 9.90472 8.52226 70.065
56.3997 61.7291 9.93705 8.53423 70.0327
56.4997 61.679 9.96941 8.54618 70.0004
56.5997 61.6289 10.0018 8.55811 69.9679
56.6997 61.5789 10.0342 8.57003 69.9355
56.7997 61.5288 10.0667 8.58193 69.903
56.8997 61.4787 10.0992 8.59381 69.8705
56.9997 61.4286 10.1318 8.60567 69.838
57.0997 61.3785 10.1644 8.61751 69.8054
57.1997 61.3285 10.197 8.62934 69.7728
57.2997 61.2784 10.2297 8.64115 69.7401
57.3997 61.2283 10.2624 8.65294 69.7074
57.4997 61.1782 10.2951 8.66472 69.6747
57.5997 61.1281 10.3279 8.67647 69.6419
57.6997 61.0781 10.3607 8.68821 69.6091
57.7997 61.028 10.3935 8.69993 69.5763
57.8997 60.9779 10.4264 8.71163 69.5434
57.9997 60.9278 10.4593 8.72331 69.5105
58.0997 60.8777 10.4923 8.73498 69.4775
58.1997 60.8277 10.5252 8.74662 69.4445
58.2997 60.7776 10.5583 8.75825 69.4115
58.3997 60.7275 10.5913 8.76986 69.3784
58.4997 60.6774 10.6244 8.78146 69.3454
58.5997 60.6274 10.6575 8.79303 69.3122
58.6997 60.5773 10.6907 8.80459 69.2791
58.7997 60.5272 10.7239 8.81612 69.2459
58.8997 60.4771 10.7571 8.82764 69.2126
58.9997 60.4271 10.7904 8.83914 69.1794
59.0997 60.377 10.8237 8.85063 69.1461
59.1997 60.3269 10.857 8.86209 69.1127
59.2997 60.2768 10.8904 8.87353 69.0793
59.3997 60.2268 10.9238 8.88496 69.0459
59.4997 60.1767 10.9573 8.89637 69.0125
59.5997 60.1266 10.9907 8.90776 68.979
59.6997 60.0765 11.0243 8.91913 68.9455
59.7997 60.0265 11.0578 8.93048 68.912
59.8997 59.9764 11.0914 8.94181 68.8784
59.9997 59.9263 11.125 8.95313 68.8448
60.0997 59.8762 11.1586 8.96442 68.8111
60.1997 59.8262 11.1923 8.9757 68.7774
60.2997 59.7761 11.226 8.98696 68.7437
60.3997 59.726 11.2598 8.99819 68.71
60.4996 59.6759 11.2936 9.00941 68.6762
60.5996 59.6259 11.3274 9.02061 68.6424
60.6996 59.5758 11.3612 9.0318 68.6085
60.7996 59.5257 11.3951 9.04296 68.5746
60.8996 59.4757 11.429 9.0541 68.5407
60.9996 59.4256 11.463 9.06523 68.5068
61.0996 59.3755 11.497 9.07633 68.4728
61.1996 59.3254 11.531 9.08742 68.4388
61.2996 59.2754 11.565 9.09848 68.4047
61.3996 59.2253 11.5991 9.10953 68.3707
61.4996 59.1752 11.6332 9.12056 68.3365
61.5996 59.1252 11.6674 9.13156 68.3024
61.6996 59.0751 11.7015 9.14255 68.2682
61.7996 59.025 11.7357 9.15352 68.234
61.8996 58.975 11.77 9.16447 68.1998
61.9996 58.9249 11.8042 9.1754 68.1655
62.0996 58.8748 11.8386 9.18631 68.1312
62.1996 58.8247 11.8729 9.1972 68.0969
62.2996 58.7747 11.9073 9.20807 68.0625
62.3996 58.7246 11.9417 9.21893 68.0281
62.4996 58.6745 11.9761 9.22976 67.9937
62.5996 58.6245 12.0105 9.24057 67.9592
62.6996 58.5744 12.045 9.25136 67.9247
62.7996 58.5243 12.0796 9.26213 67.8902
62.8996 58.4743 12.1141 9.27289 67.8556
62.9996 58.4242 12.1487 9.28362 67.8211
63.0996 58.3741 12.1833 9.29433 67.7864
63.1996 58.3241 12.218 9.30502 67.7518
63.2996 58.274 12.2526 9.31569 67.7171
63.3996 58.2239 12.2873 9.32635 67.6824
63.4996 58.1739 12.3221 9.33698 67.6477
63.5996 58.1238 12.3569 9.34759 67.6129
63.6996 58.0737 12.3917 9.35818 67.5781
63.7996 58.0237 12.4265 9.36875 67.5433
63.8996 57.9736 12.4613 9.3793 67.5084
63.9996 57.9236 12.4962 9.38983 67.4735
64.0996 57.8735 12.5311 9.40035 67.4386
64.1996 57.8234 12.5661 9.41083 67.4037
64.2996 57.7734 12.6011 9.4213 67.3687
64.3996 57.7233 12.6361 9.43175 67.3337
64.4996 57.6732 12.6711 9.44218 67.2986
64.5996 57.6232 12.7062 9.45259 67.2636
64.6996 57.5731 12.7413 9.46298 67.2285
64.7996 57.523 12.7764 9.47334 67.1934
64.8996 57.473 12.8115 9.48369 67.1582
64.9996 57.4229 12.8467 9.49402 67.123
65.0996 57.3729 12.8819 9.50432 67.0878
65.1996 57.3228 12.9172 9.5146 67.0526
65.2996 57.2727 12.9524 9.52487 67.0173
65.3996 57.2227 12.9877 9.53511 66.982
65.4996 57.1726 13.0231 9.54533 66.9467
65.5996 57.1226 13.0584 9.55553 66.9114
65.6996 57.0725 13.0938 9.56571 66.876
65.7996 57.0224 13.1292 9.57587 66.8406
65.8996 56.9724 13.1646 9.586 66.8051
65.9996 56.9223 13.2001 9.59612 66.7697
66.0996 56.8723 13.2356 9.60621 66.7342
66.1996 56.8222 13.2711 9.61629 66.6987
66.2996 56.7721 13.3066 9.62634 66.6631
66.3996 56.7221 13.3422 9.63637 66.6275
66.4996 56.672 13.3778 9.64638 66.5919
66.5996 56.622 13.4134 9.65637 66.5563
66.6996 56.5719 13.4491 9.66634 66.5207
66.7996 56.5218 13.4848 9.67628 66.485
66.8996 56.4718 13.5205 9.68621 66.4493
66.9995 56.4217 13.5562 9.69611 66.4136
67.0995 56.3717 13.592 9.70599 66.3778
67.1995 56.3216 13.6278 9.71585 66.342
67.2995 56.2716 13.6636 9.72569 66.3062
67.3995 56.2215 13.6994 9.73551 66.2704
67.4995 56.1714 13.7353 9.7453 66.2345
67.5995 56.1214 13.7712 9.75507 66.1986
67.6995 56.0713 13.8071 9.76483 66.1627
67.7995 56.0213 13.843 9.77455 66.1267
67.8995 55.9712 13.879 9.78426 66.0908
67.9995 55.9212 13.915 9.79395 66.0548
68.0995 55.8711 13.951 9.80361 66.0188
68.1995 55.8211 13.987 9.81325 65.9827
68.2995 55.771 14.0231 9.82287 65.9467
68.3995 55.7209 14.0592 9.83247 65.9106
68.4995 55.6709 14.0953 9.84205 65.8744
68.5995 55.6208 14.1315 9.8516 65.8383
68.6995 55.5708 14.1676 9.86113 65.8021
68.7995 55.5207 14.2038 9.87064 65.7659
68.8995 55.4707 14.24 9.88013 65.7297
68.9995 55.4206 14.2763 9.88959 65.6935
69.0995 55.3706 14.3126 9.89903 65.6572
69.1995 55.3205 14.3488 9.90845 65.6209
69.2995 55.2705 14.3852 9.91785 65.5846
69.3995 55.2204 14.4215 9.92723 65.5483
69.4995 55.1704 14.4579 9.93658 65.5119
69.5995 55.1203 14.4942 9.94591 65.4755
69.6995 55.0703 14.5307 9.95522 65.4391
69.7995 55.0202 14.5671 9.9645 65.4027
69.8995 54.9702 14.6035 9.97377 65.3662
69.9995 54.9201 14.64 9.98301 65.3297
70.0995 54.8701 14.6765 9.99222 65.2932
70.1995 54.82 14.713 10.0014 65.2567
70.2995 54.77 14.7496 10.0106 65.2202
70.3995 54.7199 14.7862 10.0197 65.1836
70.4995 54.6699 14.8228 10.0289 65.147
70.5995 54.6198 14.8594 10.038 65.1104
70.6995 54.5698 14.896 10.047 65.0737
70.7995 54.5197 14.9327 10.0561 65.0371
70.8995 54.4697 14.9694 10.0651 65.0004
70.9995 54.4196 15.0061 10.0741 64.9637
71.0995 54.3696 15.0428 10.0831 64.927
71.1995 54.3195 15.0796 10.0921 64.8902
71.2995 54.2695 15.1163 10.101 64.8534
71.3995 54.2194 15.1531 10.11 64.8166
71.4995 54.1694 15.1899 10.1189 64.7798
71.5995 54.1194 15.2268 10.1277 64.743
71.6995 54.0693 15.2636 10.1366 64.7061
71.7995 54.0193 15.3005 10.1454 64.6692
71.8995 53.9692 15.3374 10.1542 64.6323
71.9995 53.9192 15.3743 10.163 64.5954
72.0995 53.8691 15.4113 10.1717 64.5585
72.1995 53.8191 15.4482 10.1805 64.5215
72.2995 53.769 15.4852 10.1892 64.4845
72.3995 53.719 15.5222 10.1978 64.4475
72.4995 53.6689 15.5593 10.2065 64.4105
72.5995 53.6189 15.5963 10.2151 64.3735
72.6995 53.5689 15.6334 10.2238 64.3364
72.7995 53.5188 15.6705 10.2323 64.2993
72.8995 53.4688 15.7076 10.2409 64.2622
72.9995 53.4187 15.7447 10.2495 64.2251
73.0995 53.3687 15.7818 10.258 64.1879
73.1995 53.3186 15.819 10.2665 64.1508
73.2995 53.2686 15.8562 10.2749 64.1136
73.3995 53.2186 15.8934 10.2834 64.0764
73.4995 53.1685 15.9306 10.2918 64.0391
73.5994 53.1185 15.9679 10.3002 64.0019
73.6994 53.0684 16.0051 10.3086 63.9646
73.7994 53.0184 16.0424 10.3169 63.9274
73.8994 52.9684 16.0797 10.3252 63.8901
73.9994 52.9183 16.117 10.3335 63.8527
74.0994 52.8683 16.1544 10.3418 63.8154
74.1994 52.8182 16.1917 10.3501 63.778
74.2994 52.7682 16.2291 10.3583 63.7407
74.3994 52.7182 16.2665 10.3665 63.7033
74.4994 52.6681 16.3039 10.3747 63.6659
74.5994 52.6181 16.3413 10.3828 63.6284
74.6994 52.568 16.3788 10.3909 63.591
74.7994 52.518 16.4162 10.3991 63.5535
74.8994 52.468 16.4537 10.4071 63.516
74.9994 52.4179 16.4912 10.4152 63.4785
75.0994 52.3679 16.5287 10.4232 63.441
75.1994 52.3179 16.5663 10.4312 63.4035
75.2994 52.2678 16.6038 10.4392 63.3659
75.3994 52.2178 16.6414 10.4472 63.3284
75.4994 52.1677 16.679 10.4551 63.2908
75.5994 52.1177 16.7166 10.463 63.2532
75.6994 52.0677 16.7542 10.4709 63.2155
75.7994 52.0176 16.7919 10.4787 63.1779
75.8994 51.9676 16.8295 10.4866 63.1402
75.9994 51.9176 16.8672 10.4944 63.1026
76.0994 51.8675 16.9049 10.5021 63.0649
76.1994 51.8175 16.9426 10.5099 63.0272
76.2994 51.7675 16.9803 10.5176 62.9895
76.3994 51.7174 17.018 10.5253 62.9517
76.4994 51.6674 17.0558 10.533 62.914
76.5994 51.6174 17.0936 10.5407 62.8762
76.6994 51.5673 17.1313 10.5483 62.8384
76.7994 51.5173 17.1691 10.5559 62.8006
76.8994 51.4673 17.207 10.5635 62.7628
76.9994 51.4172 17.2448 10.571 62.725
77.0994 51.3672 17.2826 10.5786 62.6871
77.1994 51.3172 17.3205 10.5861 62.6493
77.2994 51.2671 17.3584 10.5935 62.6114
77.3994 51.2171 17.3963 10.601 62.5735
77.4994 51.1671 17.4342 10.6084 62.5356
77.5994 51.117 17.4721 10.6158 62.4977
77.6994 51.067 17.51 10.6232 62.4597
77.7994 51.017 17.548 10.6305 62.4218
77.8994 50.9669 17.5859 10.6378 62.3838
77.9994 50.9169 17.6239 10.6451 62.3459
78.0994 50.8669 17.6619 10.6524 62.3079
78.1994 50.8169 17.6999 10.6596 62.2699
78.2994 50.7668 17.7379 10.6669 62.2318
78.3994 50.7168 17.776 10.6741 62.1938
78.4994 50.6668 17.814 10.6812 62.1558
78.5994 50.6167 17.8521 10.6884 62.1177
78.6994 50.5667 17.8901 10.6955 62.0796
78.7994 50.5167 17.9282 10.7026 62.0415
78.8994 50.4667 17.9663 10.7096 62.0034
78.9994 50.4166 18.0044 10.7166 61.9653
79.0994 50.3666 18.0426 10.7236 61.9272
79.1994 50.3166 18.0807 10.7306 61.8891
79.2994 50.2666 18.1189 10.7376 61.8509
79.3994 50.2165 18.157 10.7445 61.8127
79.4994 50.1665 18.1952 10.7514 61.7746
79.5994 50.1165 18.2334 10.7583 61.7364
79.6994 50.0664 18.2716 10.7651 61.6982
79.7994 50.0164 18.3098 10.772 61.66
79.8994 49.9664 18.348 10.7787 61.6217
79.9994 49.9164 18.3863 10.7855 61.5835
80.0993 49.8663 18.4245 10.7923 61.5452
80.1993 49.8163 18.4628 10.799 61.507
80.2993 49.7663 18.5011 10.8057 61.4687
80.3993 49.7163 18.5393 10.8123 61.4304
80.4993 49.6662 18.5776 10.8189 61.3921
80.5993 49.6162 18.6159 10.8256 61.3538
80.6993 49.5662 18.6543 10.8321 61.3155
80.7993 49.5162 18.6926 10.8387 61.2772
80.8993 49.4662 18.7309 10.8452 61.2388
80.9993 49.4161 18.7693 10.8517 61.2005
81.0993 49.3661 18.8076 10.8582 61.1621
81.1993 49.3161 18.846 10.8646 61.1238
81.2993 49.2661 18.8844 10.871 61.0854
81.3993 49.216 18.9228 10.8774 61.047
81.4993 49.166 18.9612 10.8838 61.0086
81.5993 49.116 18.9996 10.8901 60.9702
81.6993 49.066 19.038 10.8964 60.9318
81.7993 49.016 19.0764 10.9027 60.8933
81.8993 48.9659 19.1149 10.909 60.8549
81.9993 48.9159 19.1533 10.9152 60.8164
82.0993 48.8659 19.1918 10.9214 60.778
82.1993 48.8159 19.2303 10.9275 60.7395
82.2993 48.7659 19.2687 10.9337 60.701
82.3993 48.7158 19.3072 10.9398 60.6625
82.4993 48.6658 19.3457 10.9459 60.624
82.5993 48.6158 19.3842 10.9519 60.5855
82.6993 48.5658 19.4227 10.958 60.547
82.7993 48.5158 19.4613 10.964 60.5085
82.8993 48.4658 19.4998 10.9699 60.47
82.9993 48.4157 19.5383 10.9759 60.4314
83.0993 48.3657 19.5769 10.9818 60.3929
83.1993 48.3157 19.6154 10.9877 60.3543
83.2993 48.2657 19.654 10.9935 60.3158
83.3993 48.2157 19.6926 10.9994 60.2772
83.4993 48.1657 19.7312 11.0052 60.2386
83.5993 48.1156 19.7697 11.011 60.2
83.6993 48.0656 19.8083 11.0167 60.1614
83.7993 48.0156 19.8469 11.0224 60.1228
83.8993 47.9656 19.8856 11.0281 60.0842
83.9993 47.9156 19.9242 11.0338 60.0456
84.0993 47.8656 19.9628 11.0394 60.007
84.1993 47.8156 20.0014 11.045 59.9683
84.2993 47.7655 20.0401 11.0506 59.9297
84.3993 47.7155 20.0787 11.0561 59.8911
84.4993 47.6655 20.1174 11.0617 59.8524
84.5993 47.6155 20.156 11.0672 59.8137
84.6993 47.5655 20.1947 11.0726 59.7751
84.7993 47.5155 20.2334 11.0781 59.7364
84.8993 47.4655 20.272 11.0835 59.6977
84.9993 47.4154 20.3107 11.0888 59.659
85.0993 47.3654 20.3494 11.0942 59.6204
85.1993 47.3154 20.3881 11.0995 59.5817
85.2993 47.2654 20.4268 11.1048 59.543
85.3993 47.2154 20.4655 11.11 59.5043
85.4993 47.1654 20.5042 11.1153 59.4656
85.5993 47.1154 20.5429 11.1205 59.4268
85.6993 47.0654 20.5816 11.1257 59.3881
85.7993 47.0154 20.6204 11.1308 59.3494
85.8993 46.9654 20.6591 11.1359 59.3107
85.9993 46.9153 20.6978 11.141 59.2719
86.0993 46.8653 20.7366 11.1461 59.2332
86.1993 46.8153 20.7753 11.1511 59.1944
86.2993 46.7653 20.8141 11.1561 59.1557
86.3993 46.7153 20.8528 11.161 59.1169
86.4993 46.6653 20.8916 11.166 59.0782
86.5993 46.6153 20.9304 11.1709 59.0394
86.6992 46.5653 20.9691 11.1758 59.0006
86.7992 46.5153 21.0079 11.1806 58.9619
86.8992 46.4653 21.0467 11.1854 58.9231
86.9992 46.4153 21.0854 11.1902 58.8843
87.0992 46.3653 21.1242 11.195 58.8455
87.1992 46.3152 21.163 11.1997 58.8067
87.2992 46.2652 21.2018 11.2044 58.768
87.3992 46.2152 21.2406 11.2091 58.7292
87.4992 46.1652 21.2794 11.2137 58.6904
87.5992 46.1152 21.3182 11.2183 58.6516
87.6992 46.0652 21.357 11.2229 58.6128
87.7992 46.0152 21.3958 11.2275 58.574
87.8992 45.9652 21.4346 11.232 58.5352
87.9992 45.9152 21.4734 11.2365 58.4964
88.0992 45.8652 21.5122 11.241 58.4575
88.1992 45.8152 21.551 11.2454 58.4187
88.2992 45.7652 21.5898 11.2498 58.3799
88.3992 45.7152 21.6287 11.2542 58.3411
88.4992 45.6652 21.6675 11.2585 58.3023
88.5992 45.6152 21.7063 11.2628 58.2635
88.6992 45.5652 21.7451 11.2671 58.2246
88.7992 45.5152 21.7839 11.2713 58.1858
88.8992 45.4652 21.8228 11.2755 58.147
88.9992 45.4152 21.8616 11.2797 58.1082
89.0992 45.3652 21.9004 11.2839 58.0693
89.1992 45.3152 21.9393 11.288 58.0305
89.2992 45.2652 21.9781 11.2921 57.9917
89.3992 45.2152 22.0169 11.2962 57.9528
89.4992 45.1652 22.0558 11.3002 57.914
89.5992 45.1152 22.0946 11.3042 57.8752
89.6992 45.0652 22.1334 11.3082 57.8363
89.7992 45.0152 22.1722 11.3121 57.7975
89.8992 44.9652 22.2111 11.316 57.7587
89.9992 44.9152 22.2499 11.3199 57.7198
90.0992 44.8652 22.2887 11.3238 57.681
90.1992 44.8152 22.3276 11.3276 57.6422
90.2992 44.7652 22.3664 11.3314 57.6033
90.3992 44.7152 22.4052 11.3351 57.5645
90.4992 44.6652 22.4441 11.3389 57.5257
90.5992 44.6152 22.4829 11.3426 57.4868
90.6992 44.5652 22.5217 11.3462 57.448
90.7992 44.5152 22.5606 11.3498 57.4092
90.8992 44.4652 22.5994 11.3534 57.3704
90.9992 44.4152 22.6382 11.357 57.3315
91.0992 44.3652 22.6771 11.3605 57.2927
91.1992 44.3152 22.7159 11.3641 57.2539
91.2992 44.2652 22.7547 11.3675 57.2151
91.3992 44.2152 22.7935 11.371 57.1762
91.4992 44.1652 22.8324 11.3744 57.1374
91.5992 44.1152 22.8712 11.3778 57.0986
91.6992 44.0652 22.91 11.3811 57.0598
91.7992 44.0152 22.9488 11.3844 57.021
91.8992 43.9652 22.9876 11.3877 56.9821
91.9992 43.9152 23.0264 11.391 56.9433
92.0992 43.8653 23.0652 11.3942 56.9045
92.1992 43.8153 23.104 11.3974 56.8657
92.2992 43.7653 23.1428 11.4005 56.8269
92.3992 43.7153 23.1816 11.4037 56.7881
92.4992 43.6653 23.2204 11.4067 56.7493
92.5992 43.6153 23.2592 11.4098 56.7105
92.6992 43.5653 23.298 11.4128 56.6717
92.7992 43.5153 23.3368 11.4158 56.6329
92.8992 43.4653 23.3756 11.4188 56.5942
92.9992 43.4153 23.4144 11.4217 56.5554
93.0992 43.3653 23.4532 11.4246 56.5166
93.1992 43.3153 23.4919 11.4275 56.4778
93.2991 43.2653 23.5307 11.4303 56.4391
93.3991 43.2154 23.5695 11.4331 56.4003
93.4991 43.1654 23.6082 11.4359 56.3615
93.5991 43.1154 23.647 11.4386 56.3228
93.6991 43.0654 23.6858 11.4413 56.284
93.7991 43.0154 23.7245 11.444 56.2453
93.8991 42.9654 23.7632 11.4467 56.2065
93.9991 42.9154 23.802 11.4493 56.1678
94.0991 42.8654 23.8407 11.4518 56.129
94.1991 42.8154 23.8795 11.4544 56.0903
94.2991 42.7655 23.9182 11.4569 56.0516
94.3991 42.7155 23.9569 11.4594 56.0129
94.4991 42.6655 23.9956 11.4618 55.9741
94.5991 42.6155 24.0343 11.4642 55.9354
94.6991 42.5655 24.073 11.4666 55.8967
94.7991 42.5155 24.1117 11.469 55.858
94.8991 42.4655 24.1504 11.4713 55.8193
94.9991 42.4155 24.1891 11.4735 55.7806
95.0991 42.3656 24.2278 11.4758 55.742
95.1991 42.3156 24.2665 11.478 55.7033
95.2991 42.2656 24.3052 11.4802 55.6646
95.3991 42.2156 24.3438 11.4823 55.6259
95.4991 42.1656 24.3825 11.4845 55.5873
95.5991 42.1156 24.4211 11.4865 55.5486
95.6991 42.0657 24.4598 11.4886 55.51
95.7991 42.0157 24.4984 11.4906 55.4714
95.8991 41.9657 24.537 11.4926 55.4327
95.9991 41.9157 24.5757 11.4945 55.3941
96.0991 41.8657 24.6143 11.4964 55.3555
96.1991 41.8157 24.6529 11.4983 55.3169
96.2991 41.7657 24.6915 11.5002 55.2783
96.3991 41.7158 24.7301 11.502 55.2397
96.4991 41.6658 24.7687 11.5038 55.2011
96.5991 41.6158 24.8073 11.5055 55.1625
96.6991 41.5658 24.8458 11.5072 55.1239
96.7991 41.5158 24.8844 11.5089 55.0854
96.8991 41.4659 24.9229 11.5105 55.0468
96.9991 41.4159 24.9615 11.5121 55.0083
97.0991 41.3659 25 11.5137 54.9697
97.1991 41.3159 25.0386 11.5153 54.9312
97.2991 41.2659 25.0771 11.5168 54.8927
97.3991 41.216 25.1156 11.5183 54.8542
97.4991 41.166 25.1541 11.5197 54.8156
97.5991 41.116 25.1926 11.5211 54.7772
97.6991 41.066 25.2311 11.5225 54.7387
97.7991 41.016 25.2696 11.5238 54.7002
97.8991 40.9661 25.308 11.5251 54.6617
97.9991 40.9161 25.3465 11.5264 54.6233
98.0991 40.8661 25.385 11.5276 54.5848
98.1991 40.8161 25.4234 11.5288 54.5464
98.2991 40.7661 25.4618 11.53 54.5079
98.3991 40.7162 25.5003 11.5311 54.4695
98.4991 40.6662 25.5387 11.5322 54.4311
98.5991 40.6162 25.5771 11.5333 54.3927
98.6991 40.5662 25.6155 11.5343 54.3543
98.7991 40.5163 25.6538 11.5353 54.3159
98.8991 40.4663 25.6922 11.5363 54.2776
98.9991 40.4163 25.7306 11.5372 54.2392
99.0991 40.3663 25.7689 11.5381 54.2008
99.1991 40.3164 25.8073 11.539 54.1625
99.2991 40.2664 25.8456 11.5398 54.1242
99.3991 40.2164 25.8839 11.5406 54.0859
99.4991 40.1664 25.9222 11.5413 54.0475
99.5991 40.1165 25.9605 11.542 54.0093
99.6991 40.0665 25.9988 11.5427 53.971
99.799 40.0165 26.0371 11.5434 53.9327
99.899 39.9665 26.0753 11.544 53.8944
99.999 39.9166 26.1136 11.5445 53.8562
100.099 39.8666 26.1518 11.5451 53.8179
100.199 39.8166 26.19 11.5456 53.7797
100.299 39.7666 26.2283 11.5461 53.7415
100.399 39.7167 26.2665 11.5465 53.7033
100.499 39.6667 26.3046 11.5469 53.6651
100.599 39.6167 26.3428 11.5473 53.6269
100.699 39.5668 26.381 11.5476 53.5888
100.799 39.5168 26.4191 11.5479 53.5506
100.899 39.4668 26.4573 11.5482 53.5125
100.999 39.4168 26.4954 11.5484 53.4744
101.099 39.3669 26.5335 11.5486 53.4362
101.199 39.3169 26.5716 11.5487 53.3981
101.299 39.2669 26.6097 11.5489 53.3601
101.399 39.217 26.6478 11.5489 53.322
101.499 39.167 26.6858 11.549 53.2839
101.599 39.117 26.7239 11.549 53.2459
101.699 39.0671 26.7619 11.549 53.2078
101.799 39.0171 26.7999 11.5489 53.1698
101.899 38.9671 26.8379 11.5488 53.1318
101.999 38.9172 26.8759 11.5487 53.0938
102.099 38.8672 26.9139 11.5485 53.0558
102.199 38.8172 26.9519 11.5483 53.0179
102.299 38.7672 26.9898 11.5481 52.9799
102.399 38.7173 27.0278 11.5478 52.942
102.499 38.6673 27.0657 11.5475 52.9041
102.599 38.6173 27.1036 11.5471 52.8662
102.699 38.5674 27.1415 11.5468 52.8283
102.799 38.5174 27.1794 11.5463 52.7904
102.899 38.4674 27.2172 11.5459 52.7525
102.999 38.4175 27.2551 11.5454 52.7147
103.099 38.3675 27.2929 11.5449 52.6769
103.199 38.3176 27.3307 11.5443 52.6391
103.299 38.2676 27.3685 11.5437 52.6013
103.399 38.2176 27.4063 11.5431 52.5635
103.499 38.1677 27.4441 11.5424 52.5257
103.599 38.1177 27.4818 11.5417 52.4879
103.699 38.0677 27.5195 11.5409 52.4502
103.799 38.0178 27.5573 11.5402 52.4125
103.899 37.9678 27.595 11.5393 52.3748
103.999 37.9178 27.6327 11.5385 52.3371
104.099 37.8679 27.6703 11.5376 52.2994
104.199 37.8179 27.708 11.5367 52.2618
104.299 37.768 27.7456 11.5357 52.2241
104.399 37.718 27.7832 11.5347 52.1865
104.499 37.668 27.8209 11.5337 52.1489
104.599 37.6181 27.8584 11.5326 52.1113
104.699 37.5681 27.896 11.5315 52.0737
104.799 37.5181 27.9336 11.5303 52.0362
104.899 37.4682 27.9711 11.5291 51.9987
104.999 37.4182 28.0086 11.5279 51.9611
105.099 37.3683 28.0461 11.5267 51.9236
105.199 37.3183 28.0836 11.5254 51.8862
105.299 37.2683 28.1211 11.524 51.8487
105.399 37.2184 28.1585 11.5227 51.8112
105.499 37.1684 28.196 11.5213 51.7738
105.599 37.1185 28.2334 11.5198 51.7364
105.699 37.0685 28.2708 11.5183 51.699
105.799 37.0185 28.3081 11.5168 51.6616
105.899 36.9686 28.3455 11.5153 51.6243
105.999 36.9186 28.3828 11.5137 51.5869
106.099 36.8687 28.4202 11.512 51.5496
106.199 36.8187 28.4575 11.5104 51.5123
106.299 36.7688 28.4947 11.5087 51.475
106.399 36.7188 28.532 11.5069 51.4378
106.499 36.6688 28.5692 11.5051 51.4005
106.599 36.6189 28.6065 11.5033 51.3633
106.699 36.5689 28.6437 11.5015 51.3261
106.799 36.519 28.6809 11.4996 51.2889
106.899 36.469 28.718 11.4976 51.2517
106.999 36.4191 28.7552 11.4957 51.2146
107.099 36.3691 28.7923 11.4937 51.1775
107.199 36.3192 28.8294 11.4916 51.1404
107.299 36.2692 28.8665 11.4895 51.1033
107.399 36.2192 28.9036 11.4874 51.0662
107.499 36.1693 28.9406 11.4853 51.0292
107.599 36.1193 28.9776 11.4831 50.9921
107.699 36.0694 29.0146 11.4808 50.9551
107.799 36.0194 29.0516 11.4786 50.9181
107.899 35.9695 29.0886 11.4763 50.8812
107.999 35.9195 29.1255 11.4739 50.8442
108.099 35.8696 29.1625 11.4715 50.8073
108.199 35.8196 29.1994 11.4691 50.7704
108.299 35.7697 29.2362 11.4667 50.7335
108.399 35.7197 29.2731 11.4642 50.6967
108.499 35.6698 29.3099 11.4616 50.6598
108.599 35.6198 29.3467 11.459 50.623
108.699 35.5699 29.3835 11.4564 50.5862
108.799 35.5199 29.4203 11.4538 50.5494
108.899 35.47 29.4571 11.4511 50.5127
108.999 35.42 29.4938 11.4484 50.476
109.099 35.37 29.5305 11.4456 50.4393
109.199 35.3201 29.5672 11.4428 50.4026
109.299 35.2701 29.6038 11.44 50.3659
109.399 35.2202 29.6405 11.4371 50.3293
109.499 35.1702 29.6771 11.4342 50.2927
109.599 35.1203 29.7137 11.4312 50.2561
109.699 35.0704 29.7503 11.4282 50.2195
109.799 35.0204 29.7868 11.4252 50.1829
109.899 34.9705 29.8233 11.4221 50.1464
109.999 34.9205 29.8598 11.419 50.1099
110.099 34.8706 29.8963 11.4158 50.0734
110.199 34.8206 29.9328 11.4126 50.037
110.299 34.7707 29.9692 11.4094 50.0005
110.399 34.7207 30.0056 11.4061 49.9641
110.499 34.6708 30.042 11.4028 49.9277
110.599 34.6208 30.0784 11.3995 49.8914
110.699 34.5709 30.1147 11.3961 49.855
110.799 34.5209 30.151 11.3927 49.8187
110.899 34.471 30.1873 11.3892 49.7824
110.999 34.421 30.2236 11.3857 49.7462
111.099 34.3711 30.2598 11.3822 49.7099
111.199 34.3211 30.296 11.3786 49.6737
111.299 34.2712 30.3322 11.375 49.6375
111.399 34.2213 30.3684 11.3713 49.6014
111.499 34.1713 30.4046 11.3676 49.5652
111.599 34.1214 30.4407 11.3639 49.5291
111.699 34.0714 30.4768 11.3601 49.493
111.799 34.0215 30.5128 11.3563 49.4569
111.899 33.9715 30.5489 11.3525 49.4209
111.999 33.9216 30.5849 11.3486 49.3849
112.099 33.8716 30.6209 11.3446 49.3489
112.199 33.8217 30.6569 11.3407 49.3129
112.299 33.7718 30.6928 11.3367 49.277
112.399 33.7218 30.7287 11.3326 49.241
112.499 33.6719 30.7646 11.3285 49.2052
112.599 33.6219 30.8005 11.3244 49.1693
112.699 33.572 30.8363 11.3202 49.1334
112.799 33.5221 30.8721 11.316 49.0976
112.899 33.4721 30.9079 11.3118 49.0618
112.999 33.4222 30.9437 11.3075 49.0261
113.099 33.3722 30.9794 11.3032 48.9904
113.199 33.3223 31.0151 11.2988 48.9546
113.299 33.2723 31.0508 11.2944 48.919
113.399 33.2224 31.0864 11.29 48.8833
113.499 33.1725 31.1221 11.2855 48.8477
113.599 33.1225 31.1577 11.281 48.8121
113.699 33.0726 31.1932 11.2764 48.7765
113.799 33.0226 31.2288 11.2718 48.741
113.899 32.9727 31.2643 11.2672 48.7055
113.999 32.9228 31.2998 11.2625 48.67
114.099 32.8728 31.3353 11.2577 48.6345
114.199 32.8229 31.3707 11.253 48.5991
114.299 32.773 31.4061 11.2482 48.5637
114.399 32.723 31.4415 11.2433 48.5283
114.499 32.6731 31.4768 11.2385 48.4929
114.599 32.6231 31.5122 11.2335 48.4576
114.699 32.5732 31.5474 11.2286 48.4223
114.799 32.5233 31.5827 11.2236 48.387
114.899 32.4733 31.618 11.2185 48.3518
114.999 32.4234 31.6532 11.2135 48.3166
115.099 32.3735 31.6883 11.2083 48.2814
115.199 32.3235 31.7235 11.2032 48.2463
115.299 32.2736 31.7586 11.198 48.2111
115.399 32.2237 31.7937 11.1927 48.176
115.499 32.1737 31.8288 11.1874 48.141
115.599 32.1238 31.8638 11.1821 48.1059
115.699 32.0738 31.8988 11.1768 48.0709
115.799 32.0239 31.9338 11.1714 48.036
115.899 31.974 31.9687 11.1659 48.001
115.999 31.924 32.0037 11.1604 47.9661
116.099 31.8741 32.0386 11.1549 47.9312
116.199 31.8242 32.0734 11.1493 47.8963
116.299 31.7742 32.1082 11.1437 47.8615
116.399 31.7243 32.143 11.1381 47.8267
116.499 31.6744 32.1778 11.1324 47.792
116.599 31.6244 32.2125 11.1267 47.7572
116.699 31.5745 32.2473 11.1209 47.7225
116.799 31.5246 32.2819 11.1151 47.6878
116.899 31.4747 32.3166 11.1093 47.6532
116.999 31.4247 32.3512 11.1034 47.6186
117.099 31.3748 32.3858 11.0974 47.584
117.199 31.3249 32.4203 11.0915 47.5494
117.299 31.2749 32.4549 11.0855 47.5149
117.399 31.225 32.4894 11.0794 47.4804
117.499 31.1751 32.5238 11.0733 47.4459
117.599 31.1251 32.5582 11.0672 47.4115
117.699 31.0752 32.5926 11.061 47.3771
117.799 31.0253 32.627 11.0548 47.3427
117.899 30.9753 32.6614 11.0486 47.3084
117.999 30.9254 32.6957 11.0423 47.2741
118.099 30.8755 32.7299 11.0359 47.2398
118.199 30.8256 32.7642 11.0295 47.2056
118.299 30.7756 32.7984 11.0231 47.1714
118.399 30.7257 32.8326 11.0167 47.1372
118.499 30.6758 32.8667 11.0102 47.1031
118.599 30.6258 32.9008 11.0036 47.069
118.699 30.5759 32.9349 10.997 47.0349
118.799 30.526 32.9689 10.9904 47.0008
118.899 30.4761 33.0029 10.9838 46.9668
118.999 30.4261 33.0369 10.9771 46.9328
119.099 30.3762 33.0709 10.9703 46.8989
119.199 30.3263 33.1048 10.9635 46.865
119.299 30.2764 33.1387 10.9567 46.8311
119.399 30.2264 33.1725 10.9498 46.7972
119.499 30.1765 33.2063 10.9429 46.7634
119.599 30.1266 33.2401 10.936 46.7296
119.699 30.0766 33.2739 10.929 46.6959
119.799 30.0267 33.3076 10.9219 46.6622
119.899 29.9768 33.3413 10.9149 46.6285
119.999 29.9269 33.3749 10.9078 46.5948
120.099 29.8769 33.4085 10.9006 46.5612
120.199 29.827 33.4421 10.8934 46.5276
120.299 29.7771 33.4757 10.8862 46.4941
120.399 29.7272 33.5092 10.8789 46.4606
120.499 29.6773 33.5426 10.8716 46.4271
120.599 29.6273 33.5761 10.8642 46.3937
120.699 29.5774 33.6095 10.8568 46.3603
120.799 29.5275 33.6429 10.8494 46.3269
120.899 29.4776 33.6762 10.8419 46.2935
120.999 29.4276 33.7095 10.8343 46.2602
121.099 29.3777 33.7428 10.8268 46.227
121.199 29.3278 33.776 10.8192 46.1937
121.299 29.2779 33.8092 10.8115 46.1605
121.399 29.2279 33.8424 10.8038 46.1274
121.499 29.178 33.8755 10.7961 46.0942
121.599 29.1281 33.9086 10.7883 46.0612
121.699 29.0782 33.9417 10.7805 46.0281
121.799 29.0283 33.9747 10.7726 45.9951
121.899 28.9783 34.0077 10.7647 45.9621
121.999 28.9284 34.0406 10.7568 45.9291
122.099 28.8785 34.0735 10.7488 45.8962
122.199 28.8286 34.1064 10.7408 45.8633
122.299 28.7787 34.1393 10.7327 45.8305
122.399 28.7287 34.1721 10.7246 45.7977
122.499 28.6788 34.2048 10.7164 45.7649
122.599 28.6289 34.2376 10.7083 45.7322
122.699 28.579 34.2703 10.7 45.6995
122.799 28.5291 34.3029 10.6917 45.6668
122.899 28.4791 34.3356 10.6834 45.6342
122.999 28.4292 34.3681 10.6751 45.6016
123.099 28.3793 34.4007 10.6667 45.5691
123.199 28.3294 34.4332 10.6582 45.5366
123.299 28.2795 34.4657 10.6497 45.5041
123.399 28.2296 34.4981 10.6412 45.4716
123.499 28.1796 34.5305 10.6327 45.4392
123.599 28.1297 34.5629 10.624 45.4069
123.699 28.0798 34.5952 10.6154 45.3745
123.799 28.0299 34.6275 10.6067 45.3423
123.899 27.98 34.6598 10.598 45.31
123.999 27.9301 34.692 10.5892 45.2778
124.099 27.8801 34.7241 10.5804 45.2456
124.199 27.8302 34.7563 10.5715 45.2135
124.299 27.7803 34.7884 10.5626 45.1814
124.399 27.7304 34.8204 10.5537 45.1493
124.499 27.6805 34.8525 10.5447 45.1173
124.599 27.6306 34.8845 10.5357 45.0853
124.699 27.5807 34.9164 10.5266 45.0534
124.799 27.5307 34.9483 10.5175 45.0215
124.899 27.4808 34.9802 10.5083 44.9896
124.999 27.4309 35.012 10.4991 44.9578
125.099 27.381 35.0438 10.4899 44.926
125.199 27.3311 35.0756 10.4806 44.8942
125.299 27.2812 35.1073 10.4713 44.8625
125.399 27.2313 35.1389 10.4619 44.8308
125.499 27.1813 35.1706 10.4525 44.7992
125.599 27.1314 35.2022 10.4431 44.7676
125.699 27.0815 35.2337 10.4336 44.736
125.799 27.0316 35.2652 10.4241 44.7045
125.899 26.9817 35.2967 10.4145 44.673
125.999 26.9318 35.3282 10.4049 44.6416
126.099 26.8819 35.3596 10.3952 44.6102
126.199 26.832 35.3909 10.3856 44.5788
126.299 26.782 35.4222 10.3758 44.5475
126.399 26.7321 35.4535 10.366 44.5163
126.499 26.6822 35.4847 10.3562 44.485
126.599 26.6323 35.5159 10.3463 44.4538
126.699 26.5824 35.5471 10.3364 44.4227
126.799 26.5325 35.5782 10.3265 44.3915
126.899 26.4826 35.6093 10.3165 44.3605
126.999 26.4327 35.6403 10.3065 44.3294
127.099 26.3828 35.6713 10.2964 44.2984
127.199 26.3329 35.7023 10.2863 44.2675
127.299 26.2829 35.7332 10.2761 44.2366
127.399 26.233 35.7641 10.2659 44.2057
127.499 26.1831 35.7949 10.2557 44.1749
127.599 26.1332 35.8257 10.2454 44.1441
127.699 26.0833 35.8564 10.2351 44.1133
127.799 26.0334 35.8871 10.2247 44.0826
127.899 25.9835 35.9178 10.2143 44.052
127.999 25.9336 35.9484 10.2038 44.0213
128.099 25.8837 35.979 10.1933 43.9908
128.199 25.8338 36.0095 10.1828 43.9602
128.299 25.7839 36.04 10.1722 43.9297
128.399 25.734 36.0705 10.1616 43.8993
128.499 25.684 36.1009 10.1509 43.8689
128.599 25.6341 36.1313 10.1402 43.8385
128.699 25.5842 36.1616 10.1295 43.8082
128.799 25.5343 36.1919 10.1187 43.7779
128.899 25.4844 36.2221 10.1079 43.7476
128.999 25.4345 36.2523 10.097 43.7174
129.099 25.3846 36.2825 10.0861 43.6873
129.199 25.3347 36.3126 10.0751 43.6571
129.299 25.2848 36.3427 10.0641 43.6271
129.399 25.2349 36.3727 10.0531 43.597
129.499 25.1849 36.4027 10.042 43.567
129.599 25.135 36.4327 10.0309 43.5371
129.699 25.0851 36.4626 10.0197 43.5072
129.799 25.0352 36.4924 10.0085 43.4773
129.899 24.9853 36.5222 9.99725 43.4475
129.999 24.9354 36.552 9.98595 43.4177
130.099 24.8855 36.5817 9.97462 43.388
130.199 24.8356 36.6114 9.96324 43.3583
130.299 24.7857 36.6411 9.95182 43.3287
130.399 24.7358 36.6707 9.94036 43.2991
130.499 24.6859 36.7002 9.92886 43.2695
130.599 24.636 36.7297 9.91731 43.24
130.699 24.5861 36.7592 9.90573 43.2106
130.799 24.5362 36.7886 9.8941 43.1811
130.899 24.4862 36.818 9.88243 43.1518
130.999 24.4363 36.8473 9.87071 43.1224
131.099 24.3864 36.8766 9.85896 43.0931
131.199 24.3365 36.9059 9.84716 43.0639
131.299 24.2866 36.9351 9.83532 43.0347
131.399 24.2367 36.9642 9.82344 43.0055
131.499 24.1868 36.9933 9.81152 42.9764
131.599 24.1369 37.0224 9.79956 42.9474
131.699 24.087 37.0514 9.78755 42.9183
131.799 24.0371 37.0804 9.7755 42.8894
131.899 23.9872 37.1093 9.76341 42.8604
131.999 23.9373 37.1382 9.75128 42.8316
132.099 23.8874 37.167 9.73911 42.8027
132.199 23.8375 37.1958 9.72689 42.7739
132.299 23.7876 37.2246 9.71463 42.7452
132.399 23.7377 37.2533 9.70233 42.7165
132.499 23.6878 37.2819 9.68999 42.6878
132.599 23.6379 37.3106 9.67761 42.6592
132.699 23.588 37.3391 9.66518 42.6306
132.799 23.5381 37.3676 9.65272 42.6021
132.899 23.4882 37.3961 9.64021 42.5736
132.999 23.4383 37.4245 9.62766 42.5452
133.099 23.3884 37.4529 9.61507 42.5168
133.199 23.3385 37.4813 9.60243 42.4885
133.299 23.2886 37.5095 9.58976 42.4602
133.399 23.2387 37.5378 9.57704 42.432
133.499 23.1888 37.566 9.56428 42.4038
133.599 23.1389 37.5941 9.55148 42.3756
133.699 23.089 37.6222 9.53864 42.3475
133.799 23.0391 37.6503 9.52576 42.3195
133.899 22.9892 37.6783 9.51283 42.2915
133.999 22.9393 37.7062 9.49986 42.2635
134.099 22.8894 37.7342 9.48686 42.2356
134.199 22.8395 37.762 9.47381 42.2077
134.299 22.7896 37.7898 9.46071 42.1799
134.399 22.7397 37.8176 9.44758 42.1521
134.499 22.6898 37.8453 9.43441 42.1244
134.599 22.6399 37.873 9.42119 42.0967
134.699 22.59 37.9006 9.40793 42.0691
134.799 22.5401 37.9282 9.39463 42.0415
134.899 22.4902 37.9558 9.38129 42.014
134.999 22.4403 37.9832 9.36791 41.9865
135.099 22.3904 38.0107 9.35449 41.9591
135.199 22.3405 38.0381 9.34102 41.9317
135.299 22.2906 38.0654 9.32751 41.9043
135.399 22.2407 38.0927 9.31397 41.877
135.499 22.1908 38.12 9.30038 41.8498
135.599 22.1409 38.1472 9.28674 41.8226
135.699 22.091 38.1743 9.27307 41.7955
135.799 22.0411 38.2014 9.25936 41.7684
135.899 21.9912 38.2285 9.2456 41.7413
135.999 21.9413 38.2555 9.23181 41.7143
136.099 21.8914 38.2824 9.21797 41.6873
136.199 21.8415 38.3093 9.20409 41.6604
136.299 21.7916 38.3362 9.19017 41.6336
136.399 21.7417 38.363 9.17621 41.6068
136.499 21.6918 38.3897 9.16221 41.58
136.599 21.6419 38.4164 9.14817 41.5533
136.699 21.592 38.4431 9.13408 41.5267
136.799 21.5421 38.4697 9.11996 41.5
136.899 21.4923 38.4963 9.10579 41.4735
136.999 21.4424 38.5228 9.09158 41.447
137.099 21.3925 38.5493 9.07733 41.4205
137.199 21.3426 38.5757 9.06304 41.3941
137.299 21.2927 38.602 9.04871 41.3677
137.399 21.2428 38.6283 9.03434 41.3414
137.499 21.1929 38.6546 9.01993 41.3152
137.599 21.143 38.6808 9.00548 41.2889
137.699 21.0931 38.707 8.99098 41.2628
137.799 21.0432 38.7331 8.97645 41.2367
137.899 20.9933 38.7592 8.96187 41.2106
137.999 20.9434 38.7852 8.94726 41.1846
138.099 20.8935 38.8111 8.9326 41.1586
138.199 20.8436 38.837 8.9179 41.1327
138.299 20.7937 38.8629 8.90316 41.1069
138.399 20.7439 38.8887 8.88838 41.0811
138.499 20.694 38.9145 8.87356 41.0553
138.599 20.6441 38.9402 8.8587 41.0296
138.699 20.5942 38.9658 8.8438 41.0039
138.799 20.5443 38.9914 8.82886 40.9783
138.899 20.4944 39.017 8.81387 40.9528
138.999 20.4445 39.0425 8.79885 40.9273
139.099 20.3946 39.068 8.78379 40.9018
139.199 20.3447 39.0934 8.76868 40.8764
139.299 20.2948 39.1187 8.75354 40.851
139.399 20.2449 39.144 8.73835 40.8257
139.499 20.1951 39.1693 8.72313 40.8005
139.599 20.1452 39.1945 8.70786 40.7753
139.699 20.0953 39.2196 8.69256 40.7502
139.799 20.0454 39.2447 8.67721 40.7251
139.899 19.9955 39.2697 8.66183 40.7
139.999 19.9456 39.2947 8.6464 40.675
140.099 19.8957 39.3197 8.63093 40.6501
140.199 19.8458 39.3445 8.61543 40.6252
140.299 19.7959 39.3694 8.59988 40.6004
140.399 19.7461 39.3942 8.58429 40.5756
140.499 19.6962 39.4189 8.56867 40.5509
140.599 19.6463 39.4436 8.553 40.5262
140.699 19.5964 39.4682 8.53729 40.5016
140.799 19.5465 39.4928 8.52155 40.477
140.899 19.4966 39.5173 8.50576 40.4525
140.999 19.4467 39.5418 8.48993 40.428
141.099 19.3968 39.5662 8.47407 40.4036
141.199 19.3469 39.5905 8.45816 40.3792
141.299 19.2971 39.6148 8.44222 40.3549
141.399 19.2472 39.6391 8.42623 40.3307
141.499 19.1973 39.6633 8.41021 40.3065
141.599 19.1474 39.6874 8.39414 40.2823
141.699 19.0975 39.7115 8.37804 40.2582
141.799 19.0476 39.7356 8.36189 40.2342
141.899 18.9977 39.7596 8.34571 40.2102
141.999 18.9479 39.7835 8.32949 40.1862
142.099 18.898 39.8074 8.31323 40.1624
142.199 18.8481 39.8312 8.29693 40.1385
142.299 18.7982 39.855 8.28059 40.1148
142.399 18.7483 39.8787 8.26421 40.091
142.499 18.6984 39.9024 8.24779 40.0674
142.6 18.6485 39.926 8.23133 40.0437
142.7 18.5987 39.9496 8.21483 40.0202
142.8 18.5488 39.9731 8.19829 39.9967
142.9 18.4989 39.9965 8.18172 39.9732
143 18.449 40.0199 8.1651 39.9498
143.1 18.3991 40.0433 8.14845 39.9265
143.2 18.3492 40.0666 8.13176 39.9032
143.3 18.2994 40.0898 8.11503 39.8799
143.4 18.2495 40.113 8.09826 39.8568
143.5 18.1996 40.1361 8.08145 39.8336
143.6 18.1497 40.1592 8.0646 39.8106
143.7 18.0998 40.1822 8.04771 39.7875
143.8 18.0499 40.2052 8.03079 39.7646
143.9 18.0001 40.2281 8.01383 39.7417
144 17.9502 40.2509 7.99682 39.7188
144.1 17.9003 40.2737 7.97978 39.696
144.2 17.8504 40.2965 7.9627 39.6733
144.3 17.8005 40.3192 7.94559 39.6506
144.4 17.7506 40.3418 7.92843 39.6279
144.5 17.7008 40.3644 7.91124 39.6054
144.6 17.6509 40.3869 7.894 39.5828
144.7 17.601 40.4094 7.87673 39.5604
144.8 17.5511 40.4318 7.85943 39.538
144.9 17.5012 40.4542 7.84208 39.5156
145 17.4513 40.4765 7.82469 39.4933
145.1 17.4015 40.4987 7.80727 39.471
145.2 17.3516 40.5209 7.78981 39.4489
145.3 17.3017 40.543 7.77231 39.4267
145.4 17.2518 40.5651 7.75477 39.4046
145.5 17.2019 40.5872 7.7372 39.3826
145.6 17.1521 40.6091 7.71959 39.3606
145.7 17.1022 40.631 7.70194 39.3387
145.8 17.0523 40.6529 7.68425 39.3169
145.9 17.0024 40.6747 7.66653 39.2951
146 16.9525 40.6964 7.64876 39.2733
146.1 16.9027 40.7181 7.63096 39.2516
146.2 16.8528 40.7398 7.61312 39.23
146.3 16.8029 40.7613 7.59525 39.2084
146.4 16.753 40.7829 7.57734 39.1869
146.5 16.7031 40.8043 7.55939 39.1654
146.6 16.6533 40.8257 7.5414 39.144
146.7 16.6034 40.8471 7.52338 39.1227
146.8 16.5535 40.8684 7.50532 39.1014
146.9 16.5036 40.8896 7.48722 39.0802
147 16.4538 40.9108 7.46909 39.059
147.1 16.4039 40.9319 7.45091 39.0378
147.2 16.354 40.953 7.43271 39.0168
147.3 16.3041 40.974 7.41446 38.9958
147.4 16.2542 40.9949 7.39618 38.9748
147.5 16.2044 41.0158 7.37786 38.9539
147.6 16.1545 41.0367 7.3595 38.9331
147.7 16.1046 41.0575 7.34111 38.9123
147.8 16.0547 41.0782 7.32268 38.8916
147.9 16.0049 41.0988 7.30422 38.8709
148 15.955 41.1195 7.28572 38.8503
148.1 15.9051 41.14 7.26718 38.8298
148.2 15.8552 41.1605 7.24861 38.8093
148.3 15.8053 41.1809 7.23 38.7888
148.4 15.7555 41.2013 7.21135 38.7684
148.5 15.7056 41.2216 7.19267 38.7481
148.6 15.6557 41.2419 7.17395 38.7279
148.7 15.6058 41.2621 7.1552 38.7077
148.8 15.556 41.2823 7.13641 38.6875
148.9 15.5061 41.3023 7.11758 38.6674
149 15.4562 41.3224 7.09872 38.6474
149.1 15.4063 41.3423 7.07983 38.6274
149.2 15.3565 41.3623 7.0609 38.6075
149.3 15.3066 41.3821 7.04193 38.5876
149.4 15.2567 41.4019 7.02292 38.5678
149.5 15.2068 41.4217 7.00389 38.5481
149.6 15.157 41.4413 6.98481 38.5284
149.7 15.1071 41.461 6.9657 38.5088
149.8 15.0572 41.4805 6.94656 38.4892
149.9 15.0073 41.5 6.92738 38.4697
150 14.9575 41.5195 6.90817 38.4503
150.1 14.9076 41.5389 6.88892 38.4309
150.2 14.8577 41.5582 6.86963 38.4116
150.3 14.8078 41.5775 6.85031 38.3923
150.4 14.758 41.5967 6.83096 38.3731
150.5 14.7081 41.6158 6.81157 38.3539
150.6 14.6582 41.6349 6.79215 38.3348
150.7 14.6083 41.654 6.77269 38.3158
150.8 14.5585 41.6729 6.7532 38.2968
150.9 14.5086 41.6919 6.73367 38.2779
151 14.4587 41.7107 6.71411 38.259
151.1 14.4089 41.7295 6.69452 38.2402
151.2 14.359 41.7483 6.67489 38.2215
151.3 14.3091 41.7669 6.65523 38.2028
151.4 14.2592 41.7856 6.63553 38.1842
151.5 14.2094 41.8041 6.6158 38.1656
151.6 14.1595 41.8226 6.59603 38.1471
151.7 14.1096 41.8411 6.57624 38.1287
151.8 14.0597 41.8594 6.5564 38.1103
151.9 14.0099 41.8778 6.53654 38.092
152 13.96 41.896 6.51664 38.0737
152.1 13.9101 41.9142 6.4967 38.0555
152.2 13.8603 41.9324 6.47674 38.0374
152.3 13.8104 41.9505 6.45674 38.0193
152.4 13.7605 41.9685 6.43671 38.0013
152.5 13.7106 41.9864 6.41664 37.9833
152.6 13.6608 42.0043 6.39654 37.9654
152.7 13.6109 42.0222 6.37641 37.9476
152.8 13.561 42.04 6.35624 37.9298
152.9 13.5112 42.0577 6.33605 37.9121
153 13.4613 42.0753 6.31582 37.8944
153.1 13.4114 42.0929 6.29555 37.8768
153.2 13.3615 42.1105 6.27526 37.8593
153.3 13.3117 42.128 6.25493 37.8418
153.4 13.2618 42.1454 6.23457 37.8244
153.5 13.2119 42.1627 6.21417 37.807
153.6 13.1621 42.18 6.19375 37.7897
153.7 13.1122 42.1973 6.17329 37.7725
153.8 13.0623 42.2145 6.1528 37.7553
153.9 13.0125 42.2316 6.13228 37.7382
154 12.9626 42.2486 6.11173 37.7211
154.1 12.9127 42.2656 6.09114 37.7041
154.2 12.8629 42.2826 6.07052 37.6872
154.3 12.813 42.2994 6.04987 37.6703
154.4 12.7631 42.3162 6.02919 37.6535
154.5 12.7132 42.333 6.00848 37.6368
154.6 12.6634 42.3497 5.98774 37.6201
154.7 12.6135 42.3663 5.96696 37.6035
154.8 12.5636 42.3829 5.94616 37.5869
154.9 12.5138 42.3994 5.92532 37.5704
155 12.4639 42.4158 5.90445 37.5539
155.1 12.414 42.4322 5.88355 37.5376
155.2 12.3642 42.4485 5.86262 37.5212
155.3 12.3143 42.4648 5.84166 37.505
155.4 12.2644 42.481 5.82067 37.4888
155.5 12.2146 42.4971 5.79965 37.4726
155.6 12.1647 42.5132 5.7786 37.4566
155.7 12.1148 42.5292 5.75751 37.4406
155.8 12.065 42.5452 5.7364 37.4246
155.9 12.0151 42.561 5.71526 37.4087
156 11.9652 42.5769 5.69408 37.3929
156.1 11.9154 42.5926 5.67288 37.3771
156.2 11.8655 42.6083 5.65165 37.3614
156.3 11.8156 42.624 5.63038 37.3458
156.4 11.7658 42.6396 5.60909 37.3302
156.5 11.7159 42.6551 5.58776 37.3147
156.6 11.666 42.6705 5.56641 37.2992
156.7 11.6162 42.6859 5.54503 37.2838
156.8 11.5663 42.7013 5.52362 37.2685
156.9 11.5164 42.7165 5.50218 37.2532
157 11.4666 42.7317 5.48071 37.238
157.1 11.4167 42.7469 5.45921 37.2229
157.2 11.3668 42.762 5.43768 37.2078
157.3 11.317 42.777 5.41612 37.1928
157.4 11.2671 42.7919 5.39454 37.1778
157.5 11.2172 42.8068 5.37292 37.1629
157.6 11.1674 42.8216 5.35128 37.1481
157.7 11.1175 42.8364 5.32961 37.1333
157.8 11.0676 42.8511 5.3079 37.1186
157.9 11.0178 42.8658 5.28618 37.104
158 10.9679 42.8803 5.26442 37.0894
158.1 10.918 42.8949 5.24263 37.0749
158.2 10.8682 42.9093 5.22082 37.0604
158.3 10.8183 42.9237 5.19898 37.0461
158.4 10.7684 42.938 5.17711 37.0317
158.5 10.7186 42.9523 5.15521 37.0175
158.6 10.6687 42.9665 5.13329 37.0033
158.7 10.6188 42.9806 5.11134 36.9891
158.8 10.569 42.9947 5.08936 36.975
158.9 10.5191 43.0087 5.06735 36.961
159.001 10.4692 43.0227 5.04532 36.9471
159.101 10.4194 43.0366 5.02326 36.9332
159.201 10.3695 43.0504 5.00117 36.9194
159.301 10.3197 43.0641 4.97905 36.9056
159.401 10.2698 43.0778 4.95691 36.8919
159.501 10.2199 43.0915 4.93474 36.8783
159.601 10.1701 43.105 4.91255 36.8647
159.701 10.1202 43.1185 4.89033 36.8512
159.801 10.0703 43.132 4.86808 36.8378
159.901 10.0205 43.1454 4.8458 36.8244
160.001 9.97061 43.1587 4.8235 36.8111
160.101 9.92075 43.1719 4.80118 36.7978
160.201 9.87088 43.1851 4.77882 36.7846
160.301 9.82102 43.1982 4.75644 36.7715
160.401 9.77116 43.2113 4.73404 36.7585
160.501 9.72129 43.2243 4.71161 36.7455
160.601 9.67143 43.2372 4.68915 36.7325
160.701 9.62157 43.2501 4.66667 36.7197
160.801 9.5717 43.2629 4.64417 36.7069
160.901 9.52184 43.2756 4.62164 36.6941
161.001 9.47198 43.2883 4.59908 36.6815
161.101 9.42212 43.3009 4.5765 36.6688
161.201 9.37225 43.3135 4.55389 36.6563
161.301 9.32239 43.326 4.53126 36.6438
161.401 9.27253 43.3384 4.5086 36.6314
161.501 9.22267 43.3507 4.48592 36.619
161.601 9.17281 43.363 4.46322 36.6067
161.701 9.12294 43.3752 4.44049 36.5945
161.801 9.07308 43.3874 4.41773 36.5824
161.901 9.02322 43.3995 4.39496 36.5703
162.001 8.97336 43.4115 4.37215 36.5582
162.101 8.9235 43.4235 4.34933 36.5463
162.201 8.87363 43.4354 4.32648 36.5344
162.301 8.82377 43.4472 4.30361 36.5225
162.401 8.77391 43.459 4.28071 36.5107
162.501 8.72405 43.4707 4.25779 36.499
162.601 8.67419 43.4824 4.23485 36.4874
162.701 8.62433 43.494 4.21188 36.4758
162.801 8.57447 43.5055 4.18889 36.4643
162.901 8.52461 43.5169 4.16588 36.4528
163.001 8.47474 43.5283 4.14284 36.4415
163.101 8.42488 43.5396 4.11978 36.4301
163.201 8.37502 43.5509 4.0967 36.4189
163.301 8.32516 43.5621 4.0736 36.4077
163.401 8.2753 43.5732 4.05047 36.3966
163.501 8.22544 43.5843 4.02732 36.3855
163.601 8.17558 43.5953 4.00415 36.3745
163.701 8.12572 43.6062 3.98096 36.3636
163.801 8.07586 43.6171 3.95775 36.3527
163.901 8.026 43.6279 3.93451 36.3419
164.001 7.97614 43.6386 3.91125 36.3312
164.101 7.92628 43.6493 3.88797 36.3205
164.201 7.87642 43.6599 3.86467 36.3099
164.301 7.82656 43.6704 3.84135 36.2993
164.401 7.7767 43.6809 3.81801 36.2889
164.501 7.72684 43.6913 3.79464 36.2785
164.601 7.67698 43.7017 3.77126 36.2681
164.701 7.62712 43.7119 3.74785 36.2578
164.801 7.57726 43.7222 3.72442 36.2476
164.901 7.5274 43.7323 3.70098 36.2375
165.001 7.47754 43.7424 3.67751 36.2274
165.101 7.42768 43.7524 3.65402 36.2174
165.201 7.37782 43.7624 3.63051 36.2074
165.301 7.32796 43.7722 3.60698 36.1975
165.401 7.2781 43.7821 3.58343 36.1877
165.501 7.22824 43.7918 3.55986 36.1779
165.601 7.17838 43.8015 3.53627 36.1683
165.701 7.12852 43.8111 3.51267 36.1586
165.801 7.07867 43.8207 3.48904 36.1491
165.901 7.02881 43.8302 3.46539 36.1396
166.001 6.97895 43.8396 3.44172 36.1301
166.101 6.92909 43.849 3.41804 36.1208
166.201 6.87923 43.8583 3.39433 36.1115
166.301 6.82937 43.8675 3.37061 36.1023
166.401 6.77951 43.8767 3.34687 36.0931
166.501 6.72965 43.8858 3.32311 36.084
166.601 6.67979 43.8948 3.29933 36.075
166.701 6.62994 43.9038 3.27553 36.066
166.801 6.58008 43.9127 3.25171 36.0571
166.901 6.53022 43.9215 3.22788 36.0483
167.001 6.48036 43.9303 3.20402 36.0395
167.101 6.4305 43.939 3.18015 36.0308
167.201 6.38064 43.9476 3.15627 36.0222
167.301 6.33079 43.9562 3.13236 36.0136
167.401 6.28093 43.9647 3.10844 36.0051
167.501 6.23107 43.9731 3.0845 35.9966
167.601 6.18121 43.9815 3.06054 35.9883
167.701 6.13135 43.9898 3.03656 35.98
167.801 6.0815 43.998 3.01257 35.9717
167.901 6.03164 44.0062 2.98856 35.9635
168.001 5.98178 44.0143 2.96453 35.9554
168.101 5.93192 44.0224 2.94049 35.9474
168.201 5.88207 44.0303 2.91643 35.9394
168.301 5.83221 44.0382 2.89236 35.9315
168.401 5.78235 44.0461 2.86827 35.9237
168.501 5.73249 44.0539 2.84416 35.9159
168.601 5.68264 44.0616 2.82004 35.9082
168.701 5.63278 44.0692 2.7959 35.9006
168.801 5.58292 44.0768 2.77174 35.893
168.901 5.53306 44.0843 2.74757 35.8855
169.001 5.48321 44.0917 2.72338 35.878
169.101 5.43335 44.0991 2.69918 35.8706
169.201 5.38349 44.1064 2.67497 35.8633
169.301 5.33363 44.1137 2.65073 35.8561
169.401 5.28378 44.1208 2.62649 35.8489
169.501 5.23392 44.128 2.60223 35.8418
169.601 5.18406 44.135 2.57795 35.8348
169.701 5.13421 44.142 2.55366 35.8278
169.801 5.08435 44.1489 2.52935 35.8209
169.901 5.03449 44.1557 2.50503 35.814
170.001 4.98464 44.1625 2.4807 35.8073
170.101 4.93478 44.1692 2.45635 35.8005
170.201 4.88492 44.1759 2.43199 35.7939
170.301 4.83507 44.1824 2.40762 35.7873
170.401 4.78521 44.1889 2.38323 35.7808
170.501 4.73535 44.1954 2.35883 35.7744
170.601 4.6855 44.2018 2.33441 35.768
170.701 4.63564 44.2081 2.30998 35.7617
170.801 4.58578 44.2143 2.28554 35.7555
170.901 4.53593 44.2205 2.26109 35.7493
171.001 4.48607 44.2266 2.23662 35.7432
171.101 4.43621 44.2326 2.21214 35.7371
171.201 4.38636 44.2386 2.18765 35.7312
171.301 4.3365 44.2445 2.16314 35.7252
171.401 4.28665 44.2504 2.13862 35.7194
171.501 4.23679 44.2561 2.1141 35.7136
171.601 4.18693 44.2618 2.08955 35.7079
171.701 4.13708 44.2675 2.065 35.7023
171.801 4.08722 44.273 2.04044 35.6967
171.901 4.03737 44.2785 2.01586 35.6912
172.001 3.98751 44.284 1.99127 35.6858
172.101 3.93765 44.2894 1.96667 35.6804
172.201 3.8878 44.2947 1.94206 35.6751
172.301 3.83794 44.2999 1.91744 35.6699
172.401 3.78809 44.3051 1.89281 35.6647
172.501 3.73823 44.3102 1.86817 35.6596
172.601 3.68837 44.3152 1.84351 35.6546
172.701 3.63852 44.3202 1.81885 35.6496
172.801 3.58866 44.3251 1.79417 35.6447
172.901 3.53881 44.3299 1.76949 35.6399
173.001 3.48895 44.3347 1.74479 35.6351
173.101 3.4391 44.3394 1.72009 35.6304
173.201 3.38924 44.344 1.69538 35.6258
173.301 3.33939 44.3486 1.67065 35.6212
173.401 3.28953 44.3531 1.64592 35.6167
173.501 3.23967 44.3575 1.62118 35.6123
173.601 3.18982 44.3618 1.59642 35.6079
173.701 3.13996 44.3661 1.57166 35.6036
173.801 3.09011 44.3704 1.54689 35.5994
173.901 3.04025 44.3745 1.52211 35.5952
174.001 2.9904 44.3786 1.49733 35.5911
174.101 2.94054 44.3826 1.47253 35.5871
174.201 2.89069 44.3866 1.44773 35.5832
174.301 2.84083 44.3905 1.42291 35.5793
174.401 2.79098 44.3943 1.39809 35.5754
174.501 2.74112 44.3981 1.37326 35.5717
174.601 2.69127 44.4018 1.34843 35.568
174.701 2.64141 44.4054 1.32358 35.5644
174.801 2.59156 44.4089 1.29873 35.5608
174.901 2.5417 44.4124 1.27387 35.5573
175.001 2.49185 44.4158 1.24901 35.5539
175.101 2.44199 44.4192 1.22413 35.5506
175.201 2.39214 44.4225 1.19925 35.5473
175.301 2.34228 44.4257 1.17436 35.5441
175.402 2.29243 44.4288 1.14947 35.5409
175.502 2.24257 44.4319 1.12457 35.5379
175.602 2.19272 44.4349 1.09966 35.5348
175.702 2.14286 44.4379 1.07475 35.5319
175.802 2.09301 44.4407 1.04983 35.529
175.902 2.04315 44.4436 1.0249 35.5262
176.002 1.9933 44.4463 0.999973 35.5235
176.102 1.94344 44.449 0.975035 35.5208
176.202 1.89359 44.4516 0.950093 35.5182
176.302 1.84373 44.4541 0.925145 35.5156
176.402 1.79388 44.4566 0.900191 35.5132
176.502 1.74402 44.459 0.875233 35.5108
176.602 1.69417 44.4613 0.850269 35.5084
176.702 1.64431 44.4636 0.825301 35.5062
176.802 1.59446 44.4658 0.800328 35.504
176.902 1.5446 44.4679 0.77535 35.5018
177.002 1.49475 44.47 0.750368 35.4998
177.102 1.44489 44.472 0.725382 35.4978
177.202 1.39504 44.4739 0.700391 35.4958
177.302 1.34518 44.4758 0.675397 35.494
177.402 1.29533 44.4776 0.650398 35.4922
177.502 1.24547 44.4793 0.625396 35.4905
177.602 1.19562 44.481 0.600391 35.4888
177.702 1.14576 44.4826 0.575381 35.4872
177.802 1.09591 44.4841 0.550369 35.4857
177.902 1.04606 44.4855 0.525354 35.4842
178.002 0.996201 44.4869 0.500335 35.4828
178.102 0.946346 44.4882 0.475314 35.4815
178.202 0.896492 44.4895 0.450289 35.4803
178.302 0.846637 44.4907 0.425263 35.4791
178.402 0.796783 44.4918 0.400233 35.478
178.502 0.746928 44.4928 0.375202 35.4769
178.602 0.697074 44.4938 0.350168 35.4759
178.702 0.647219 44.4947 0.325133 35.475
178.802 0.597364 44.4956 0.300095 35.4742
178.902 0.54751 44.4964 0.275056 35.4734
179.002 0.497655 44.4971 0.250015 35.4727
179.102 0.447801 44.4977 0.224973 35.472
179.202 0.397946 44.4983 0.19993 35.4715
179.302 0.348092 44.4988 0.174885 35.471
179.402 0.298237 44.4992 0.14984 35.4705
179.502 0.248383 44.4996 0.124793 35.4701
179.602 0.198528 44.4999 0.0997459 35.4698
179.702 0.148674 44.5002 0.0746982 35.4696
179.802 0.0988191 44.5003 0.04965 35.4694
179.902 0.0489646 44.5004 0.0246015 35.4693
