0 5.48019e-16 116.654 0 45.433
0.1 0.00781019 116.654 0.0316842 45.433
0.2 0.0156204 116.654 0.0633683 45.4329
0.3 0.0234305 116.654 0.0950525 45.4328
0.4 0.0312405 116.654 0.126737 45.4326
0.5 0.0390504 116.655 0.15842 45.4323
0.6 0.0468601 116.655 0.190104 45.432
0.7 0.0546697 116.655 0.221788 45.4316
0.8 0.0624791 116.656 0.253472 45.4311
0.9 0.0702882 116.656 0.285155 45.4306
1 0.078097 116.657 0.316838 45.43
1.1 0.0859056 116.658 0.348521 45.4294
1.2 0.0937138 116.658 0.380204 45.4287
1.3 0.101522 116.659 0.411886 45.428
1.4 0.109329 116.66 0.443568 45.4271
1.5 0.117136 116.661 0.47525 45.4263
1.6 0.124943 116.662 0.506931 45.4253
1.7 0.132749 116.663 0.538612 45.4244
1.8 0.140555 116.664 0.570293 45.4233
1.9 0.14836 116.665 0.601973 45.4222
2 0.156164 116.666 0.633653 45.421
2.1 0.163968 116.667 0.665332 45.4198
2.2 0.171772 116.669 0.697011 45.4185
2.3 0.179574 116.67 0.728689 45.4171
2.4 0.187376 116.671 0.760367 45.4157
2.5 0.195178 116.673 0.792044 45.4142
2.6 0.202978 116.674 0.823721 45.4127
2.7 0.210778 116.676 0.855397 45.4111
2.8 0.218577 116.678 0.887073 45.4095
2.9 0.226375 116.679 0.918747 45.4077
3 0.234172 116.681 0.950421 45.406
3.1 0.241969 116.683 0.982095 45.4041
3.2 0.249764 116.685 1.01377 45.4022
3.3 0.257559 116.687 1.04544 45.4003
3.4 0.265352 116.689 1.07711 45.3983
3.5 0.273145 116.691 1.10878 45.3962
3.6 0.280936 116.693 1.14045 45.3941
3.7 0.288726 116.695 1.17212 45.3919
3.8 0.296516 116.697 1.20379 45.3896
3.9 0.304304 116.7 1.23545 45.3873
4 0.312091 116.702 1.26712 45.3849
4.1 0.319877 116.705 1.29879 45.3825
4.2 0.327661 116.707 1.33045 45.38
4.3 0.335445 116.71 1.36211 45.3774
4.4 0.343227 116.712 1.39378 45.3748
4.5 0.351008 116.715 1.42544 45.3721
4.6 0.358787 116.718 1.4571 45.3694
4.7 0.366565 116.72 1.48876 45.3666
4.8 0.374342 116.723 1.52041 45.3638
4.9 0.382117 116.726 1.55207 45.3608
5 0.389891 116.729 1.58373 45.3579
5.1 0.397663 116.732 1.61538 45.3548
5.2 0.405434 116.735 1.64703 45.3517
5.3 0.413204 116.738 1.67869 45.3486
5.4 0.420971 116.742 1.71034 45.3454
5.5 0.428737 116.745 1.74199 45.3421
5.6 0.436502 116.748 1.77364 45.3388
5.7 0.444265 116.752 1.80528 45.3354
5.8 0.452026 116.755 1.83693 45.3319
5.9 0.459785 116.759 1.86857 45.3284
6 0.467543 116.762 1.90022 45.3248
6.1 0.475299 116.766 1.93186 45.3212
6.2 0.483053 116.77 1.9635 45.3175
6.3 0.490805 116.773 1.99514 45.3137
6.4 0.498556 116.777 2.02678 45.3099
6.5 0.506304 116.781 2.05841 45.3061
6.6 0.514051 116.785 2.09005 45.3021
6.7 0.521795 116.789 2.12168 45.2981
6.8 0.529538 116.793 2.15331 45.2941
6.9 0.537279 116.797 2.18494 45.29
7 0.545017 116.801 2.21657 45.2858
7.1 0.552754 116.805 2.24819 45.2816
7.2 0.560488 116.81 2.27982 45.2773
7.3 0.56822 116.814 2.31144 45.2729
7.4 0.575951 116.819 2.34306 45.2685
7.5 0.583679 116.823 2.37468 45.264
7.6 0.591404 116.828 2.4063 45.2595
7.7 0.599128 116.832 2.43792 45.2549
7.79999 0.606849 116.837 2.46953 45.2503
7.89999 0.614568 116.841 2.50115 45.2456
7.99999 0.622284 116.846 2.53276 45.2408
8.09999 0.629999 116.851 2.56437 45.236
8.2 0.637711 116.856 2.59597 45.2311
8.3 0.64542 116.861 2.62758 45.2261
8.4 0.653127 116.866 2.65918 45.2211
8.5 0.660831 116.871 2.69078 45.2161
8.6 0.668534 116.876 2.72238 45.2109
8.7 0.676233 116.881 2.75398 45.2057
8.8 0.68393 116.887 2.78558 45.2005
8.9 0.691624 116.892 2.81717 45.1952
9 0.699316 116.897 2.84876 45.1898
9.1 0.707005 116.903 2.88035 45.1844
9.2 0.714691 116.908 2.91194 45.1789
9.3 0.722375 116.914 2.94352 45.1734
9.4 0.730056 116.919 2.97511 45.1678
9.5 0.737734 116.925 3.00669 45.1621
9.6 0.745409 116.931 3.03826 45.1564
9.7 0.753082 116.936 3.06984 45.1506
9.8 0.760751 116.942 3.10141 45.1448
9.9 0.768418 116.948 3.13299 45.1389
10 0.776082 116.954 3.16456 45.1329
10.1 0.783743 116.96 3.19612 45.1269
10.2 0.791401 116.966 3.22769 45.1208
10.3 0.799056 116.972 3.25925 45.1147
10.4 0.806708 116.979 3.29081 45.1085
10.5 0.814357 116.985 3.32237 45.1023
10.6 0.822002 116.991 3.35392 45.0959
10.7 0.829645 116.997 3.38547 45.0896
10.8 0.837285 117.004 3.41702 45.0831
10.9 0.844921 117.01 3.44857 45.0766
11 0.852554 117.017 3.48012 45.0701
11.1 0.860184 117.024 3.51166 45.0635
11.2 0.867811 117.03 3.5432 45.0568
11.3 0.875434 117.037 3.57474 45.0501
11.4 0.883054 117.044 3.60627 45.0433
11.5 0.890671 117.051 3.6378 45.0365
11.6 0.898284 117.057 3.66933 45.0296
11.7 0.905894 117.064 3.70086 45.0226
11.8 0.913501 117.071 3.73238 45.0156
11.9 0.921104 117.079 3.7639 45.0085
12 0.928703 117.086 3.79542 45.0014
12.1 0.936299 117.093 3.82694 44.9942
12.2 0.943892 117.1 3.85845 44.9869
12.3 0.951481 117.107 3.88996 44.9796
12.4 0.959066 117.115 3.92147 44.9722
12.5 0.966648 117.122 3.95297 44.9648
12.6 0.974226 117.13 3.98447 44.9573
12.7 0.9818 117.137 4.01597 44.9497
12.8 0.989371 117.145 4.04746 44.9421
12.9 0.996938 117.153 4.07895 44.9345
13 1.0045 117.16 4.11044 44.9267
13.1 1.01206 117.168 4.14193 44.919
13.2 1.01962 117.176 4.17341 44.9111
13.3 1.02717 117.184 4.20489 44.9032
13.4 1.03472 117.192 4.23637 44.8952
13.5 1.04226 117.2 4.26784 44.8872
13.6 1.0498 117.208 4.29931 44.8791
13.7 1.05734 117.216 4.33078 44.871
13.8 1.06487 117.224 4.36224 44.8628
13.9 1.0724 117.232 4.3937 44.8546
14 1.07992 117.241 4.42516 44.8463
14.1 1.08744 117.249 4.45662 44.8379
14.2 1.09495 117.258 4.48807 44.8295
14.3 1.10247 117.266 4.51951 44.821
14.4 1.10997 117.275 4.55096 44.8124
14.5 1.11748 117.283 4.5824 44.8038
14.6 1.12498 117.292 4.61384 44.7952
14.7 1.13247 117.301 4.64527 44.7864
14.8 1.13996 117.309 4.6767 44.7777
14.9 1.14745 117.318 4.70813 44.7688
15 1.15493 117.327 4.73955 44.7599
15.1 1.16241 117.336 4.77097 44.751
15.2 1.16988 117.345 4.80239 44.742
15.3 1.17735 117.354 4.8338 44.7329
15.4 1.18481 117.363 4.86521 44.7238
15.5 1.19227 117.372 4.89661 44.7146
15.6 1.19973 117.382 4.92802 44.7053
15.7 1.20718 117.391 4.95941 44.696
15.8 1.21463 117.4 4.99081 44.6867
15.9 1.22207 117.41 5.0222 44.6773
16 1.2295 117.419 5.05359 44.6678
16.1 1.23694 117.429 5.08497 44.6583
16.2 1.24436 117.438 5.11635 44.6487
16.3 1.25179 117.448 5.14772 44.639
16.4 1.25921 117.458 5.1791 44.6293
16.5 1.26662 117.467 5.21046 44.6195
16.6 1.27403 117.477 5.24183 44.6097
16.7 1.28143 117.487 5.27319 44.5998
16.8 1.28883 117.497 5.30454 44.5899
16.9 1.29623 117.507 5.33589 44.5799
17 1.30362 117.517 5.36724 44.5699
17.1 1.311 117.527 5.39859 44.5598
17.2 1.31838 117.537 5.42993 44.5496
17.3 1.32575 117.548 5.46126 44.5394
17.4 1.33312 117.558 5.49259 44.5291
17.5 1.34049 117.568 5.52392 44.5187
17.6 1.34785 117.579 5.55525 44.5083
17.7 1.3552 117.589 5.58656 44.4979
17.8 1.36255 117.6 5.61788 44.4874
17.9 1.3699 117.61 5.64919 44.4768
18 1.37724 117.621 5.6805 44.4662
18.1 1.38457 117.632 5.7118 44.4555
18.2 1.3919 117.642 5.7431 44.4448
18.3 1.39922 117.653 5.77439 44.434
18.4 1.40654 117.664 5.80568 44.4231
18.5 1.41386 117.675 5.83696 44.4122
18.6 1.42116 117.686 5.86825 44.4012
18.7 1.42847 117.697 5.89952 44.3902
18.8 1.43576 117.708 5.93079 44.3791
18.9 1.44305 117.719 5.96206 44.368
19 1.45034 117.73 5.99332 44.3568
19.1 1.45762 117.741 6.02458 44.3455
19.2 1.4649 117.753 6.05583 44.3342
19.3 1.47217 117.764 6.08708 44.3229
19.4 1.47943 117.776 6.11833 44.3114
19.5 1.48669 117.787 6.14957 44.3
19.6 1.49394 117.799 6.1808 44.2884
19.7 1.50119 117.81 6.21203 44.2768
19.8 1.50843 117.822 6.24326 44.2652
19.9 1.51567 117.834 6.27448 44.2535
20 1.5229 117.845 6.30569 44.2417
20.1 1.53012 117.857 6.33691 44.2299
20.2 1.53734 117.869 6.36811 44.218
20.3 1.54456 117.881 6.39931 44.2061
20.4 1.55177 117.893 6.43051 44.1941
20.5 1.55897 117.905 6.4617 44.182
20.6 1.56616 117.917 6.49289 44.1699
20.7 1.57335 117.929 6.52407 44.1578
20.8 1.58054 117.941 6.55525 44.1456
20.9 1.58772 117.954 6.58642 44.1333
21 1.59489 117.966 6.61759 44.121
21.1 1.60205 117.978 6.64875 44.1086
21.2 1.60922 117.991 6.67991 44.0961
21.3 1.61637 118.003 6.71106 44.0836
21.4 1.62352 118.016 6.74221 44.0711
21.5 1.63066 118.029 6.77335 44.0585
21.6 1.6378 118.041 6.80448 44.0458
21.7 1.64493 118.054 6.83562 44.0331
21.8 1.65205 118.067 6.86674 44.0203
21.9 1.65917 118.08 6.89786 44.0075
22 1.66628 118.092 6.92898 43.9946
22.1 1.67339 118.105 6.96009 43.9817
22.2 1.68049 118.118 6.99119 43.9687
22.3 1.68758 118.131 7.02229 43.9556
22.4 1.69466 118.145 7.05339 43.9425
22.5 1.70174 118.158 7.08447 43.9293
22.6 1.70882 118.171 7.11556 43.9161
22.7001 1.71589 118.184 7.14664 43.9028
22.8001 1.72295 118.198 7.17771 43.8895
22.9001 1.73 118.211 7.20878 43.8761
23.0001 1.73705 118.224 7.23984 43.8627
23.1001 1.74409 118.238 7.27089 43.8492
23.2001 1.75113 118.251 7.30194 43.8356
23.3001 1.75816 118.265 7.33299 43.822
23.4001 1.76518 118.279 7.36403 43.8083
23.5001 1.77219 118.292 7.39506 43.7946
23.6001 1.7792 118.306 7.42609 43.7808
23.7001 1.78621 118.32 7.45711 43.767
23.8001 1.7932 118.334 7.48812 43.7531
23.9001 1.80019 118.348 7.51913 43.7392
24.0001 1.80717 118.362 7.55014 43.7252
24.1001 1.81415 118.376 7.58114 43.7111
24.2001 1.82112 118.39 7.61213 43.697
24.3001 1.82808 118.404 7.64312 43.6829
24.4001 1.83503 118.418 7.6741 43.6686
24.5001 1.84198 118.433 7.70507 43.6544
24.6001 1.84892 118.447 7.73604 43.64
24.7001 1.85586 118.461 7.767 43.6257
24.8001 1.86279 118.476 7.79796 43.6112
24.9001 1.86971 118.49 7.82891 43.5967
25.0001 1.87662 118.505 7.85986 43.5822
25.1001 1.88353 118.519 7.8908 43.5676
25.2001 1.89043 118.534 7.92173 43.5529
25.3001 1.89732 118.549 7.95265 43.5382
25.4001 1.90421 118.564 7.98357 43.5235
25.5001 1.91109 118.578 8.01449 43.5087
25.6001 1.91796 118.593 8.0454 43.4938
25.7001 1.92482 118.608 8.0763 43.4789
25.8001 1.93168 118.623 8.10719 43.4639
25.9001 1.93853 118.638 8.13808 43.4489
26.0001 1.94537 118.653 8.16897 43.4338
26.1001 1.95221 118.668 8.19984 43.4186
26.2001 1.95904 118.684 8.23071 43.4034
26.3001 1.96586 118.699 8.26157 43.3882
26.4001 1.97267 118.714 8.29243 43.3729
26.5001 1.97948 118.73 8.32328 43.3575
26.6001 1.98628 118.745 8.35413 43.3421
26.7001 1.99307 118.76 8.38496 43.3266
26.8001 1.99986 118.776 8.41579 43.3111
26.9001 2.00664 118.791 8.44662 43.2956
27.0001 2.01341 118.807 8.47744 43.2799
27.1001 2.02017 118.823 8.50825 43.2643
27.2001 2.02692 118.839 8.53905 43.2485
27.3001 2.03367 118.854 8.56985 43.2327
27.4001 2.04041 118.87 8.60064 43.2169
27.5001 2.04714 118.886 8.63142 43.201
27.6001 2.05387 118.902 8.6622 43.1851
27.7001 2.06059 118.918 8.69297 43.1691
27.8001 2.06729 118.934 8.72374 43.153
27.9001 2.074 118.95 8.75449 43.1369
28.0001 2.08069 118.966 8.78524 43.1207
28.1001 2.08738 118.983 8.81599 43.1045
28.2001 2.09406 118.999 8.84672 43.0883
28.3001 2.10073 119.015 8.87745 43.0719
28.4001 2.10739 119.031 8.90817 43.0556
28.5001 2.11405 119.048 8.93889 43.0391
28.6001 2.1207 119.064 8.96959 43.0227
28.7001 2.12734 119.081 9.0003 43.0061
28.8001 2.13397 119.097 9.03099 42.9895
28.9001 2.14059 119.114 9.06168 42.9729
29.0001 2.14721 119.131 9.09236 42.9562
29.1001 2.15382 119.148 9.12303 42.9395
29.2001 2.16042 119.164 9.15369 42.9227
29.3001 2.16701 119.181 9.18435 42.9058
29.4001 2.1736 119.198 9.215 42.8889
29.5001 2.18017 119.215 9.24564 42.872
29.6001 2.18674 119.232 9.27628 42.855
29.7001 2.1933 119.249 9.30691 42.8379
29.8001 2.19985 119.266 9.33753 42.8208
29.9001 2.2064 119.283 9.36814 42.8037
30.0001 2.21293 119.301 9.39875 42.7864
30.1001 2.21946 119.318 9.42935 42.7692
30.2001 2.22598 119.335 9.45994 42.7519
30.3001 2.23249 119.353 9.49052 42.7345
30.4001 2.239 119.37 9.5211 42.7171
30.5001 2.24549 119.387 9.55166 42.6996
30.6001 2.25198 119.405 9.58222 42.6821
30.7001 2.25846 119.423 9.61278 42.6645
30.8001 2.26493 119.44 9.64332 42.6469
30.9001 2.27139 119.458 9.67386 42.6292
31.0001 2.27785 119.476 9.70439 42.6115
31.1001 2.28429 119.493 9.73491 42.5937
31.2001 2.29073 119.511 9.76543 42.5758
31.3001 2.29716 119.529 9.79593 42.5579
31.4001 2.30358 119.547 9.82643 42.54
31.5001 2.30999 119.565 9.85692 42.522
31.6001 2.31639 119.583 9.8874 42.504
31.7001 2.32279 119.601 9.91788 42.4859
31.8001 2.32918 119.619 9.94834 42.4677
31.9001 2.33555 119.637 9.9788 42.4496
32.0001 2.34192 119.656 10.0093 42.4313
32.1001 2.34828 119.674 10.0397 42.413
32.2001 2.35464 119.692 10.0701 42.3947
32.3001 2.36098 119.711 10.1006 42.3763
32.4001 2.36731 119.729 10.131 42.3578
32.5001 2.37364 119.748 10.1614 42.3393
32.6001 2.37996 119.766 10.1918 42.3208
32.7001 2.38627 119.785 10.2222 42.3022
32.8001 2.39257 119.804 10.2526 42.2835
32.9001 2.39886 119.822 10.2829 42.2648
33.0001 2.40514 119.841 10.3133 42.2461
33.1001 2.41141 119.86 10.3437 42.2273
33.2001 2.41768 119.879 10.374 42.2084
33.3001 2.42394 119.898 10.4044 42.1895
33.4001 2.43018 119.916 10.4347 42.1705
33.5001 2.43642 119.935 10.465 42.1515
33.6001 2.44265 119.955 10.4953 42.1325
33.7001 2.44887 119.974 10.5256 42.1134
33.8001 2.45508 119.993 10.5559 42.0942
33.9001 2.46129 120.012 10.5862 42.075
34.0001 2.46748 120.031 10.6165 42.0558
34.1001 2.47366 120.051 10.6468 42.0365
34.2001 2.47984 120.07 10.677 42.0171
34.3 2.48601 120.089 10.7073 41.9977
34.4 2.49217 120.109 10.7376 41.9783
34.5 2.49831 120.128 10.7678 41.9587
34.6 2.50445 120.148 10.798 41.9392
34.7 2.51058 120.167 10.8282 41.9196
34.8 2.51671 120.187 10.8585 41.8999
34.9 2.52282 120.207 10.8887 41.8802
35 2.52892 120.227 10.9189 41.8605
35.1 2.53501 120.246 10.949 41.8407
35.2 2.5411 120.266 10.9792 41.8208
35.3 2.54717 120.286 11.0094 41.8009
35.4 2.55324 120.306 11.0395 41.781
35.5 2.5593 120.326 11.0697 41.761
35.6 2.56534 120.346 11.0998 41.741
35.7 2.57138 120.366 11.13 41.7209
35.8 2.57741 120.386 11.1601 41.7007
35.9 2.58343 120.407 11.1902 41.6805
36 2.58944 120.427 11.2203 41.6603
36.1 2.59544 120.447 11.2504 41.64
36.2 2.60143 120.467 11.2805 41.6197
36.3 2.60742 120.488 11.3105 41.5993
36.4 2.61339 120.508 11.3406 41.5788
36.5 2.61935 120.529 11.3707 41.5583
36.6 2.6253 120.549 11.4007 41.5378
36.7 2.63125 120.57 11.4308 41.5172
36.8 2.63718 120.59 11.4608 41.4966
36.9 2.64311 120.611 11.4908 41.4759
37 2.64902 120.632 11.5208 41.4552
37.1 2.65493 120.653 11.5508 41.4344
37.2 2.66083 120.673 11.5808 41.4136
37.3 2.66671 120.694 11.6108 41.3927
37.4 2.67259 120.715 11.6407 41.3718
37.5 2.67846 120.736 11.6707 41.3509
37.6 2.68431 120.757 11.7006 41.3298
37.7 2.69016 120.778 11.7306 41.3088
37.8 2.696 120.799 11.7605 41.2877
37.9 2.70183 120.821 11.7904 41.2665
38 2.70765 120.842 11.8204 41.2453
38.1 2.71346 120.863 11.8503 41.2241
38.2 2.71926 120.884 11.8801 41.2028
38.3 2.72505 120.906 11.91 41.1814
38.4 2.73083 120.927 11.9399 41.16
38.5 2.7366 120.948 11.9698 41.1386
38.6 2.74236 120.97 11.9996 41.1171
38.7 2.74811 120.991 12.0294 41.0956
38.8 2.75385 121.013 12.0593 41.074
38.9 2.75958 121.035 12.0891 41.0524
39 2.7653 121.056 12.1189 41.0307
39.1 2.77101 121.078 12.1487 41.009
39.2 2.77671 121.1 12.1785 40.9872
39.3 2.7824 121.122 12.2083 40.9654
39.4 2.78808 121.144 12.238 40.9435
39.5 2.79375 121.165 12.2678 40.9216
39.6 2.79941 121.187 12.2975 40.8997
39.7 2.80506 121.209 12.3273 40.8777
39.8 2.8107 121.231 12.357 40.8556
39.9 2.81633 121.254 12.3867 40.8335
40 2.82195 121.276 12.4164 40.8114
40.1 2.82756 121.298 12.4461 40.7892
40.2 2.83316 121.32 12.4758 40.767
40.3 2.83875 121.342 12.5055 40.7447
40.4 2.84433 121.365 12.5351 40.7224
40.5 2.8499 121.387 12.5648 40.7
40.6 2.85546 121.409 12.5944 40.6776
40.7 2.86101 121.432 12.6241 40.6551
40.7999 2.86654 121.454 12.6537 40.6326
40.8999 2.87207 121.477 12.6833 40.6101
40.9999 2.87759 121.5 12.7129 40.5875
41.0999 2.8831 121.522 12.7425 40.5648
41.1999 2.8886 121.545 12.772 40.5422
41.2999 2.89408 121.568 12.8016 40.5194
41.3999 2.89956 121.59 12.8312 40.4966
41.4999 2.90503 121.613 12.8607 40.4738
41.5999 2.91048 121.636 12.8902 40.451
41.6999 2.91593 121.659 12.9198 40.428
41.7999 2.92136 121.682 12.9493 40.4051
41.8999 2.92679 121.705 12.9788 40.3821
41.9999 2.9322 121.728 13.0082 40.359
42.0999 2.93761 121.751 13.0377 40.3359
42.1999 2.943 121.774 13.0672 40.3128
42.2999 2.94838 121.797 13.0966 40.2896
42.3999 2.95375 121.821 13.1261 40.2664
42.4999 2.95912 121.844 13.1555 40.2431
42.5999 2.96447 121.867 13.1849 40.2198
42.6999 2.96981 121.891 13.2143 40.1965
42.7999 2.97514 121.914 13.2437 40.173
42.8999 2.98046 121.937 13.2731 40.1496
42.9999 2.98577 121.961 13.3025 40.1261
43.0999 2.99107 121.984 13.3318 40.1026
43.1999 2.99635 122.008 13.3612 40.079
43.2999 3.00163 122.032 13.3905 40.0554
43.3999 3.0069 122.055 13.4198 40.0317
43.4999 3.01215 122.079 13.4492 40.008
43.5999 3.0174 122.103 13.4785 39.9842
43.6999 3.02263 122.127 13.5078 39.9604
43.7999 3.02786 122.15 13.537 39.9366
43.8999 3.03307 122.174 13.5663 39.9127
43.9999 3.03827 122.198 13.5955 39.8888
44.0999 3.04346 122.222 13.6248 39.8648
44.1999 3.04864 122.246 13.654 39.8408
44.2999 3.05381 122.27 13.6832 39.8167
44.3999 3.05897 122.294 13.7124 39.7926
44.4999 3.06412 122.319 13.7416 39.7685
44.5999 3.06926 122.343 13.7708 39.7443
44.6999 3.07438 122.367 13.8 39.7201
44.7999 3.0795 122.391 13.8291 39.6958
44.8999 3.0846 122.416 13.8583 39.6715
44.9999 3.0897 122.44 13.8874 39.6471
45.0999 3.09478 122.464 13.9165 39.6227
45.1999 3.09985 122.489 13.9456 39.5983
45.2999 3.10491 122.513 13.9747 39.5738
45.3999 3.10996 122.538 14.0038 39.5493
45.4999 3.115 122.562 14.0329 39.5247
45.5999 3.12003 122.587 14.0619 39.5001
45.6999 3.12505 122.612 14.091 39.4754
45.7999 3.13005 122.636 14.12 39.4507
45.8999 3.13505 122.661 14.149 39.426
45.9999 3.14003 122.686 14.178 39.4012
46.0999 3.145 122.711 14.207 39.3764
46.1999 3.14997 122.735 14.236 39.3515
46.2999 3.15492 122.76 14.265 39.3266
46.3999 3.15986 122.785 14.2939 39.3017
46.4999 3.16478 122.81 14.3229 39.2767
46.5999 3.1697 122.835 14.3518 39.2517
46.6999 3.17461 122.86 14.3807 39.2266
46.7999 3.1795 122.886 14.4096 39.2015
46.8999 3.18439 122.911 14.4385 39.1763
46.9999 3.18926 122.936 14.4674 39.1511
47.0999 3.19412 122.961 14.4962 39.1259
47.1999 3.19897 122.986 14.5251 39.1006
47.2999 3.20381 123.012 14.5539 39.0753
47.3998 3.20864 123.037 14.5827 39.05
47.4998 3.21345 123.062 14.6116 39.0246
47.5998 3.21826 123.088 14.6403 38.9991
47.6998 3.22305 123.113 14.6691 38.9736
47.7998 3.22783 123.139 14.6979 38.9481
47.8998 3.23261 123.164 14.7267 38.9226
47.9998 3.23737 123.19 14.7554 38.897
48.0998 3.24211 123.216 14.7841 38.8713
48.1998 3.24685 123.241 14.8128 38.8456
48.2998 3.25158 123.267 14.8415 38.8199
48.3998 3.25629 123.293 14.8702 38.7941
48.4998 3.26099 123.319 14.8989 38.7683
48.5998 3.26569 123.345 14.9276 38.7425
48.6998 3.27037 123.37 14.9562 38.7166
48.7998 3.27504 123.396 14.9848 38.6907
48.8998 3.27969 123.422 15.0135 38.6647
48.9998 3.28434 123.448 15.0421 38.6387
49.0998 3.28897 123.474 15.0707 38.6127
49.1998 3.2936 123.5 15.0992 38.5866
49.2998 3.29821 123.527 15.1278 38.5605
49.3998 3.30281 123.553 15.1564 38.5343
49.4998 3.3074 123.579 15.1849 38.5081
49.5998 3.31197 123.605 15.2134 38.4819
49.6998 3.31654 123.631 15.2419 38.4556
49.7998 3.32109 123.658 15.2704 38.4293
49.8998 3.32563 123.684 15.2989 38.403
49.9998 3.33016 123.71 15.3273 38.3766
50.0998 3.33468 123.737 15.3558 38.3501
50.1998 3.33919 123.763 15.3842 38.3237
50.2998 3.34369 123.79 15.4127 38.2972
50.3998 3.34817 123.816 15.4411 38.2706
50.4998 3.35264 123.843 15.4694 38.244
50.5998 3.3571 123.87 15.4978 38.2174
50.6998 3.36155 123.896 15.5262 38.1907
50.7998 3.36599 123.923 15.5545 38.164
50.8998 3.37042 123.95 15.5829 38.1373
50.9998 3.37483 123.976 15.6112 38.1105
51.0998 3.37923 124.003 15.6395 38.0837
51.1998 3.38362 124.03 15.6678 38.0569
51.2998 3.388 124.057 15.6961 38.03
51.3998 3.39237 124.084 15.7243 38.0031
51.4998 3.39673 124.111 15.7526 37.9761
51.5998 3.40107 124.138 15.7808 37.9491
51.6998 3.4054 124.165 15.809 37.9221
51.7998 3.40972 124.192 15.8372 37.895
51.8998 3.41403 124.219 15.8654 37.8679
51.9998 3.41833 124.246 15.8935 37.8407
52.0998 3.42261 124.274 15.9217 37.8135
52.1998 3.42688 124.301 15.9498 37.7863
52.2998 3.43114 124.328 15.978 37.759
52.3998 3.43539 124.355 16.0061 37.7317
52.4998 3.43963 124.383 16.0342 37.7044
52.5998 3.44386 124.41 16.0622 37.677
52.6998 3.44807 124.437 16.0903 37.6496
52.7998 3.45227 124.465 16.1183 37.6222
52.8998 3.45646 124.492 16.1464 37.5947
52.9998 3.46064 124.52 16.1744 37.5672
53.0998 3.46481 124.547 16.2024 37.5396
53.1998 3.46896 124.575 16.2304 37.5121
53.2998 3.4731 124.603 16.2583 37.4844
53.3998 3.47723 124.63 16.2863 37.4568
53.4998 3.48135 124.658 16.3142 37.4291
53.5998 3.48546 124.686 16.3421 37.4013
53.6998 3.48955 124.713 16.3701 37.3736
53.7998 3.49363 124.741 16.3979 37.3458
53.8997 3.4977 124.769 16.4258 37.3179
53.9997 3.50176 124.797 16.4537 37.29
54.0997 3.50581 124.825 16.4815 37.2621
54.1997 3.50984 124.853 16.5093 37.2342
54.2997 3.51386 124.881 16.5371 37.2062
54.3997 3.51787 124.909 16.5649 37.1782
54.4997 3.52187 124.937 16.5927 37.1501
54.5997 3.52586 124.965 16.6205 37.1221
54.6997 3.52983 124.993 16.6482 37.0939
54.7997 3.53379 125.021 16.6759 37.0658
54.8997 3.53774 125.049 16.7036 37.0376
54.9997 3.54168 125.078 16.7313 37.0094
55.0997 3.5456 125.106 16.759 36.9811
55.1997 3.54952 125.134 16.7867 36.9528
55.2997 3.55342 125.163 16.8143 36.9245
55.3997 3.55731 125.191 16.8419 36.8961
55.4997 3.56118 125.219 16.8696 36.8677
55.5997 3.56505 125.248 16.8971 36.8393
55.6997 3.5689 125.276 16.9247 36.8108
55.7997 3.57274 125.305 16.9523 36.7823
55.8997 3.57657 125.333 16.9798 36.7538
55.9997 3.58038 125.362 17.0073 36.7252
56.0997 3.58419 125.39 17.0349 36.6966
56.1997 3.58798 125.419 17.0623 36.668
56.2997 3.59176 125.448 17.0898 36.6393
56.3997 3.59553 125.476 17.1173 36.6106
56.4997 3.59928 125.505 17.1447 36.5819
56.5997 3.60302 125.534 17.1721 36.5531
56.6997 3.60675 125.563 17.1995 36.5243
56.7997 3.61047 125.592 17.2269 36.4955
56.8997 3.61418 125.62 17.2543 36.4666
56.9997 3.61787 125.649 17.2817 36.4377
57.0997 3.62155 125.678 17.309 36.4088
57.1997 3.62522 125.707 17.3363 36.3798
57.2997 3.62887 125.736 17.3636 36.3508
57.3997 3.63252 125.765 17.3909 36.3218
57.4997 3.63615 125.794 17.4182 36.2928
57.5997 3.63977 125.823 17.4454 36.2637
57.6997 3.64338 125.853 17.4726 36.2345
57.7997 3.64697 125.882 17.4999 36.2054
57.8997 3.65055 125.911 17.527 36.1762
57.9997 3.65412 125.94 17.5542 36.147
58.0997 3.65768 125.969 17.5814 36.1177
58.1997 3.66123 125.999 17.6085 36.0884
58.2997 3.66476 126.028 17.6356 36.0591
58.3997 3.66828 126.057 17.6628 36.0298
58.4997 3.67179 126.087 17.6898 36.0004
58.5997 3.67528 126.116 17.7169 35.971
58.6997 3.67876 126.146 17.744 35.9415
58.7997 3.68224 126.175 17.771 35.912
58.8997 3.68569 126.205 17.798 35.8825
58.9997 3.68914 126.234 17.825 35.853
59.0997 3.69257 126.264 17.852 35.8234
59.1997 3.69599 126.293 17.8789 35.7938
59.2997 3.6994 126.323 17.9059 35.7642
59.3997 3.7028 126.352 17.9328 35.7345
59.4997 3.70618 126.382 17.9597 35.7048
59.5997 3.70955 126.412 17.9866 35.6751
59.6997 3.71291 126.442 18.0134 35.6454
59.7997 3.71626 126.471 18.0403 35.6156
59.8997 3.71959 126.501 18.0671 35.5858
59.9997 3.72291 126.531 18.0939 35.5559
60.0997 3.72622 126.561 18.1207 35.5261
60.1997 3.72951 126.591 18.1475 35.4962
60.2997 3.7328 126.621 18.1742 35.4662
60.3997 3.73607 126.651 18.201 35.4363
60.4996 3.73933 126.681 18.2277 35.4063
60.5996 3.74257 126.711 18.2544 35.3762
60.6996 3.7458 126.741 18.281 35.3462
60.7996 3.74903 126.771 18.3077 35.3161
60.8996 3.75223 126.801 18.3343 35.286
60.9996 3.75543 126.831 18.3609 35.2559
61.0996 3.75861 126.861 18.3875 35.2257
61.1996 3.76178 126.892 18.4141 35.1955
61.2996 3.76494 126.922 18.4407 35.1653
61.3996 3.76808 126.952 18.4672 35.135
61.4996 3.77122 126.982 18.4937 35.1047
61.5996 3.77434 127.013 18.5202 35.0744
61.6996 3.77744 127.043 18.5467 35.0441
61.7996 3.78054 127.073 18.5732 35.0137
61.8996 3.78362 127.104 18.5996 34.9833
61.9996 3.78669 127.134 18.626 34.9529
62.0996 3.78974 127.165 18.6524 34.9224
62.1996 3.79279 127.195 18.6788 34.8919
62.2996 3.79582 127.226 18.7051 34.8614
62.3996 3.79884 127.256 18.7315 34.8309
62.4996 3.80184 127.287 18.7578 34.8003
62.5996 3.80484 127.317 18.7841 34.7697
62.6996 3.80782 127.348 18.8104 34.7391
62.7996 3.81079 127.379 18.8366 34.7084
62.8996 3.81374 127.409 18.8629 34.6778
62.9996 3.81668 127.44 18.8891 34.6471
63.0996 3.81961 127.471 18.9153 34.6163
63.1996 3.82253 127.501 18.9414 34.5856
63.2996 3.82543 127.532 18.9676 34.5548
63.3996 3.82833 127.563 18.9937 34.524
63.4996 3.8312 127.594 19.0198 34.4931
63.5996 3.83407 127.625 19.0459 34.4623
63.6996 3.83692 127.656 19.072 34.4314
63.7996 3.83976 127.687 19.098 34.4004
63.8996 3.84259 127.718 19.1241 34.3695
63.9996 3.84541 127.749 19.1501 34.3385
64.0996 3.84821 127.78 19.1761 34.3075
64.1996 3.851 127.811 19.202 34.2765
64.2996 3.85378 127.842 19.228 34.2454
64.3996 3.85654 127.873 19.2539 34.2144
64.4996 3.85929 127.904 19.2798 34.1832
64.5996 3.86203 127.935 19.3057 34.1521
64.6996 3.86476 127.966 19.3315 34.121
64.7996 3.86747 127.997 19.3574 34.0898
64.8996 3.87017 128.028 19.3832 34.0586
64.9996 3.87286 128.06 19.409 34.0273
65.0996 3.87553 128.091 19.4347 33.9961
65.1996 3.87819 128.122 19.4605 33.9648
65.2996 3.88084 128.154 19.4862 33.9335
65.3996 3.88348 128.185 19.5119 33.9021
65.4996 3.8861 128.216 19.5376 33.8708
65.5996 3.88871 128.248 19.5633 33.8394
65.6996 3.89131 128.279 19.5889 33.808
65.7996 3.8939 128.31 19.6145 33.7765
65.8996 3.89647 128.342 19.6401 33.7451
65.9996 3.89903 128.373 19.6657 33.7136
66.0996 3.90157 128.405 19.6912 33.6821
66.1996 3.90411 128.436 19.7168 33.6506
66.2996 3.90663 128.468 19.7423 33.619
66.3996 3.90914 128.5 19.7678 33.5874
66.4996 3.91163 128.531 19.7932 33.5558
66.5996 3.91411 128.563 19.8187 33.5242
66.6996 3.91658 128.595 19.8441 33.4925
66.7996 3.91904 128.626 19.8695 33.4609
66.8996 3.92148 128.658 19.8948 33.4292
66.9995 3.92391 128.69 19.9202 33.3974
67.0995 3.92633 128.721 19.9455 33.3657
67.1995 3.92874 128.753 19.9708 33.3339
67.2995 3.93113 128.785 19.9961 33.3021
67.3995 3.93351 128.817 20.0213 33.2703
67.4995 3.93588 128.849 20.0466 33.2385
67.5995 3.93823 128.88 20.0718 33.2066
67.6995 3.94057 128.912 20.097 33.1747
67.7995 3.9429 128.944 20.1221 33.1428
67.8995 3.94521 128.976 20.1473 33.1109
67.9995 3.94752 129.008 20.1724 33.0789
68.0995 3.9498 129.04 20.1975 33.0469
68.1995 3.95208 129.072 20.2225 33.0149
68.2995 3.95434 129.104 20.2476 32.9829
68.3995 3.95659 129.136 20.2726 32.9509
68.4995 3.95883 129.168 20.2976 32.9188
68.5995 3.96106 129.2 20.3226 32.8867
68.6995 3.96327 129.232 20.3475 32.8546
68.7995 3.96547 129.265 20.3724 32.8225
68.8995 3.96765 129.297 20.3973 32.7903
68.9995 3.96983 129.329 20.4222 32.7581
69.0995 3.97199 129.361 20.4471 32.7259
69.1995 3.97413 129.393 20.4719 32.6937
69.2995 3.97627 129.426 20.4967 32.6615
69.3995 3.97839 129.458 20.5215 32.6292
69.4995 3.9805 129.49 20.5462 32.5969
69.5995 3.98259 129.522 20.571 32.5646
69.6995 3.98468 129.555 20.5957 32.5323
69.7995 3.98674 129.587 20.6204 32.4999
69.8995 3.9888 129.619 20.645 32.4676
69.9995 3.99085 129.652 20.6697 32.4352
70.0995 3.99288 129.684 20.6943 32.4028
70.1995 3.99489 129.717 20.7188 32.3704
70.2995 3.9969 129.749 20.7434 32.3379
70.3995 3.99889 129.782 20.7679 32.3054
70.4995 4.00087 129.814 20.7924 32.2729
70.5995 4.00284 129.847 20.8169 32.2404
70.6995 4.00479 129.879 20.8414 32.2079
70.7995 4.00673 129.912 20.8658 32.1754
70.8995 4.00866 129.944 20.8902 32.1428
70.9995 4.01057 129.977 20.9146 32.1102
71.0995 4.01247 130.009 20.9389 32.0776
71.1995 4.01436 130.042 20.9633 32.045
71.2995 4.01624 130.075 20.9876 32.0123
71.3995 4.0181 130.107 21.0119 31.9796
71.4995 4.01995 130.14 21.0361 31.947
71.5995 4.02178 130.173 21.0603 31.9143
71.6995 4.02361 130.206 21.0845 31.8815
71.7995 4.02542 130.238 21.1087 31.8488
71.8995 4.02722 130.271 21.1329 31.816
71.9995 4.029 130.304 21.157 31.7832
72.0995 4.03077 130.337 21.1811 31.7504
72.1995 4.03253 130.369 21.2051 31.7176
72.2995 4.03428 130.402 21.2292 31.6848
72.3995 4.03601 130.435 21.2532 31.6519
72.4995 4.03773 130.468 21.2772 31.6191
72.5995 4.03944 130.501 21.3012 31.5862
72.6995 4.04113 130.534 21.3251 31.5533
72.7995 4.04281 130.567 21.349 31.5203
72.8995 4.04448 130.6 21.3729 31.4874
72.9995 4.04613 130.633 21.3968 31.4544
73.0995 4.04777 130.666 21.4206 31.4215
73.1995 4.0494 130.699 21.4444 31.3885
73.2995 4.05102 130.732 21.4682 31.3554
73.3995 4.05262 130.765 21.4919 31.3224
73.4995 4.05421 130.798 21.5156 31.2894
73.5994 4.05579 130.831 21.5393 31.2563
73.6994 4.05735 130.864 21.563 31.2232
73.7994 4.05891 130.897 21.5866 31.1901
73.8994 4.06044 130.93 21.6102 31.157
73.9994 4.06197 130.963 21.6338 31.1239
74.0994 4.06348 130.996 21.6574 31.0907
74.1994 4.06498 131.029 21.6809 31.0575
74.2994 4.06647 131.063 21.7044 31.0244
74.3994 4.06794 131.096 21.7279 30.9912
74.4994 4.0694 131.129 21.7513 30.9579
74.5994 4.07085 131.162 21.7748 30.9247
74.6994 4.07228 131.196 21.7982 30.8915
74.7994 4.0737 131.229 21.8215 30.8582
74.8994 4.07511 131.262 21.8448 30.8249
74.9994 4.07651 131.295 21.8682 30.7916
75.0994 4.07789 131.329 21.8914 30.7583
75.1994 4.07926 131.362 21.9147 30.725
75.2994 4.08062 131.395 21.9379 30.6917
75.3994 4.08196 131.429 21.9611 30.6583
75.4994 4.08329 131.462 21.9843 30.6249
75.5994 4.08461 131.495 22.0074 30.5915
75.6994 4.08591 131.529 22.0305 30.5581
75.7994 4.0872 131.562 22.0536 30.5247
75.8994 4.08848 131.596 22.0766 30.4913
75.9994 4.08975 131.629 22.0996 30.4578
76.0994 4.091 131.663 22.1226 30.4244
76.1994 4.09224 131.696 22.1456 30.3909
76.2994 4.09347 131.73 22.1685 30.3574
76.3994 4.09468 131.763 22.1914 30.3239
76.4994 4.09588 131.797 22.2143 30.2904
76.5994 4.09707 131.83 22.2371 30.2569
76.6994 4.09825 131.864 22.2599 30.2233
76.7994 4.09941 131.897 22.2827 30.1898
76.8994 4.10056 131.931 22.3055 30.1562
76.9994 4.1017 131.964 22.3282 30.1226
77.0994 4.10282 131.998 22.3509 30.089
77.1994 4.10393 132.032 22.3736 30.0554
77.2994 4.10503 132.065 22.3962 30.0218
77.3994 4.10611 132.099 22.4188 29.9881
77.4994 4.10718 132.133 22.4414 29.9545
77.5994 4.10824 132.166 22.4639 29.9208
77.6994 4.10929 132.2 22.4864 29.8871
77.7994 4.11032 132.234 22.5089 29.8534
77.8994 4.11134 132.267 22.5314 29.8197
77.9994 4.11235 132.301 22.5538 29.786
78.0994 4.11334 132.335 22.5762 29.7523
78.1994 4.11432 132.369 22.5985 29.7185
78.2994 4.11529 132.402 22.6208 29.6848
78.3994 4.11624 132.436 22.6431 29.651
78.4994 4.11719 132.47 22.6654 29.6172
78.5994 4.11812 132.504 22.6876 29.5834
78.6994 4.11903 132.537 22.7098 29.5496
78.7994 4.11994 132.571 22.732 29.5158
78.8994 4.12083 132.605 22.7542 29.482
78.9994 4.1217 132.639 22.7763 29.4482
79.0994 4.12257 132.673 22.7983 29.4143
79.1994 4.12342 132.707 22.8204 29.3804
79.2994 4.12426 132.74 22.8424 29.3466
79.3994 4.12509 132.774 22.8644 29.3127
79.4994 4.1259 132.808 22.8863 29.2788
79.5994 4.1267 132.842 22.9083 29.2449
79.6994 4.12749 132.876 22.9301 29.211
79.7994 4.12826 132.91 22.952 29.177
79.8994 4.12902 132.944 22.9738 29.1431
79.9994 4.12977 132.978 22.9956 29.1092
80.0993 4.13051 133.012 23.0174 29.0752
80.1993 4.13123 133.046 23.0391 29.0412
80.2993 4.13194 133.08 23.0608 29.0073
80.3993 4.13264 133.114 23.0824 28.9733
80.4993 4.13332 133.148 23.1041 28.9393
80.5993 4.13399 133.182 23.1257 28.9053
80.6993 4.13465 133.216 23.1472 28.8712
80.7993 4.1353 133.25 23.1688 28.8372
80.8993 4.13593 133.284 23.1903 28.8032
80.9993 4.13655 133.318 23.2117 28.7691
81.0993 4.13716 133.352 23.2331 28.7351
81.1993 4.13775 133.386 23.2545 28.701
81.2993 4.13833 133.42 23.2759 28.6669
81.3993 4.1389 133.454 23.2972 28.6328
81.4993 4.13945 133.488 23.3185 28.5987
81.5993 4.14 133.522 23.3398 28.5646
81.6993 4.14053 133.557 23.361 28.5305
81.7993 4.14104 133.591 23.3822 28.4964
81.8993 4.14155 133.625 23.4034 28.4623
81.9993 4.14204 133.659 23.4245 28.4281
82.0993 4.14252 133.693 23.4456 28.394
82.1993 4.14298 133.727 23.4666 28.3598
82.2993 4.14344 133.761 23.4877 28.3257
82.3993 4.14388 133.796 23.5086 28.2915
82.4993 4.1443 133.83 23.5296 28.2573
82.5993 4.14472 133.864 23.5505 28.2231
82.6993 4.14512 133.898 23.5714 28.1889
82.7993 4.14551 133.932 23.5922 28.1547
82.8993 4.14589 133.967 23.6131 28.1205
82.9993 4.14625 134.001 23.6338 28.0863
83.0993 4.1466 134.035 23.6546 28.0521
83.1993 4.14694 134.069 23.6753 28.0179
83.2993 4.14726 134.103 23.696 27.9836
83.3993 4.14757 134.138 23.7166 27.9494
83.4993 4.14787 134.172 23.7372 27.9151
83.5993 4.14816 134.206 23.7578 27.8809
83.6993 4.14843 134.24 23.7783 27.8466
83.7993 4.1487 134.275 23.7988 27.8123
83.8993 4.14894 134.309 23.8192 27.778
83.9993 4.14918 134.343 23.8397 27.7438
84.0993 4.1494 134.378 23.8601 27.7095
84.1993 4.14961 134.412 23.8804 27.6752
84.2993 4.14981 134.446 23.9007 27.6409
84.3993 4.14999 134.48 23.921 27.6066
84.4993 4.15017 134.515 23.9412 27.5722
84.5993 4.15033 134.549 23.9614 27.5379
84.6993 4.15047 134.583 23.9816 27.5036
84.7993 4.15061 134.618 24.0017 27.4693
84.8993 4.15073 134.652 24.0218 27.4349
84.9993 4.15083 134.686 24.0419 27.4006
85.0993 4.15093 134.721 24.0619 27.3662
85.1993 4.15101 134.755 24.0819 27.3319
85.2993 4.15108 134.79 24.1019 27.2975
85.3993 4.15114 134.824 24.1218 27.2632
85.4993 4.15119 134.858 24.1416 27.2288
85.5993 4.15122 134.893 24.1615 27.1944
85.6993 4.15124 134.927 24.1813 27.16
85.7993 4.15124 134.961 24.201 27.1256
85.8993 4.15124 134.996 24.2207 27.0913
85.9993 4.15122 135.03 24.2404 27.0569
86.0993 4.15119 135.065 24.2601 27.0225
86.1993 4.15114 135.099 24.2797 26.9881
86.2993 4.15109 135.133 24.2992 26.9537
86.3993 4.15102 135.168 24.3188 26.9193
86.4993 4.15094 135.202 24.3383 26.8849
86.5993 4.15084 135.237 24.3577 26.8504
86.6992 4.15073 135.271 24.3771 26.816
86.7992 4.15061 135.305 24.3965 26.7816
86.8992 4.15048 135.34 24.4158 26.7472
86.9992 4.15034 135.374 24.4351 26.7127
87.0992 4.15018 135.409 24.4544 26.6783
87.1992 4.15001 135.443 24.4736 26.6439
87.2992 4.14983 135.478 24.4928 26.6094
87.3992 4.14963 135.512 24.5119 26.575
87.4992 4.14942 135.546 24.531 26.5406
87.5992 4.1492 135.581 24.5501 26.5061
87.6992 4.14897 135.615 24.5691 26.4717
87.7992 4.14872 135.65 24.5881 26.4372
87.8992 4.14847 135.684 24.607 26.4028
87.9992 4.1482 135.719 24.6259 26.3683
88.0992 4.14791 135.753 24.6448 26.3338
88.1992 4.14762 135.788 24.6636 26.2994
88.2992 4.14731 135.822 24.6824 26.2649
88.3992 4.14699 135.857 24.7011 26.2305
88.4992 4.14665 135.891 24.7198 26.196
88.5992 4.14631 135.926 24.7385 26.1615
88.6992 4.14595 135.96 24.7571 26.1271
88.7992 4.14558 135.994 24.7757 26.0926
88.8992 4.14519 136.029 24.7942 26.0581
88.9992 4.1448 136.063 24.8127 26.0237
89.0992 4.14439 136.098 24.8312 25.9892
89.1992 4.14397 136.132 24.8496 25.9547
89.2992 4.14353 136.167 24.8679 25.9202
89.3992 4.14309 136.201 24.8863 25.8858
89.4992 4.14263 136.236 24.9046 25.8513
89.5992 4.14216 136.27 24.9228 25.8168
89.6992 4.14168 136.305 24.941 25.7823
89.7992 4.14118 136.339 24.9592 25.7478
89.8992 4.14067 136.374 24.9773 25.7134
89.9992 4.14015 136.408 24.9954 25.6789
90.0992 4.13962 136.443 25.0134 25.6444
90.1992 4.13907 136.477 25.0314 25.6099
90.2992 4.13851 136.512 25.0493 25.5755
90.3992 4.13794 136.546 25.0672 25.541
90.4992 4.13736 136.581 25.0851 25.5065
90.5992 4.13677 136.615 25.1029 25.472
90.6992 4.13616 136.649 25.1207 25.4376
90.7992 4.13554 136.684 25.1384 25.4031
90.8992 4.13491 136.718 25.1561 25.3686
90.9992 4.13426 136.753 25.1738 25.3341
91.0992 4.1336 136.787 25.1914 25.2997
91.1992 4.13293 136.822 25.2089 25.2652
91.2992 4.13225 136.856 25.2264 25.2307
91.3992 4.13156 136.891 25.2439 25.1963
91.4992 4.13085 136.925 25.2613 25.1618
91.5992 4.13013 136.96 25.2787 25.1273
91.6992 4.1294 136.994 25.2961 25.0929
91.7992 4.12866 137.029 25.3134 25.0584
91.8992 4.1279 137.063 25.3306 25.0239
91.9992 4.12713 137.098 25.3478 24.9895
92.0992 4.12635 137.132 25.365 24.955
92.1992 4.12556 137.166 25.3821 24.9206
92.2992 4.12476 137.201 25.3992 24.8861
92.3992 4.12394 137.235 25.4162 24.8517
92.4992 4.12311 137.27 25.4332 24.8172
92.5992 4.12227 137.304 25.4501 24.7828
92.6992 4.12141 137.339 25.467 24.7483
92.7992 4.12055 137.373 25.4838 24.7139
92.8992 4.11967 137.408 25.5006 24.6795
92.9992 4.11878 137.442 25.5174 24.645
93.0992 4.11787 137.476 25.5341 24.6106
93.1992 4.11696 137.511 25.5507 24.5762
93.2991 4.11603 137.545 25.5674 24.5418
93.3991 4.11509 137.58 25.5839 24.5073
93.4991 4.11414 137.614 25.6004 24.4729
93.5991 4.11317 137.649 25.6169 24.4385
93.6991 4.1122 137.683 25.6333 24.4041
93.7991 4.11121 137.717 25.6497 24.3697
93.8991 4.11021 137.752 25.6661 24.3353
93.9991 4.1092 137.786 25.6823 24.3009
94.0991 4.10817 137.821 25.6986 24.2665
94.1991 4.10713 137.855 25.7148 24.2321
94.2991 4.10609 137.889 25.7309 24.1978
94.3991 4.10502 137.924 25.747 24.1634
94.4991 4.10395 137.958 25.7631 24.129
94.5991 4.10286 137.992 25.779 24.0946
94.6991 4.10177 138.027 25.795 24.0603
94.7991 4.10066 138.061 25.8109 24.0259
94.8991 4.09954 138.095 25.8268 23.9916
94.9991 4.0984 138.13 25.8426 23.9572
95.0991 4.09726 138.164 25.8583 23.9229
95.1991 4.0961 138.199 25.874 23.8885
95.2991 4.09493 138.233 25.8897 23.8542
95.3991 4.09374 138.267 25.9053 23.8199
95.4991 4.09255 138.301 25.9209 23.7855
95.5991 4.09134 138.336 25.9364 23.7512
95.6991 4.09013 138.37 25.9518 23.7169
95.7991 4.08889 138.404 25.9673 23.6826
95.8991 4.08765 138.439 25.9826 23.6483
95.9991 4.0864 138.473 25.9979 23.614
96.0991 4.08513 138.507 26.0132 23.5797
96.1991 4.08385 138.542 26.0284 23.5455
96.2991 4.08256 138.576 26.0436 23.5112
96.3991 4.08126 138.61 26.0587 23.4769
96.4991 4.07995 138.644 26.0737 23.4427
96.5991 4.07862 138.679 26.0888 23.4084
96.6991 4.07728 138.713 26.1037 23.3742
96.7991 4.07593 138.747 26.1186 23.3399
96.8991 4.07457 138.781 26.1335 23.3057
96.9991 4.0732 138.816 26.1483 23.2715
97.0991 4.07181 138.85 26.1631 23.2373
97.1991 4.07041 138.884 26.1778 23.203
97.2991 4.069 138.918 26.1924 23.1688
97.3991 4.06758 138.952 26.207 23.1346
97.4991 4.06615 138.987 26.2216 23.1005
97.5991 4.0647 139.021 26.2361 23.0663
97.6991 4.06324 139.055 26.2505 23.0321
97.7991 4.06177 139.089 26.2649 22.9979
97.8991 4.06029 139.123 26.2792 22.9638
97.9991 4.0588 139.157 26.2935 22.9296
98.0991 4.0573 139.192 26.3078 22.8955
98.1991 4.05578 139.226 26.3219 22.8614
98.2991 4.05425 139.26 26.3361 22.8273
98.3991 4.05271 139.294 26.3501 22.7931
98.4991 4.05116 139.328 26.3642 22.759
98.5991 4.0496 139.362 26.3781 22.725
98.6991 4.04802 139.396 26.392 22.6909
98.7991 4.04643 139.43 26.4059 22.6568
98.8991 4.04483 139.464 26.4197 22.6227
98.9991 4.04322 139.498 26.4335 22.5887
99.0991 4.0416 139.532 26.4472 22.5546
99.1991 4.03997 139.566 26.4608 22.5206
99.2991 4.03832 139.6 26.4744 22.4865
99.3991 4.03666 139.635 26.4879 22.4525
99.4991 4.03499 139.669 26.5014 22.4185
99.5991 4.03331 139.703 26.5148 22.3845
99.6991 4.03162 139.737 26.5282 22.3505
99.799 4.02992 139.77 26.5415 22.3165
99.899 4.0282 139.804 26.5548 22.2826
99.999 4.02647 139.838 26.568 22.2486
100.099 4.02473 139.872 26.5811 22.2147
100.199 4.02298 139.906 26.5942 22.1807
100.299 4.02122 139.94 26.6073 22.1468
100.399 4.01945 139.974 26.6202 22.1129
100.499 4.01766 140.008 26.6332 22.079
100.599 4.01586 140.042 26.646 22.0451
100.699 4.01405 140.076 26.6588 22.0112
100.799 4.01223 140.11 26.6716 21.9773
100.899 4.0104 140.144 26.6843 21.9435
100.999 4.00856 140.177 26.6969 21.9096
101.099 4.0067 140.211 26.7095 21.8758
101.199 4.00484 140.245 26.722 21.842
101.299 4.00296 140.279 26.7345 21.8081
101.399 4.00107 140.313 26.7469 21.7743
101.499 3.99917 140.346 26.7592 21.7405
101.599 3.99725 140.38 26.7715 21.7068
101.699 3.99533 140.414 26.7838 21.673
101.799 3.99339 140.448 26.7959 21.6392
101.899 3.99144 140.482 26.8081 21.6055
101.999 3.98949 140.515 26.8201 21.5718
102.099 3.98752 140.549 26.8321 21.5381
102.199 3.98553 140.583 26.844 21.5043
102.299 3.98354 140.616 26.8559 21.4707
102.399 3.98154 140.65 26.8677 21.437
102.499 3.97952 140.684 26.8795 21.4033
102.599 3.97749 140.717 26.8912 21.3697
102.699 3.97545 140.751 26.9028 21.336
102.799 3.9734 140.785 26.9144 21.3024
102.899 3.97134 140.818 26.9259 21.2688
102.999 3.96927 140.852 26.9374 21.2352
103.099 3.96718 140.885 26.9488 21.2016
103.199 3.96509 140.919 26.9601 21.168
103.299 3.96298 140.953 26.9714 21.1345
103.399 3.96086 140.986 26.9826 21.1009
103.499 3.95873 141.02 26.9938 21.0674
103.599 3.95659 141.053 27.0049 21.0339
103.699 3.95444 141.087 27.0159 21.0004
103.799 3.95228 141.12 27.0269 20.9669
103.899 3.9501 141.154 27.0378 20.9334
103.999 3.94792 141.187 27.0486 20.8999
104.099 3.94572 141.221 27.0594 20.8665
104.199 3.94351 141.254 27.0701 20.8331
104.299 3.94129 141.287 27.0808 20.7996
104.399 3.93906 141.321 27.0914 20.7662
104.499 3.93682 141.354 27.1019 20.7328
104.599 3.93456 141.388 27.1124 20.6995
104.699 3.9323 141.421 27.1228 20.6661
104.799 3.93002 141.454 27.1331 20.6328
104.899 3.92774 141.488 27.1434 20.5994
104.999 3.92544 141.521 27.1536 20.5661
105.099 3.92313 141.554 27.1638 20.5328
105.199 3.92081 141.587 27.1739 20.4996
105.299 3.91848 141.621 27.1839 20.4663
105.399 3.91613 141.654 27.1938 20.4331
105.499 3.91378 141.687 27.2037 20.3998
105.599 3.91142 141.72 27.2135 20.3666
105.699 3.90904 141.754 27.2233 20.3334
105.799 3.90665 141.787 27.233 20.3002
105.899 3.90425 141.82 27.2426 20.2671
105.999 3.90184 141.853 27.2522 20.2339
106.099 3.89942 141.886 27.2617 20.2008
106.199 3.89699 141.919 27.2711 20.1677
106.299 3.89455 141.952 27.2805 20.1346
106.399 3.8921 141.986 27.2898 20.1015
106.499 3.88963 142.019 27.299 20.0684
106.599 3.88716 142.052 27.3082 20.0354
106.699 3.88467 142.085 27.3173 20.0023
106.799 3.88217 142.118 27.3263 19.9693
106.899 3.87967 142.151 27.3353 19.9363
106.999 3.87715 142.184 27.3442 19.9033
107.099 3.87462 142.217 27.353 19.8704
107.199 3.87208 142.25 27.3618 19.8374
107.299 3.86952 142.283 27.3705 19.8045
107.399 3.86696 142.315 27.3791 19.7716
107.499 3.86439 142.348 27.3876 19.7387
107.599 3.8618 142.381 27.3961 19.7058
107.699 3.85921 142.414 27.4045 19.673
107.799 3.8566 142.447 27.4129 19.6401
107.899 3.85398 142.48 27.4212 19.6073
107.999 3.85135 142.513 27.4294 19.5745
108.099 3.84872 142.545 27.4375 19.5417
108.199 3.84607 142.578 27.4456 19.509
108.299 3.84341 142.611 27.4536 19.4762
108.399 3.84073 142.644 27.4615 19.4435
108.499 3.83805 142.676 27.4694 19.4108
108.599 3.83536 142.709 27.4771 19.3781
108.699 3.83266 142.742 27.4849 19.3454
108.799 3.82994 142.774 27.4925 19.3128
108.899 3.82722 142.807 27.5001 19.2802
108.999 3.82448 142.839 27.5076 19.2476
109.099 3.82173 142.872 27.515 19.215
109.199 3.81898 142.905 27.5224 19.1824
109.299 3.81621 142.937 27.5297 19.1499
109.399 3.81343 142.97 27.5369 19.1173
109.499 3.81064 143.002 27.544 19.0848
109.599 3.80784 143.035 27.5511 19.0523
109.699 3.80503 143.067 27.5581 19.0199
109.799 3.80221 143.1 27.565 18.9874
109.899 3.79938 143.132 27.5719 18.955
109.999 3.79653 143.164 27.5786 18.9226
110.099 3.79368 143.197 27.5853 18.8902
110.199 3.79082 143.229 27.592 18.8578
110.299 3.78794 143.262 27.5985 18.8255
110.399 3.78506 143.294 27.605 18.7931
110.499 3.78216 143.326 27.6114 18.7608
110.599 3.77926 143.358 27.6177 18.7285
110.699 3.77634 143.391 27.624 18.6963
110.799 3.77341 143.423 27.6302 18.664
110.899 3.77047 143.455 27.6363 18.6318
110.999 3.76753 143.487 27.6423 18.5996
111.099 3.76457 143.52 27.6482 18.5674
111.199 3.7616 143.552 27.6541 18.5353
111.299 3.75862 143.584 27.6599 18.5032
111.399 3.75563 143.616 27.6656 18.471
111.499 3.75263 143.648 27.6713 18.439
111.599 3.74962 143.68 27.6769 18.4069
111.699 3.7466 143.712 27.6823 18.3748
111.799 3.74357 143.744 27.6878 18.3428
111.899 3.74052 143.776 27.6931 18.3108
111.999 3.73747 143.808 27.6984 18.2788
112.099 3.73441 143.84 27.7035 18.2469
112.199 3.73134 143.872 27.7086 18.215
112.299 3.72825 143.904 27.7137 18.183
112.399 3.72516 143.936 27.7186 18.1512
112.499 3.72206 143.968 27.7235 18.1193
112.599 3.71894 144 27.7283 18.0874
112.699 3.71582 144.031 27.733 18.0556
112.799 3.71268 144.063 27.7376 18.0238
112.899 3.70954 144.095 27.7422 17.9921
112.999 3.70638 144.127 27.7466 17.9603
113.099 3.70321 144.158 27.751 17.9286
113.199 3.70004 144.19 27.7553 17.8969
113.299 3.69685 144.222 27.7596 17.8652
113.399 3.69366 144.253 27.7637 17.8336
113.499 3.69045 144.285 27.7678 17.8019
113.599 3.68723 144.317 27.7717 17.7703
113.699 3.68401 144.348 27.7757 17.7387
113.799 3.68077 144.38 27.7795 17.7072
113.899 3.67752 144.411 27.7832 17.6756
113.999 3.67426 144.443 27.7869 17.6441
114.099 3.671 144.474 27.7904 17.6127
114.199 3.66772 144.506 27.7939 17.5812
114.299 3.66443 144.537 27.7973 17.5498
114.399 3.66113 144.569 27.8007 17.5183
114.499 3.65783 144.6 27.8039 17.487
114.599 3.65451 144.631 27.8071 17.4556
114.699 3.65118 144.663 27.8101 17.4243
114.799 3.64784 144.694 27.8131 17.393
114.899 3.64449 144.725 27.816 17.3617
114.999 3.64114 144.757 27.8188 17.3304
115.099 3.63777 144.788 27.8216 17.2992
115.199 3.63439 144.819 27.8242 17.268
115.299 3.631 144.85 27.8268 17.2368
115.399 3.6276 144.881 27.8293 17.2056
115.499 3.6242 144.913 27.8317 17.1745
115.599 3.62078 144.944 27.834 17.1434
115.699 3.61735 144.975 27.8362 17.1123
115.799 3.61391 145.006 27.8383 17.0812
115.899 3.61047 145.037 27.8404 17.0502
115.999 3.60701 145.068 27.8423 17.0192
116.099 3.60354 145.099 27.8442 16.9882
116.199 3.60006 145.13 27.846 16.9573
116.299 3.59658 145.161 27.8477 16.9264
116.399 3.59308 145.192 27.8493 16.8955
116.499 3.58957 145.222 27.8508 16.8646
116.599 3.58606 145.253 27.8522 16.8338
116.699 3.58253 145.284 27.8536 16.803
116.799 3.57899 145.315 27.8548 16.7722
116.899 3.57545 145.346 27.856 16.7414
116.999 3.57189 145.376 27.8571 16.7107
117.099 3.56833 145.407 27.8581 16.68
117.199 3.56475 145.438 27.859 16.6493
117.299 3.56117 145.468 27.8598 16.6186
117.399 3.55757 145.499 27.8605 16.588
117.499 3.55397 145.53 27.8611 16.5574
117.599 3.55035 145.56 27.8616 16.5268
117.699 3.54673 145.591 27.8621 16.4963
117.799 3.5431 145.621 27.8624 16.4658
117.899 3.53946 145.652 27.8627 16.4353
117.999 3.5358 145.682 27.8628 16.4048
118.099 3.53214 145.713 27.8629 16.3744
118.199 3.52847 145.743 27.8629 16.344
118.299 3.52479 145.773 27.8628 16.3137
118.399 3.5211 145.804 27.8626 16.2833
118.499 3.5174 145.834 27.8623 16.253
118.599 3.51369 145.864 27.8619 16.2227
118.699 3.50997 145.895 27.8614 16.1925
118.799 3.50624 145.925 27.8608 16.1622
118.899 3.5025 145.955 27.8601 16.132
118.999 3.49875 145.985 27.8594 16.1019
119.099 3.49499 146.015 27.8585 16.0717
119.199 3.49123 146.045 27.8576 16.0416
119.299 3.48745 146.076 27.8565 16.0115
119.399 3.48366 146.106 27.8553 15.9815
119.499 3.47987 146.136 27.8541 15.9514
119.599 3.47606 146.166 27.8528 15.9215
119.699 3.47225 146.196 27.8513 15.8915
119.799 3.46843 146.225 27.8498 15.8616
119.899 3.46459 146.255 27.8481 15.8317
119.999 3.46075 146.285 27.8464 15.8018
120.099 3.4569 146.315 27.8446 15.7719
120.199 3.45304 146.345 27.8426 15.7421
120.299 3.44917 146.375 27.8406 15.7123
120.399 3.44529 146.404 27.8385 15.6826
120.499 3.4414 146.434 27.8363 15.6529
120.599 3.4375 146.464 27.8339 15.6232
120.699 3.43359 146.494 27.8315 15.5935
120.799 3.42968 146.523 27.829 15.5639
120.899 3.42575 146.553 27.8264 15.5343
120.999 3.42181 146.582 27.8237 15.5047
121.099 3.41787 146.612 27.8208 15.4752
121.199 3.41392 146.641 27.8179 15.4457
121.299 3.40995 146.671 27.8149 15.4162
121.399 3.40598 146.7 27.8118 15.3867
121.499 3.402 146.73 27.8085 15.3573
121.599 3.39801 146.759 27.8052 15.328
121.699 3.39401 146.788 27.8018 15.2986
121.799 3.39 146.818 27.7982 15.2693
121.899 3.38598 146.847 27.7946 15.24
121.999 3.38196 146.876 27.7909 15.2107
122.099 3.37792 146.906 27.787 15.1815
122.199 3.37388 146.935 27.7831 15.1523
122.299 3.36982 146.964 27.779 15.1232
122.399 3.36576 146.993 27.7749 15.094
122.499 3.36169 147.022 27.7706 15.0649
122.599 3.3576 147.051 27.7663 15.0359
122.699 3.35351 147.08 27.7618 15.0069
122.799 3.34942 147.109 27.7572 14.9779
122.899 3.34531 147.138 27.7525 14.9489
122.999 3.34119 147.167 27.7478 14.92
123.099 3.33706 147.196 27.7429 14.8911
123.199 3.33293 147.225 27.7379 14.8622
123.299 3.32878 147.254 27.7328 14.8334
123.399 3.32463 147.282 27.7276 14.8046
123.499 3.32047 147.311 27.7222 14.7758
123.599 3.3163 147.34 27.7168 14.7471
123.699 3.31212 147.369 27.7113 14.7184
123.799 3.30793 147.397 27.7056 14.6897
123.899 3.30373 147.426 27.6999 14.6611
123.999 3.29953 147.455 27.694 14.6325
124.099 3.29531 147.483 27.6881 14.6039
124.199 3.29109 147.512 27.682 14.5754
124.299 3.28686 147.54 27.6758 14.5469
124.399 3.28262 147.569 27.6695 14.5184
124.499 3.27837 147.597 27.6631 14.49
124.599 3.27411 147.625 27.6566 14.4616
124.699 3.26984 147.654 27.6499 14.4332
124.799 3.26556 147.682 27.6432 14.4049
124.899 3.26128 147.71 27.6363 14.3766
124.999 3.25698 147.739 27.6294 14.3483
125.099 3.25268 147.767 27.6223 14.3201
125.199 3.24837 147.795 27.6151 14.2919
125.299 3.24405 147.823 27.6078 14.2637
125.399 3.23972 147.851 27.6004 14.2356
125.499 3.23539 147.879 27.5929 14.2075
125.599 3.23104 147.908 27.5852 14.1795
125.699 3.22669 147.936 27.5775 14.1515
125.799 3.22233 147.964 27.5696 14.1235
125.899 3.21795 147.991 27.5616 14.0955
125.999 3.21357 148.019 27.5535 14.0676
126.099 3.20919 148.047 27.5453 14.0398
126.199 3.20479 148.075 27.537 14.0119
126.299 3.20038 148.103 27.5285 13.9841
126.399 3.19597 148.131 27.52 13.9563
126.499 3.19155 148.158 27.5113 13.9286
126.599 3.18712 148.186 27.5025 13.9009
126.699 3.18268 148.214 27.4936 13.8733
126.799 3.17823 148.241 27.4845 13.8456
126.899 3.17377 148.269 27.4754 13.818
126.999 3.16931 148.297 27.4661 13.7905
127.099 3.16484 148.324 27.4567 13.763
127.199 3.16036 148.352 27.4472 13.7355
127.299 3.15587 148.379 27.4376 13.708
127.399 3.15137 148.406 27.4279 13.6806
127.499 3.14686 148.434 27.418 13.6533
127.599 3.14235 148.461 27.408 13.6259
127.699 3.13783 148.488 27.3979 13.5986
127.799 3.13329 148.516 27.3877 13.5714
127.899 3.12875 148.543 27.3774 13.5441
127.999 3.12421 148.57 27.3669 13.517
128.099 3.11965 148.597 27.3563 13.4898
128.199 3.11509 148.624 27.3456 13.4627
128.299 3.11051 148.651 27.3348 13.4356
128.399 3.10593 148.678 27.3238 13.4086
128.499 3.10134 148.705 27.3127 13.3816
128.599 3.09675 148.732 27.3015 13.3546
128.699 3.09214 148.759 27.2902 13.3277
128.799 3.08753 148.786 27.2788 13.3008
128.899 3.08291 148.813 27.2672 13.2739
128.999 3.07828 148.84 27.2555 13.2471
129.099 3.07364 148.867 27.2437 13.2203
129.199 3.06899 148.893 27.2317 13.1936
129.299 3.06434 148.92 27.2197 13.1669
129.399 3.05968 148.947 27.2075 13.1402
129.499 3.055 148.973 27.1951 13.1136
129.599 3.05033 149 27.1827 13.087
129.699 3.04564 149.027 27.1701 13.0605
129.799 3.04095 149.053 27.1574 13.034
129.899 3.03624 149.08 27.1446 13.0075
129.999 3.03153 149.106 27.1316 12.9811
130.099 3.02681 149.132 27.1185 12.9547
130.199 3.02209 149.159 27.1053 12.9283
130.299 3.01735 149.185 27.092 12.902
130.399 3.01261 149.211 27.0785 12.8757
130.499 3.00786 149.238 27.0649 12.8495
130.599 3.0031 149.264 27.0511 12.8233
130.699 2.99834 149.29 27.0373 12.7971
130.799 2.99356 149.316 27.0233 12.771
130.899 2.98878 149.342 27.0092 12.7449
130.999 2.98399 149.368 26.9949 12.7189
131.099 2.9792 149.394 26.9805 12.6929
131.199 2.97439 149.42 26.966 12.6669
131.299 2.96958 149.446 26.9513 12.641
131.399 2.96476 149.472 26.9365 12.6151
131.499 2.95993 149.498 26.9216 12.5892
131.599 2.95509 149.524 26.9066 12.5634
131.699 2.95025 149.549 26.8914 12.5377
131.799 2.9454 149.575 26.8761 12.5119
131.899 2.94054 149.601 26.8606 12.4863
131.999 2.93567 149.626 26.845 12.4606
132.099 2.9308 149.652 26.8293 12.435
132.199 2.92592 149.678 26.8134 12.4095
132.299 2.92103 149.703 26.7974 12.3839
132.399 2.91613 149.729 26.7813 12.3584
132.499 2.91122 149.754 26.765 12.333
132.599 2.90631 149.779 26.7486 12.3076
132.699 2.90139 149.805 26.7321 12.2822
132.799 2.89646 149.83 26.7154 12.2569
132.899 2.89153 149.855 26.6986 12.2316
132.999 2.88659 149.881 26.6816 12.2064
133.099 2.88163 149.906 26.6645 12.1812
133.199 2.87668 149.931 26.6473 12.1561
133.299 2.87171 149.956 26.6299 12.1309
133.399 2.86674 149.981 26.6124 12.1059
133.499 2.86176 150.006 26.5948 12.0808
133.599 2.85677 150.031 26.577 12.0558
133.699 2.85177 150.056 26.5591 12.0309
133.799 2.84677 150.081 26.541 12.006
133.899 2.84176 150.106 26.5228 11.9811
133.999 2.83674 150.131 26.5044 11.9563
134.099 2.83172 150.156 26.4859 11.9315
134.199 2.82669 150.18 26.4673 11.9068
134.299 2.82165 150.205 26.4485 11.8821
134.399 2.8166 150.23 26.4296 11.8574
134.499 2.81155 150.254 26.4105 11.8328
134.599 2.80649 150.279 26.3913 11.8082
134.699 2.80142 150.303 26.3719 11.7837
134.799 2.79634 150.328 26.3524 11.7592
134.899 2.79126 150.352 26.3328 11.7348
134.999 2.78617 150.377 26.313 11.7104
135.099 2.78107 150.401 26.293 11.686
135.199 2.77596 150.425 26.273 11.6617
135.299 2.77085 150.45 26.2527 11.6374
135.399 2.76573 150.474 26.2323 11.6132
135.499 2.76061 150.498 26.2118 11.589
135.599 2.75547 150.522 26.1912 11.5648
135.699 2.75033 150.546 26.1703 11.5407
135.799 2.74518 150.57 26.1494 11.5167
135.899 2.74003 150.594 26.1283 11.4927
135.999 2.73487 150.618 26.107 11.4687
136.099 2.7297 150.642 26.0856 11.4448
136.199 2.72452 150.666 26.064 11.4209
136.299 2.71934 150.69 26.0423 11.397
136.399 2.71415 150.714 26.0204 11.3732
136.499 2.70895 150.738 25.9984 11.3495
136.599 2.70374 150.761 25.9763 11.3258
136.699 2.69853 150.785 25.954 11.3021
136.799 2.69332 150.809 25.9315 11.2785
136.899 2.68809 150.832 25.9089 11.2549
136.999 2.68286 150.856 25.8861 11.2313
137.099 2.67762 150.879 25.8632 11.2078
137.199 2.67237 150.903 25.8401 11.1844
137.299 2.66712 150.926 25.8169 11.161
137.399 2.66186 150.949 25.7935 11.1376
137.499 2.65659 150.973 25.77 11.1143
137.599 2.65132 150.996 25.7463 11.091
137.699 2.64604 151.019 25.7224 11.0678
137.799 2.64075 151.042 25.6984 11.0446
137.899 2.63546 151.066 25.6743 11.0215
137.999 2.63016 151.089 25.6499 10.9984
138.099 2.62485 151.112 25.6255 10.9753
138.199 2.61953 151.135 25.6009 10.9523
138.299 2.61421 151.158 25.5761 10.9294
138.399 2.60889 151.181 25.5511 10.9065
138.499 2.60355 151.203 25.526 10.8836
138.599 2.59821 151.226 25.5008 10.8608
138.699 2.59286 151.249 25.4754 10.838
138.799 2.58751 151.272 25.4498 10.8153
138.899 2.58215 151.294 25.4241 10.7926
138.999 2.57678 151.317 25.3982 10.7699
139.099 2.5714 151.34 25.3721 10.7473
139.199 2.56602 151.362 25.3459 10.7248
139.299 2.56063 151.385 25.3195 10.7023
139.399 2.55524 151.407 25.293 10.6798
139.499 2.54984 151.43 25.2663 10.6574
139.599 2.54443 151.452 25.2395 10.635
139.699 2.53902 151.474 25.2125 10.6127
139.799 2.5336 151.497 25.1853 10.5904
139.899 2.52817 151.519 25.1579 10.5682
139.999 2.52274 151.541 25.1304 10.546
140.099 2.5173 151.563 25.1028 10.5239
140.199 2.51185 151.585 25.0749 10.5018
140.299 2.5064 151.607 25.0469 10.4797
140.399 2.50094 151.629 25.0188 10.4577
140.499 2.49547 151.651 24.9905 10.4358
140.599 2.49 151.673 24.962 10.4138
140.699 2.48452 151.695 24.9333 10.392
140.799 2.47904 151.717 24.9045 10.3702
140.899 2.47355 151.739 24.8755 10.3484
140.999 2.46805 151.76 24.8464 10.3267
141.099 2.46255 151.782 24.8171 10.305
141.199 2.45704 151.804 24.7876 10.2834
141.299 2.45152 151.825 24.7579 10.2618
141.399 2.446 151.847 24.7281 10.2403
141.499 2.44047 151.868 24.6981 10.2188
141.599 2.43493 151.89 24.668 10.1973
141.699 2.42939 151.911 24.6376 10.1759
141.799 2.42385 151.932 24.6072 10.1546
141.899 2.41829 151.954 24.5765 10.1333
141.999 2.41273 151.975 24.5457 10.112
142.099 2.40717 151.996 24.5147 10.0908
142.199 2.40159 152.017 24.4835 10.0697
142.299 2.39602 152.038 24.4521 10.0486
142.399 2.39043 152.06 24.4206 10.0275
142.499 2.38484 152.081 24.3889 10.0065
142.6 2.37924 152.102 24.3571 9.98552
142.7 2.37364 152.122 24.3251 9.9646
142.8 2.36803 152.143 24.2929 9.94373
142.9 2.36242 152.164 24.2605 9.9229
143 2.3568 152.185 24.2279 9.90213
143.1 2.35117 152.206 24.1952 9.8814
143.2 2.34554 152.226 24.1623 9.86072
143.3 2.3399 152.247 24.1293 9.84009
143.4 2.33425 152.268 24.096 9.81951
143.5 2.3286 152.288 24.0626 9.79898
143.6 2.32295 152.309 24.029 9.77849
143.7 2.31728 152.329 23.9952 9.75805
143.8 2.31162 152.349 23.9613 9.73767
143.9 2.30594 152.37 23.9272 9.71733
144 2.30026 152.39 23.8929 9.69703
144.1 2.29458 152.41 23.8584 9.67679
144.2 2.28888 152.43 23.8238 9.6566
144.3 2.28319 152.451 23.7889 9.63645
144.4 2.27748 152.471 23.7539 9.61636
144.5 2.27177 152.491 23.7188 9.59631
144.6 2.26606 152.511 23.6834 9.57631
144.7 2.26034 152.531 23.6479 9.55636
144.8 2.25461 152.551 23.6121 9.53646
144.9 2.24888 152.57 23.5763 9.51661
145 2.24314 152.59 23.5402 9.49681
145.1 2.2374 152.61 23.5039 9.47706
145.2 2.23165 152.63 23.4675 9.45735
145.3 2.22589 152.649 23.4309 9.4377
145.4 2.22013 152.669 23.3941 9.41809
145.5 2.21437 152.688 23.3571 9.39854
145.6 2.2086 152.708 23.3199 9.37903
145.7 2.20282 152.727 23.2826 9.35958
145.8 2.19704 152.747 23.2451 9.34017
145.9 2.19125 152.766 23.2074 9.32082
146 2.18545 152.786 23.1695 9.30151
146.1 2.17965 152.805 23.1314 9.28225
146.2 2.17385 152.824 23.0932 9.26305
146.3 2.16804 152.843 23.0548 9.24389
146.4 2.16222 152.862 23.0161 9.22479
146.5 2.1564 152.881 22.9773 9.20573
146.6 2.15057 152.9 22.9384 9.18672
146.7 2.14474 152.919 22.8992 9.16777
146.8 2.1389 152.938 22.8598 9.14886
146.9 2.13306 152.957 22.8203 9.13001
147 2.12721 152.976 22.7806 9.1112
147.1 2.12136 152.995 22.7407 9.09245
147.2 2.1155 153.013 22.7006 9.07375
147.3 2.10963 153.032 22.6603 9.05509
147.4 2.10376 153.051 22.6198 9.03649
147.5 2.09789 153.069 22.5792 9.01794
147.6 2.09201 153.088 22.5384 8.99944
147.7 2.08612 153.106 22.4973 8.98099
147.8 2.08023 153.124 22.4561 8.96259
147.9 2.07433 153.143 22.4147 8.94424
148 2.06843 153.161 22.3731 8.92594
148.1 2.06252 153.179 22.3314 8.9077
148.2 2.05661 153.198 22.2894 8.8895
148.3 2.05069 153.216 22.2472 8.87136
148.4 2.04477 153.234 22.2049 8.85327
148.5 2.03884 153.252 22.1624 8.83522
148.6 2.03291 153.27 22.1197 8.81723
148.7 2.02697 153.288 22.0767 8.7993
148.8 2.02103 153.306 22.0337 8.78141
148.9 2.01508 153.323 21.9904 8.76357
149 2.00913 153.341 21.9469 8.74579
149.1 2.00317 153.359 21.9032 8.72805
149.2 1.99721 153.377 21.8594 8.71037
149.3 1.99124 153.394 21.8153 8.69274
149.4 1.98526 153.412 21.7711 8.67517
149.5 1.97929 153.429 21.7266 8.65764
149.6 1.9733 153.447 21.682 8.64017
149.7 1.96731 153.464 21.6372 8.62274
149.8 1.96132 153.482 21.5922 8.60537
149.9 1.95532 153.499 21.547 8.58806
150 1.94932 153.516 21.5016 8.57079
150.1 1.94331 153.533 21.456 8.55358
150.2 1.9373 153.551 21.4103 8.53641
150.3 1.93128 153.568 21.3643 8.5193
150.4 1.92526 153.585 21.3181 8.50225
150.5 1.91923 153.602 21.2718 8.48524
150.6 1.9132 153.619 21.2253 8.46829
150.7 1.90716 153.636 21.1785 8.45139
150.8 1.90112 153.652 21.1316 8.43454
150.9 1.89507 153.669 21.0845 8.41775
151 1.88902 153.686 21.0371 8.401
151.1 1.88297 153.703 20.9896 8.38431
151.2 1.8769 153.719 20.9419 8.36768
151.3 1.87084 153.736 20.894 8.35109
151.4 1.86477 153.752 20.8459 8.33456
151.5 1.85869 153.769 20.7976 8.31808
151.6 1.85261 153.785 20.7491 8.30166
151.7 1.84653 153.802 20.7005 8.28528
151.8 1.84044 153.818 20.6516 8.26896
151.9 1.83435 153.834 20.6025 8.2527
152 1.82825 153.851 20.5532 8.23648
152.1 1.82215 153.867 20.5038 8.22032
152.2 1.81604 153.883 20.4541 8.20421
152.3 1.80993 153.899 20.4043 8.18816
152.4 1.80381 153.915 20.3542 8.17216
152.5 1.79769 153.931 20.304 8.15621
152.6 1.79156 153.947 20.2535 8.14032
152.7 1.78543 153.963 20.2029 8.12447
152.8 1.7793 153.978 20.1521 8.10869
152.9 1.77316 153.994 20.101 8.09295
153 1.76702 154.01 20.0498 8.07727
153.1 1.76087 154.025 19.9984 8.06165
153.2 1.75472 154.041 19.9468 8.04607
153.3 1.74856 154.056 19.8949 8.03055
153.4 1.7424 154.072 19.8429 8.01509
153.5 1.73624 154.087 19.7907 7.99968
153.6 1.73007 154.103 19.7383 7.98432
153.7 1.72389 154.118 19.6857 7.96901
153.8 1.71771 154.133 19.6329 7.95376
153.9 1.71153 154.148 19.5799 7.93857
154 1.70534 154.164 19.5267 7.92343
154.1 1.69915 154.179 19.4733 7.90834
154.2 1.69296 154.194 19.4197 7.8933
154.3 1.68676 154.209 19.3659 7.87832
154.4 1.68056 154.224 19.3119 7.8634
154.5 1.67435 154.239 19.2578 7.84853
154.6 1.66814 154.253 19.2034 7.83371
154.7 1.66192 154.268 19.1488 7.81895
154.8 1.6557 154.283 19.094 7.80424
154.9 1.64947 154.297 19.039 7.78959
155 1.64325 154.312 18.9839 7.77499
155.1 1.63701 154.327 18.9285 7.76044
155.2 1.63078 154.341 18.8729 7.74595
155.3 1.62454 154.356 18.8172 7.73152
155.4 1.61829 154.37 18.7612 7.71714
155.5 1.61204 154.384 18.705 7.70281
155.6 1.60579 154.398 18.6487 7.68854
155.7 1.59953 154.413 18.5921 7.67432
155.8 1.59327 154.427 18.5354 7.66016
155.9 1.58701 154.441 18.4784 7.64606
156 1.58074 154.455 18.4213 7.63201
156.1 1.57446 154.469 18.3639 7.61801
156.2 1.56819 154.483 18.3064 7.60407
156.3 1.56191 154.497 18.2487 7.59018
156.4 1.55562 154.511 18.1907 7.57635
156.5 1.54933 154.524 18.1326 7.56257
156.6 1.54304 154.538 18.0743 7.54885
156.7 1.53674 154.552 18.0157 7.53519
156.8 1.53044 154.565 17.957 7.52158
156.9 1.52414 154.579 17.8981 7.50802
157 1.51783 154.593 17.839 7.49452
157.1 1.51152 154.606 17.7797 7.48108
157.2 1.50521 154.619 17.7202 7.46769
157.3 1.49889 154.633 17.6605 7.45435
157.4 1.49257 154.646 17.6005 7.44107
157.5 1.48624 154.659 17.5405 7.42785
157.6 1.47991 154.672 17.4802 7.41469
157.7 1.47358 154.685 17.4197 7.40157
157.8 1.46724 154.699 17.359 7.38852
157.9 1.4609 154.712 17.2981 7.37552
158 1.45455 154.724 17.237 7.36257
158.1 1.4482 154.737 17.1757 7.34969
158.2 1.44185 154.75 17.1143 7.33685
158.3 1.4355 154.763 17.0526 7.32408
158.4 1.42914 154.776 16.9908 7.31136
158.5 1.42278 154.788 16.9287 7.29869
158.6 1.41641 154.801 16.8665 7.28608
158.7 1.41004 154.814 16.804 7.27353
158.8 1.40367 154.826 16.7414 7.26103
158.9 1.39729 154.838 16.6786 7.24859
159.001 1.39091 154.851 16.6155 7.23621
159.101 1.38453 154.863 16.5523 7.22388
159.201 1.37814 154.875 16.4889 7.21161
159.301 1.37175 154.888 16.4253 7.19939
159.401 1.36536 154.9 16.3615 7.18723
159.501 1.35896 154.912 16.2975 7.17513
159.601 1.35256 154.924 16.2333 7.16308
159.701 1.34615 154.936 16.169 7.15109
159.801 1.33975 154.948 16.1044 7.13916
159.901 1.33334 154.96 16.0397 7.12728
160.001 1.32692 154.972 15.9747 7.11546
160.101 1.32051 154.983 15.9096 7.1037
160.201 1.31409 154.995 15.8442 7.09199
160.301 1.30766 155.007 15.7787 7.08034
160.401 1.30123 155.018 15.713 7.06874
160.501 1.2948 155.03 15.6471 7.05721
160.601 1.28837 155.041 15.581 7.04573
160.701 1.28193 155.053 15.5148 7.0343
160.801 1.2755 155.064 15.4483 7.02293
160.901 1.26905 155.075 15.3816 7.01162
161.001 1.26261 155.087 15.3148 7.00037
161.101 1.25616 155.098 15.2478 6.98917
161.201 1.24971 155.109 15.1806 6.97803
161.301 1.24325 155.12 15.1132 6.96695
161.401 1.23679 155.131 15.0456 6.95592
161.501 1.23033 155.142 14.9778 6.94496
161.601 1.22387 155.153 14.9098 6.93404
161.701 1.2174 155.164 14.8417 6.92319
161.801 1.21093 155.175 14.7733 6.91239
161.901 1.20445 155.185 14.7048 6.90165
162.001 1.19798 155.196 14.6361 6.89097
162.101 1.1915 155.207 14.5672 6.88034
162.201 1.18502 155.217 14.4982 6.86977
162.301 1.17853 155.228 14.4289 6.85926
162.401 1.17204 155.238 14.3595 6.84881
162.501 1.16555 155.249 14.2899 6.83841
162.601 1.15906 155.259 14.2201 6.82807
162.701 1.15256 155.269 14.1501 6.81779
162.801 1.14606 155.279 14.0799 6.80757
162.901 1.13956 155.29 14.0096 6.7974
163.001 1.13305 155.3 13.9391 6.78729
163.101 1.12654 155.31 13.8684 6.77724
163.201 1.12003 155.32 13.7975 6.76724
163.301 1.11352 155.33 13.7264 6.75731
163.401 1.107 155.34 13.6552 6.74743
163.501 1.10048 155.349 13.5838 6.73761
163.601 1.09396 155.359 13.5122 6.72784
163.701 1.08744 155.369 13.4404 6.71814
163.801 1.08091 155.379 13.3685 6.70849
163.901 1.07438 155.388 13.2964 6.6989
164.001 1.06785 155.398 13.2241 6.68937
164.101 1.06131 155.407 13.1516 6.67989
164.201 1.05477 155.417 13.079 6.67048
164.301 1.04823 155.426 13.0061 6.66112
164.401 1.04169 155.435 12.9332 6.65182
164.501 1.03514 155.444 12.86 6.64257
164.601 1.0286 155.454 12.7867 6.63339
164.701 1.02204 155.463 12.7132 6.62426
164.801 1.01549 155.472 12.6395 6.61519
164.901 1.00894 155.481 12.5657 6.60618
165.001 1.00238 155.49 12.4917 6.59723
165.101 0.995816 155.499 12.4175 6.58833
165.201 0.989253 155.508 12.3431 6.5795
165.301 0.982687 155.516 12.2686 6.57072
165.401 0.976119 155.525 12.194 6.562
165.501 0.969549 155.534 12.1191 6.55334
165.601 0.962976 155.542 12.0441 6.54473
165.701 0.956401 155.551 11.9689 6.53619
165.801 0.949823 155.559 11.8936 6.5277
165.901 0.943243 155.568 11.8181 6.51927
166.001 0.936661 155.576 11.7425 6.5109
166.101 0.930076 155.584 11.6666 6.50259
166.201 0.923489 155.593 11.5907 6.49434
166.301 0.9169 155.601 11.5145 6.48614
166.401 0.910309 155.609 11.4382 6.47801
166.501 0.903715 155.617 11.3618 6.46993
166.601 0.897119 155.625 11.2851 6.46191
166.701 0.890521 155.633 11.2084 6.45395
166.801 0.883921 155.641 11.1314 6.44605
166.901 0.877318 155.649 11.0544 6.4382
167.001 0.870713 155.657 10.9771 6.43042
167.101 0.864107 155.664 10.8997 6.42269
167.201 0.857498 155.672 10.8222 6.41502
167.301 0.850887 155.68 10.7445 6.40741
167.401 0.844274 155.687 10.6667 6.39986
167.501 0.837658 155.695 10.5887 6.39237
167.601 0.831041 155.702 10.5105 6.38494
167.701 0.824422 155.709 10.4322 6.37757
167.801 0.8178 155.717 10.3538 6.37025
167.901 0.811177 155.724 10.2752 6.36299
168.001 0.804552 155.731 10.1964 6.3558
168.101 0.797924 155.738 10.1175 6.34866
168.201 0.791295 155.745 10.0385 6.34158
168.301 0.784664 155.752 9.95935 6.33456
168.401 0.778031 155.759 9.88003 6.32759
168.501 0.771396 155.766 9.80058 6.32069
168.601 0.764759 155.773 9.72098 6.31385
168.701 0.75812 155.78 9.64124 6.30706
168.801 0.751479 155.787 9.56137 6.30034
168.901 0.744836 155.793 9.48135 6.29367
169.001 0.738192 155.8 9.4012 6.28706
169.101 0.731546 155.807 9.32091 6.28051
169.201 0.724898 155.813 9.24048 6.27402
169.301 0.718248 155.819 9.15992 6.26759
169.401 0.711596 155.826 9.07923 6.26122
169.501 0.704943 155.832 8.9984 6.25491
169.601 0.698288 155.838 8.91745 6.24865
169.701 0.691631 155.845 8.83636 6.24246
169.801 0.684973 155.851 8.75514 6.23633
169.901 0.678312 155.857 8.6738 6.23025
170.001 0.671651 155.863 8.59232 6.22423
170.101 0.664987 155.869 8.51072 6.21828
170.201 0.658322 155.875 8.429 6.21238
170.301 0.651655 155.88 8.34714 6.20654
170.401 0.644987 155.886 8.26517 6.20076
170.501 0.638317 155.892 8.18307 6.19504
170.601 0.631646 155.898 8.10085 6.18938
170.701 0.624973 155.903 8.01851 6.18378
170.801 0.618298 155.909 7.93606 6.17824
170.901 0.611622 155.914 7.85348 6.17276
171.001 0.604944 155.92 7.77078 6.16733
171.101 0.598265 155.925 7.68797 6.16197
171.201 0.591585 155.93 7.60505 6.15667
171.301 0.584903 155.936 7.52201 6.15142
171.401 0.578219 155.941 7.43885 6.14624
171.501 0.571534 155.946 7.35559 6.14111
171.601 0.564848 155.951 7.27221 6.13605
171.701 0.55816 155.956 7.18873 6.13104
171.801 0.551471 155.961 7.10514 6.12609
171.901 0.544781 155.966 7.02143 6.1212
172.001 0.538089 155.971 6.93763 6.11638
172.101 0.531396 155.975 6.85371 6.11161
172.201 0.524702 155.98 6.7697 6.1069
172.301 0.518006 155.985 6.68558 6.10225
172.401 0.511309 155.989 6.60136 6.09766
172.501 0.504611 155.994 6.51704 6.09313
172.601 0.497912 155.998 6.43261 6.08866
172.701 0.491211 156.003 6.3481 6.08425
172.801 0.484509 156.007 6.26348 6.0799
172.901 0.477806 156.011 6.17877 6.07561
173.001 0.471102 156.016 6.09396 6.07138
173.101 0.464397 156.02 6.00906 6.06721
173.201 0.45769 156.024 5.92407 6.0631
173.301 0.450983 156.028 5.83898 6.05904
173.401 0.444274 156.032 5.75381 6.05505
173.501 0.437564 156.036 5.66855 6.05112
173.601 0.430853 156.04 5.5832 6.04725
173.701 0.424141 156.044 5.49776 6.04344
173.801 0.417428 156.047 5.41224 6.03968
173.901 0.410714 156.051 5.32664 6.03599
174.001 0.403999 156.055 5.24095 6.03236
174.101 0.397283 156.058 5.15519 6.02878
174.201 0.390566 156.062 5.06934 6.02527
174.301 0.383848 156.065 4.98341 6.02182
174.401 0.37713 156.069 4.89741 6.01842
174.501 0.37041 156.072 4.81133 6.01509
174.601 0.363689 156.075 4.72518 6.01181
174.701 0.356968 156.078 4.63895 6.0086
174.801 0.350245 156.082 4.55265 6.00545
174.901 0.343522 156.085 4.46627 6.00235
175.001 0.336798 156.088 4.37983 5.99932
175.101 0.330073 156.091 4.29332 5.99634
175.201 0.323347 156.094 4.20675 5.99343
175.301 0.31662 156.096 4.1201 5.99057
175.402 0.309893 156.099 4.0334 5.98778
175.502 0.303165 156.102 3.94663 5.98505
175.602 0.296436 156.105 3.85979 5.98237
175.702 0.289706 156.107 3.7729 5.97976
175.802 0.282976 156.11 3.68595 5.9772
175.902 0.276245 156.112 3.59894 5.97471
176.002 0.269513 156.115 3.51187 5.97227
176.102 0.262781 156.117 3.42475 5.9699
176.202 0.256048 156.119 3.33758 5.96759
176.302 0.249314 156.122 3.25035 5.96533
176.402 0.24258 156.124 3.16307 5.96314
176.502 0.235845 156.126 3.07574 5.961
176.602 0.22911 156.128 2.98836 5.95893
176.702 0.222374 156.13 2.90093 5.95692
176.802 0.215637 156.132 2.81346 5.95496
176.902 0.2089 156.134 2.72595 5.95307
177.002 0.202163 156.136 2.63839 5.95123
177.102 0.195424 156.138 2.55079 5.94946
177.202 0.188686 156.139 2.46315 5.94775
177.302 0.181947 156.141 2.37547 5.94609
177.402 0.175207 156.143 2.28775 5.9445
177.502 0.168468 156.144 2.2 5.94297
177.602 0.161727 156.146 2.11221 5.94149
177.702 0.154987 156.147 2.02439 5.94008
177.802 0.148246 156.148 1.93653 5.93873
177.902 0.141504 156.15 1.84865 5.93744
178.002 0.134762 156.151 1.76073 5.9362
178.102 0.12802 156.152 1.67279 5.93503
178.202 0.121278 156.153 1.58482 5.93392
178.302 0.114535 156.154 1.49683 5.93287
178.402 0.107792 156.155 1.40881 5.93188
178.502 0.101049 156.156 1.32077 5.93094
178.602 0.0943054 156.157 1.23271 5.93007
178.702 0.0875617 156.158 1.14463 5.92926
178.802 0.0808177 156.159 1.05653 5.92851
178.902 0.0740736 156.159 0.968411 5.92782
179.002 0.0673292 156.16 0.88028 5.92719
179.102 0.0605848 156.16 0.792134 5.92662
179.202 0.0538401 156.161 0.703976 5.92611
179.302 0.0470953 156.161 0.615807 5.92566
179.402 0.0403504 156.162 0.527628 5.92527
179.502 0.0336055 156.162 0.43944 5.92494
179.602 0.0268604 156.162 0.351246 5.92467
179.702 0.0201152 156.163 0.263045 5.92446
179.802 0.0133701 156.163 0.174841 5.92431
179.902 0.00662484 156.163 0.086634 5.92422
